0 0.45806640625 0.0217578125 0.006777343750000053 0.004453125000000002
0 0.46181640625 0.0281640625 0.006777343750000053 0.006679687499999996
0 0.46876953125 0.0253515625 0.007421875000000022 0.00732421875
0 0.4743359375 0.03279296875 0.008007812500000044 0.0077148437500000056
0 0.492109375 0.02666015625 0.007617187499999956 0.007558593750000002
0 0.4944921875 0.0750390625 0.009257812500000018 0.006289062499999998
0 0.5072265625 0.118125 0.009101562499999938 0.008066406249999991
0 0.7998828125 0.0669921875 0.007910156249999911 0.008124999999999993
0 0.89546875 0.05142578125 0.007890624999999929 0.008281250000000004
0 0.86083984375 0.076171875 0.009042968749999991 0.008593750000000011
0 0.8585546875 0.09544921875 0.010058593749999956 0.009140624999999986
0 0.9109375 0.1058984375 0.00748046875000008 0.007070312500000009
0 0.88375 0.11912109375 0.008476562500000062 0.010058593750000011
0 0.885078125 0.14107421875 0.008339843749999964 0.010371093750000004
0 0.77482421875 0.1447265625 0.009218750000000053 0.008144531249999976
0 0.73224609375 0.1745703125 0.007402343749999929 0.007988281250000007
0 0.78431640625 0.20052734375 0.007519531250000044 0.007382812500000002
0 0.85591796875 0.1752734375 0.008710937500000071 0.006074218750000027
0 0.8577734375 0.2139453125 0.009062499999999973 0.008496093749999989
0 0.9036328125 0.210390625 0.006855468749999982 0.006972656249999987
0 0.89017578125 0.1919921875 0.0067968750000000355 0.008203124999999978
0 0.8601171875 0.1844140625 0.011503906249999973 0.01318359375
0 0.96134765625 0.1644921875 0.005429687499999947 0.005761718749999978
0 0.9899609375 0.17859375 0.00619140624999992 0.006015625000000024
0 0.9947265625 0.19056640625 0.0067968750000000355 0.006992187500000024
0 0.993125 0.15646484375 0.00748046875000008 0.007597656249999973
0 0.95517578125 0.11818359375 0.012675781250000018 0.011523437500000011
0 0.9848046875 0.092578125 0.009863281249999911 0.007851562499999992
0 0.98228515625 0.1249609375 0.009316406249999964 0.011679687500000008