0 0.0498046875 0.07421875 0.009765625 0.009765625
0 0.0224609375 0.12109375 0.013671875 0.01171875
0 0.0078125 0.17578125 0.01171875 0.01171875
0 0.025390625 0.1689453125 0.013671875 0.01171875
0 0.021484375 0.20703125 0.005859375 0.0078125
0 0.1083984375 0.076171875 0.0078125 0.0078125
0 0.025390625 0.2119140625 0.0078125 0.0078125
0 0.0927734375 0.1943359375 0.009765625 0.009765625
0 0.0361328125 0.1953125 0.0078125 0.01171875
0 0.0810546875 0.1298828125 0.0078125 0.009765625
0 0.1123046875 0.16796875 0.0078125 0.0078125
0 0.1142578125 0.095703125 0.0078125 0.005859375
0 0.123046875 0.072265625 0.0078125 0.0078125
0 0.13671875 0.0927734375 0.0078125 0.0078125
0 0.1240234375 0.1494140625 0.009765625 0.009765625
0 0.1240234375 0.1875 0.0078125 0.009765625
0 0.1796875 0.1611328125 0.0078125 0.0078125
0 0.1533203125 0.064453125 0.0078125 0.01171875
0 0.228515625 0.111328125 0.009765625 0.0078125
0 0.099609375 0.2958984375 0.013671875 0.009765625
0 0.158203125 0.28515625 0.0078125 0.0078125
0 0.2626953125 0.2783203125 0.0078125 0.0078125
0 0.2529296875 0.2841796875 0.009765625 0.009765625
0 0.2412109375 0.306640625 0.0078125 0.01171875
0 0.3359375 0.3369140625 0.009765625 0.013671875
0 0.3447265625 0.3369140625 0.0078125 0.009765625
0 0.3720703125 0.359375 0.0078125 0.01171875
0 0.38671875 0.359375 0.009765625 0.0078125
0 0.5185546875 0.1533203125 0.009765625 0.01171875
0 0.6064453125 0.2802734375 0.009765625 0.01171875
0 0.5986328125 0.25 0.005859375 0.0078125
0 0.58984375 0.2470703125 0.0078125 0.0078125
0 0.5810546875 0.2490234375 0.00390625 0.005859375
0 0.580078125 0.2314453125 0.0078125 0.0078125
0 0.5927734375 0.2314453125 0.0078125 0.009765625
0 0.58984375 0.2001953125 0.01171875 0.01171875
0 0.630859375 0.2333984375 0.009765625 0.009765625
0 0.6474609375 0.2099609375 0.01171875 0.009765625
0 0.6650390625 0.2119140625 0.005859375 0.009765625
0 0.6962890625 0.2060546875 0.009765625 0.0078125
0 0.6982421875 0.216796875 0.009765625 0.0078125
0 0.6201171875 0.2041015625 0.009765625 0.0078125
0 0.5986328125 0.1884765625 0.009765625 0.0078125
0 0.6201171875 0.1904296875 0.013671875 0.009765625
0 0.6103515625 0.212890625 0.0078125 0.005859375
0 0.6318359375 0.212890625 0.009765625 0.0078125
0 0.80078125 0.2255859375 0.01171875 0.009765625
0 0.8154296875 0.2431640625 0.013671875 0.009765625
0 0.8212890625 0.0341796875 0.01171875 0.01171875
0 0.4609375 0.513671875 0.013671875 0.01171875