0 0.0500390625 0.0746484375 0.008886718749999994 0.010644531250000006
0 0.0223828125 0.12109375 0.014218750000000002 0.012539062499999976
0 0.00755859375 0.17619140625 0.011113281249999999 0.010878906249999987
0 0.02556640625 0.1689453125 0.013007812500000007 0.011562499999999976
0 0.02130859375 0.2067578125 0.0057421875000000025 0.007558593750000009
0 0.1085546875 0.075859375 0.008457031249999997 0.008046875000000009
0 0.02533203125 0.2123046875 0.008730468749999998 0.00736328125000002
0 0.0925 0.19451171875 0.010566406249999993 0.009394531250000004
0 0.03607421875 0.19560546875 0.007128906249999997 0.010917968750000007
0 0.08134765625 0.13005859375 0.007382812500000002 0.009042968749999991
0 0.1123046875 0.1675390625 0.007050781249999999 0.007421875000000022
0 0.1144140625 0.09576171875 0.007187500000000013 0.006796875000000008
0 0.12271484375 0.07259765625 0.00736328125000002 0.008359375000000002
0 0.13671875 0.0925 0.007343749999999982 0.007109375000000001
0 0.124453125 0.14943359375 0.009492187500000027 0.00882812500000002
0 0.12398437500000001 0.18703125 0.008554687499999991 0.008808593749999982
0 0.17986328125 0.16099609375 0.008124999999999993 0.008691406249999978
0 0.15298828125 0.06423828125 0.007753906249999998 0.010781249999999992
0 0.22802734375 0.1113671875 0.009414062499999987 0.007910156249999994
0 0.0994921875 0.2962109375 0.012812500000000004 0.009648437499999996
0 0.15798828125 0.28552734375 0.007304687500000018 0.008281250000000018
0 0.26283203125 0.2779296875 0.007148437500000049 0.008515625000000027
0 0.25322265625 0.28451171875 0.009531249999999991 0.00935546875000004
0 0.241484375 0.3065234375 0.008671874999999996 0.01115234374999996
0 0.33560546875 0.3368359375 0.00968749999999996 0.013164062500000018
0 0.34435546875 0.33689453125 0.0087890625 0.010351562500000022
0 0.37162109375 0.35916015625 0.00871093749999996 0.011523437499999956
0 0.38703125 0.35921875 0.009707031250000053 0.008574218749999973
0 0.51837890625 0.15291015625 0.01009765624999992 0.011503906249999973
0 0.60662109375 0.28001953125 0.010683593750000053 0.011660156250000053
0 0.5983984375 0.25001953125 0.006562500000000027 0.007187500000000013
0 0.5898046875 0.2473046875 0.006894531249999947 0.007949218749999987
0 0.58103515625 0.248828125 0.004785156250000089 0.005839843750000018
0 0.57998046875 0.231875 0.0078125 0.007949218749999987
0 0.59298828125 0.23134765625 0.007070312500000009 0.009960937499999989
0 0.58970703125 0.19994140625 0.010820312499999929 0.011972656249999991
0 0.6311328125 0.23353515625 0.010312499999999947 0.010234375000000018
0 0.64728515625 0.20955078125 0.0107421875 0.009589843749999993
0 0.664765625 0.2115234375 0.006621093749999973 0.009414062499999987
0 0.69603515625 0.20642578125 0.009589843749999938 0.0074414062500000044
0 0.69826171875 0.21669921875 0.009824218749999947 0.0074414062500000044
0 0.6196484375 0.2037109375 0.00894531250000008 0.008183593749999996
0 0.5990625 0.18880859375 0.00894531250000008 0.007167968749999976
0 0.62001953125 0.19068359375 0.013808593750000098 0.009921875000000024
0 0.610390625 0.2133203125 0.006894531249999947 0.005800781249999998
0 0.63138671875 0.2128125 0.009804687499999964 0.0068359375
0 0.80064453125 0.225234375 0.011953125000000009 0.009062499999999973
0 0.81556640625 0.24283203125 0.012988281249999956 0.010332031249999984
0 0.82173828125 0.0339453125 0.010937500000000044 0.011210937500000004
0 0.46064453125 0.51408203125 0.01408203124999996 0.010878906250000098