0 0.4580078125 0.021484375 0.005859375 0.00390625
0 0.4619140625 0.0283203125 0.005859375 0.005859375
0 0.46875 0.025390625 0.0078125 0.0078125
0 0.474609375 0.033203125 0.0078125 0.0078125
0 0.4921875 0.0263671875 0.0078125 0.0078125
0 0.494140625 0.0751953125 0.009765625 0.005859375
0 0.5068359375 0.1181640625 0.009765625 0.0078125
0 0.7998046875 0.0673828125 0.0078125 0.0078125
0 0.8955078125 0.0517578125 0.0078125 0.0078125
0 0.861328125 0.076171875 0.009765625 0.0078125
0 0.8583984375 0.095703125 0.009765625 0.009765625
0 0.9111328125 0.10546875 0.0078125 0.0078125
0 0.8837890625 0.119140625 0.0078125 0.009765625
0 0.884765625 0.140625 0.0078125 0.009765625
0 0.7744140625 0.14453125 0.009765625 0.0078125
0 0.732421875 0.1748046875 0.0078125 0.0078125
0 0.7841796875 0.2001953125 0.0078125 0.0078125
0 0.85546875 0.1748046875 0.0078125 0.005859375
0 0.857421875 0.2138671875 0.009765625 0.0078125
0 0.9033203125 0.2099609375 0.0078125 0.0078125
0 0.890625 0.1923828125 0.005859375 0.0078125
0 0.8603515625 0.1845703125 0.01171875 0.013671875
0 0.9609375 0.1640625 0.005859375 0.005859375
0 0.990234375 0.1787109375 0.005859375 0.005859375
0 0.9951171875 0.1904296875 0.005859375 0.0078125
0 0.9931640625 0.15625 0.0078125 0.0078125
0 0.955078125 0.1181640625 0.01171875 0.01171875
0 0.984375 0.0927734375 0.009765625 0.0078125
0 0.982421875 0.125 0.009765625 0.01171875