0 0.9462890625 0.9912109375 0.01171875 0.009765625
0 0.9443359375 0.9287109375 0.009765625 0.009765625
0 0.9541015625 0.8828125 0.009765625 0.009765625
0 0.9931640625 0.8984375 0.0078125 0.009765625
0 0.998046875 0.880859375 0.00390625 0.009765625
0 0.98828125 0.8701171875 0.005859375 0.0078125
0 0.96875 0.8466796875 0.009765625 0.01171875
0 0.98828125 0.828125 0.009765625 0.005859375
0 0.958984375 0.7294921875 0.0078125 0.0078125
0 0.9130859375 0.70703125 0.0078125 0.009765625
0 0.958984375 0.7412109375 0.013671875 0.0078125
0 0.966796875 0.7373046875 0.0078125 0.009765625
0 0.9248046875 0.7724609375 0.005859375 0.009765625
0 0.9189453125 0.7783203125 0.0078125 0.005859375
0 0.9091796875 0.7822265625 0.0078125 0.005859375
0 0.88671875 0.775390625 0.009765625 0.0078125
0 0.8681640625 0.75 0.005859375 0.0078125
0 0.8544921875 0.75 0.01171875 0.009765625
0 0.857421875 0.771484375 0.005859375 0.0078125
0 0.849609375 0.7763671875 0.009765625 0.0078125
0 0.814453125 0.759765625 0.0078125 0.0078125
0 0.8115234375 0.77734375 0.009765625 0.009765625
0 0.794921875 0.7265625 0.0078125 0.009765625
0 0.767578125 0.708984375 0.0078125 0.0078125
0 0.767578125 0.7919921875 0.01171875 0.009765625
0 0.76171875 0.755859375 0.0078125 0.009765625
0 0.900390625 0.748046875 0.005859375 0.0078125
0 0.8203125 0.9609375 0.0078125 0.0078125
0 0.8115234375 0.9755859375 0.0078125 0.0078125
0 0.7998046875 0.9580078125 0.0078125 0.0078125
0 0.7890625 0.95703125 0.009765625 0.0078125
0 0.7724609375 0.982421875 0.009765625 0.0078125
0 0.765625 0.998046875 0.009765625 0.00390625
0 0.75390625 0.99609375 0.0078125 0.0078125
0 0.9013671875 0.5478515625 0.0078125 0.0078125
0 0.8740234375 0.599609375 0.0078125 0.0078125
0 0.8876953125 0.62109375 0.0078125 0.0078125
0 0.791015625 0.6455078125 0.009765625 0.009765625
0 0.7802734375 0.6396484375 0.0078125 0.01171875
0 0.751953125 0.7646484375 0.0078125 0.009765625
0 0.7587890625 0.978515625 0.005859375 0.0078125
0 0.767578125 0.962890625 0.01171875 0.013671875
0 0.751953125 0.9638671875 0.0078125 0.009765625
0 0.7529296875 0.94140625 0.01171875 0.009765625
0 0.763671875 0.935546875 0.0078125 0.0078125
0 0.7421875 0.9296875 0.009765625 0.009765625
0 0.73046875 0.8984375 0.0078125 0.0078125
0 0.7265625 0.9033203125 0.0078125 0.005859375
0 0.7236328125 0.8720703125 0.005859375 0.0078125
0 0.6875 0.88671875 0.0078125 0.0078125
0 0.7021484375 0.904296875 0.005859375 0.005859375
0 0.7392578125 0.8515625 0.0078125 0.0078125
0 0.7353515625 0.8271484375 0.009765625 0.009765625
0 0.7255859375 0.828125 0.005859375 0.0078125
0 0.7255859375 0.8603515625 0.01171875 0.009765625
0 0.716796875 0.888671875 0.0078125 0.0078125
0 0.7109375 0.8740234375 0.01171875 0.013671875
0 0.6884765625 0.8583984375 0.0078125 0.0078125
0 0.6708984375 0.865234375 0.0078125 0.0078125
0 0.66015625 0.87109375 0.0078125 0.0078125
0 0.6875 0.849609375 0.0078125 0.009765625
0 0.6875 0.83203125 0.0078125 0.0078125
0 0.6953125 0.8349609375 0.01171875 0.009765625
0 0.685546875 0.810546875 0.009765625 0.0078125
0 0.658203125 0.83203125 0.009765625 0.0078125
0 0.6591796875 0.8203125 0.009765625 0.009765625
0 0.677734375 0.8037109375 0.0078125 0.005859375
0 0.7109375 0.76953125 0.0078125 0.009765625
0 0.693359375 0.748046875 0.0078125 0.0078125
0 0.734375 0.80078125 0.0078125 0.009765625
0 0.7275390625 0.8037109375 0.005859375 0.0078125
0 0.72265625 0.81640625 0.009765625 0.009765625
0 0.7197265625 0.8095703125 0.005859375 0.0078125
0 0.712890625 0.8046875 0.005859375 0.005859375
0 0.650390625 0.80078125 0.009765625 0.0078125
0 0.64453125 0.8193359375 0.0078125 0.009765625
0 0.724609375 0.6865234375 0.0078125 0.009765625
0 0.7099609375 0.685546875 0.0078125 0.0078125
0 0.705078125 0.6806640625 0.009765625 0.0078125
0 0.6572265625 0.705078125 0.0078125 0.0078125
0 0.650390625 0.732421875 0.009765625 0.009765625
0 0.6455078125 0.693359375 0.01171875 0.009765625
0 0.66796875 0.6376953125 0.009765625 0.009765625
0 0.724609375 0.615234375 0.009765625 0.005859375
0 0.654296875 0.994140625 0.009765625 0.009765625
0 0.6328125 0.9755859375 0.009765625 0.0078125
0 0.642578125 0.962890625 0.0078125 0.0078125
0 0.6494140625 0.9609375 0.0078125 0.009765625
0 0.6279296875 0.919921875 0.0078125 0.009765625
0 0.59765625 0.927734375 0.009765625 0.009765625
0 0.583984375 0.9375 0.0078125 0.009765625
0 0.5712890625 0.931640625 0.009765625 0.009765625
0 0.564453125 0.92578125 0.009765625 0.009765625
0 0.5849609375 0.9091796875 0.0078125 0.0078125
0 0.5947265625 0.9033203125 0.009765625 0.0078125
0 0.5859375 0.892578125 0.0078125 0.0078125
0 0.595703125 0.8671875 0.009765625 0.0078125
0 0.5810546875 0.87109375 0.005859375 0.0078125
0 0.5546875 0.8720703125 0.009765625 0.009765625
0 0.5849609375 0.8505859375 0.01171875 0.01171875
0 0.5771484375 0.84375 0.005859375 0.009765625
0 0.59375 0.841796875 0.009765625 0.0078125
0 0.6328125 0.84375 0.0078125 0.0078125
0 0.63671875 0.8193359375 0.0078125 0.0078125
0 0.6240234375 0.83203125 0.009765625 0.0078125
0 0.623046875 0.802734375 0.0078125 0.0078125
0 0.6142578125 0.8046875 0.0078125 0.0078125
0 0.5888671875 0.794921875 0.0078125 0.0078125
0 0.587890625 0.8125 0.0078125 0.0078125
0 0.5849609375 0.828125 0.005859375 0.0078125
0 0.58984375 0.82421875 0.0078125 0.009765625
0 0.51953125 0.810546875 0.0078125 0.009765625
0 0.517578125 0.833984375 0.0078125 0.009765625
0 0.509765625 0.8701171875 0.0078125 0.0078125
0 0.490234375 0.83984375 0.0078125 0.0078125
0 0.4892578125 0.8623046875 0.005859375 0.005859375
0 0.4892578125 0.884765625 0.0078125 0.0078125
0 0.53125 0.921875 0.0078125 0.0078125
0 0.51171875 0.9619140625 0.0078125 0.0078125
0 0.498046875 0.9296875 0.0078125 0.0078125
0 0.5087890625 0.9921875 0.009765625 0.009765625
0 0.533203125 0.99609375 0.009765625 0.0078125
0 0.533203125 0.98046875 0.0078125 0.0078125
0 0.55078125 0.98828125 0.009765625 0.009765625
0 0.603515625 0.982421875 0.009765625 0.013671875
0 0.599609375 0.9970703125 0.0078125 0.005859375
0 0.5693359375 0.9970703125 0.0078125 0.005859375
0 0.63671875 0.7158203125 0.0078125 0.009765625
0 0.6083984375 0.716796875 0.009765625 0.0078125
0 0.6083984375 0.68359375 0.009765625 0.009765625
0 0.609375 0.73046875 0.009765625 0.0078125
0 0.59375 0.73828125 0.0078125 0.0078125
0 0.580078125 0.755859375 0.0078125 0.0078125
0 0.552734375 0.7666015625 0.0078125 0.0078125
0 0.5859375 0.75 0.009765625 0.0078125
0 0.5810546875 0.7451171875 0.01171875 0.009765625
0 0.57421875 0.693359375 0.0078125 0.0078125
0 0.5830078125 0.6865234375 0.0078125 0.0078125
0 0.5751953125 0.67578125 0.005859375 0.0078125
0 0.56640625 0.6845703125 0.01171875 0.009765625
0 0.60546875 0.654296875 0.0078125 0.0078125
0 0.634765625 0.640625 0.009765625 0.009765625
0 0.546875 0.638671875 0.0078125 0.0078125
0 0.5185546875 0.6513671875 0.005859375 0.0078125
0 0.5283203125 0.6357421875 0.0078125 0.0078125
0 0.509765625 0.626953125 0.0078125 0.009765625
0 0.4931640625 0.6279296875 0.0078125 0.0078125
0 0.533203125 0.6015625 0.0078125 0.0078125
0 0.5888671875 0.6025390625 0.0078125 0.0078125
0 0.599609375 0.5966796875 0.0078125 0.0078125
0 0.6357421875 0.5966796875 0.0078125 0.005859375
0 0.54296875 0.60546875 0.0078125 0.005859375
0 0.5439453125 0.61328125 0.013671875 0.0078125
0 0.5068359375 0.787109375 0.0078125 0.0078125
0 0.498046875 0.78515625 0.0078125 0.0078125
0 0.4912109375 0.7880859375 0.005859375 0.005859375
0 0.47265625 0.9228515625 0.0078125 0.0078125
0 0.44921875 0.921875 0.009765625 0.009765625
0 0.4453125 0.9013671875 0.005859375 0.005859375
0 0.4755859375 0.8447265625 0.0078125 0.0078125
0 0.3271484375 0.84375 0.0078125 0.0078125
0 0.4541015625 0.7509765625 0.0078125 0.009765625
0 0.505859375 0.5625 0.0078125 0.0078125
0 0.560546875 0.5498046875 0.009765625 0.0078125
0 0.5595703125 0.2421875 0.0078125 0.009765625
0 0.546875 0.2529296875 0.009765625 0.009765625