0 0.554296875 0.10826171875 0.01570312499999993 0.01613281250000001
0 0.48806640625 0.09935546875 0.009765625 0.011035156250000011
0 0.37427734375 0.11400390625 0.011464843750000009 0.012304687499999994
0 0.38361328125 0.1806640625 0.01740234375000005 0.01826171874999999
0 0.60482421875 0.12822265625 0.01570312499999993 0.016132812499999982
0 0.59017578125 0.11591796875 0.01953125 0.018691406250000014
0 0.648984375 0.232890625 0.01570312499999993 0.014863281250000027
0 0.5736328125 0.2403125 0.018691406250000098 0.016132812499999982
0 0.461953125 0.23841796875 0.014433593749999973 0.014863281250000027
0 0.43880859375 0.24330078125 0.01740234375000005 0.015292968749999969
0 0.40103515625 0.22927734375 0.01570312500000004 0.018691406249999987
0 0.45919921875 0.33373046875 0.01740234375000005 0.012734374999999964
0 0.489765625 0.3515625 0.024199218749999973 0.014433593749999973
0 0.57978515625 0.40845703125 0.018261718750000044 0.01359374999999996
0 0.8897265625 0.35390625 0.01400390624999992 0.013164062500000018
0 0.9086328125 0.45685546875 0.012734374999999964 0.015292968749999969
0 0.14796875 0.55939453125 0.012304687500000022 0.01570312499999993
0 0.11294921875 0.51099609375 0.013593749999999988 0.01400390624999992
0 0.18044921875 0.603984375 0.014433593749999973 0.01400390624999992
0 0.19466796875 0.64283203125 0.014863281250000027 0.01783203124999999
0 0.16240234375 0.75556640625 0.01656249999999998 0.01400390624999992
0 0.22291015625 0.82583984375 0.014433593749999973 0.01699218750000009
0 0.40400390625 0.79654296875 0.016562500000000036 0.014433593749999973
0 0.41908203125 0.7621484375 0.01359374999999996 0.011894531250000062
0 0.43330078125 0.8018359375 0.019101562499999947 0.014863281250000027
0 0.41568359375 0.64984375 0.01953125 0.013164062500000018
0 0.45197265625 0.57765625 0.01740234375000005 0.021660156250000062
0 0.335859375 0.94046875 0.016992187499999978 0.013593750000000071
0 0.45326171875 0.83771484375 0.02335937499999996 0.02207031249999991
0 0.55642578125 0.87189453125 0.019101562499999947 0.019960937500000053
0 0.5547265625 0.847265625 0.013164062500000018 0.014863281250000027
0 0.6396484375 0.933671875 0.017402343749999938 0.014433593749999973
0 0.65748046875 0.89142578125 0.019101562499999947 0.014863281250000027
0 0.59548828125 0.82244140625 0.017402343749999938 0.01699218750000009
0 0.2152734375 0.86509765625 0.016132812499999982 0.014863281250000027
0 0.1859765625 0.99359375 0.01953125 0.012812499999999893
0 0.66341796875 0.7148046875 0.020800781249999956 0.019960937500000053
0 0.69908203125 0.727109375 0.013164062500000018 0.013164062500000018
0 0.815 0.882734375 0.018261718750000044 0.016132812499999982
0 0.8984375 0.65154296875 0.016132812499999982 0.01570312499999993
0 0.589765625 0.04947265625 0.018691406250000098 0.019101562500000002
0 0.01384765625 0.58548828125 0.014082031250000002 0.015449218749999938
0 0.9271875 0.578203125 0.017695312499999893 0.019160156249999893