0 0.9208984375 0.16796875 0.017578125 0.017578125
0 0.947265625 0.1005859375 0.017578125 0.015625
0 0.50390625 0.5478515625 0.013671875 0.01953125
0 0.3701171875 0.51171875 0.013671875 0.013671875
0 0.1708984375 0.4912109375 0.033203125 0.017578125
0 0.201171875 0.4296875 0.013671875 0.013671875
0 0.4013671875 0.6259765625 0.013671875 0.015625
0 0.2412109375 0.6630859375 0.015625 0.017578125
0 0.7431640625 0.72265625 0.021484375 0.013671875
0 0.7470703125 0.73828125 0.01171875 0.01171875
0 0.80078125 0.7392578125 0.021484375 0.01171875
0 0.90625 0.7412109375 0.01953125 0.013671875
0 0.8173828125 0.6181640625 0.021484375 0.013671875
0 0.5654296875 0.775390625 0.01953125 0.015625
0 0.3701171875 0.7587890625 0.01953125 0.01171875
0 0.03515625 0.599609375 0.017578125 0.013671875
0 0.263671875 0.6484375 0.021484375 0.015625
0 0.279296875 0.78515625 0.01953125 0.013671875