0 0.013671875 0.2568359375 0.021484375 0.01953125
0 0.05078125 0.44140625 0.017578125 0.001953125
0 0.056640625 0.3134765625 0.01953125 0.01953125
0 0.1259765625 0.3076171875 0.01953125 0.01953125
0 0.107421875 0.3232421875 0.013671875 0.015625
0 0.095703125 0.3759765625 0.015625 0.01953125
0 0.0712890625 0.3525390625 0.015625 0.013671875
0 0.0478515625 0.34765625 0.015625 0.017578125
0 0.017578125 0.392578125 0.015625 0.015625
0 0.2197265625 0.3798828125 0.015625 0.01953125
0 0.28515625 0.3623046875 0.015625 0.015625
0 0.265625 0.3173828125 0.015625 0.013671875
0 0.21484375 0.3984375 0.017578125 0.013671875
0 0.2255859375 0.4150390625 0.013671875 0.013671875
0 0.240234375 0.416015625 0.017578125 0.015625
0 0.265625 0.4423828125 0.021484375 0.015625
0 0.29296875 0.42578125 0.013671875 0.013671875
0 0.298828125 0.4580078125 0.017578125 0.017578125
0 0.2958984375 0.4833984375 0.013671875 0.015625
0 0.2763671875 0.5068359375 0.013671875 0.015625
0 0.298828125 0.515625 0.01171875 0.013671875
0 0.28515625 0.529296875 0.015625 0.021484375
0 0.1962890625 0.4921875 0.013671875 0.015625
0 0.15234375 0.4697265625 0.015625 0.01953125
0 0.0830078125 0.5224609375 0.015625 0.013671875
0 0.01171875 0.5634765625 0.013671875 0.015625
0 0.005859375 0.544921875 0.01171875 0.013671875
0 0.203125 0.4482421875 0.015625 0.015625
0 0.4072265625 0.416015625 0.017578125 0.015625
0 0.400390625 0.5380859375 0.017578125 0.017578125
0 0.48828125 0.5791015625 0.017578125 0.015625
0 0.728515625 0.3974609375 0.01953125 0.017578125
0 0.744140625 0.541015625 0.013671875 0.017578125
0 0.75390625 0.5654296875 0.017578125 0.017578125
0 0.7744140625 0.5771484375 0.017578125 0.015625
0 0.8291015625 0.525390625 0.01171875 0.013671875
0 0.8427734375 0.5712890625 0.015625 0.015625
0 0.1787109375 0.6669921875 0.015625 0.01171875
0 0.1181640625 0.7021484375 0.017578125 0.015625
0 0.025390625 0.677734375 0.017578125 0.015625
0 0.0361328125 0.74609375 0.017578125 0.015625
0 0.009765625 0.7421875 0.015625 0.013671875
0 0.0625 0.7841796875 0.017578125 0.015625
0 0.0791015625 0.8212890625 0.021484375 0.017578125
0 0.138671875 0.853515625 0.01953125 0.013671875
0 0.056640625 0.9345703125 0.013671875 0.013671875
0 0.0712890625 0.9599609375 0.013671875 0.013671875
0 0.087890625 0.97265625 0.015625 0.013671875
0 0.3818359375 0.8330078125 0.017578125 0.015625
0 0.3681640625 0.8173828125 0.013671875 0.013671875
0 0.4111328125 0.8046875 0.017578125 0.017578125
0 0.3994140625 0.7646484375 0.015625 0.013671875
0 0.466796875 0.759765625 0.015625 0.013671875
0 0.3603515625 0.7236328125 0.017578125 0.017578125
0 0.361328125 0.78515625 0.01171875 0.015625
0 0.4130859375 0.9013671875 0.017578125 0.013671875
0 0.431640625 0.92578125 0.017578125 0.015625
0 0.376953125 0.9384765625 0.025390625 0.015625
0 0.369140625 0.98046875 0.017578125 0.015625
0 0.3974609375 0.9677734375 0.015625 0.013671875
0 0.43359375 0.958984375 0.017578125 0.015625
0 0.4677734375 0.974609375 0.017578125 0.013671875
0 0.677734375 0.728515625 0.017578125 0.015625
0 0.7412109375 0.75390625 0.01953125 0.017578125
0 0.7294921875 0.76953125 0.015625 0.01171875
0 0.611328125 0.921875 0.017578125 0.013671875
0 0.7734375 0.8564453125 0.015625 0.015625
0 0.638671875 0.9423828125 0.01171875 0.0078125
0 0.78125 0.880859375 0.015625 0.015625
0 0.8076171875 0.833984375 0.017578125 0.013671875
0 0.8544921875 0.875 0.013671875 0.01953125
0 0.8662109375 0.935546875 0.015625 0.015625
0 0.8212890625 0.9560546875 0.017578125 0.017578125
0 0.759765625 0.9775390625 0.015625 0.01953125
0 0.765625 0.9853515625 0.013671875 0.01953125
0 0.7431640625 0.9951171875 0.01953125 0.009765625
0 0.9619140625 0.98046875 0.015625 0.015625
0 0.978515625 0.9892578125 0.01953125 0.017578125
0 0.837890625 0.912109375 0.01171875 0.015625
0 0.84375 0.9384765625 0.013671875 0.017578125
0 0.869140625 0.708984375 0.013671875 0.015625
0 0.900390625 0.732421875 0.013671875 0.01171875
0 0.9111328125 0.7119140625 0.017578125 0.015625
0 0.89453125 0.69140625 0.017578125 0.013671875
0 0.9228515625 0.6376953125 0.017578125 0.017578125
0 0.9052734375 0.6025390625 0.01953125 0.017578125
0 0.8447265625 0.6318359375 0.017578125 0.017578125
0 0.9384765625 0.564453125 0.015625 0.013671875
0 0.861328125 0.591796875 0.013671875 0.01171875
0 0.8955078125 0.45703125 0.013671875 0.01953125
0 0.9111328125 0.4599609375 0.013671875 0.015625
0 0.91015625 0.4765625 0.015625 0.015625
0 0.9287109375 0.44140625 0.015625 0.015625
0 0.9267578125 0.4609375 0.01953125 0.021484375
0 0.96484375 0.419921875 0.01171875 0.021484375
0 0.95703125 0.357421875 0.015625 0.01953125
0 0.9384765625 0.3251953125 0.017578125 0.013671875
0 0.904296875 0.3779296875 0.015625 0.015625
0 0.541015625 0.6005859375 0.017578125 0.013671875
0 0.611328125 0.5419921875 0.013671875 0.015625
0 0.505859375 0.484375 0.013671875 0.015625
0 0.3515625 0.69140625 0.01953125 0.01953125
0 0.3974609375 0.6796875 0.015625 0.015625
0 0.548828125 0.78125 0.015625 0.013671875
0 0.9365234375 0.533203125 0.015625 0.017578125