0 0.053984375 0.9909375 0.010898437499999997 0.010546874999999956
0 0.0558984375 0.92837890625 0.010683593749999998 0.008925781250000098
0 0.04580078125 0.88330078125 0.009785156249999996 0.010214843750000036
0 0.00685546875 0.89884765625 0.007617187500000001 0.008808593749999982
0 0.002109375 0.88095703125 0.004199218750000001 0.010117187499999902
0 0.01185546875 0.86978515625 0.006445312500000001 0.008105468749999956
0 0.03109375 0.84658203125 0.008808593750000003 0.010996093749999991
0 0.0116015625 0.82802734375 0.00947265625 0.0063867187499999645
0 0.04060546875 0.72935546875 0.007011718750000007 0.007246093750000071
0 0.087109375 0.7070703125 0.007011718750000007 0.00943359375000008
0 0.0407421875 0.7412109375 0.014003906250000003 0.007578124999999991
0 0.03333984375 0.73720703125 0.0077148437500000056 0.009238281250000036
0 0.07513671875 0.77263671875 0.0064453124999999944 0.010488281250000009
0 0.08076171875 0.77857421875 0.008574218750000001 0.006093750000000009
0 0.09099609375 0.7824609375 0.007167968750000003 0.006718750000000107
0 0.11279296875 0.77583984375 0.009609375000000003 0.008398437499999911
0 0.13193359375 0.74986328125 0.0067187499999999956 0.00863281249999992
0 0.1453515625 0.74955078125 0.01119140624999998 0.009023437500000009
0 0.1424609375 0.771953125 0.00541015625000002 0.007089843749999991
0 0.1507421875 0.77609375 0.009257812500000018 0.007207031250000107
0 0.18556640625 0.75958984375 0.008769531250000018 0.008242187500000053
0 0.18865234375 0.7771875 0.009863281250000022 0.008886718749999911
0 0.2048046875 0.72662109375 0.008144531249999976 0.008886718749999911
0 0.23267578125 0.7091796875 0.007988281250000007 0.008593749999999956
0 0.2323828125 0.7919921875 0.011972656249999991 0.010546874999999956
0 0.23830078125 0.75580078125 0.008535156250000009 0.008808593749999982
0 0.099375 0.74845703125 0.005624999999999991 0.007871093749999947
0 0.179765625 0.9608203125 0.008359375000000002 0.008261718750000036
0 0.188125 0.97515625 0.00728515624999998 0.007949218750000098
0 0.1998046875 0.957734375 0.00728515624999998 0.00716796874999992
0 0.21083984375 0.9567578125 0.009023437500000009 0.008242187500000053
0 0.227890625 0.982578125 0.009609374999999976 0.008066406249999991
0 0.23408203125 0.99779296875 0.009257812500000018 0.004414062499999982
0 0.24583984375 0.99564453125 0.008417968750000004 0.008710937500000071
0 0.0991015625 0.54744140625 0.0074414062500000044 0.008124999999999938
0 0.1258203125 0.5991796875 0.00785156250000002 0.007988281250000062
0 0.1125390625 0.620859375 0.007500000000000007 0.008691406250000089
0 0.209140625 0.64544921875 0.00931640625000002 0.010351562499999911
0 0.21998046875 0.63986328125 0.007226562499999978 0.011992187499999973
0 0.2484765625 0.765 0.00789062500000004 0.009316406249999964
0 0.24140625 0.97849609375 0.006699218750000013 0.008515625000000027
0 0.2323828125 0.96287109375 0.011835937500000004 0.012734374999999964
0 0.24832031250000003 0.96392578125 0.008691406249999978 0.010605468749999902
0 0.24703124999999998 0.94181640625 0.010859375000000004 0.009453125000000062
0 0.23658203125 0.93556640625 0.007460937499999987 0.0078125
0 0.25796875 0.9301171875 0.009042968749999991 0.010664062500000071
0 0.2698828125 0.89822265625 0.0078125 0.007929687499999893
0 0.27353515625 0.9035546875 0.007070312500000009 0.006757812500000071
0 0.2764453125 0.8720703125 0.006738281249999978 0.007226562500000089
0 0.31255859375 0.8866015625 0.007988281249999951 0.008359374999999947
0 0.298203125 0.90408203125 0.0067187499999999956 0.006367187499999982
0 0.2602734375 0.8518359375 0.008007812500000044 0.008378906249999929
0 0.26486328125 0.8271484375 0.009609375000000031 0.009179687500000089
0 0.27431640625 0.82814453125 0.006738281249999978 0.007832031249999982
0 0.27453125 0.86009765625 0.010957031250000027 0.010234375000000018
0 0.283359375 0.8884765625 0.0068359375 0.007343749999999982
0 0.28896484375 0.8741015625 0.011894531249999951 0.014101562500000053
0 0.31111328125 0.8583984375 0.007929687500000004 0.006855468749999982
0 0.32865234375 0.86529296875 0.007499999999999951 0.00830078125
0 0.3403125 0.87107421875 0.007187500000000013 0.008535156250000009
0 0.31259765625 0.84970703125 0.008535156250000009 0.008847656249999947
0 0.3123828125 0.8317578125 0.008574218749999973 0.008437500000000098
0 0.30455078125 0.83515625 0.012597656249999978 0.010292968749999964
0 0.314375 0.81099609375 0.009238281250000036 0.008554687499999991
0 0.34130859375 0.83212890625 0.009628906250000013 0.008730468750000053
0 0.3412109375 0.82041015625 0.008964843749999951 0.00894531250000008
0 0.32220703125 0.8033203125 0.008339843749999964 0.00650390625000008
0 0.28900390625 0.76955078125 0.008652343750000013 0.009003906250000027
0 0.30630859375 0.74787109375 0.008242187500000053 0.008671875000000107
0 0.26560546875 0.80091796875 0.008750000000000036 0.009218750000000053
0 0.27259765625 0.80396484375 0.006601562499999991 0.007753906250000053
0 0.2775390625 0.81685546875 0.008945312499999969 0.009863281249999911
0 0.27998046875 0.809609375 0.006816406250000018 0.007226562500000089
0 0.28705078125 0.80466796875 0.006191406250000031 0.00634765625
0 0.34970703125 0.80064453125 0.008906250000000004 0.008710937500000071
0 0.35568359375 0.8191796875 0.008554687499999991 0.010292968749999964
0 0.2753125 0.686640625 0.008750000000000036 0.010234375000000018
0 0.28998046875 0.6858984375 0.007304687500000018 0.008750000000000036
0 0.29494140625 0.68021484375 0.00919921874999996 0.007246093750000071
0 0.3430078125 0.705 0.0068749999999999645 0.008593749999999956
0 0.34990234375 0.73265625 0.009335937499999947 0.009023437500000009
0 0.35451171875 0.69353515625 0.010898437499999969 0.008886718749999911
0 0.3318359375 0.638046875 0.009140625000000013 0.009589843749999938
0 0.275078125 0.61560546875 0.008808593749999982 0.00634765625
0 0.34560546875 0.9938671875 0.009238281250000036 0.009199218750000071
0 0.3671484375 0.97568359375 0.00927734375 0.006953124999999893
0 0.3578125 0.96294921875 0.007656250000000031 0.008691406250000089
0 0.350390625 0.96083984375 0.0074414062500000044 0.00894531250000008
0 0.37228515625 0.9198828125 0.006972656249999987 0.009101562499999938
0 0.402734375 0.92787109375 0.008984375000000044 0.009238281250000036
0 0.416171875 0.9376171875 0.008593749999999956 0.008808593749999982
0 0.4288671875 0.93177734375 0.010039062499999973 0.008886718749999911
0 0.43568359375 0.925625 0.009062499999999973 0.009199218750000071
0 0.414765625 0.90927734375 0.007421875000000022 0.006953124999999893
0 0.405625 0.9033203125 0.010273437499999982 0.007246093750000071
0 0.41396484375 0.8926171875 0.008281250000000018 0.0077734375000000355
0 0.40427734375 0.86703125 0.008808593749999982 0.008183593750000107
0 0.41923828125 0.8712109375 0.006249999999999978 0.007988281250000062
0 0.445078125 0.8719140625 0.009160156249999996 0.009824218749999947
0 0.4150390625 0.85048828125 0.010839843750000022 0.010820312499999929
0 0.422734375 0.84373046875 0.006699218750000013 0.009492187500000027
0 0.40638671875 0.8414453125 0.008945312499999969 0.008593749999999956
0 0.36728515625 0.84375 0.007929687500000004 0.008339843749999964
0 0.3637109375 0.81927734375 0.007656250000000031 0.0068749999999999645
0 0.37583984375 0.8319921875 0.010019531249999991 0.0087890625
0 0.37681640625 0.80255859375 0.008281250000000018 0.0087890625
0 0.3852734375 0.80466796875 0.008574218749999973 0.008164062499999902
0 0.4109765625 0.7948046875 0.007558593750000009 0.008710937500000071
0 0.411953125 0.8123828125 0.008691406249999978 0.008535156250000009
0 0.4146875 0.828046875 0.0064648437500000044 0.007792968750000018
0 0.41017578125 0.824296875 0.008417968750000004 0.008808593749999982
0 0.48025390625 0.8103125 0.008417968750000004 0.008867187499999929
0 0.48234375 0.83404296875 0.008554687499999991 0.009218750000000053
0 0.49001953125 0.8701171875 0.008457031249999969 0.007031250000000044
0 0.50994140625 0.83990234375 0.008105468749999956 0.008750000000000036
0 0.51119140625 0.86251953125 0.006152343749999956 0.006464843749999893
0 0.51064453125 0.8850390625 0.007070312500000009 0.008027343750000027
0 0.46908203125 0.92162109375 0.008437499999999987 0.008496093750000044
0 0.4882421875 0.961875 0.008554687499999991 0.007753906250000053
0 0.5018359375 0.929609375 0.008554687499999991 0.008652343749999902
0 0.49125 0.991953125 0.010136718749999996 0.009042968749999991
0 0.4665234375 0.9957421875 0.009394531250000004 0.008496093750000044
0 0.46677734375 0.980390625 0.008691406249999978 0.00863281249999992
0 0.4491796875 0.988125 0.009257812500000018 0.009101562499999938
0 0.39603515625 0.9822265625 0.008964843749999951 0.012734374999999964
0 0.400390625 0.9970703125 0.0078125 0.005859375
0 0.43041015625 0.9967578125 0.007460937499999987 0.006464843749999893
0 0.3634375 0.716015625 0.008359374999999947 0.009003906250000027
0 0.39189453125 0.71724609375 0.009628906250000013 0.00796875000000008
0 0.391796875 0.68318359375 0.010214843750000036 0.008867187499999929
0 0.390625 0.730546875 0.009101562500000049 0.008554687499999991
0 0.40625 0.73826171875 0.008281250000000018 0.008164062499999902
0 0.41982421875 0.7558984375 0.0078125 0.008066406249999991
0 0.44720703125 0.766640625 0.008535156250000009 0.007226562500000089
0 0.4141015625 0.7499609375 0.008925781249999987 0.007988281250000062
0 0.41888671875 0.74486328125 0.010781249999999964 0.010000000000000009
0 0.4256640625 0.69357421875 0.008105468749999956 0.008554687499999991
0 0.416640625 0.68677734375 0.007109374999999973 0.008359374999999947
0 0.4248046875 0.67533203125 0.005996093749999987 0.008613281249999938
0 0.43349609375 0.684375 0.012382812499999951 0.010468750000000027
0 0.3944140625 0.654296875 0.008574218749999973 0.0087890625
0 0.36509765625 0.64041015625 0.008847656249999947 0.009023437500000009
0 0.45310546875 0.638515625 0.007753906250000053 0.008085937499999973
0 0.48134765625 0.651171875 0.006562500000000027 0.007792968750000018
0 0.4717578125 0.6362109375 0.007265625000000053 0.008339843749999964
0 0.4903125 0.62685546875 0.00822265624999996 0.00912109374999992
0 0.50671875 0.62765625 0.006933593749999911 0.007500000000000062
0 0.466796875 0.60162109375 0.008320312499999982 0.008242187500000053
0 0.41083984375 0.60255859375 0.0072851562500000355 0.007265625000000053
0 0.40017578125 0.596875 0.00830078125 0.006855468749999982
0 0.36419921875 0.5966015625 0.007031250000000044 0.006699218749999902
0 0.45734375 0.60548828125 0.0072851562500000355 0.005781250000000071
0 0.45619140625 0.61302734375 0.013925781249999991 0.008281250000000018
0 0.493203125 0.7869921875 0.007128906249999956 0.008105468749999956
0 0.50205078125 0.78525390625 0.007753906250000053 0.008691406250000089
0 0.5085546875 0.78814453125 0.006542968750000044 0.00634765625
0 0.52740234375 0.9230078125 0.008613281249999938 0.008027343750000027
0 0.550859375 0.92138671875 0.009374999999999911 0.010078124999999938
0 0.55482421875 0.9016015625 0.006132812499999973 0.006738281250000089
0 0.52462890625 0.84490234375 0.007695312500000107 0.008046875000000009
0 0.6731640625 0.84380859375 0.007460937500000098 0.008496093750000044
0 0.5463671875 0.75126953125 0.008339843749999964 0.009335937499999947
0 0.494375 0.56208984375 0.008476562499999951 0.008027343750000027
0 0.439296875 0.5498046875 0.00886718750000004 0.007871093749999947
0 0.44005859375 0.2420703125 0.007968749999999969 0.009433593750000024
0 0.45267578125 0.253359375 0.009492187500000027 0.008925781249999987