0 0.01791015625 0.50845703125 0.017578125 0.02083984374999992
0 0.41470703125 0.505859375 0.02083984375000003 0.02212890625000008
0 0.12728515625 0.60091796875 0.024082031250000024 0.01693359374999992
0 0.10318359375 0.7177734375 0.018886718750000003 0.02017578125000008
0 0.17349609375 0.74576171875 0.020175781250000024 0.01888671874999992
0 0.26529296875 0.68130859375 0.01626953124999997 0.017578125
0 0.62662109375 0.60318359375 0.01626953125000008 0.02798828125000008
0 0.64419921875 0.6005859375 0.01498046874999992 0.01626953125000008
0 0.64583984375 0.62240234375 0.015625 0.01822265625000008
0 0.6689453125 0.580078125 0.02017578125000008 0.0234375
0 0.666015625 0.60189453125 0.01822265625000008 0.017578125
0 0.67220703125 0.6962890625 0.01888671874999992 0.021484375
0 0.55794921875 0.7333984375 0.01953125 0.021484375
0 0.466796875 0.740234375 0.01693359375000003 0.01953125
0 0.4453125 0.72005859375 0.01822265624999997 0.02083984374999992
0 0.43521484375 0.7060546875 0.01888671875000003 0.01888671874999992
0 0.42904296875 0.6875 0.02083984375000003 0.02083984374999992
0 0.55337890625 0.81087890625 0.01953125 0.021484375
0 0.6728515625 0.734375 0.017578125 0.01693359374999992
0 0.630859375 0.77962890625 0.0234375 0.02017578125000008
0 0.65005859375 0.82583984375 0.02017578125000008 0.021484375
0 0.73111328125 0.79068359375 0.02083984374999992 0.02017578125000008
0 0.75521484375 0.80240234375 0.02212890625000008 0.01888671874999992
0 0.77962890625 0.5634765625 0.021484375 0.01888671874999992
0 0.77408203125 0.5986328125 0.01431640625000008 0.013671875
0 0.78091796875 0.70376953125 0.01888671874999992 0.02474609374999992
0 0.75326171875 0.82455078125 0.01953125 0.013671875
0 0.74185546875 0.83822265625 0.02017578125000008 0.02017578125000008
0 0.33529296875 0.91373046875 0.02083984375000003 0.02017578125000008
0 0.41634765625 0.9560546875 0.017578125 0.01888671874999992
0 0.39453125 0.97396484375 0.02083984375000003 0.01822265625000008
0 0.58236328125 0.91146484375 0.01626953125000008 0.01822265625000008
0 0.615234375 0.94173828125 0.01693359374999992 0.01626953125000008
0 0.84244140625 0.9453125 0.01693359374999992 0.01822265625000008
0 0.5390625 0.67611328125 0.01302734374999992 0.01626953125000008
0 0.92318359375 0.66927734375 0.01693359374999992 0.01693359374999992