0 0.35818359375 0.43689453125 0.008574218749999973 0.009785156249999982
0 0.37302734375 0.379921875 0.009179687499999978 0.01025390625
0 0.42115234375 0.43291015625 0.008984375000000044 0.00837890625000004
0 0.35765625 0.3491796875 0.007539062500000027 0.007578124999999991
0 0.540859375 0.45630859375 0.009472656250000044 0.008886718750000022
0 0.5243359375 0.3942578125 0.009296874999999982 0.01017578124999996
0 0.53900390625 0.31427734375 0.01009765624999992 0.011035156249999956
0 0.52552734375 0.243125 0.010800781249999947 0.009687500000000016
0 0.54109375 0.27640625 0.008222656250000071 0.0087890625
0 0.510859375 0.30384765625 0.010000000000000009 0.011816406250000022
0 0.56552734375 0.40142578125 0.009531249999999991 0.008964843749999951
0 0.5162109375 0.29640625 0.008593749999999956 0.008164062500000013
0 0.49248046875 0.364453125 0.010449218750000044 0.011093750000000013
0 0.5155078125 0.36279296875 0.011523437499999956 0.012089843749999996
0 0.4778125 0.3810546875 0.010488281250000009 0.015742187500000004
0 0.49216796875 0.378984375 0.007226562499999978 0.009042968749999991
0 0.56056640625 0.43119140625 0.01171875 0.00968749999999996
0 0.49968750000000006 0.382421875 0.013203124999999982 0.010917968749999951
0 0.531875 0.450546875 0.009667968750000089 0.010351562500000022
0 0.5787890625 0.44365234375 0.009257812500000018 0.009511718750000009
0 0.63037109375 0.348125 0.010371093749999893 0.01130859375000004
0 0.604453125 0.3405859375 0.010429687500000062 0.010917968749999951
0 0.6677734375 0.40880859375 0.0073632812499999645 0.008125000000000049
0 0.73296875 0.39408203125 0.009785156249999982 0.008964843749999951
0 0.670703125 0.41396484375 0.009296874999999982 0.008359374999999947
0 0.6458984375 0.3566015625 0.00943359375000008 0.007480468749999969
0 0.66484375 0.36939453125 0.010136718750000107 0.009726562500000036
0 0.7319921875 0.3833203125 0.008671875000000107 0.00732421875
0 0.69380859375 0.34265625 0.010117187499999902 0.009882812500000004
0 0.63005859375 0.29900390625 0.010996093749999991 0.009902343749999987
0 0.51416015625 0.38099609375 0.008808593749999982 0.010449218750000044
0 0.51421875 0.33267578125 0.014121093750000036 0.016718750000000004
0 0.651171875 0.223515625 0.010468750000000027 0.01025390625
0 0.66787109375 0.2247265625 0.011015624999999973 0.010937499999999989
0 0.68751953125 0.232890625 0.0087890625 0.010839843750000022
0 0.6975390625 0.22494140625 0.008066406249999991 0.010507812499999991
0 0.6976953125 0.25576171875 0.00927734375 0.009882812500000004
0 0.68119140625 0.26029296875 0.009101562499999938 0.008554687499999991
0 0.705234375 0.309609375 0.009648437500000107 0.010351562500000022
0 0.7403125 0.37876953125 0.009765625 0.009472656250000044
0 0.685859375 0.31958984375 0.009804687499999964 0.010429687499999951
0 0.643671875 0.3375390625 0.00845703125000008 0.010859375000000004
0 0.64513671875 0.3226953125 0.007070312500000009 0.00886718750000004
0 0.6662109375 0.3183984375 0.012011718749999956 0.009785156249999982
0 0.650390625 0.31193359375 0.008906249999999893 0.00724609374999996
0 0.6556640625 0.31734375 0.009941406250000062 0.011113281249999996
0 0.660546875 0.30064453125 0.010214843750000036 0.009746093750000018
0 0.68154296875 0.29416015625 0.010703125000000036 0.01578124999999997
0 0.67087890625 0.2708984375 0.012714843749999982 0.009023437500000009
0 0.7143359375 0.28810546875 0.012285156249999929 0.020937500000000053
0 0.67154296875 0.26205078125 0.011425781250000044 0.01123046875
0 0.57517578125 0.4138671875 0.007226562500000089 0.009609375000000031
0 0.7915625 0.338671875 0.008261718750000036 0.010410156249999969
0 0.80802734375 0.33666015625 0.010136718750000107 0.010644531249999978
0 0.96576171875 0.30021484375 0.009531249999999991 0.009003906250000027
0 0.99423828125 0.328359375 0.008613281249999938 0.00927734375
0 0.92064453125 0.35650390625 0.010039062499999973 0.010136718749999996
0 0.9684765625 0.3599609375 0.01009765624999992 0.009746093750000018
0 0.9340234375 0.37984375 0.009394531249999893 0.007499999999999951
0 0.94208984375 0.38580078125 0.011621093750000089 0.00984375000000004
0 0.97849609375 0.37173828125 0.011835937499999893 0.014453124999999956
0 0.99283203125 0.37771484375 0.007636718749999938 0.0068749999999999645
0 0.99712890625 0.3715625 0.005742187500000107 0.009960937500000044