0 0.078125 0.21875 0.017578125 0.015625
0 0.1572265625 0.23828125 0.013671875 0.01171875
0 0.3349609375 0.005859375 0.009765625 0.009765625
0 0.3603515625 0.0107421875 0.009765625 0.01171875
0 0.375 0.025390625 0.009765625 0.0078125
0 0.3203125 0.072265625 0.009765625 0.0078125
0 0.2783203125 0.1181640625 0.013671875 0.01171875
0 0.3515625 0.123046875 0.009765625 0.009765625
0 0.34765625 0.193359375 0.009765625 0.0078125
0 0.3349609375 0.2119140625 0.0078125 0.009765625
0 0.33984375 0.22265625 0.01171875 0.009765625
0 0.36328125 0.2236328125 0.009765625 0.005859375
0 0.357421875 0.232421875 0.0078125 0.009765625
0 0.380859375 0.1943359375 0.0078125 0.0078125
0 0.3681640625 0.2099609375 0.0078125 0.009765625
0 0.3935546875 0.224609375 0.0078125 0.009765625
0 0.3955078125 0.2333984375 0.009765625 0.009765625
0 0.380859375 0.1689453125 0.009765625 0.01171875
0 0.3515625 0.142578125 0.009765625 0.0078125
0 0.4189453125 0.0791015625 0.0078125 0.009765625
0 0.4267578125 0.0673828125 0.01171875 0.009765625
0 0.4501953125 0.080078125 0.0078125 0.0078125
0 0.458984375 0.0830078125 0.009765625 0.0078125
0 0.458984375 0.0927734375 0.0078125 0.0078125
0 0.443359375 0.111328125 0.009765625 0.0078125
0 0.408203125 0.1845703125 0.0078125 0.009765625
0 0.404296875 0.193359375 0.005859375 0.0078125
0 0.5048828125 0.185546875 0.009765625 0.009765625
0 0.5166015625 0.1884765625 0.009765625 0.009765625
0 0.4970703125 0.228515625 0.009765625 0.009765625
0 0.4873046875 0.1484375 0.009765625 0.009765625
0 0.4814453125 0.17578125 0.0078125 0.009765625
0 0.447265625 0.18359375 0.0078125 0.0078125
0 0.40234375 0.1396484375 0.005859375 0.0078125
0 0.3955078125 0.1455078125 0.0078125 0.0078125
0 0.4150390625 0.14453125 0.005859375 0.0078125
0 0.4033203125 0.15234375 0.0078125 0.0078125
0 0.3955078125 0.1572265625 0.0078125 0.009765625
0 0.2470703125 0.1015625 0.009765625 0.009765625
0 0.2861328125 0.1318359375 0.009765625 0.0078125
0 0.00390625 0.21875 0.0078125 0.009765625
0 0.0478515625 0.2646484375 0.0078125 0.009765625
0 0.0810546875 0.2685546875 0.015625 0.01171875
0 0.1201171875 0.25 0.009765625 0.0078125
0 0.1328125 0.2548828125 0.009765625 0.0078125
0 0.10546875 0.2705078125 0.009765625 0.0078125
0 0.11328125 0.3701171875 0.0078125 0.009765625
0 0.1201171875 0.32421875 0.0078125 0.009765625
0 0.0859375 0.2939453125 0.0078125 0.0078125
0 0.099609375 0.3154296875 0.0078125 0.0078125
0 0.162109375 0.3017578125 0.0078125 0.0078125
0 0.158203125 0.283203125 0.009765625 0.009765625
0 0.0751953125 0.333984375 0.009765625 0.0078125
0 0.083984375 0.33203125 0.009765625 0.009765625
0 0.001953125 0.2802734375 0.00390625 0.01171875
0 0.001953125 0.322265625 0.00390625 0.01171875
0 0.228515625 0.1787109375 0.009765625 0.01171875
0 0.255859375 0.1689453125 0.009765625 0.0078125
0 0.255859375 0.1572265625 0.009765625 0.0078125
0 0.2548828125 0.1484375 0.0078125 0.0078125
0 0.263671875 0.1416015625 0.0078125 0.0078125
0 0.27734375 0.291015625 0.0078125 0.009765625
0 0.2822265625 0.3037109375 0.009765625 0.0078125
0 0.2919921875 0.328125 0.01171875 0.009765625
0 0.322265625 0.3505859375 0.009765625 0.0078125
0 0.310546875 0.3193359375 0.0078125 0.009765625
0 0.3203125 0.29296875 0.0078125 0.009765625
0 0.337890625 0.259765625 0.009765625 0.009765625
0 0.38671875 0.15625 0.0078125 0.009765625
0 0.453125 0.2646484375 0.0078125 0.0078125
0 0.43359375 0.2578125 0.0078125 0.0078125
0 0.4033203125 0.2666015625 0.0078125 0.0078125
0 0.36328125 0.2978515625 0.009765625 0.009765625
0 0.3876953125 0.296875 0.0078125 0.009765625
0 0.396484375 0.291015625 0.009765625 0.0078125
0 0.4267578125 0.3154296875 0.0078125 0.0078125
0 0.4208984375 0.3251953125 0.0078125 0.0078125
0 0.455078125 0.3837890625 0.009765625 0.009765625
0 0.396484375 0.314453125 0.013671875 0.01171875
0 0.34765625 0.4541015625 0.009765625 0.01171875
0 0.390625 0.455078125 0.0078125 0.009765625
0 0.30078125 0.5009765625 0.009765625 0.009765625
0 0.0673828125 0.537109375 0.0078125 0.0078125
0 0.0517578125 0.5986328125 0.0078125 0.009765625
0 0.05859375 0.63671875 0.009765625 0.0078125
0 0.0615234375 0.666015625 0.01171875 0.009765625
0 0.1162109375 0.6201171875 0.0078125 0.0078125
0 0.107421875 0.6162109375 0.009765625 0.0078125
0 0.0234375 0.5908203125 0.0078125 0.0078125
0 0.01171875 0.619140625 0.009765625 0.009765625
0 0.0205078125 0.6669921875 0.0078125 0.0078125
0 0.0380859375 0.6748046875 0.009765625 0.0078125
0 0.048828125 0.642578125 0.009765625 0.0078125
0 0.2998046875 0.556640625 0.009765625 0.01171875
0 0.322265625 0.556640625 0.009765625 0.009765625
0 0.3232421875 0.57421875 0.0078125 0.0078125
0 0.3701171875 0.560546875 0.0078125 0.009765625