0 0.19921875 0.064453125 0.017578125 0.017578125
0 0.240234375 0.2265625 0.015625 0.017578125
0 0.212890625 0.3525390625 0.013671875 0.013671875
0 0.2890625 0.4267578125 0.015625 0.017578125
0 0.3544921875 0.314453125 0.013671875 0.01171875
0 0.357421875 0.279296875 0.015625 0.015625
0 0.3974609375 0.24609375 0.013671875 0.015625
0 0.46484375 0.3291015625 0.015625 0.017578125
0 0.521484375 0.4013671875 0.013671875 0.015625
0 0.5400390625 0.5947265625 0.013671875 0.017578125
0 0.373046875 0.7021484375 0.013671875 0.013671875
0 0.34765625 0.859375 0.013671875 0.015625
0 0.6728515625 0.4892578125 0.017578125 0.017578125
0 0.833984375 0.419921875 0.01953125 0.01953125
0 0.8251953125 0.70703125 0.015625 0.015625
0 0.8447265625 0.4375 0.015625 0.015625
0 0.869140625 0.4287109375 0.013671875 0.017578125
0 0.8564453125 0.6533203125 0.015625 0.013671875
0 0.9130859375 0.5419921875 0.017578125 0.017578125
0 0.927734375 0.51953125 0.0234375 0.025390625