0 0.0263671875 0.2861328125 0.01953125 0.0234375
0 0.16796875 0.384765625 0.017578125 0.025390625
0 0.1767578125 0.4228515625 0.017578125 0.025390625
0 0.263671875 0.4736328125 0.013671875 0.017578125
0 0.2509765625 0.3525390625 0.013671875 0.013671875
0 0.2763671875 0.40625 0.013671875 0.013671875
0 0.265625 0.1806640625 0.021484375 0.017578125
0 0.287109375 0.2763671875 0.015625 0.02734375
0 0.36328125 0.30078125 0.01171875 0.015625
0 0.37109375 0.28515625 0.009765625 0.015625
0 0.28125 0.21484375 0.009765625 0.015625
0 0.62109375 0.0390625 0.015625 0.01953125
0 0.6435546875 0.7666015625 0.01171875 0.015625
0 0.5654296875 0.9560546875 0.013671875 0.021484375
0 0.4609375 0.7412109375 0.015625 0.017578125
0 0.404296875 0.9501953125 0.013671875 0.01953125
0 0.3076171875 0.7001953125 0.013671875 0.021484375
0 0.07421875 0.9814453125 0.013671875 0.021484375