0 0.1328125 0.9775390625 0.0078125 0.0078125
0 0.162109375 0.958984375 0.0078125 0.0078125
0 0.162109375 0.9501953125 0.009765625 0.0078125
0 0.1279296875 0.9560546875 0.0078125 0.009765625
0 0.125 0.9501953125 0.009765625 0.0078125
0 0.103515625 0.9296875 0.0078125 0.0078125
0 0.0029296875 0.876953125 0.005859375 0.01171875
0 0.015625 0.859375 0.009765625 0.0078125
0 0.0029296875 0.857421875 0.005859375 0.0078125
0 0.0458984375 0.84765625 0.01171875 0.0078125
0 0.0556640625 0.90625 0.0078125 0.0078125
0 0.060546875 0.8955078125 0.009765625 0.0078125
0 0.078125 0.9072265625 0.009765625 0.0078125
0 0.0966796875 0.91796875 0.0078125 0.0078125
0 0.12109375 0.90625 0.0078125 0.005859375
0 0.1484375 0.947265625 0.0078125 0.0078125
0 0.146484375 0.9375 0.0078125 0.0078125
0 0.146484375 0.927734375 0.0078125 0.0078125
0 0.138671875 0.9248046875 0.005859375 0.005859375
0 0.15625 0.9208984375 0.009765625 0.009765625
0 0.13671875 0.896484375 0.009765625 0.0078125
0 0.1494140625 0.8994140625 0.009765625 0.0078125
0 0.1552734375 0.89453125 0.0078125 0.005859375
0 0.1513671875 0.880859375 0.01171875 0.0078125
0 0.109375 0.8466796875 0.0078125 0.005859375
0 0.0859375 0.822265625 0.009765625 0.0078125
0 0.0947265625 0.810546875 0.009765625 0.0078125
0 0.12109375 0.8115234375 0.0078125 0.005859375
0 0.109375 0.8095703125 0.0078125 0.0078125
0 0.115234375 0.8037109375 0.009765625 0.005859375
0 0.1044921875 0.7978515625 0.009765625 0.0078125
0 0.1044921875 0.7890625 0.009765625 0.0078125
0 0.169921875 0.8984375 0.0078125 0.0078125
0 0.1953125 0.87109375 0.0078125 0.0078125
0 0.1416015625 0.8232421875 0.009765625 0.005859375
0 0.1357421875 0.796875 0.009765625 0.0078125
0 0.14453125 0.80078125 0.0078125 0.0078125
0 0.1533203125 0.7861328125 0.0078125 0.005859375
0 0.1884765625 0.9228515625 0.0078125 0.0078125
0 0.20703125 0.9033203125 0.009765625 0.0078125
0 0.2021484375 0.9013671875 0.009765625 0.009765625
0 0.21484375 0.8759765625 0.0078125 0.005859375
0 0.2294921875 0.8251953125 0.0078125 0.0078125
0 0.2236328125 0.8115234375 0.0078125 0.0078125
0 0.2275390625 0.8037109375 0.0078125 0.0078125
0 0.02734375 0.7998046875 0.0078125 0.0078125
0 0.0234375 0.810546875 0.0078125 0.0078125
0 0.02734375 0.806640625 0.0078125 0.0078125
0 0.0341796875 0.810546875 0.0078125 0.005859375
0 0.037109375 0.818359375 0.009765625 0.0078125
0 0.0263671875 0.8427734375 0.0078125 0.005859375
0 0.05078125 0.8056640625 0.009765625 0.0078125
0 0.0791015625 0.791015625 0.0078125 0.0078125
0 0.0849609375 0.7880859375 0.0078125 0.0078125
0 0.09375 0.7841796875 0.0078125 0.0078125
0 0.0791015625 0.7783203125 0.0078125 0.0078125
0 0.0888671875 0.7744140625 0.009765625 0.005859375
0 0.158203125 0.8232421875 0.005859375 0.005859375
0 0.1611328125 0.8095703125 0.0078125 0.005859375
0 0.1728515625 0.8203125 0.0078125 0.0078125
0 0.1845703125 0.779296875 0.0078125 0.005859375
0 0.1806640625 0.7734375 0.01171875 0.0078125
0 0.26953125 0.78125 0.0078125 0.0078125
0 0.265625 0.7421875 0.0078125 0.0078125
0 0.205078125 0.779296875 0.005859375 0.005859375
0 0.1591796875 0.75390625 0.0078125 0.0078125
0 0.1357421875 0.767578125 0.009765625 0.0078125
0 0.12890625 0.78515625 0.0078125 0.0078125
0 0.1220703125 0.7802734375 0.0078125 0.005859375
0 0.0390625 0.759765625 0.0078125 0.0078125
0 0.048828125 0.7685546875 0.009765625 0.0078125
0 0.0634765625 0.77734375 0.01171875 0.0078125
0 0.0703125 0.76953125 0.009765625 0.0078125
0 0.05078125 0.7373046875 0.0078125 0.005859375
0 0.0517578125 0.751953125 0.01171875 0.01171875
0 0.1064453125 0.7744140625 0.0078125 0.005859375
0 0.111328125 0.7529296875 0.009765625 0.0078125
0 0.123046875 0.7490234375 0.0078125 0.005859375
0 0.1015625 0.73046875 0.0078125 0.0078125
0 0.087890625 0.7060546875 0.0078125 0.005859375
0 0.1142578125 0.73046875 0.009765625 0.0078125
0 0.126953125 0.7294921875 0.009765625 0.0078125
0 0.1474609375 0.7333984375 0.0078125 0.0078125
0 0.1611328125 0.744140625 0.01171875 0.0078125
0 0.1279296875 0.7099609375 0.0078125 0.005859375
0 0.1376953125 0.728515625 0.009765625 0.0078125
0 0.1474609375 0.7060546875 0.0078125 0.0078125
0 0.1376953125 0.701171875 0.0078125 0.005859375
0 0.1123046875 0.716796875 0.0078125 0.005859375
0 0.1015625 0.71484375 0.0078125 0.0078125
0 0.09765625 0.71875 0.0078125 0.0078125
0 0.1064453125 0.705078125 0.0078125 0.0078125
0 0.111328125 0.697265625 0.005859375 0.005859375
0 0.1708984375 0.7294921875 0.0078125 0.005859375
0 0.16796875 0.71875 0.009765625 0.009765625
0 0.1787109375 0.7314453125 0.0078125 0.005859375
0 0.232421875 0.814453125 0.005859375 0.005859375
0 0.2431640625 0.7998046875 0.0078125 0.005859375
0 0.265625 0.65625 0.0078125 0.0078125
0 0.2333984375 0.64453125 0.009765625 0.0078125
0 0.2578125 0.625 0.0078125 0.0078125
0 0.255859375 0.6103515625 0.009765625 0.0078125
0 0.3251953125 0.564453125 0.0078125 0.0078125
0 0.2783203125 0.5673828125 0.005859375 0.0078125
0 0.2578125 0.5419921875 0.009765625 0.005859375
0 0.244140625 0.5361328125 0.0078125 0.0078125
0 0.26953125 0.5234375 0.009765625 0.0078125
0 0.302734375 0.5205078125 0.009765625 0.0078125
0 0.353515625 0.5224609375 0.009765625 0.0078125
0 0.349609375 0.4462890625 0.0078125 0.0078125
0 0.3505859375 0.4521484375 0.0078125 0.005859375
0 0.35546875 0.4423828125 0.0078125 0.0078125
0 0.361328125 0.4443359375 0.005859375 0.005859375
0 0.322265625 0.46875 0.0078125 0.0078125
0 0.32421875 0.4541015625 0.0078125 0.0078125
0 0.3603515625 0.5048828125 0.009765625 0.0078125
0 0.3583984375 0.4697265625 0.0078125 0.0078125
0 0.3935546875 0.478515625 0.0078125 0.0078125
0 0.41015625 0.505859375 0.0078125 0.0078125
0 0.419921875 0.4560546875 0.0078125 0.0078125
0 0.43359375 0.486328125 0.0078125 0.0078125
0 0.439453125 0.4931640625 0.005859375 0.005859375
0 0.453125 0.5009765625 0.0078125 0.005859375
0 0.37109375 0.466796875 0.009765625 0.005859375
0 0.3798828125 0.4697265625 0.0078125 0.0078125
0 0.2099609375 0.52734375 0.013671875 0.0078125
0 0.2119140625 0.5185546875 0.0078125 0.0078125
0 0.2265625 0.515625 0.0078125 0.0078125
0 0.2265625 0.50390625 0.0078125 0.0078125
0 0.23828125 0.5 0.009765625 0.0078125
0 0.271484375 0.47265625 0.0078125 0.005859375
0 0.2783203125 0.4697265625 0.0078125 0.005859375
0 0.2646484375 0.4580078125 0.0078125 0.0078125
0 0.28125 0.4580078125 0.009765625 0.0078125
0 0.2783203125 0.4306640625 0.0078125 0.0078125
0 0.2685546875 0.4208984375 0.0078125 0.0078125
0 0.2177734375 0.3994140625 0.009765625 0.0078125
0 0.2431640625 0.3896484375 0.0078125 0.005859375
0 0.2646484375 0.390625 0.0078125 0.0078125
0 0.318359375 0.4052734375 0.0078125 0.005859375
0 0.296875 0.3876953125 0.009765625 0.005859375
0 0.33203125 0.4375 0.0078125 0.0078125
0 0.3466796875 0.4384765625 0.0078125 0.005859375
0 0.3466796875 0.427734375 0.0078125 0.005859375
0 0.3740234375 0.4453125 0.0078125 0.005859375
0 0.3740234375 0.4296875 0.009765625 0.0078125
0 0.3544921875 0.4169921875 0.0078125 0.005859375
0 0.3505859375 0.3974609375 0.0078125 0.005859375
0 0.3388671875 0.3857421875 0.0078125 0.0078125
0 0.421875 0.38671875 0.0078125 0.0078125
0 0.40234375 0.388671875 0.0078125 0.0078125
0 0.392578125 0.3671875 0.013671875 0.0078125
0 0.412109375 0.36328125 0.009765625 0.0078125
0 0.376953125 0.412109375 0.0078125 0.0078125
0 0.4189453125 0.3505859375 0.0078125 0.005859375
0 0.4111328125 0.328125 0.0078125 0.0078125
0 0.4404296875 0.3466796875 0.0078125 0.005859375
0 0.453125 0.3447265625 0.0078125 0.0078125
0 0.40625 0.375 0.009765625 0.01171875
0 0.447265625 0.37109375 0.0078125 0.0078125
0 0.3330078125 0.3515625 0.005859375 0.0078125
0 0.30078125 0.3544921875 0.0078125 0.0078125
0 0.201171875 0.36328125 0.0078125 0.0078125
0 0.173828125 0.337890625 0.0078125 0.0078125
0 0.1640625 0.322265625 0.0078125 0.0078125
0 0.1484375 0.283203125 0.009765625 0.0078125
0 0.212890625 0.3037109375 0.0078125 0.005859375
0 0.216796875 0.287109375 0.005859375 0.005859375
0 0.1943359375 0.298828125 0.0078125 0.00390625
0 0.18359375 0.287109375 0.0078125 0.005859375
0 0.162109375 0.2607421875 0.009765625 0.0078125
0 0.16796875 0.2470703125 0.0078125 0.0078125
0 0.2041015625 0.25 0.0078125 0.005859375
0 0.19921875 0.2451171875 0.0078125 0.0078125
0 0.1650390625 0.2197265625 0.0078125 0.0078125
0 0.2548828125 0.2509765625 0.0078125 0.0078125
0 0.2373046875 0.2783203125 0.0078125 0.005859375
0 0.2265625 0.2314453125 0.0078125 0.0078125
0 0.1962890625 0.2041015625 0.0078125 0.005859375
0 0.1806640625 0.234375 0.0078125 0.0078125
0 0.1767578125 0.1689453125 0.0078125 0.0078125
0 0.1015625 0.2060546875 0.0078125 0.0078125
0 0.12109375 0.20703125 0.0078125 0.0078125
0 0.1396484375 0.2216796875 0.0078125 0.0078125
0 0.1337890625 0.2607421875 0.005859375 0.0078125
0 0.1357421875 0.24609375 0.009765625 0.005859375
0 0.1123046875 0.2685546875 0.0078125 0.005859375
0 0.1123046875 0.2529296875 0.0078125 0.0078125
0 0.09765625 0.212890625 0.009765625 0.0078125
0 0.09375 0.21875 0.01171875 0.0078125
0 0.3193359375 0.2294921875 0.0078125 0.005859375
0 0.05859375 0.3310546875 0.0078125 0.005859375
0 0.05078125 0.3349609375 0.005859375 0.005859375
0 0.0322265625 0.3232421875 0.0078125 0.005859375
0 0.0078125 0.3291015625 0.0078125 0.005859375
0 0.0029296875 0.333984375 0.005859375 0.005859375
0 0.0009765625 0.326171875 0.001953125 0.005859375
0 0.005859375 0.3212890625 0.0078125 0.005859375
0 0.009765625 0.3115234375 0.0078125 0.005859375
0 0.021484375 0.2822265625 0.005859375 0.0078125
0 0.0078125 0.2529296875 0.0078125 0.0078125
0 0.0078125 0.220703125 0.0078125 0.0078125
0 0.01953125 0.2119140625 0.0078125 0.0078125
0 0.009765625 0.205078125 0.0078125 0.0078125
0 0.001953125 0.171875 0.00390625 0.0078125
0 0.0078125 0.146484375 0.0078125 0.0078125
0 0.0390625 0.0703125 0.0078125 0.0078125