0 0.29912109375 0.1479296875 0.023867187500000053 0.01953125
0 0.3530078125 0.1425 0.02025390625000001 0.02025390625000001
0 0.39171875 0.1312890625 0.01953125 0.01953125
0 0.4271484375 0.13056640625 0.01953125 0.020976562500000018
0 0.36421875 0.1815625 0.01375000000000004 0.014472656249999993
0 0.33166015625 0.18771484375 0.022421875000000036 0.020976562500000018
0 0.48068359375 0.2076171875 0.016640624999999964 0.01736328125000003
0 0.40400390625 0.2398046875 0.018085937499999982 0.018085937499999982
0 0.4173828125 0.26728515625 0.02025390625000001 0.018085937499999982
0 0.48501953125 0.2596875 0.020976562500000018 0.01880859374999999
0 0.53095703125 0.2369140625 0.023144531250000044 0.020976562500000018
0 0.58666015625 0.15587890625 0.01302734374999992 0.01953125
0 0.53095703125 0.09150390625 0.015917968749999956 0.016640624999999992
0 0.51287109375 0.07052734375 0.015917968749999956 0.01808593750000001
0 0.49876953125 0.03291015625 0.018085937499999982 0.016640624999999992
0 0.4575390625 0.04015625 0.01953125 0.022421874999999994
0 0.41486328125 0.0365234375 0.018085937499999982 0.020976562500000004
0 0.621015625 0.14359375 0.016640624999999964 0.018085937499999982
0 0.6304296875 0.07849609375 0.016640624999999964 0.01808593750000001
0 0.65935546875 0.1537109375 0.01953125 0.018085937499999982
0 0.49767578125 0.333125 0.023144531250000044 0.01953125
0 0.3443359375 0.33240234375 0.01880859374999999 0.018085937499999982
0 0.39134765625 0.341796875 0.01880859374999999 0.01953125
0 0.3443359375 0.43330078125 0.017363281249999973 0.015917968749999956
0 0.39134765625 0.40509765625 0.01880859374999999 0.01880859374999999
0 0.49587890625 0.39822265625 0.01953125 0.016640624999999964
0 0.5718359375 0.29623046875 0.015195312499999947 0.018085937499999982
0 0.6098046875 0.31720703125 0.017363281249999973 0.016640624999999964
0 0.12876953125 0.50671875 0.01880859374999999 0.01953125
0 0.13998046875 0.4759765625 0.01953125 0.017363281249999973
0 0.38267578125 0.50708984375 0.023144531250000044 0.028925781249999893
0 0.45248046875 0.47056640625 0.018085937499999982 0.016640624999999964
0 0.49767578125 0.49226562500000004 0.01880859374999999 0.018085937499999982
0 0.45861328125 0.50130859375 0.01880859374999999 0.01880859374999999
0 0.4434375 0.55013671875 0.01880859374999999 0.022421875000000036
0 0.48501953125 0.55013671875 0.016640624999999964 0.020976562500000018
0 0.47091796875 0.524453125 0.015917968749999956 0.01880859374999999
0 0.72771484375 0.05388671875 0.014472656249999938 0.018085937499999996
0 0.75810546875 0.01990234375 0.017363281249999973 0.016640625
0 0.8423828125 0.04015625 0.01953125 0.018085937499999996
0 0.75521484375 0.24558593750000002 0.017363281249999973 0.01953125
0 0.10779296875 0.6333203125 0.01880859374999999 0.018085937499999982
0 0.026035156249999997 0.60220703125 0.01736328125 0.018085937499999982
0 0.14685546875 0.7591796875 0.017363281249999973 0.022421875000000036
0 0.15119140625 0.78306640625 0.017363281249999973 0.022421875000000036
0 0.28392578125 0.7421875 0.015195312499999947 0.021699218750000027
0 0.16927734375 0.86625 0.02025390625000001 0.022421875000000036
0 0.2220703125 0.83912109375 0.02169921874999997 0.02603515625000008
0 0.24884765625 0.86732421875 0.017363281249999973 0.023144531250000044
0 0.308515625 0.95376953125 0.01375000000000004 0.01953125
0 0.94255859375 0.86298828125 0.01880859374999999 0.02025390625000001