0 0.007207031249999999 0.3883984375 0.0084375 0.008730468750000053
0 0.01177734375 0.3965625 0.008183593749999999 0.008320312499999982
0 0.0395703125 0.41560546875 0.00865234375 0.00935546875000004
0 0.0333203125 0.440234375 0.0074414062500000044 0.006660156250000049
0 0.0233984375 0.44501953125 0.007929687499999998 0.009003906250000027
0 0.00619140625 0.4176953125 0.0078515625 0.006777343750000053
0 0.0009765625 0.4013671875 0.001953125 0.005859375
0 0.00123046875 0.3945703125 0.0024609375 0.007480468749999969
0 0.01271484375 0.485234375 0.006914062499999998 0.007656250000000031
0 0.005 0.472734375 0.0064062500000000005 0.008437499999999987
0 0.02306640625 0.46294921875 0.008183593750000002 0.008281250000000018
0 0.1193359375 0.47609375 0.00779296874999999 0.00837890625000004
0 0.1344921875 0.40806640625 0.00874999999999998 0.008281250000000018
0 0.14630859375 0.406171875 0.008886718750000022 0.009453124999999951
0 0.10953125 0.38169921875 0.007636718749999993 0.006171875000000049
0 0.151796875 0.3415625 0.009023437500000009 0.009023437500000009
0 0.18279296875 0.344921875 0.00687500000000002 0.007148437500000049
0 0.140703125 0.31837890625 0.007187500000000013 0.007382812499999947
0 0.10232421875 0.30033203125 0.00632812499999999 0.009218750000000053
0 0.17240234375 0.39046875 0.005507812499999987 0.009218750000000053
0 0.1758203125 0.368359375 0.005117187500000009 0.007050781250000027
0 0.212734375 0.417890625 0.008671874999999996 0.00837890625000004
0 0.2862890625 0.39140625 0.00732421875 0.0069531250000000044
0 0.1974609375 0.27740234375 0.008574218749999973 0.00789062500000004
0 0.22544921875 0.3028125 0.010273437499999982 0.008691406249999978
0 0.285625 0.26236328125 0.007968749999999969 0.007851562499999964
0 0.2889453125 0.29849609375 0.009140625000000013 0.00789062500000004
0 0.298984375 0.33580078125 0.00773437499999996 0.008261718750000036
0 0.27767578125 0.23109375 0.007304687500000018 0.007050781250000027
0 0.30548828125 0.21267578125 0.007089843749999991 0.008496093749999989
0 0.31259765625 0.20685546875 0.004902343749999982 0.008984374999999989
0 0.31080078125 0.33919921875 0.008320312499999982 0.00724609374999996
0 0.22462890625 0.3641796875 0.0069531250000000044 0.00691406250000004
0 0.303125 0.3256640625 0.0067968750000000355 0.006367187499999982
0 0.31373046875 0.32712890625 0.006679687500000031 0.006542968750000044
0 0.30015625 0.30314453125 0.00691406250000004 0.005878906249999982
0 0.3106640625 0.31037109375 0.008886718750000022 0.0054882812500000044
0 0.30775390625 0.32015625 0.00724609374999996 0.005585937500000027
0 0.3167578125 0.29294921875 0.008085937499999973 0.008652343750000013
0 0.3019921875 0.23015625 0.006367187499999982 0.00777343749999998
0 0.30265625 0.2390625 0.011874999999999969 0.009824218750000002
0 0.29443359375 0.25392578125 0.0087890625 0.007792968750000018
0 0.29658203125 0.24720703125 0.007617187499999956 0.006074218750000027
0 0.335859375 0.1894140625 0.007675781250000013 0.007656249999999976
0 0.34533203125 0.20572265625 0.008613281250000049 0.008320312499999982
0 0.32416015625 0.241875 0.008085937499999973 0.008691406249999978
0 0.32806640625 0.23505859375 0.00496093750000004 0.00679687499999998
0 0.3151171875 0.2696484375 0.0067968750000000355 0.008769531250000018
0 0.312421875 0.2529296875 0.004531249999999987 0.006992187499999969
0 0.31830078125 0.253046875 0.00496093750000004 0.00642578125000004
0 0.30943359375 0.2644921875 0.0059765625000000044 0.006679687500000031
0 0.30390625 0.25291015625 0.005859375 0.006542968750000044
0 0.35638671875 0.2284765625 0.00691406250000004 0.005722656250000013
0 0.36328125 0.235390625 0.007421875000000022 0.007050781250000027
0 0.385390625 0.22099609375 0.007109374999999973 0.007949218749999987
0 0.3369921875 0.2425 0.009941406249999951 0.007988281250000007
0 0.33330078125 0.252890625 0.01228515625000004 0.00935546875000004
0 0.340078125 0.336953125 0.008535156250000009 0.007421875000000022
0 0.38333984375 0.29787109375 0.008769531250000018 0.011367187499999987
0 0.386796875 0.3141796875 0.00837890625000004 0.008652343750000013
0 0.39533203125 0.29984375 0.0072851562500000355 0.008574218749999973
0 0.3992578125 0.30876953125 0.009414062499999987 0.011367187499999987
0 0.33380859375 0.2940625 0.009003906250000027 0.006894531249999947
0 0.37275390625 0.37650390625 0.00837890625000004 0.006484374999999987
0 0.39349609375 0.25748046875 0.00724609374999996 0.005996093749999987
0 0.36728515625 0.34935546875 0.00724609374999996 0.0068749999999999645
0 0.34759765625 0.35453125 0.008085937499999973 0.006289062500000053
0 0.4037109375 0.38189453125 0.009375000000000022 0.0063085937500000355
0 0.34265625 0.32802734375 0.006816406250000018 0.005624999999999991
0 0.361484375 0.30875 0.006992187499999969 0.008457031249999969
0 0.41337890625 0.308359375 0.006054687500000044 0.007675781250000013
0 0.31125 0.35669921875 0.00724609374999996 0.006328125000000018
0 0.3220703125 0.27759765625 0.005624999999999991 0.007421875000000022
0 0.415546875 0.24591796875 0.0064648437500000044 0.006093750000000009
0 0.390234375 0.05873046875 0.007011718749999951 0.008027343749999999
0 0.41201171875 0.073125 0.0087890625 0.007128906250000011
0 0.50423828125 0.0509375 0.008203125000000089 0.007832031249999996
0 0.6013671875 0.0242578125 0.010449218750000044 0.0107421875
0 0.60466796875 0.03650390625 0.00699218750000008 0.007109375000000001
0 0.5932421875 0.03505859375 0.006269531250000071 0.008222656250000002
0 0.55158203125 0.05341796875 0.0063867187499999645 0.0062500000000000056
0 0.60474609375 0.13802734375 0.006152343749999956 0.006582031250000009
0 0.6140234375 0.1267578125 0.007109374999999973 0.009160156249999996
0 0.61611328125 0.1144140625 0.006757812500000071 0.007597656250000001
0 0.6016796875 0.1043359375 0.008046875000000009 0.006894531250000002
0 0.58841796875 0.10650390625 0.00765624999999992 0.00636718750000001
0 0.52791015625 0.1369921875 0.0072851562500000355 0.008007812499999989
0 0.5777734375 0.16607421875 0.008496093750000044 0.008359375000000002
0 0.57021484375 0.10611328125 0.007949218750000098 0.007851562499999992
0 0.5658203125 0.09646484375 0.00570312499999992 0.007402343750000012
0 0.58103515625 0.0573828125 0.006464843749999893 0.006621093750000001
0 0.5851171875 0.07416015625 0.006601562499999991 0.008515624999999999
0 0.58892578125 0.080234375 0.0068359375 0.007109375000000001
0 0.58498046875 0.084765625 0.00732421875 0.008613281249999993
0 0.58412109375 0.0965234375 0.00814453124999992 0.006386718749999992
0 0.574453125 0.09876953125 0.008398437499999911 0.009980468749999999
0 0.56912109375 0.131015625 0.006757812500000071 0.007617187500000011
0 0.56232421875 0.1524609375 0.008242187500000053 0.005761718749999978
0 0.5723828125 0.14732421875 0.006738281250000089 0.007070312500000009
0 0.5998046875 0.11810546875 0.0068359375 0.0074218749999999944
0 0.601171875 0.07458984375 0.007031250000000044 0.007871093750000002
0 0.585859375 0.063359375 0.008066406249999991 0.006542968749999989
0 0.6336328125 0.1473828125 0.007617187499999956 0.007167968749999976
0 0.68166015625 0.11134765625 0.009160156250000107 0.0054687499999999944
0 0.64169921875 0.17423828125 0.009179687500000089 0.007109374999999973
0 0.59517578125 0.171953125 0.008906249999999893 0.008554687499999991
0 0.51802734375 0.23591796875 0.008652343749999902 0.00679687499999998
0 0.61015625 0.0127734375 0.0078125 0.007128906250000001
0 0.6021875 0.012441406249999998 0.008085937499999973 0.008125
0 0.59666015625 0.00591796875 0.013046874999999902 0.011796875
0 0.60546875 0.0029296875 0.0078125 0.005859375
0 0.61591796875 0.0032031249999999994 0.006621093749999973 0.00634765625
0 0.6234765625 0.00271484375 0.00716796874999992 0.0054296875
0 0.6231640625 0.012734375 0.008710937500000071 0.006582031250000002
0 0.633671875 0.036484375 0.007031250000000044 0.007011718750000007
0 0.676484375 0.1436328125 0.007519531250000044 0.006894531250000002
0 0.57744140625 0.1188671875 0.007558593750000009 0.00832031250000001
0 0.65802734375 0.1972265625 0.009101562499999938 0.004980468750000022
0 0.7248828125 0.1816015625 0.007187499999999902 0.007675781250000013
0 0.7221875 0.17400390625 0.006113281249999991 0.007714843749999978
0 0.71345703125 0.16873046875 0.007382812499999947 0.006562500000000027
0 0.72259765625 0.15759765625 0.008085937499999973 0.006542968749999989
0 0.7673046875 0.1415625 0.008437500000000098 0.006503906250000024
0 0.75396484375 0.11697265625 0.006738281250000089 0.008105468750000011
0 0.7609375 0.1035546875 0.007421874999999911 0.0054882812500000044
0 0.76830078125 0.1123828125 0.00732421875 0.007148437499999993
0 0.7836328125 0.1121875 0.007890624999999929 0.007539062499999999
0 0.7238671875 0.028300781250000004 0.006269531250000071 0.006152343749999997
0 0.74642578125 0.03708984375 0.008183593750000107 0.008359375000000002
0 0.73537109375 0.05267578125 0.006132812499999973 0.008222656250000002
0 0.73482421875 0.06646484375 0.008281250000000018 0.008750000000000008
0 0.72658203125 0.0885546875 0.008124999999999938 0.009531249999999991
0 0.750078125 0.0487890625 0.007988281250000062 0.0074609375000000006
0 0.75564453125 0.053828125 0.009335937499999947 0.005898437500000006
0 0.7556640625 0.0626953125 0.00845703125000008 0.007753906249999998
0 0.7751171875 0.0778515625 0.007675781249999902 0.008671874999999996
0 0.7444921875 0.0799609375 0.00748046875000008 0.005898437499999992
0 0.76271484375 0.08033203125 0.006660156249999938 0.008496093749999989
0 0.76208984375 0.07279296875 0.008710937500000071 0.0069335937499999944
0 0.756953125 0.075703125 0.005878906249999982 0.0067187499999999956
0 0.75763671875 0.1344140625 0.0049218749999999645 0.009335937500000002
0 0.98998046875 0.0133984375 0.00699218750000008 0.007714843750000002