0 0.18189453125 0.06896484375 0.02076171874999999 0.01953125
0 0.6393359375 0.13611328125 0.016484375000000107 0.01832031249999999
0 0.667421875 0.12939453125 0.018925781250000107 0.02197265625
0 0.5874609375 0.26947265625 0.015253906249999893 0.016484374999999996
0 0.60333984375 0.28015625 0.015253906249999893 0.01587890624999999
0 0.70373046875 0.28900390625 0.02197265625 0.016484374999999996
0 0.80138671875 0.26275390625 0.01953125 0.020136718750000004
0 0.69396484375 0.3759765625 0.01832031249999999 0.01708984375
0 0.556640625 0.3594921875 0.01587890624999999 0.01708984375
0 0.45533203125 0.5255078125 0.01708984375 0.01708984375
0 0.59265625 0.517578125 0.01832031249999999 0.01832031249999999
0 0.146484375 0.4669140625 0.01587890624999999 0.010996093749999991
0 0.0048828125 0.537109375 0.009765625 0.01832031249999999
0 0.0521875 0.57068359375 0.018925781249999996 0.01832031249999999
0 0.05798828125 0.634453125 0.025644531250000005 0.017695312499999893
0 0.52673828125 0.68146484375 0.01953125 0.016484375000000107
0 0.6198046875 0.61095703125 0.021367187500000107 0.01953125
0 0.80626953125 0.6393359375 0.01708984375 0.016484375000000107
0 0.75896484375 0.729375 0.021367187500000107 0.01832031249999999
0 0.87126953125 0.77697265625 0.014042968750000107 0.013437499999999991
0 0.0405859375 0.911875 0.021367187499999996 0.02320312499999999