0 0.09736328125 0.06345703125 0.007597656250000001 0.0069531250000000044
0 0.10546875 0.04376953125 0.007050781249999999 0.006601562500000005
0 0.0465234375 0.0633203125 0.005527343749999997 0.006679687500000003
0 0.046875 0.0759765625 0.005859375 0.006992187499999997
0 0.02130859375 0.029453125000000004 0.0078515625 0.0076757812499999994
0 0.0268359375 0.024296875 0.006386718749999999 0.007539062499999999
0 0.0516015625 0.0294921875 0.0066992187499999994 0.007773437500000001
0 0.06298828125 0.01833984375 0.006425781250000012 0.006562499999999999
0 0.00869140625 0.0104296875 0.00568359375 0.00634765625
0 0.0098828125 0.06365234375 0.008027343750000002 0.006562499999999999
0 0.0194140625 0.0587109375 0.006406250000000002 0.005664062499999997
0 0.00947265625 0.09853515625 0.00798828125 0.006777343749999998
0 0.02537109375 0.1298828125 0.008945312500000004 0.006992187500000024
0 0.044609375 0.12970703125 0.007968749999999997 0.007011718750000007
0 0.005800781250000001 0.08974609375 0.00927734375 0.006015624999999997
0 0.00494140625 0.07767578125 0.00595703125 0.007656250000000003
0 0.05365234375 0.00884765625 0.006132812500000001 0.0066992187499999994