0 0.7197265625 0.244140625 0.01953125 0.017578125
0 0.51171875 0.0849609375 0.01953125 0.015625
0 0.3955078125 0.1611328125 0.015625 0.01953125
0 0.5966796875 0.390625 0.017578125 0.015625
0 0.5361328125 0.384765625 0.017578125 0.017578125
0 0.416015625 0.4033203125 0.017578125 0.017578125
0 0.71484375 0.5244140625 0.017578125 0.015625
0 0.8583984375 0.5185546875 0.015625 0.015625
0 0.828125 0.580078125 0.013671875 0.015625
0 0.7314453125 0.58203125 0.017578125 0.013671875
0 0.6806640625 0.6884765625 0.017578125 0.017578125
0 0.849609375 0.673828125 0.017578125 0.015625
0 0.978515625 0.6572265625 0.01953125 0.015625
0 0.8828125 0.8779296875 0.017578125 0.017578125
0 0.4111328125 0.818359375 0.01953125 0.017578125
0 0.7939453125 0.765625 0.017578125 0.015625
0 0.689453125 0.7666015625 0.01953125 0.013671875
0 0.2509765625 0.80859375 0.013671875 0.015625
0 0.2431640625 0.630859375 0.017578125 0.015625
0 0.2080078125 0.5322265625 0.017578125 0.017578125
0 0.59765625 0.5546875 0.015625 0.013671875
0 0.986328125 0.248046875 0.017578125 0.015625