0 0.14453125 0.98046875 0.013671875 0.015625
0 0.0263671875 0.970703125 0.013671875 0.015625
0 0.0361328125 0.95703125 0.013671875 0.013671875
0 0.0478515625 0.9111328125 0.015625 0.017578125
0 0.005859375 0.94921875 0.01171875 0.017578125
0 0.0068359375 0.875 0.013671875 0.015625
0 0.0234375 0.84765625 0.015625 0.01953125
0 0.0390625 0.5615234375 0.01171875 0.015625
0 0.072265625 0.560546875 0.015625 0.015625
0 0.009765625 0.2607421875 0.01171875 0.017578125
0 0.009765625 0.306640625 0.009765625 0.015625