0 0.7109375 0.1630859375 0.01953125 0.021484375
0 0.6728515625 0.2255859375 0.013671875 0.013671875
0 0.6767578125 0.240234375 0.009765625 0.013671875
0 0.6748046875 0.3056640625 0.013671875 0.01953125
0 0.7490234375 0.234375 0.017578125 0.017578125
0 0.794921875 0.177734375 0.013671875 0.013671875
0 0.83984375 0.1416015625 0.017578125 0.015625
0 0.8017578125 0.23046875 0.015625 0.021484375
0 0.9326171875 0.2197265625 0.017578125 0.015625
0 0.947265625 0.240234375 0.01953125 0.017578125
0 0.595703125 0.470703125 0.01953125 0.021484375
0 0.623046875 0.458984375 0.015625 0.015625
0 0.439453125 0.6435546875 0.013671875 0.015625
0 0.1875 0.783203125 0.017578125 0.015625
0 0.2373046875 0.82421875 0.013671875 0.01953125
0 0.2109375 0.931640625 0.017578125 0.01953125
0 0.91015625 0.7275390625 0.017578125 0.01953125
0 0.9228515625 0.947265625 0.015625 0.015625
0 0.890625 0.9501953125 0.013671875 0.015625
0 0.9033203125 0.9677734375 0.015625 0.015625
0 0.8828125 0.97265625 0.013671875 0.017578125
0 0.9228515625 0.9794921875 0.015625 0.009765625
0 0.9619140625 0.990234375 0.017578125 0.017578125
0 0.8564453125 0.9697265625 0.017578125 0.01953125
0 0.9208984375 0.9931640625 0.009765625 0.013671875
0 0.8486328125 0.4296875 0.01171875 0.013671875
0 0.970703125 0.3623046875 0.01171875 0.013671875
0 0.9794921875 0.3193359375 0.01171875 0.01171875
0 0.9921875 0.3203125 0.013671875 0.015625
0 0.884765625 0.173828125 0.013671875 0.01171875