0 0.43685546875 0.05990234375 0.015625 0.014316406249999997
0 0.65787109375 0.0244140625 0.017578125 0.017578125
0 0.640625 0.08169921875 0.02734375 0.020175781249999997
0 0.6240234375 0.16537109375 0.01888671874999992 0.01953125
0 0.72916015625 0.1513671875 0.015625 0.017578125
0 0.77212890625 0.14615234375 0.01822265625000008 0.016269531250000024
0 0.8447265625 0.0302734375 0.02017578125000008 0.017578125
0 0.91341796875 0.06607421875 0.01693359374999992 0.018886718750000003
0 0.98404296875 0.08822265625 0.01626953125000008 0.014980468750000003
0 0.9609375 0.11880859375 0.01953125 0.014980468749999976
0 0.82748046875 0.19662109375 0.01693359374999992 0.014316406250000024
0 0.76919921875 0.3212890625 0.01626953125000008 0.014980468750000031
0 0.9921875 0.31640625 0.015625 0.015625
0 0.96744140625 0.024746093750000003 0.015625 0.015625
0 0.8359375 0.00943359375 0.01302734374999992 0.013671875