0 0.3583984375 0.4365234375 0.0078125 0.009765625
0 0.373046875 0.3798828125 0.009765625 0.009765625
0 0.4208984375 0.4326171875 0.009765625 0.0078125
0 0.357421875 0.349609375 0.0078125 0.0078125
0 0.541015625 0.4560546875 0.009765625 0.009765625
0 0.5244140625 0.39453125 0.009765625 0.009765625
0 0.5390625 0.314453125 0.009765625 0.01171875
0 0.525390625 0.2431640625 0.01171875 0.009765625
0 0.541015625 0.2763671875 0.0078125 0.0078125
0 0.5107421875 0.3037109375 0.009765625 0.01171875
0 0.5654296875 0.4013671875 0.009765625 0.009765625
0 0.5166015625 0.296875 0.0078125 0.0078125
0 0.4921875 0.3642578125 0.009765625 0.01171875
0 0.515625 0.36328125 0.01171875 0.01171875
0 0.4775390625 0.380859375 0.009765625 0.015625
0 0.4921875 0.37890625 0.0078125 0.009765625
0 0.560546875 0.431640625 0.01171875 0.009765625
0 0.5 0.3828125 0.013671875 0.01171875
0 0.5322265625 0.4501953125 0.009765625 0.009765625
0 0.5791015625 0.443359375 0.009765625 0.009765625
0 0.630859375 0.34765625 0.009765625 0.01171875
0 0.6044921875 0.3408203125 0.009765625 0.01171875
0 0.66796875 0.4091796875 0.0078125 0.0078125
0 0.7333984375 0.39453125 0.009765625 0.009765625
0 0.6708984375 0.4140625 0.009765625 0.0078125
0 0.6455078125 0.3564453125 0.009765625 0.0078125
0 0.6650390625 0.369140625 0.009765625 0.009765625
0 0.732421875 0.3837890625 0.0078125 0.0078125
0 0.693359375 0.3427734375 0.009765625 0.009765625
0 0.6298828125 0.298828125 0.01171875 0.009765625
0 0.513671875 0.380859375 0.009765625 0.009765625
0 0.5146484375 0.3330078125 0.013671875 0.017578125
0 0.6513671875 0.2236328125 0.009765625 0.009765625
0 0.66796875 0.224609375 0.01171875 0.01171875
0 0.6875 0.232421875 0.0078125 0.01171875
0 0.697265625 0.224609375 0.0078125 0.009765625
0 0.697265625 0.255859375 0.009765625 0.009765625
0 0.681640625 0.2607421875 0.009765625 0.0078125
0 0.705078125 0.3095703125 0.009765625 0.009765625
0 0.740234375 0.37890625 0.009765625 0.009765625
0 0.685546875 0.3193359375 0.009765625 0.009765625
0 0.6435546875 0.337890625 0.0078125 0.01171875
0 0.6455078125 0.322265625 0.0078125 0.009765625
0 0.666015625 0.318359375 0.01171875 0.009765625
0 0.650390625 0.3115234375 0.009765625 0.0078125
0 0.6552734375 0.3173828125 0.009765625 0.01171875
0 0.66015625 0.30078125 0.009765625 0.009765625
0 0.681640625 0.2939453125 0.009765625 0.015625
0 0.6708984375 0.2705078125 0.013671875 0.009765625
0 0.7138671875 0.2880859375 0.01171875 0.021484375
0 0.671875 0.26171875 0.01171875 0.01171875
0 0.5751953125 0.4140625 0.0078125 0.009765625
0 0.7919921875 0.3388671875 0.0078125 0.009765625
0 0.8076171875 0.3369140625 0.009765625 0.009765625
0 0.9658203125 0.2998046875 0.009765625 0.009765625
0 0.994140625 0.328125 0.0078125 0.009765625
0 0.9208984375 0.3564453125 0.009765625 0.009765625
0 0.96875 0.3603515625 0.009765625 0.009765625
0 0.93359375 0.3798828125 0.009765625 0.0078125
0 0.9423828125 0.3857421875 0.01171875 0.009765625
0 0.978515625 0.3720703125 0.01171875 0.013671875
0 0.9931640625 0.3779296875 0.0078125 0.0078125
0 0.9970703125 0.37109375 0.005859375 0.009765625