0 0.1083984375 0.4453125 0.015625 0.015625
0 0.099609375 0.51171875 0.01171875 0.009765625
0 0.1142578125 0.6259765625 0.01171875 0.01171875
0 0.1806640625 0.6162109375 0.017578125 0.017578125
0 0.1279296875 0.3955078125 0.015625 0.015625
0 0.1162109375 0.41015625 0.01953125 0.01953125
0 0.232421875 0.3505859375 0.015625 0.015625
0 0.240234375 0.4267578125 0.015625 0.01953125
0 0.23828125 0.5380859375 0.015625 0.013671875
0 0.2431640625 0.5615234375 0.015625 0.017578125
0 0.2294921875 0.5986328125 0.01953125 0.015625
0 0.333984375 0.541015625 0.013671875 0.017578125
0 0.3515625 0.509765625 0.013671875 0.0234375
0 0.408203125 0.419921875 0.013671875 0.017578125
0 0.353515625 0.1103515625 0.013671875 0.013671875
0 0.45703125 0.091796875 0.015625 0.013671875
0 0.5595703125 0.8515625 0.015625 0.01171875
0 0.5107421875 0.88671875 0.013671875 0.013671875
0 0.603515625 0.8193359375 0.013671875 0.013671875
0 0.642578125 0.8056640625 0.017578125 0.015625
0 0.755859375 0.837890625 0.013671875 0.015625
0 0.826171875 0.77734375 0.017578125 0.013671875
0 0.796875 0.595703125 0.013671875 0.015625
0 0.76171875 0.5810546875 0.01171875 0.013671875
0 0.8017578125 0.56640625 0.015625 0.01953125
0 0.6494140625 0.583984375 0.013671875 0.01953125
0 0.578125 0.5478515625 0.021484375 0.017578125
0 0.9404296875 0.6640625 0.013671875 0.017578125
0 0.837890625 0.546875 0.021484375 0.0234375
0 0.8720703125 0.443359375 0.01953125 0.01953125
0 0.84765625 0.4453125 0.015625 0.013671875
0 0.93359375 0.3603515625 0.013671875 0.017578125
0 0.8916015625 0.3427734375 0.015625 0.01953125
0 0.822265625 0.404296875 0.017578125 0.017578125
0 0.865234375 0.78515625 0.015625 0.015625
0 0.9931640625 0.814453125 0.013671875 0.01953125
0 0.71484375 0.3369140625 0.01953125 0.021484375
0 0.7275390625 0.30078125 0.013671875 0.013671875
0 0.8828125 0.1845703125 0.015625 0.017578125
0 0.6513671875 0.1015625 0.015625 0.015625
0 0.0498046875 0.41015625 0.01953125 0.01953125
0 0.5859375 0.986328125 0.015625 0.013671875
0 0.578125 0.0732421875 0.01953125 0.017578125