0 0.00388671875 0.07603515625 0.0077734375 0.011152343749999988
0 0.0207421875 0.07216796875 0.009355468749999998 0.008554687499999991
0 0.0508984375 0.00408203125 0.008046874999999995 0.0081640625
0 0.05859375 0.001953125 0.0078125 0.00390625
0 0.0681640625 0.014609375 0.010546875000000011 0.01029296875
0 0.071484375 0.0283203125 0.0069335937499999944 0.006855468749999996
0 0.08783203125 0.02919921875 0.008183593749999996 0.009179687500000006
0 0.0991796875 0.0133984375 0.008964843750000007 0.009394531250000001
0 0.08013671875 0.0437890625 0.0087890625 0.010351562499999994
0 0.06126953125 0.0508984375 0.008222656250000002 0.009140625
0 0.0965234375 0.05490234375 0.006113281249999991 0.008535156249999995
0 0.1219140625 0.01109375 0.00736328125000002 0.00865234375
0 0.1180078125 0.003125 0.009062500000000001 0.00625
0 0.07916015625 0.06609375 0.007402343750000012 0.008613281249999993
0 0.0965625 0.081015625 0.006777343749999998 0.007597656250000001
0 0.059062500000000004 0.07255859375 0.010624999999999996 0.008417968750000004
0 0.01 0.08666015625 0.00798828125 0.008027343749999999
0 0.01609375 0.08263671875 0.00701171875 0.006874999999999992
0 0.04232421875 0.0770703125 0.013749999999999998 0.011660156249999998
0 0.07052734375 0.099140625 0.007851562499999992 0.009570312500000011
0 0.14271484375 0.03509765625 0.007597656249999973 0.007832031249999996
0 0.158671875 0.0333984375 0.008085937499999973 0.008964843750000007
0 0.13154296875 0.0627734375 0.00927734375 0.009414062499999987
0 0.123203125 0.07826171875 0.008613281249999993 0.009550781250000001
0 0.1190625 0.06955078125 0.007734374999999988 0.007558593750000009
0 0.142265625 0.07263671875 0.011835937500000004 0.013144531250000008
0 0.12267578125 0.10080078125 0.008671874999999996 0.008886718749999994
0 0.10529296875 0.12025390625 0.008222656249999988 0.007773437500000008
0 0.0935546875 0.11041015625 0.008203125000000006 0.010371093750000004
0 0.0878515625 0.10072265625 0.00535156249999999 0.007011718750000007
0 0.090703125 0.0907421875 0.007050781249999999 0.007070312500000009
0 0.00576171875 0.11015625 0.007519531249999999 0.007031249999999989
0 0.0128515625 0.11509765625 0.006855468750000003 0.008886718749999994
0 0.03224609375 0.11798828125 0.007343749999999996 0.008964843750000007
0 0.01509765625 0.1455859375 0.0084765625 0.008124999999999993
0 0.03798828125 0.13458984375 0.007363281250000006 0.007890624999999984
0 0.09271484375 0.1379296875 0.007089843749999991 0.007109374999999973
0 0.03615234375 0.18728515625 0.0077148437500000056 0.009765625
0 0.03017578125 0.19630859375 0.006640624999999997 0.007265624999999998
0 0.03228515625 0.20501953125 0.006523437500000007 0.00923828124999998
0 0.02501953125 0.20119140625 0.00830078125 0.009003906250000027
0 0.184375 0.17578125 0.007460937499999987 0.009062499999999973
0 0.1269921875 0.25779296875 0.008183593749999996 0.009042968749999991
0 0.12501953125 0.26763671875 0.008808593749999982 0.00927734375
0 0.17951171875 0.2634375 0.007480468750000024 0.00773437499999996
0 0.0031640625 0.26552734375 0.006328125 0.008632812500000031
0 0.01349609375 0.24978515624999997 0.008125 0.009023437500000009
0 0.042890625 0.24767578125 0.008027343749999999 0.009394531250000004
0 0.0266796875 0.22953125 0.0087890625 0.010234375000000018
0 0.011171875 0.22759765625 0.009199218749999998 0.00923828124999998
0 0.00240234375 0.23134765625 0.0048046875 0.007597656249999973
0 0.00498046875 0.24404296875 0.0065234375 0.008984374999999989
0 0.004765625000000001 0.25353515625 0.0066796875 0.009667968749999978
0 0.06359375 0.26533203125 0.009980468749999999 0.00927734375
0 0.06736328125 0.2753125 0.007265624999999998 0.009218750000000053
0 0.220625 0.30185546875 0.007929687500000004 0.009707031250000053
0 0.2254296875 0.27796875 0.0072460937500000155 0.008242187500000053
0 0.21841796875 0.28333984375 0.006972656249999987 0.009238281250000036
0 0.21251953125 0.275625 0.00830078125 0.008105468749999956
0 0.04994140625 0.4571484375 0.006679687500000003 0.008750000000000036
0 0.102421875 0.45484375 0.007050781249999999 0.00927734375
0 0.13091796875 0.46548828125 0.008007812499999989 0.009414062499999987
0 0.07826171875 0.495859375 0.006171874999999993 0.007851562499999964
0 0.0851171875 0.497109375 0.0067382812500000056 0.009179687499999978
0 0.21326171875 0.48248046875 0.008085937499999973 0.009101562500000049
0 0.21587890625 0.4303125 0.006445312500000022 0.007070312500000009
0 0.0028515625 0.55845703125 0.005703125 0.009003906250000027
0 0.016015625 0.56935546875 0.0074414062499999975 0.007910156249999911
0 0.00896484375 0.561953125 0.0064843750000000006 0.007402343749999929
0 0.003046875 0.61765625 0.006074218750000001 0.008476562500000062
0 0.01732421875 0.619296875 0.008906249999999998 0.009511718750000009
0 0.02056640625 0.63759765625 0.00798828125 0.008359374999999947
0 0.07916015625 0.60654296875 0.007402343750000012 0.007988281250000062
0 0.0890625 0.7567578125 0.010058593750000011 0.010019531249999991
0 0.08603515625 0.7687109375 0.0074414062500000044 0.007050781250000027
0 0.07509765625 0.76458984375 0.008417968750000004 0.007382812499999947
0 0.163984375 0.7251171875 0.008417968750000004 0.011328124999999911
0 0.1792578125 0.72197265625 0.009257812500000018 0.007910156249999911
0 0.07646484375 0.79349609375 0.0077148437500000056 0.008027343750000027
0 0.00849609375 0.83486328125 0.008417968749999998 0.008437500000000098
0 0.00744140625 0.84962890625 0.007460937499999999 0.008242187500000053
0 0.02578125 0.86759765625 0.007539062499999999 0.008769531250000018
0 0.035859375 0.8746484375 0.008281250000000004 0.009726562500000036
0 0.03970703125 0.89703125 0.008515624999999999 0.009335937499999947
0 0.01123046875 0.911640625 0.00931640625 0.009960937500000044
0 0.085859375 0.86142578125 0.00880859375000001 0.009160156250000107
0 0.10435546875 0.84515625 0.008046875000000009 0.009023437500000009
0 0.12455078125 0.89181640625 0.009003906249999999 0.010332031249999929
0 0.10189453125 0.90447265625 0.008867187500000012 0.008750000000000036
0 0.09962890625 0.88654296875 0.00832031250000001 0.008359374999999947
0 0.11490234375 0.88044921875 0.011445312499999999 0.012167968750000036
0 0.11345703125 0.8597265625 0.007968749999999997 0.00845703125000008
0 0.12328125000000001 0.855703125 0.006660156249999993 0.008339843749999964
0 0.13076171875 0.84408203125 0.008281250000000018 0.008613281249999938
0 0.16091796875 0.85296875 0.007421875000000022 0.009218750000000053
0 0.14255859375 0.84318359375 0.008437499999999987 0.0073632812499999645
0 0.23064453125 0.852109375 0.008535156250000009 0.00863281249999992
0 0.26021484375 0.86265625 0.007070312500000009 0.007441406249999893
0 0.08076171875 0.82529296875 0.007773437500000008 0.011015624999999973
0 0.07302734375 0.84642578125 0.007167968750000003 0.00699218750000008
0 0.07443359375 0.837109375 0.006914062500000012 0.01236328125000008
0 0.03533203125 0.92740234375 0.008339843750000006 0.011738281249999982
0 0.04673828125 0.941171875 0.0077148437500000056 0.008417968749999893
0 0.0385546875 0.96107421875 0.008515624999999999 0.007636718749999938
0 0.00708984375 0.94078125 0.007910156249999998 0.00765624999999992
0 0.0465625 0.92478515625 0.006796874999999994 0.012812499999999893
0 0.14080078125 0.70109375 0.008359375000000002 0.009003906250000027
0 0.1605078125 0.7046484375 0.007753906249999998 0.009824218749999947
0 0.1725 0.69890625 0.0077343750000000155 0.009804687499999964
0 0.1605078125 0.69068359375 0.007753906249999998 0.00992187500000008
0 0.15732421875 0.6787109375 0.008242187499999998 0.008847656249999947
0 0.16375 0.667578125 0.009667968749999978 0.009453125000000062
0 0.16203125 0.64611328125 0.008515625000000027 0.0087890625
0 0.19009765625 0.6790625 0.007480468750000024 0.008417968749999893
0 0.20685546875 0.67078125 0.008417968750000004 0.010703125000000036
0 0.20576171875 0.65640625 0.006777343749999998 0.008828124999999964
0 0.19064453125 0.63951171875 0.007421875000000022 0.008203125000000089
0 0.19798828125 0.6234765625 0.007265624999999998 0.008124999999999938
0 0.213671875 0.61814453125 0.010605468750000013 0.010625000000000107
0 0.1657421875 0.6107421875 0.008496093749999989 0.008359374999999947
0 0.19810546875 0.6016015625 0.008066406249999991 0.008964843750000062
0 0.20681640625 0.5953515625 0.007753906249999998 0.008476562500000062
0 0.2615234375 0.60287109375 0.008535156250000009 0.009238281250000036
0 0.20552734375 0.50205078125 0.007480468750000024 0.0087890625
0 0.24818359375 0.52640625 0.008164062500000013 0.010820312499999929
0 0.26783203125 0.568203125 0.009179687499999978 0.009628906249999902
0 0.2380078125 0.4766796875 0.00785156250000002 0.008945312499999969
0 0.2209765625 0.49962890625 0.0069531250000000044 0.007949218750000098
0 0.24361328125 0.46458984375 0.009902343749999987 0.009921874999999969
0 0.2611328125 0.44529296875 0.0077734375000000355 0.008476562499999951
0 0.2465625 0.41486328125 0.008359375000000002 0.009902343749999987
0 0.2676953125 0.492890625 0.008925781249999987 0.010468750000000027
0 0.2400390625 0.2492578125 0.005839843750000018 0.00675781249999996
0 0.23400390625 0.244375 0.006679687499999976 0.007343749999999982
0 0.1962890625 0.23638671875 0.00785156250000002 0.008515625000000027
0 0.2055859375 0.2226171875 0.008144531249999976 0.011289062500000002
0 0.2151953125 0.2422265625 0.00679687499999998 0.006503906250000024
0 0.216328125 0.235859375 0.006582031250000009 0.00830078125
0 0.196953125 0.201484375 0.008046875000000009 0.007910156250000022
0 0.23037109375 0.23734375 0.006289062499999998 0.007597656249999973
0 0.230234375 0.22833984375 0.008867187499999984 0.009023437500000009
0 0.2221875 0.2208984375 0.007617187500000011 0.00785156250000002
0 0.21884765625 0.21125 0.008945312500000024 0.008554687499999991
0 0.2609765625 0.2089453125 0.0063085937500000355 0.008535156250000009
0 0.20140625 0.16599609375 0.0078125 0.008925781249999987
0 0.205234375 0.161796875 0.008593750000000011 0.009140625000000013
0 0.219609375 0.1372265625 0.007636718749999993 0.008554687499999991
0 0.20279296875 0.1308203125 0.008867187499999984 0.009648437499999996
0 0.19357421875 0.12517578125 0.0074023437499999845 0.008925781249999987
0 0.19162109375 0.11013671875 0.00826171874999998 0.010957031249999999
0 0.24830078125 0.14775390625 0.008964843749999951 0.010195312499999998
0 0.24888671875 0.12451171875 0.009570312499999956 0.010000000000000009
0 0.2591796875 0.1042578125 0.009394531250000004 0.011679687500000008
0 0.248046875 0.09400390625 0.007910156250000022 0.009003906249999999
0 0.18423828125 0.08671875 0.007753906249999998 0.00927734375
0 0.20224609375 0.072890625 0.009472656249999989 0.009648437499999996
0 0.20287109375 0.06134765625 0.011289062500000002 0.010019531250000005
0 0.22318359375 0.0750390625 0.007910156250000022 0.009394531250000004
0 0.23017578125 0.0718359375 0.008183593749999996 0.008691406250000006
0 0.243671875 0.053359375 0.0077343750000000155 0.008906250000000004
0 0.2266796875 0.039296875 0.008046875000000009 0.008203125000000006
0 0.23197265625 0.03126953125 0.006640625000000011 0.008183593749999996
0 0.21734375 0.05025390625 0.007089843749999991 0.0066992187499999994
0 0.223125 0.055 0.00777343749999998 0.008183593749999996
0 0.2187109375 0.06224609375 0.009199218750000016 0.010273437499999996
0 0.17728515625 0.025625 0.007597656249999973 0.009453125
0 0.180625 0.0130078125 0.007070312500000009 0.0081640625
0 0.17662109375 0.00427734375 0.0074023437499999845 0.0085546875
0 0.2008203125 0.011171875 0.009511718750000009 0.010839843749999998
0 0.21912109375 0.025625 0.01119140624999998 0.009453125
0 0.21376953125 0.018828125 0.006816406250000018 0.007265624999999998
0 0.21173828125 0.0113671875 0.00732421875 0.008378906249999998
0 0.2242578125 0.005234375 0.009062499999999973 0.01046875
0 0.25 0.0029296875 0.0078125 0.005859375
0 0.23541015625 0.01970703125 0.006660156249999993 0.006757812500000002
0 0.23068359375 0.0153125 0.0069140624999999845 0.007128906249999997
0 0.2398828125 0.00751953125 0.010468750000000027 0.0109765625
0 0.33005859375 0.87310546875 0.009042968749999991 0.008750000000000036
0 0.33869140625 0.855390625 0.01033203125000004 0.009003906250000027
0 0.339921875 0.866796875 0.008554687499999991 0.013730468749999947
0 0.39705078125 0.8221875 0.007714843749999978 0.008124999999999938
0 0.38712890625 0.816015625 0.007578124999999991 0.006445312499999911
0 0.359921875 0.78103515625 0.008046875000000009 0.008417968749999893
0 0.35248046875 0.77830078125 0.006503906249999969 0.007226562500000089
0 0.40318359375 0.75611328125 0.006640624999999956 0.007597656249999973
0 0.438203125 0.8332421875 0.01863281250000004 0.010546874999999956
0 0.45033203125 0.86537109375 0.007187500000000013 0.00927734375
0 0.375078125 0.9841796875 0.0074414062500000044 0.008730468750000053
0 0.40607421875 0.96703125 0.008203124999999978 0.009062499999999973
0 0.3891015625 0.9755078125 0.00886718750000004 0.008964843750000062
0 0.38486328125 0.9833203125 0.005195312500000049 0.008085937499999973
0 0.423515625 0.9705859375 0.008984375000000044 0.009785156249999982
0 0.41974609375 0.980625 0.0072851562500000355 0.008007812500000044
0 0.4090234375 0.98201171875 0.006601562499999991 0.010234375000000018
0 0.40197265625 0.9844921875 0.011171875000000053 0.008828124999999964
0 0.39767578125 0.97271484375 0.010039062499999973 0.009785156249999982
0 0.4323828125 0.94505859375 0.006972656249999987 0.008281250000000018
0 0.47078125 0.92412109375 0.008144531250000031 0.009042968749999991
0 0.4736328125 0.95501953125 0.0074414062500000044 0.009042968749999991
0 0.4568359375 0.941171875 0.008476562499999951 0.00796875000000008
0 0.46609375 0.943203125 0.007792968750000018 0.007753906250000053
0 0.451875 0.9890234375 0.008144531250000031 0.008808593749999982
0 0.4580078125 0.99609375 0.005859375 0.0078125
0 0.470390625 0.98525390625 0.008437499999999987 0.008242187500000053
0 0.46578125 0.9726953125 0.009335937499999947 0.008652343749999902
0 0.45654296875 0.97189453125 0.010000000000000009 0.01025390625
0 0.44279296875 0.96369140625 0.007050781250000027 0.00716796874999992
0 0.4547265625 0.9539453125 0.013867187500000044 0.011679687500000036
0 0.532109375 0.9902734375 0.009843749999999929 0.008671875000000107
0 0.52486328125 0.91998046875 0.010800781249999947 0.009257812500000018
0 0.53744140625 0.92953125 0.007734375000000071 0.008671875000000107
0 0.5306640625 0.88564453125 0.007500000000000062 0.0068359375
0 0.5318359375 0.8967578125 0.008242187500000053 0.008124999999999938
0 0.5344140625 0.90916015625 0.006445312499999911 0.007343749999999982
0 0.54087890625 0.9040234375 0.008730468750000053 0.009316406249999964
0 0.48955078125 0.65685546875 0.00626953124999996 0.006738281250000089
0 0.4924609375 0.64666015625 0.008320312499999982 0.00927734375
0 0.4910546875 0.6378515625 0.006601562499999991 0.007636718749999938
0 0.3340625 0.61908203125 0.009492187500000027 0.009589843749999938
0 0.35595703125 0.581796875 0.007148437500000049 0.008339843749999964
0 0.3590625 0.570546875 0.008515625000000027 0.008886718749999911
0 0.31640625 0.57826171875 0.0087890625 0.009160156250000107
0 0.307421875 0.5936328125 0.007792968750000018 0.009570312499999956
0 0.2842578125 0.5680078125 0.009433593749999969 0.009296874999999982
0 0.29384765625 0.56603515625 0.00675781249999996 0.008378906249999929
0 0.3309765625 0.5184375 0.010000000000000009 0.010917968750000062
0 0.47642578125 0.5903515625 0.009511718750000009 0.008476562500000062
0 0.47927734375 0.57138671875 0.00732421875 0.007421874999999911
0 0.524140625 0.5558203125 0.01025390625 0.010390625000000098
0 0.50697265625 0.54111328125 0.009902343750000098 0.008925781250000098
0 0.485078125 0.56109375 0.007382812499999947 0.008222656250000071
0 0.48490234375 0.53494140625 0.008261718750000036 0.006894531249999947
0 0.53126953125 0.5234375 0.008730468750000053 0.0087890625
0 0.5309375 0.510859375 0.008046875000000009 0.007910156249999911
0 0.531484375 0.4941015625 0.008554687499999991 0.008398437500000022
0 0.5524609375 0.49759765625 0.008613281249999938 0.00871093749999996
0 0.5578515625 0.5058203125 0.010292968749999964 0.011777343749999947
0 0.483125 0.55099609375 0.01505859374999996 0.008652343749999902
0 0.48986328125 0.5208984375 0.010273437499999982 0.012792968749999911
0 0.445 0.44669921875 0.009785156249999982 0.008281250000000018
0 0.46109375 0.437578125 0.009824218749999947 0.009453124999999951
0 0.46544921875 0.4286328125 0.007617187499999956 0.00732421875
0 0.28357421875 0.304453125 0.008671874999999996 0.010292968749999964
0 0.33048828125 0.30126953125 0.008437499999999987 0.009023437500000009
0 0.33947265625 0.28681640625 0.008613281250000049 0.00871093749999996
0 0.34796875 0.2833984375 0.0072070312499999956 0.008730468750000053
0 0.35634765625 0.2791796875 0.008046875000000009 0.008671874999999996
0 0.314453125 0.283515625 0.008164062500000013 0.009082031249999956
0 0.27533203125 0.29693359375 0.00871093749999996 0.008613281250000049
0 0.26896484375 0.28888671875 0.008691406249999978 0.009667968749999978
0 0.2776953125 0.244140625 0.0076953124999999956 0.007871093750000002
0 0.29296875 0.256484375 0.007753906250000053 0.010957031250000027
0 0.29982421875 0.24666015625 0.0068359375 0.009082031250000011
0 0.3055859375 0.235234375 0.006933593750000022 0.007832031249999982
0 0.3505859375 0.2244921875 0.009902343749999987 0.008613281249999993
0 0.36458984375 0.2072265625 0.01310546874999996 0.012792968750000022
0 0.46361328125 0.3216015625 0.008457031249999969 0.007753906250000053
0 0.4570703125 0.29576171875 0.008750000000000036 0.010097656250000031
0 0.4797265625 0.2880859375 0.010234375000000018 0.010703125000000036
0 0.42560546875 0.286953125 0.009335937499999947 0.009003906250000027
0 0.4345703125 0.285234375 0.007558593750000009 0.008750000000000036
0 0.399375 0.2523828125 0.007070312500000009 0.010371093750000004
0 0.40876953125 0.25419921875 0.008085937499999973 0.01017578124999996
0 0.43533203125 0.24765624999999997 0.007187500000000013 0.007929687500000004
0 0.44353515625 0.2378515625 0.008339843749999964 0.00826171874999998
0 0.4448828125 0.2510546875 0.008496093750000044 0.009628906250000013
0 0.44369140625 0.263359375 0.008027343750000027 0.008828124999999964
0 0.467734375 0.2780859375 0.007851562499999964 0.007753906250000053
0 0.46556640625 0.26873046875 0.007949218749999987 0.007480468749999969
0 0.49703125 0.33548828125 0.007968749999999969 0.0077734375000000355
0 0.50306640625 0.34865234375 0.00667968749999992 0.007226562499999978
0 0.5106640625 0.363203125 0.007910156249999911 0.009003906250000027
0 0.5121484375 0.391953125 0.007226562500000089 0.008886718750000022
0 0.52029296875 0.38388671875 0.006816406250000018 0.007148437500000049
0 0.52806640625 0.38041015625 0.007128906249999956 0.009863281250000022
0 0.5254296875 0.391875 0.012675781250000018 0.012968749999999973
0 0.53033203125 0.34998046875 0.006582031250000009 0.008613281250000049
0 0.55171875 0.35810546875 0.008046875000000009 0.007675781250000013
0 0.53365234375 0.32953125 0.00814453124999992 0.008984375000000044
0 0.53748046875 0.3396875 0.008164062499999902 0.009628906250000013
0 0.49662109375 0.31177734375 0.007929687500000004 0.0078125
0 0.499296875 0.30451171875 0.009960937500000044 0.00789062500000004
0 0.5166015625 0.3120703125 0.007089843749999991 0.00837890625000004
0 0.52181640625 0.30375 0.008593749999999956 0.008886718750000022
0 0.5116796875 0.2994921875 0.009296874999999982 0.008027343750000027
0 0.49826171875 0.29515625 0.01171875 0.010156249999999978
0 0.511328125 0.28494140625 0.008593749999999956 0.008769531250000018
0 0.519765625 0.27953125 0.008984375000000044 0.009394531250000004
0 0.5108203125 0.2526953125 0.007597656249999973 0.007792968750000018
0 0.5026953125 0.262734375 0.00912109374999992 0.007558593750000009
0 0.48716796875 0.25748046875 0.0072851562500000355 0.010390624999999987
0 0.512421875 0.2043359375 0.006972656250000098 0.008886718750000022
0 0.50294921875 0.2035546875 0.007734375000000071 0.009296874999999982
0 0.48935546875 0.20974609375 0.006582031250000009 0.0076953124999999956
0 0.54177734375 0.16005859375 0.007226562500000089 0.008710937500000016
0 0.522578125 0.16705078125 0.010156250000000089 0.010605468750000013
0 0.50470703125 0.15759765625 0.0067968750000000355 0.008242187499999998
0 0.4880859375 0.14755859375 0.009121093750000031 0.011035156250000011
0 0.47447265625 0.1559765625 0.008574218749999973 0.010078124999999993
0 0.466796875 0.146484375 0.009140625000000013 0.009511718750000009
0 0.44591796875 0.1551953125 0.008671874999999996 0.008515625000000027
0 0.44763671875 0.19587890625 0.008925781249999987 0.008535156250000009
0 0.45109375 0.21302734375 0.008515625000000027 0.008808593749999982
0 0.462109375 0.23353515625 0.008593749999999956 0.010019531249999991
0 0.4728125 0.2132421875 0.008457031249999969 0.008945312500000024
0 0.44548828125 0.17978515625 0.007832031249999982 0.008124999999999993
0 0.43708984375 0.18185546875 0.008183593749999996 0.008476562500000007
0 0.38419921875 0.14814453125 0.008496093750000044 0.009023437500000009
0 0.369765625 0.16357421875 0.007578124999999991 0.00874999999999998
0 0.36611328125 0.15666015625 0.006640624999999956 0.006992187500000024
0 0.362265625 0.14876953125 0.007832031249999982 0.00833984375000002
0 0.3189453125 0.20529296875 0.007714843749999978 0.008945312500000024
0 0.32400390625 0.21486328125 0.009472656250000044 0.009648437499999996
0 0.27142578125 0.19443359375 0.009746093750000018 0.011367187499999987
0 0.28248046875 0.16193359375 0.007753906250000053 0.008632812499999976
0 0.27451171875 0.15234375 0.008945312499999969 0.008515625000000027
0 0.27720703125 0.1344921875 0.008652343750000013 0.009042968749999991
0 0.31486328125 0.146796875 0.007070312500000009 0.00826171874999998
0 0.3446875 0.1342578125 0.006972656249999987 0.00728515624999998
0 0.3284375 0.1178515625 0.011972656249999991 0.010039062500000001
0 0.30876953125 0.13150390625 0.008203124999999978 0.0087890625
0 0.31697265625 0.13775390625 0.011933593750000027 0.007929687500000004
0 0.3790234375 0.11744140625 0.008320312499999982 0.008593750000000011
0 0.398359375 0.1256640625 0.00822265624999996 0.009160156249999996
0 0.391328125 0.12140625 0.008125000000000049 0.00830078125
0 0.49009765625 0.11865234375 0.0067968750000000355 0.007851562499999992
0 0.4065234375 0.00763671875 0.008046875000000009 0.00947265625
0 0.3790234375 0.01966796875 0.008320312499999982 0.008105468749999997
0 0.37337890625 0.01 0.009726562500000036 0.01041015625
0 0.38671875 0.0014453125 0.009101562500000049 0.0028710937500000004
0 0.3325 0.00876953125 0.008671874999999996 0.009199218750000002
0 0.34158203125 0.031093750000000003 0.0077734375000000355 0.009355468749999998
0 0.37109375 0.0493359375 0.008320312499999982 0.010273437499999996
0 0.39806640625 0.06037109375 0.008261718750000036 0.009472656250000003
0 0.4059375 0.0665625 0.008125000000000049 0.007871093750000002
0 0.40990234375 0.09224609375 0.0078125 0.008398437499999994
0 0.392578125 0.0935546875 0.008730468750000053 0.009140624999999986
0 0.35966796875 0.08015625 0.009628906250000013 0.009023437500000009
0 0.3907421875 0.0703125 0.0126953125 0.012832031249999987
0 0.35056640625 0.05859375 0.007968749999999969 0.009082031250000011
0 0.3429296875 0.055703125 0.007929687500000004 0.010312500000000002
0 0.330859375 0.05111328125 0.007988281249999951 0.008730468749999998
0 0.28708984375 0.04408203125 0.006171875000000049 0.008027343749999999
0 0.27384765625 0.01931640625 0.008886718750000022 0.00994140625
0 0.28138671875 0.07025390625 0.009375000000000022 0.009550781250000001
0 0.31146484375 0.00271484375 0.007910156250000022 0.0054296875
0 0.33435546875 0.07998046875 0.00919921874999996 0.008652343750000013
0 0.32462890625 0.0874609375 0.008808593749999982 0.008398437499999994
0 0.31109375 0.068828125 0.007792968750000018 0.007949218750000014
0 0.32166015625 0.06302734375 0.007949218749999987 0.009062500000000001
0 0.2848828125 0.118046875 0.008085937499999973 0.010449218749999989
0 0.297890625 0.10435546875 0.008691406249999978 0.00974609374999999
0 0.30556640625 0.093671875 0.007519531250000044 0.008710937499999988
0 0.314921875 0.094609375 0.0078125 0.0074218749999999944
0 0.31576171875 0.08197265625 0.009550781249999973 0.010585937500000003
0 0.27259765625 0.1746875 0.010214843750000036 0.007480468750000024
0 0.273828125 0.16712890625 0.009472656250000044 0.007597656249999973
0 0.33625 0.212578125 0.013632812500000036 0.010820312499999984
0 0.55349609375 0.9928125 0.009414062500000098 0.009589843749999938
0 0.574453125 0.99181640625 0.008984375000000044 0.009882812499999893
0 0.578984375 0.9587890625 0.009003906250000027 0.008828124999999964
0 0.5859375 0.9376953125 0.009296874999999982 0.010507812499999991
0 0.5701171875 0.9169140625 0.007871093749999947 0.008242187500000053
0 0.5704296875 0.9359375 0.009257812500000018 0.010000000000000009
0 0.574453125 0.94494140625 0.008984375000000044 0.009863281249999911
0 0.55728515625 0.93994140625 0.010937500000000044 0.010429687500000062
0 0.6040234375 0.973203125 0.009199218750000071 0.009687500000000071
0 0.605625 0.98337890625 0.009374999999999911 0.008886718749999911
0 0.6180859375 0.97662109375 0.007070312500000009 0.00894531250000008
0 0.6247265625 0.97259765625 0.008261718750000036 0.009238281250000036
0 0.63134765625 0.98455078125 0.007871093749999947 0.00894531250000008
0 0.6830859375 0.9958984375 0.009316406249999964 0.008203125000000089
0 0.6785546875 0.98845703125 0.008574218749999973 0.009218750000000053
0 0.67232421875 0.975 0.008222656250000071 0.009492187500000027
0 0.6713671875 0.9908203125 0.007792968750000018 0.007871093749999947
0 0.66796875 0.998046875 0.0078125 0.00390625
0 0.66076171875 0.9900390625 0.007753906250000053 0.008417968749999893
0 0.64203125 0.99294921875 0.008085937499999973 0.007636718749999938
0 0.643203125 0.984921875 0.007421874999999911 0.008183593750000107
0 0.6434765625 0.97673828125 0.010234375000000018 0.007695312500000107
0 0.54853515625 0.345703125 0.007832031249999982 0.009472656250000044
0 0.57373046875 0.37501953125 0.009062499999999973 0.009179687499999978
0 0.59943359375 0.38982421875 0.007578124999999991 0.00927734375
0 0.66271484375 0.37271484375 0.007890624999999929 0.009082031249999956
0 0.666015625 0.41203125 0.007675781249999902 0.008359374999999947
0 0.67484375 0.42939453125 0.007207031250000107 0.009042968749999991
0 0.72927734375 0.47697265625 0.007988281250000062 0.008984375000000044
0 0.61421875 0.409296875 0.008398437499999911 0.007421875000000022
0 0.64169921875 0.413203125 0.007421874999999911 0.007675781250000013
0 0.64076171875 0.42458984375 0.008593749999999956 0.008535156250000009
0 0.64818359375 0.43078125 0.007578124999999991 0.0072851562500000355
0 0.63412109375 0.4439453125 0.007382812499999947 0.010957031250000027
0 0.61677734375 0.4233203125 0.009003906250000027 0.009023437500000009
0 0.62302734375 0.445078125 0.008652343749999902 0.008691406249999978
0 0.604140625 0.46119140625 0.008652343749999902 0.009179687499999978
0 0.62146484375 0.48873046875 0.010058593749999956 0.009082031249999956
0 0.65236328125 0.48806640625 0.011367187500000098 0.01277343750000004
0 0.63396484375 0.50208984375 0.009355468749999929 0.009335937499999947
0 0.65294921875 0.5267578125 0.00650390625000008 0.010273437499999982
0 0.65998046875 0.504140625 0.009980468750000027 0.009648437500000107
0 0.70583984375 0.54076171875 0.010996093749999991 0.009570312499999956
0 0.686171875 0.52669921875 0.007187499999999902 0.009394531249999893
0 0.6731640625 0.51625 0.0068749999999999645 0.009687500000000071
0 0.6832421875 0.5134375 0.012675781250000018 0.008574218749999973
0 0.8514453125 0.46271484375 0.008906249999999893 0.009179687499999978
0 0.80697265625 0.289765625 0.009160156250000107 0.010234375000000018
0 0.7783984375 0.28400390625 0.007929687499999893 0.00927734375
0 0.77232421875 0.26833984375 0.007910156249999911 0.008203124999999978
0 0.7340625 0.25654296875 0.009238281250000036 0.009550781249999973
0 0.7358984375 0.19515625 0.007597656249999973 0.009218749999999998
0 0.75392578125 0.19251953125 0.009648437500000107 0.01078125000000002
0 0.556328125 0.00970703125 0.009804687499999964 0.01025390625
0 0.5956640625 0.01328125 0.009082031249999956 0.009843750000000002
0 0.55859375 0.05333984375 0.00830078125 0.008320312499999996
0 0.63404296875 0.0394921875 0.01025390625 0.009355468749999998
0 0.6368359375 0.02462890625 0.009042968749999991 0.009082031249999997
0 0.69083984375 0.011328125 0.008281250000000018 0.008359374999999999
0 0.69986328125 0.0103125 0.008124999999999938 0.01072265625
0 0.77615234375 0.0121484375 0.008007812500000044 0.00908203125
0 0.73517578125 0.10310546875 0.007675781249999902 0.010351562499999994
0 0.73490234375 0.1310546875 0.007890624999999929 0.008769531250000018
0 0.7244921875 0.1016796875 0.007460937500000098 0.007480468749999997
0 0.76326171875 0.1460546875 0.00716796874999992 0.00777343749999998
0 0.77626953125 0.13025390625 0.007460937500000098 0.008691406249999978
0 0.80439453125 0.12328125 0.008554687499999991 0.009121093750000003
0 0.7897265625 0.15994140625 0.007187499999999902 0.00833984375000002
0 0.69505859375 0.13736328125 0.00830078125 0.009296874999999982
0 0.6941015625 0.1070703125 0.00716796874999992 0.009179687500000006
0 0.68841796875 0.11125 0.009414062500000098 0.009238281250000008
0 0.66419921875 0.56 0.008593749999999956 0.007988281250000062
0 0.8341796875 0.168671875 0.008378906249999929 0.009179687499999978
0 0.83208984375 0.196796875 0.009511718750000009 0.010273437499999982
0 0.83486328125 0.2158984375 0.009023437500000009 0.009160156249999996
0 0.98658203125 0.5534765625 0.0073632812499999645 0.00927734375
0 0.9970703125 0.546875 0.005859375 0.0078125
0 0.9922265625 0.537421875 0.009140624999999902 0.008691406250000089
0 0.97943359375 0.529140625 0.006269531250000071 0.008242187500000053
0 0.9848046875 0.5087109375 0.00894531250000008 0.009882812499999893
0 0.9962109375 0.50109375 0.007578124999999991 0.010058593749999956
0 0.99609375 0.4873046875 0.0078125 0.009765625
0 0.8987890625 0.5111328125 0.008339843749999964 0.00960937499999992
0 0.8934375 0.5033203125 0.007910156249999911 0.007910156249999911
0 0.88279296875 0.50048828125 0.005664062499999956 0.0073632812499999645
0 0.9062109375 0.493828125 0.008535156250000009 0.007949218749999987
0 0.9044921875 0.50337890625 0.008046875000000009 0.008750000000000036
0 0.914765625 0.501875 0.008085937499999973 0.010136718750000107
0 0.86814453125 0.44666015625 0.01009765624999992 0.011054687500000049
0 0.86455078125 0.47693359375 0.009472656250000044 0.00935546875000004
0 0.88357421875 0.467578125 0.006406249999999947 0.007480468749999969
0 0.9392578125 0.43828125 0.00650390625000008 0.007519531250000044
0 0.959609375 0.45138671875 0.00765624999999992 0.0087890625
0 0.95861328125 0.4737109375 0.0063867187499999645 0.007304687500000018
0 0.97072265625 0.47892578125 0.009335937499999947 0.008945312499999969
0 0.96451171875 0.4891796875 0.008652343749999902 0.010371093750000004
0 0.94734375 0.48404296875 0.008007812500000044 0.008183593749999996
0 0.94646484375 0.4959374999999999 0.00845703125000008 0.009257812500000018
0 0.919375 0.47982421875 0.007031250000000044 0.0078125
0 0.926171875 0.47380859375 0.008164062499999902 0.00773437499999996
0 0.9349609375 0.460546875 0.011835937499999893 0.0087890625
0 0.92646484375 0.451015625 0.007265625000000053 0.009531249999999991
0 0.92048828125 0.4426171875 0.0077734375000000355 0.007382812499999947
0 0.9137890625 0.4369140625 0.009062499999999973 0.009628906250000013
0 0.87494140625 0.4733984375 0.011210937500000018 0.015449218750000049
0 0.98724609375 0.35705078125 0.00796875000000008 0.010644531249999978
0 0.9178515625 0.3170703125 0.00912109374999992 0.010527343749999973
0 0.97361328125 0.340078125 0.007792968750000018 0.007636718750000049
0 0.9851953125 0.32986328125 0.010449218750000044 0.009746093750000018
0 0.9933984375 0.31732421875 0.007792968750000018 0.010312499999999947
0 0.915625 0.3016796875 0.008320312499999982 0.009804687499999964
0 0.932265625 0.31814453125 0.006445312499999911 0.008281250000000018
0 0.95708984375 0.30390625 0.011406250000000062 0.010585937500000031
0 0.9916015625 0.2850390625 0.007128906249999956 0.008769531250000018
0 0.989453125 0.2960546875 0.009453125000000062 0.010273437499999982
0 0.9962109375 0.301328125 0.007578124999999991 0.007597656249999973
0 0.998046875 0.30859375 0.00390625 0.0078125
0 0.99859375 0.3526953125 0.0028125000000001066 0.008496093750000044
0 0.8883984375 0.27013671875 0.008828124999999964 0.010449218750000044
0 0.9 0.2825390625 0.010800781249999947 0.011816406250000022
0 0.8952734375 0.30255859375 0.007187499999999902 0.00935546875000004
0 0.90701171875 0.2936328125 0.007226562500000089 0.007617187499999956
0 0.94697265625 0.2792578125 0.008750000000000036 0.008906250000000004
0 0.94681640625 0.26134765625 0.008417968749999893 0.009726562500000036
0 0.95669921875 0.21119140625 0.006953124999999893 0.009042968749999991
0 0.983203125 0.196796875 0.007910156249999911 0.008085937499999973
0 0.98791015625 0.18544921875 0.00634765625 0.008867187499999984
0 0.99609375 0.19140625 0.0078125 0.0078125
0 0.9477734375 0.23052734375 0.00814453124999992 0.009609374999999976
0 0.85494140625 0.1503125 0.010039062499999973 0.010390624999999987
0 0.894296875 0.12875 0.008164062499999902 0.009746093750000018
0 0.89634765625 0.1427734375 0.008613281249999938 0.008496093749999989
0 0.9430859375 0.108984375 0.009023437500000009 0.009042968749999991
0 0.87494140625 0.0021875 0.01416015625 0.004375
0 0.90009765625 0.0068359375 0.00732421875 0.009160156250000002
0 0.87591796875 0.0357421875 0.007304687500000018 0.006914062499999998
0 0.89310546875 0.05451171875 0.007265625000000053 0.00927734375
0 0.94697265625 0.02787109375 0.008750000000000036 0.010234375000000004
0 0.9734765625 0.01447265625 0.009707031250000053 0.010546874999999997
0 0.9886328125 0.017890625 0.0078125 0.009296874999999996
0 0.99529296875 0.033984375 0.009414062500000098 0.0107421875
0 0.93328125 0.0011328125 0.007011718750000062 0.002265625
0 0.94140625 0.0029296875 0.01171875 0.005859375
0 0.8926171875 0.030390624999999998 0.009218750000000053 0.007519531250000003
0 0.87328125 0.02326171875 0.008652343749999902 0.009042968749999998
0 0.88978515625 0.0384765625 0.014550781250000089 0.011640625000000002
0 0.96302734375 0.04900390625 0.009335937499999947 0.009257812500000004
0 0.97408203125 0.05486328125 0.007187499999999902 0.00927734375
0 0.98623046875 0.059765625 0.007402343749999929 0.01027343750000001
0 0.98427734375 0.04646484375 0.009355468749999929 0.010058593749999997
0 0.99380859375 0.094921875 0.008613281249999938 0.013906250000000009
0 0.98337890625 0.096328125 0.007558593750000009 0.007187500000000013
0 0.99107421875 0.11677734375 0.007539062500000027 0.00779296874999999
0 0.95876953125 0.1123828125 0.007402343749999929 0.007773437500000008
0 0.98291015625 0.10498046875 0.011757812499999964 0.009824218750000002
0 0.99205078125 0.14052734375 0.009511718750000009 0.011328125000000022
0 0.97859375 0.14283203125 0.008964843750000062 0.009335937500000002
0 0.96818359375 0.137421875 0.007207031250000107 0.008046875000000009
0 0.87564453125 0.1634375 0.007519531250000044 0.008066406249999991
0 0.896328125 0.17958984375 0.009316406249999964 0.008124999999999993
0 0.88958984375 0.1735546875 0.0067968750000000355 0.00777343749999998
0 0.912734375 0.19958984375 0.006933593749999911 0.009296874999999982
0 0.9206640625 0.2162890625 0.007402343749999929 0.00826171874999998
0 0.9344921875 0.2261328125 0.007226562500000089 0.008886718750000022
0 0.9556640625 0.2528515625 0.007070312500000009 0.00740234375000004
0 0.95634765625 0.24673828125 0.00699218750000008 0.00687500000000002
0 0.85177734375 0.2306640625 0.008847656249999947 0.009921875000000024
0 0.8567578125 0.2248046875 0.006367187499999982 0.009902343749999987
0 0.863359375 0.21658203125 0.008554687499999991 0.007382812500000002
0 0.8569921875 0.1798828125 0.007929687499999893 0.008945312500000024
0 0.86583984375 0.19458984375 0.008105468749999956 0.010800781250000002
0 0.87505859375 0.18861328125 0.008964843750000062 0.0107421875
0 0.88546875 0.18361328125 0.008535156250000009 0.009550781249999973
0 0.89640625 0.19240234375 0.008476562500000062 0.009589843749999993
0 0.8680078125 0.2282421875 0.007402343749999929 0.008613281249999993
0 0.87720703125 0.22251953125 0.008281250000000018 0.00777343749999998
0 0.88349609375 0.20611328125 0.007714843750000089 0.010683593749999998
0 0.89892578125 0.221171875 0.010996093749999991 0.0107421875
0 0.9247265625 0.16697265625 0.0068749999999999645 0.01070312499999998
0 0.91796875 0.1710546875 0.008378906249999929 0.010097656249999976
0 0.96310546875 0.160390625 0.007832031249999982 0.0087890625
0 0.96662109375 0.1759765625 0.008613281249999938 0.008652343750000013
0 0.96 0.1951953125 0.01041015625000008 0.01265624999999998
0 0.9854296875 0.1741796875 0.006777343750000053 0.009433593750000024
0 0.99728515625 0.1674609375 0.005429687499999947 0.009160156249999996
0 0.99080078125 0.15953125 0.007500000000000062 0.01273437500000002
0 0.94763671875 0.15939453125 0.00634765625 0.007421875000000022
0 0.9509375 0.16900390625 0.007304687500000018 0.007226562499999978
0 0.9388671875 0.18154296875 0.007109374999999973 0.009785156249999982
0 0.88974609375 0.2276171875 0.006425781249999929 0.007343749999999982
0 0.89052734375 0.24349609375 0.0073632812499999645 0.007167968749999976
0 0.8505859375 0.19939453125 0.007031250000000044 0.007910156250000022
0 0.9126171875 0.18044921875 0.008183593750000107 0.007519531249999989
0 0.91205078125 0.188359375 0.00845703125000008 0.006503906250000024
0 0.90869140625 0.20671875 0.0073632812499999645 0.007519531249999989
0 0.94205078125 0.173125 0.005800781250000053 0.007343749999999982
0 0.969609375 0.186015625 0.005175781249999956 0.005585937500000027
0 0.92498046875 0.19791015625 0.008613281249999938 0.008066406249999991
0 0.92939453125 0.21212890625 0.00619140624999992 0.007050781250000027
0 0.9391796875 0.2149609375 0.005097656250000027 0.005839843750000018
0 0.980546875 0.0813671875 0.009550781249999973 0.013593749999999988
0 0.86953125 0.2109765625 0.008574218749999973 0.008515625000000027
0 0.87552734375 0.1723828125 0.007441406249999893 0.0077343750000000155
0 0.90685546875 0.30353515625 0.007421874999999911 0.007636718750000049
0 0.91125 0.33017578125 0.008710937500000071 0.013300781250000004
0 0.90845703125 0.31201171875 0.008124999999999938 0.008281250000000018
0 0.874453125 0.2446484375 0.006523437500000062 0.00882812500000002
0 0.86708984375 0.18078125 0.005585937500000027 0.007636718749999993
0 0.93046875 0.26826171875 0.006425781249999929 0.006582031250000009
0 0.93337890625 0.26013671875 0.005722656249999902 0.008281250000000018