0 0.1470703125 0.0680078125 0.00736328125000002 0.009472656249999989
0 0.15986328125 0.074453125 0.008476562500000007 0.01271484375000001
0 0.2530078125 0.16037109375 0.0067968750000000355 0.009453125000000007
0 0.03041015625 0.5284375 0.009218749999999998 0.01009765624999992
0 0.0906640625 0.57423828125 0.0074218749999999944 0.009179687500000089
0 0.07892578125 0.5787109375 0.007656250000000003 0.009765625
0 0.06935546875 0.606953125 0.007109375000000001 0.008124999999999938
0 0.08544921875 0.61248046875 0.013281249999999994 0.010351562499999911
0 0.07611328125 0.63001953125 0.0062304687499999956 0.008242187500000053
0 0.10619140625 0.73798828125 0.00685546875000001 0.00796875000000008
0 0.049609375 0.7488671875 0.007148437499999993 0.007382812499999947
0 0.05078125 0.82818359375 0.008105468749999997 0.008828124999999964
0 0.08287109375 0.80458984375 0.007656250000000003 0.009101562499999938
0 0.08994140625 0.7968359375 0.00783203125000001 0.008437500000000098
0 0.0557421875 0.80990234375 0.00732421875 0.00716796874999992
0 0.08021484375 0.84767578125 0.008378906250000012 0.009238281250000036
0 0.087890625 0.83876953125 0.008398437499999994 0.008164062499999902
0 0.10546875 0.78490234375 0.0077148437500000056 0.007382812499999947
0 0.1157421875 0.787109375 0.006874999999999992 0.007148437499999938
0 0.124765625 0.79150390625 0.009140624999999986 0.00894531250000008
0 0.12095703125 0.80462890625 0.008046875000000009 0.008222656250000071
0 0.1377734375 0.80833984375 0.007226562499999978 0.008671875000000107
0 0.1328515625 0.820078125 0.008554687499999991 0.008437500000000098
0 0.11705078125 0.8576953125 0.008593750000000011 0.008339843749999964
0 0.12226562499999999 0.83486328125 0.0064648437500000044 0.007304687500000018
0 0.10083984375 0.88591796875 0.010097656250000003 0.01041015625000008
0 0.09951171875 0.902421875 0.008398437499999994 0.008984375000000044
0 0.07166015625 0.913046875 0.006621093750000001 0.009296874999999982
0 0.0812109375 0.914453125 0.006191406250000003 0.007929687499999893
0 0.09798828125 0.93015625 0.008554687499999991 0.009101562499999938
0 0.10380859375 0.94296875 0.008124999999999993 0.009179687500000089
0 0.15125 0.97232421875 0.007226562499999978 0.008847656249999947
0 0.1608984375 0.97583984375 0.007460937499999987 0.007031250000000044
0 0.16880859375 0.919765625 0.006992187500000024 0.0087890625
0 0.196171875 0.9287109375 0.006406250000000002 0.008105468749999956
0 0.19138671875 0.9472265625 0.008925781249999987 0.008847656249999947
0 0.17419921875 0.9650390625 0.008027343750000027 0.008691406250000089
0 0.19271484375 0.96951171875 0.0064648437500000044 0.007851562499999964
0 0.20208984375 0.96869140625 0.010332031249999984 0.009472656250000044
0 0.20984375 0.99560546875 0.007714843749999978 0.007949218750000098
0 0.1661328125 0.89265625 0.008613281249999993 0.008984375000000044
0 0.16783203125 0.881953125 0.00830078125 0.011308593749999929
0 0.17935546875 0.8875390625 0.0062304687499999956 0.007597656249999973
0 0.2034765625 0.880859375 0.007988281250000007 0.00912109374999992
0 0.1955859375 0.85166015625 0.008007812499999989 0.008378906249999929
0 0.21322265625 0.87525390625 0.011972656249999991 0.008124999999999938
0 0.2178125 0.88734375 0.007343749999999982 0.008613281249999938
0 0.20763671875 0.851875 0.007949218749999987 0.008339843749999964
0 0.11427734375 0.75462890625 0.007109375000000001 0.0072851562500000355
0 0.21814453125 0.99763671875 0.008085937499999973 0.00472656249999992
0 0.213046875 0.9697265625 0.008554687499999991 0.0063867187499999645
0 0.22724609375 0.9561328125 0.010312500000000002 0.010546874999999956
0 0.2371875 0.96359375 0.006816406250000018 0.00845703125000008
0 0.23345703125 0.982109375 0.00785156250000002 0.009863281249999911
0 0.26478515625 0.9484375 0.010957031250000027 0.011679687500000036
0 0.2676953125 0.93076171875 0.00773437499999996 0.00716796874999992
0 0.27552734375 0.93673828125 0.008476562499999951 0.006367187499999982
0 0.2958984375 0.94015625 0.006660156250000049 0.007343749999999982
0 0.27826171875 0.95603515625 0.007031250000000044 0.007187499999999902
0 0.28865234375 0.95728515625 0.007617187499999956 0.007031250000000044
0 0.30052734375 0.9628125 0.009023437500000009 0.009042968749999991
0 0.28318359375 0.99205078125 0.008359374999999947 0.008476562500000062
0 0.2646484375 0.9970703125 0.009765625 0.005859375
0 0.29275390625 0.9880859375 0.008906250000000004 0.013320312500000098
0 0.2921875 0.88474609375 0.0072070312499999956 0.008769531250000018
0 0.29388671875 0.85982421875 0.006894531249999947 0.009960937500000044
0 0.30591796875 0.8720703125 0.007031250000000044 0.00732421875
0 0.22771484375 0.88185546875 0.007011718750000007 0.007207031250000107
0 0.23705078125 0.88171875 0.007070312500000009 0.00748046875000008
0 0.2463671875 0.87083984375 0.008144531249999976 0.008593749999999956
0 0.255234375 0.869140625 0.009394531250000004 0.008906249999999893
0 0.2566796875 0.85857421875 0.007480468749999969 0.00748046875000008
0 0.255703125 0.8478125 0.008730468750000053 0.008828124999999964
0 0.31494140625 0.863984375 0.007519531250000044 0.009238281250000036
0 0.3287890625 0.8671875 0.007578124999999991 0.009257812500000018
0 0.34279296875 0.89244140625 0.010449218750000044 0.009257812500000018
0 0.3255859375 0.9205078125 0.008066406249999991 0.01058593749999992
0 0.333203125 0.91599609375 0.006816406250000018 0.008906249999999893
0 0.34298828125 0.91591796875 0.007226562499999978 0.008847656249999947
0 0.34380859375 0.92671875 0.008886718750000022 0.010761718749999982
0 0.34904296875 0.95619140625 0.007656250000000031 0.008046875000000009
0 0.36083984375 0.9648828125 0.007832031249999982 0.008925781250000098
0 0.38666015625 0.96458984375 0.008398437500000022 0.008339843749999964
0 0.3937109375 0.941328125 0.007109374999999973 0.008105468749999956
0 0.38134765625 0.9375390625 0.007871093749999947 0.009023437500000009
0 0.38537109375 0.92263671875 0.007421875000000022 0.008476562500000062
0 0.24126953125 0.8214453125 0.0064648437500000044 0.007148437499999938
0 0.2605859375 0.8290234375 0.0067968750000000355 0.007421874999999911
0 0.26634765625 0.8487109375 0.006640624999999956 0.007441406249999893
0 0.28015625 0.83419921875 0.011816406250000022 0.008710937500000071
0 0.27095703125 0.84173828125 0.010507812499999991 0.012109375000000089
0 0.332890625 0.83537109375 0.007226562499999978 0.009453125000000062
0 0.328984375 0.81943359375 0.007421875000000022 0.007382812499999947
0 0.34962890625 0.82646484375 0.005078125000000044 0.005664062499999956
0 0.3458203125 0.81826171875 0.008652343750000013 0.008769531250000018
0 0.347578125 0.8064453125 0.008945312499999969 0.00960937499999992
0 0.365 0.81115234375 0.009238281250000036 0.011582031249999902
0 0.378515625 0.82548828125 0.009257812500000018 0.009980468750000027
0 0.3908203125 0.82681640625 0.007675781250000013 0.007792968750000018
0 0.39943359375 0.83212890625 0.0068359375 0.008320312499999982
0 0.36435546875 0.85724609375 0.007421875000000022 0.005800781250000053
0 0.3976953125 0.86353515625 0.006523437499999951 0.008886718749999911
0 0.40625 0.8647265625 0.005058593749999951 0.00650390625000008
0 0.40642578125 0.8973828125 0.008046875000000009 0.007421874999999911
0 0.4078125 0.93451171875 0.007636718750000049 0.007207031250000107
0 0.36451171875 0.78837890625 0.0073632812499999645 0.00796875000000008
0 0.333984375 0.79484375 0.008359374999999947 0.009980468750000027
0 0.337734375 0.78259765625 0.008437499999999987 0.009785156249999982
0 0.34279296875 0.77517578125 0.0073632812499999645 0.008750000000000036
0 0.35146484375 0.70873046875 0.008769531250000018 0.008867187499999929
0 0.35537109375 0.69326171875 0.008066406249999991 0.008242187500000053
0 0.3437109375 0.68541015625 0.008144531250000031 0.008496093750000044
0 0.38458984375 0.70482421875 0.008515625000000027 0.008378906249999929
0 0.3075390625 0.22861328125 0.007597656249999973 0.00874999999999998
0 0.32224609375 0.2158203125 0.008320312499999982 0.010839843750000022
0 0.32435546875 0.20244140625 0.009335937499999947 0.009589843749999993
0 0.3369140625 0.2090234375 0.006777343750000053 0.00785156250000002
0 0.316953125 0.19810546875 0.0072851562500000355 0.007832031249999982
0 0.35556640625 0.16494140625 0.007929687500000004 0.007460937499999987
0 0.37408203125 0.22962890625 0.0072070312499999956 0.008144531249999976
0 0.3841015625 0.2320703125 0.009492187500000027 0.009921875000000024
0 0.3828515625 0.2109765625 0.007714843749999978 0.007500000000000007
0 0.3330078125 0.0567578125 0.006972656249999987 0.00865234375
0 0.341875 0.04791015625 0.008730468750000053 0.008535156249999995
0 0.3756640625 0.08419921875 0.008769531250000018 0.00929687500000001
0 0.38271484375 0.09375 0.008476562499999951 0.008710937499999988
0 0.37525390625 0.10068359375 0.007949218749999987 0.007675781250000013
0 0.39619140625 0.11908203125 0.008554687499999991 0.008847656250000002
0 0.36283203125 0.10130859375 0.006249999999999978 0.005898437499999992
0 0.39486328125 0.08529296875 0.007949218749999987 0.009531249999999991
0 0.40103515625 0.09107421875 0.007792968750000018 0.010976562500000009
0 0.4055859375 0.08296875 0.008476562499999951 0.008632812500000003
0 0.41322265625 0.08783203125 0.007265625000000053 0.009238281250000008
0 0.42298828125 0.09548828125 0.006562500000000027 0.008515624999999999
0 0.41701171875 0.06919921875 0.007109374999999973 0.007011718750000007
0 0.40623046875 0.10685546875 0.009316406249999964 0.010468749999999999
0 0.406875 0.11771484375 0.008808593749999982 0.010214843750000008
0 0.40638671875 0.12970703125 0.009023437500000009 0.007460937499999987
0 0.4316796875 0.12583984375 0.008515625000000027 0.010410156250000024
0 0.44208984375 0.13359375 0.007343749999999982 0.009746093750000018
0 0.4484765625 0.1282421875 0.007031250000000044 0.007480468750000024
0 0.456953125 0.126328125 0.009160156249999996 0.01078125000000002
0 0.5006640625 0.1083203125 0.008671875000000107 0.010449218749999989
0 0.49474609375 0.12078125 0.007519531250000044 0.008613281249999993
0 0.496875 0.1290234375 0.007011718749999951 0.006699218750000013
0 0.49912109375 0.14810546875 0.006757812500000071 0.008027343750000027
0 0.50333984375 0.1646484375 0.012617187500000071 0.011523437500000011
0 0.41517578125 0.1784765625 0.009980468750000027 0.011738281249999982
0 0.4080078125 0.18939453125 0.008691406249999978 0.009785156249999982
0 0.42166015625 0.200703125 0.008671874999999996 0.008652343750000013
0 0.4103125 0.224921875 0.008574218749999973 0.008964843750000007
0 0.39509765625 0.2215234375 0.0072070312499999956 0.007539062500000027
0 0.4078125 0.2421875 0.00830078125 0.008378906249999984
0 0.43923828125 0.23830078125 0.0087890625 0.008984374999999989
0 0.43904296875 0.265390625 0.00837890625000004 0.009121093750000031
0 0.43931640625 0.25341796875 0.008925781249999987 0.008945312499999969
0 0.4472265625 0.2482421875 0.00871093749999996 0.008691406249999978
0 0.45884765625 0.246171875 0.008808593749999982 0.009921875000000024
0 0.47083984375 0.242421875 0.008417968750000004 0.008945312500000024
0 0.51263671875 0.2144921875 0.006484375000000098 0.00833984375000002
0 0.52728515625 0.21544921875 0.009023437500000009 0.0072460937500000155
0 0.532890625 0.2394140625 0.00894531250000008 0.008867187499999984
0 0.54357421875 0.2411328125 0.00716796874999992 0.007539062500000027
0 0.5078515625 0.26361328125 0.007578124999999991 0.008515625000000027
0 0.50849609375 0.27806640625 0.007089843749999991 0.007167968750000031
0 0.519453125 0.283125 0.008222656250000071 0.008964843749999951
0 0.4505078125 0.29431640625 0.0069531250000000044 0.007558593750000009
0 0.451171875 0.30791015625 0.008281250000000018 0.009238281250000036
0 0.55083984375 0.47474609375 0.008027343750000027 0.008457031249999969
0 0.55359375 0.56513671875 0.007578124999999991 0.008027343750000027
0 0.57923828125 0.57064453125 0.007187499999999902 0.00894531250000008
0 0.562578125 0.5944921875 0.008925781250000098 0.010292968749999964
0 0.5548046875 0.601640625 0.008828124999999964 0.011093749999999902
0 0.52255859375 0.60841796875 0.009687500000000071 0.010820312499999929
0 0.51533203125 0.63388671875 0.01302734374999992 0.010546874999999956
0 0.51705078125 0.67330078125 0.008769531250000018 0.009902343750000098
0 0.41998046875 0.6898828125 0.00886718750000004 0.010996093749999991
0 0.43357421875 0.69701171875 0.008730468750000053 0.009199218750000071
0 0.44828125 0.70703125 0.010839843750000022 0.009042968749999991
0 0.43552734375 0.7648828125 0.009062499999999973 0.007128906249999956
0 0.45015625 0.76701171875 0.006855468749999982 0.008437500000000098
0 0.44126953125 0.7428125 0.0063085937500000355 0.007539062500000027
0 0.43978515625 0.7771484375 0.00927734375 0.006718750000000107
0 0.45498046875 0.7834375 0.009375000000000022 0.012167968750000036
0 0.44201171875 0.8040625 0.0072070312499999956 0.008847656249999947
0 0.458515625 0.800078125 0.008691406249999978 0.008593749999999956
0 0.4704296875 0.8103515625 0.005800781250000053 0.008964843750000062
0 0.44330078125 0.82189453125 0.009160156249999996 0.009472656250000044
0 0.45798828125 0.81724609375 0.007070312500000009 0.007910156249999911
0 0.457109375 0.828125 0.00886718750000004 0.009472656250000044
0 0.41904296875 0.850703125 0.007578124999999991 0.008867187499999929
0 0.44201171875 0.83333984375 0.0072070312499999956 0.008593749999999956
0 0.43541015625 0.8409765625 0.008242187500000053 0.008437500000000098
0 0.50505859375 0.79373046875 0.007343749999999982 0.0077734375000000355
0 0.52912109375 0.79685546875 0.008535156250000009 0.008124999999999938
0 0.55615234375 0.79556640625 0.008535156250000009 0.009667968750000089
0 0.418671875 0.90140625 0.008046875000000009 0.014609375000000036
0 0.4412109375 0.89666015625 0.008554687499999991 0.008710937500000071
0 0.45669921875 0.9039453125 0.008066406249999991 0.009003906250000027
0 0.49693359375 0.91361328125 0.007148437499999938 0.008750000000000036
0 0.49287109375 0.89150390625 0.00732421875 0.007890624999999929
0 0.49396484375 0.8758203125 0.00593750000000004 0.007441406249999893
0 0.4971484375 0.86796875 0.006972656249999987 0.0077734375000000355
0 0.5001171875 0.84978515625 0.008750000000000036 0.009414062500000098
0 0.50693359375 0.83099609375 0.007539062500000027 0.007500000000000062
0 0.5126953125 0.8416796875 0.00716796874999992 0.008652343749999902
0 0.5182421875 0.820390625 0.0087890625 0.008847656249999947
0 0.54080078125 0.82068359375 0.008750000000000036 0.008242187500000053
0 0.54576171875 0.83056640625 0.009160156250000107 0.008378906249999929
0 0.53609375 0.85419921875 0.007031250000000044 0.006953124999999893
0 0.52490234375 0.83587890625 0.006621093749999973 0.008339843749999964
0 0.5685546875 0.86505859375 0.008398437499999911 0.009648437500000107
0 0.5678515625 0.88517578125 0.0058203125000000355 0.008906249999999893
0 0.58166015625 0.89826171875 0.005507812500000098 0.00894531250000008
0 0.4138671875 0.966015625 0.00732421875 0.007207031250000107
0 0.46712890625 0.9612890625 0.008144531250000031 0.008437500000000098
0 0.4587890625 0.97470703125 0.008671874999999996 0.009160156250000107
0 0.48005859375 0.98560546875 0.007226562499999978 0.0077734375000000355
0 0.4316015625 0.99798828125 0.006562500000000027 0.004023437499999893
0 0.3367578125 0.9436328125 0.006972656249999987 0.008769531250000018
0 0.570546875 0.93783203125 0.01236328125000008 0.010839843749999911
0 0.57326171875 0.96279296875 0.007714843750000089 0.009667968750000089
0 0.58384765625 0.9571484375 0.007500000000000062 0.008496093750000044
0 0.58091796875 0.97375 0.00699218750000008 0.008437500000000098
0 0.5398828125 0.99291015625 0.006328125000000018 0.006953124999999893
0 0.56810546875 0.22880859375 0.006914062499999929 0.008417968750000004
0 0.5506640625 0.23140625 0.011835937499999893 0.010078124999999993
0 0.5525 0.254453125 0.008964843750000062 0.010410156249999969
0 0.5588671875 0.26447265625 0.009218750000000053 0.01025390625
0 0.573359375 0.8945703125 0.006601562499999991 0.00894531250000008
0 0.6589453125 0.900234375 0.006816406250000018 0.00912109374999992
0 0.63236328125 0.90560546875 0.006933593749999911 0.00699218750000008
0 0.59703125 0.90990234375 0.006523437500000062 0.008574218749999973
0 0.66677734375 0.93310546875 0.010761718749999982 0.013398437500000027
0 0.673828125 0.93736328125 0.00845703125000008 0.009042968749999991
0 0.65669921875 0.95345703125 0.008730468750000053 0.009003906250000027
0 0.64927734375 0.94576171875 0.0073632812499999645 0.007675781249999902
0 0.63638671875 0.9446484375 0.006757812500000071 0.0078125
0 0.63390625 0.95958984375 0.006484375000000098 0.007207031250000107
0 0.62986328125 0.974296875 0.0077734375000000355 0.00912109374999992
0 0.62291015625 0.96068359375 0.00912109374999992 0.010214843750000036
0 0.60310546875 0.9315625 0.011640625000000071 0.011503906249999973
0 0.69888671875 0.94109375 0.008222656250000071 0.008906249999999893
0 0.71482421875 0.944765625 0.008496093750000044 0.008613281249999938
0 0.7076953125 0.92912109375 0.007089843749999991 0.010117187499999902
0 0.71615234375 0.928359375 0.005859375 0.008007812500000044
0 0.71482421875 0.906953125 0.008496093750000044 0.007949218750000098
0 0.59912109375 0.983203125 0.010722656250000018 0.014062500000000089
0 0.6084765625 0.99322265625 0.00716796874999992 0.006562500000000027
0 0.6276953125 0.91408203125 0.006367187499999982 0.007558593750000009
0 0.7012890625 0.86001953125 0.008925781250000098 0.010117187499999902
0 0.69875 0.84962890625 0.009003906250000027 0.009218750000000053
0 0.738203125 0.87115234375 0.009570312499999956 0.009531249999999991
0 0.7464453125 0.88396484375 0.008496093750000044 0.010566406249999938
0 0.7533203125 0.895390625 0.007011718750000062 0.008066406249999991
0 0.76548828125 0.89369140625 0.009082031249999956 0.010703125000000036
0 0.78330078125 0.8984765625 0.009003906250000027 0.009746093750000018
0 0.7698046875 0.906796875 0.0077734375000000355 0.0087890625
0 0.76978515625 0.87775390625 0.008886718749999911 0.010449218750000044
0 0.70400390625 0.9534765625 0.013164062500000018 0.00845703125000008
0 0.731953125 0.96470703125 0.008203125000000089 0.008691406250000089
0 0.73921875 0.9578125 0.008066406249999991 0.008925781250000098
0 0.70630859375 0.9841015625 0.007246093750000071 0.008847656249999947
0 0.6276953125 0.94296875 0.011054687499999938 0.009101562499999938
0 0.7105859375 0.9962890625 0.009941406250000062 0.007421874999999911
0 0.722890625 0.993046875 0.009374999999999911 0.012656250000000036
0 0.757578125 0.99818359375 0.007910156249999911 0.0036132812500000444
0 0.75626953125 0.9466015625 0.00765624999999992 0.009374999999999911
0 0.7673046875 0.93515625 0.008613281249999938 0.009296874999999982
0 0.77765625 0.9355078125 0.008261718750000036 0.008847656249999947
0 0.770859375 0.9459765625 0.007519531250000044 0.007519531250000044
0 0.78388671875 0.94609375 0.007832031249999982 0.008339843749999964
0 0.79171875 0.9602734375 0.007070312500000009 0.007402343749999929
0 0.80296875 0.9684375 0.00732421875 0.006757812500000071
0 0.78353515625 0.978515625 0.008281250000000018 0.0087890625
0 0.80244140625 0.99671875 0.008613281249999938 0.006542968750000044
0 0.81201171875 0.99775390625 0.007265625000000053 0.004492187499999911
0 0.82205078125 0.994140625 0.008613281249999938 0.008398437499999911
0 0.8397265625 0.96708984375 0.008261718750000036 0.00943359375000008
0 0.83666015625 0.9526953125 0.0073632812499999645 0.009238281250000036
0 0.82880859375 0.93169921875 0.008671875000000107 0.009414062500000098
0 0.78181640625 0.88505859375 0.007792968750000018 0.010996093749999991
0 0.7871875 0.8725390625 0.008554687499999991 0.007031250000000044
0 0.79083984375 0.86380859375 0.008828124999999964 0.01009765624999992
0 0.794765625 0.85140625 0.009082031249999956 0.009296874999999982
0 0.7325 0.8461328125 0.00634765625 0.008105468749999956
0 0.714140625 0.84259765625 0.011191406250000036 0.010996093749999991
0 0.780390625 0.84095703125 0.007265625000000053 0.007714843750000089
0 0.817109375 0.87775390625 0.007500000000000062 0.008085937499999973
0 0.84185546875 0.90041015625 0.008984375000000044 0.010078124999999938
0 0.84103515625 0.9440625 0.009101562499999938 0.011328124999999911
0 0.62595703125 0.83416015625 0.006972656250000098 0.008164062499999902
0 0.6386328125 0.83783203125 0.01009765624999992 0.012578125000000107
0 0.61806640625 0.81876953125 0.007050781250000027 0.008398437499999911
0 0.630859375 0.822734375 0.009179687500000089 0.011679687500000036
0 0.62478515625 0.80244140625 0.009316406249999964 0.009707031250000053
0 0.636796875 0.776640625 0.008007812500000044 0.008769531250000018
0 0.6426953125 0.7843359375 0.007695312500000107 0.009082031249999956
0 0.6537890625 0.78068359375 0.0087890625 0.009550781249999973
0 0.65958984375 0.76693359375 0.008691406250000089 0.010156250000000089
0 0.6534375 0.761328125 0.008691406250000089 0.00830078125
0 0.67177734375 0.81818359375 0.009648437500000107 0.009023437500000009
0 0.6851953125 0.83251953125 0.00894531250000008 0.010156250000000089
0 0.6971484375 0.82697265625 0.008828124999999964 0.011347656249999893
0 0.66955078125 0.80025390625 0.008105468749999956 0.008847656249999947
0 0.67625 0.80509765625 0.008027343750000027 0.008574218749999973
0 0.6934375 0.78927734375 0.008437500000000098 0.008574218749999973
0 0.69943359375 0.79751953125 0.006367187499999982 0.007500000000000062
0 0.703203125 0.805703125 0.006914062499999929 0.008652343749999902
0 0.69673828125 0.8096484375 0.008613281249999938 0.008339843749999964
0 0.7246484375 0.81818359375 0.008203125000000089 0.009023437500000009
0 0.72751953125 0.79701171875 0.00634765625 0.008808593749999982
0 0.753125 0.8192578125 0.007187499999999902 0.00765624999999992
0 0.75033203125 0.83146484375 0.007011718750000062 0.008613281249999938
0 0.7401171875 0.831640625 0.007539062500000027 0.007226562500000089
0 0.734765625 0.8355078125 0.00912109374999992 0.009667968750000089
0 0.7157421875 0.83267578125 0.010312499999999947 0.009863281249999911
0 0.78833984375 0.7870703125 0.006777343750000053 0.008281250000000018
0 0.79013671875 0.80068359375 0.0068359375 0.00796875000000008
0 0.80005859375 0.8073046875 0.0073632812499999645 0.008320312499999982
0 0.8121875 0.8084765625 0.009257812500000018 0.013574218750000089
0 0.81142578125 0.83873046875 0.007128906249999956 0.007402343749999929
0 0.778046875 0.80845703125 0.007246093750000071 0.008886718749999911
0 0.78505859375 0.821328125 0.005488281249999893 0.007695312500000107
0 0.81833984375 0.831875 0.008203125000000089 0.00830078125
0 0.82318359375 0.84400390625 0.0073632812499999645 0.00912109374999992
0 0.83078125 0.77240234375 0.007343749999999982 0.007597656249999973
0 0.6691015625 0.94638671875 0.007187499999999902 0.007187499999999902
0 0.769296875 0.766953125 0.006171874999999938 0.00667968749999992
0 0.6143359375 0.53435546875 0.007187499999999902 0.007597656249999973
0 0.6317578125 0.53537109375 0.0068749999999999645 0.00845703125000008
0 0.62125 0.58201171875 0.009296874999999982 0.009218750000000053
0 0.65708984375 0.60046875 0.00765624999999992 0.007597656249999973
0 0.6375390625 0.62736328125 0.010976562500000009 0.009726562500000036
0 0.69265625 0.6420703125 0.009218750000000053 0.010449218750000044
0 0.69408203125 0.60806640625 0.007382812499999947 0.009218750000000053
0 0.7076171875 0.61619140625 0.007519531250000044 0.007871093749999947
0 0.6929296875 0.62033203125 0.0068359375 0.007949218750000098
0 0.71109375 0.64228515625 0.00863281249999992 0.007949218750000098
0 0.72189453125 0.6491796875 0.007402343749999929 0.010605468749999902
0 0.71142578125 0.65919921875 0.011640625000000071 0.010156250000000089
0 0.74208984375 0.6425 0.008574218749999973 0.009570312499999956
0 0.75302734375 0.6338671875 0.007597656249999973 0.007519531250000044
0 0.7587109375 0.65099609375 0.007226562500000089 0.007226562500000089
0 0.759921875 0.65958984375 0.007929687499999893 0.008593749999999956
0 0.716953125 0.578046875 0.009218750000000053 0.008906249999999893
0 0.738515625 0.58185546875 0.008417968749999893 0.008886718749999911
0 0.7576171875 0.5803125 0.009160156250000107 0.009335937499999947
0 0.74904296875 0.59166015625 0.009570312499999956 0.008593749999999956
0 0.77060546875 0.60380859375 0.006445312499999911 0.008320312499999982
0 0.7805859375 0.59080078125 0.010000000000000009 0.009804687499999964
0 0.816640625 0.643203125 0.009492187500000027 0.012128906250000071
0 0.797265625 0.683359375 0.0087890625 0.009902343750000098
0 0.80177734375 0.6580078125 0.007871093749999947 0.008359374999999947
0 0.831640625 0.65966796875 0.008476562500000062 0.008183593750000107
0 0.5908203125 0.9970703125 0.009765625 0.005859375
0 0.599609375 0.998046875 0.0078125 0.00390625
0 0.9787109375 0.89326171875 0.009160156250000107 0.010937500000000044
0 0.99060546875 0.9164453125 0.007949218750000098 0.00845703125000008
0 0.942734375 0.92615234375 0.009296874999999982 0.010019531249999991
0 0.88306640625 0.98580078125 0.008496093750000044 0.010156250000000089
0 0.8851953125 0.97298828125 0.007714843750000089 0.008398437499999911
0 0.86466796875 0.96607421875 0.008613281249999938 0.009453125000000062
0 0.86021484375 0.95806640625 0.007441406249999893 0.007695312500000107
0 0.84755859375 0.9609765625 0.007753906250000053 0.008769531250000018
0 0.8683984375 0.93626953125 0.010722656250000018 0.010605468749999902
0 0.88658203125 0.95275390625 0.00894531250000008 0.009003906250000027
0 0.8940625 0.9487109375 0.007246093750000071 0.008066406249999991
0 0.9041796875 0.955 0.00960937499999992 0.008750000000000036
0 0.93353515625 0.96794921875 0.00992187500000008 0.007832031249999982
0 0.95525390625 0.978359375 0.008730468750000053 0.00960937499999992
0 0.9815625 0.9751953125 0.007148437499999938 0.007441406249999893
0 0.93146484375 0.98126953125 0.005800781250000053 0.007519531250000044
0 0.95896484375 0.9558203125 0.006621093749999973 0.007402343749999929
0 0.9623828125 0.88384765625 0.010449218750000044 0.010761718749999982
0 0.9422265625 0.8846484375 0.007675781249999902 0.008613281249999938
0 0.92013671875 0.87572265625 0.009335937499999947 0.009199218750000071
0 0.8982421875 0.873671875 0.00845703125000008 0.010117187499999902
0 0.9037109375 0.888515625 0.008671875000000107 0.008593749999999956
0 0.87779296875 0.88767578125 0.008671875000000107 0.008691406250000089
0 0.867421875 0.8851953125 0.008164062499999902 0.009101562499999938
0 0.85453125 0.88330078125 0.007382812499999947 0.007070312500000009
0 0.85431640625 0.90076171875 0.007539062500000027 0.009863281249999911
0 0.86638671875 0.90572265625 0.007304687500000018 0.00845703125000008
0 0.85771484375 0.91072265625 0.008984375000000044 0.007753906250000053
0 0.8559765625 0.92462890625 0.008476562500000062 0.008124999999999938
0 0.848125 0.94328125 0.007695312500000107 0.008535156250000009
0 0.88546875 0.921015625 0.007949218750000098 0.008183593750000107
0 0.9733984375 0.9982421875 0.008066406249999991 0.003496093749999929
0 0.856328125 0.84876953125 0.010976562500000009 0.01009765624999992
0 0.850859375 0.830859375 0.007792968750000018 0.007636718749999938
0 0.85564453125 0.799921875 0.0078125 0.007089843749999991
0 0.886015625 0.77654296875 0.006621093749999973 0.0067968750000000355
0 0.9165234375 0.7959765625 0.008066406249999991 0.007539062500000027
0 0.917890625 0.8512109375 0.009042968749999991 0.009980468750000027
0 0.9897265625 0.81724609375 0.009160156250000107 0.00960937499999992
0 0.99763671875 0.8201953125 0.00472656249999992 0.010117187499999902
0 0.99525390625 0.80416015625 0.007128906249999956 0.008417968749999893
0 0.94720703125 0.79357421875 0.008105468749999956 0.010468750000000027
0 0.87033203125 0.84294921875 0.007421874999999911 0.007382812499999947
0 0.876015625 0.82904296875 0.007460937500000098 0.007304687500000018
0 0.86880859375 0.83369140625 0.008574218749999973 0.009140624999999902
0 0.89513671875 0.8284375 0.008046875000000009 0.008222656250000071
0 0.90119140625 0.82630859375 0.00601562500000008 0.007460937500000098
0 0.91224609375 0.8272265625 0.009667968750000089 0.012265624999999947
0 0.883828125 0.817578125 0.007011718750000062 0.007890624999999929
0 0.86455078125 0.82162109375 0.005390624999999982 0.006445312499999911
0 0.8602734375 0.826953125 0.007578124999999991 0.006953124999999893
0 0.8584765625 0.81966796875 0.006933593749999911 0.008476562500000062
0 0.9548046875 0.78857421875 0.007226562500000089 0.008222656250000071
0 0.96103515625 0.77548828125 0.008359374999999947 0.008867187499999929
0 0.95912109375 0.7583984375 0.008710937500000071 0.010390625000000098
0 0.94833984375 0.77826171875 0.007402343749999929 0.007851562499999964
0 0.9619140625 0.6676171875 0.007128906249999956 0.008730468750000053
0 0.99388671875 0.6558984375 0.008554687499999991 0.008515625000000027
0 0.93166015625 0.66533203125 0.008593749999999956 0.009589843749999938
0 0.8894921875 0.656015625 0.007617187499999956 0.009355468749999929
0 0.92298828125 0.67080078125 0.00732421875 0.007949218750000098
0 0.9234375 0.6825 0.008828124999999964 0.011113281250000107
0 0.94205078125 0.6822265625 0.009902343750000098 0.011152343750000071
0 0.81515625 0.68810546875 0.006660156249999938 0.0068359375
0 0.8115625 0.68140625 0.006640624999999956 0.007734375000000071
0 0.83296875 0.698828125 0.00716796874999992 0.007441406249999893
0 0.8250390625 0.70796875 0.0073632812499999645 0.007246093750000071
0 0.84083984375 0.7128125 0.009218750000000053 0.012167968750000036
0 0.8671484375 0.7086328125 0.008203125000000089 0.008574218749999973
0 0.8573828125 0.73208984375 0.008320312499999982 0.008417968749999893
0 0.89751953125 0.74509765625 0.00699218750000008 0.00765624999999992
0 0.93498046875 0.73126953125 0.009941406250000062 0.010351562499999911
0 0.93099609375 0.73732421875 0.009648437500000107 0.009374999999999911
0 0.95478515625 0.7362109375 0.009160156250000107 0.009472656250000044
0 0.99599609375 0.6963671875 0.008007812500000044 0.010234375000000018
0 0.990390625 0.70890625 0.008105468749999956 0.009101562499999938
0 0.992421875 0.72396484375 0.010976562500000009 0.01058593749999992
0 0.99609375 0.736328125 0.0078125 0.01171875
0 0.9160546875 0.6386328125 0.009531249999999991 0.009726562500000036
0 0.87556640625 0.63572265625 0.008359374999999947 0.011035156249999956
0 0.84685546875 0.63671875 0.010507812499999991 0.012460937499999991
0 0.83115234375 0.61810546875 0.007089843749999991 0.00796875000000008
0 0.94412109375 0.61423828125 0.007890624999999929 0.007988281250000062
0 0.93349609375 0.60427734375 0.008671875000000107 0.007714843750000089
0 0.91703125 0.59923828125 0.007304687500000018 0.008750000000000036
0 0.8946875 0.58994140625 0.008671875000000107 0.008222656250000071
0 0.8476171875 0.58244140625 0.008437500000000098 0.00992187500000008
0 0.82408203125 0.5948828125 0.00845703125000008 0.009199218750000071
0 0.8326953125 0.6033984375 0.007187499999999902 0.00894531250000008
0 0.79587890625 0.564140625 0.010390625000000098 0.009023437500000009
0 0.76814453125 0.5523828125 0.0073632812499999645 0.007558593750000009
0 0.7701953125 0.54396484375 0.007265625000000053 0.006035156250000062
0 0.7520703125 0.5570703125 0.008496093750000044 0.00894531250000008
0 0.72341796875 0.553515625 0.010546874999999956 0.01009765624999992
0 0.69857421875 0.559140625 0.006132812499999973 0.007949218750000098
0 0.7069921875 0.53943359375 0.00894531250000008 0.008085937499999973
0 0.70337890625 0.50880859375 0.008750000000000036 0.008105468749999956
0 0.71818359375 0.51208984375 0.007070312500000009 0.00894531250000008
0 0.72541015625 0.50654296875 0.006855468749999982 0.008066406249999991
0 0.73908203125 0.48533203125 0.007402343749999929 0.00837890625000004
0 0.7595703125 0.5315234375 0.008847656249999947 0.008242187500000053
0 0.72994140625 0.53009765625 0.008906249999999893 0.010507812499999991
0 0.7382421875 0.5299609375 0.00765624999999992 0.010214843750000036
0 0.77333984375 0.5239453125 0.00894531250000008 0.007734375000000071
0 0.7803125 0.54583984375 0.006933593749999911 0.007519531250000044
0 0.8558984375 0.6056640625 0.00814453124999992 0.007226562500000089
0 0.925546875 0.5867578125 0.008359374999999947 0.013437499999999991
0 0.939453125 0.5320703125 0.007890624999999929 0.01123046875
0 0.85521484375 0.5691796875 0.01318359375 0.009550781249999973
0 0.86240234375 0.58060546875 0.00650390625000008 0.007500000000000062
0 0.8695703125 0.57431640625 0.008691406250000089 0.008964843750000062
0 0.8425390625 0.51146484375 0.006953124999999893 0.007695312500000107
0 0.83755859375 0.5174609375 0.00521484374999992 0.005664062499999956
0 0.8240234375 0.4874609375 0.009492187500000027 0.008164062500000013
0 0.9001171875 0.56677734375 0.008535156250000009 0.009882812499999893
0 0.90880859375 0.55177734375 0.007402343749999929 0.00796875000000008
0 0.87876953125 0.52826171875 0.013066406250000107 0.010039062499999973
0 0.892578125 0.543046875 0.0087890625 0.00894531250000008
0 0.89353515625 0.5290625 0.0068749999999999645 0.008437500000000098
0 0.9236328125 0.5508203125 0.009628906249999902 0.010468750000000027
0 0.91423828125 0.5624609375 0.006777343750000053 0.008847656249999947
0 0.9284375 0.56775390625 0.007128906249999956 0.007949218750000098
0 0.93416015625 0.5503125 0.007070312500000009 0.007519531250000044
0 0.8437890625 0.48408203125 0.008164062499999902 0.008437499999999987
0 0.8413671875 0.46841796875 0.008437500000000098 0.009003906250000027
0 0.85126953125 0.46763671875 0.00912109374999992 0.010000000000000009
0 0.7665625 0.4642578125 0.006855468749999982 0.007070312500000009
0 0.77712890625 0.46671875 0.008203125000000089 0.008144531250000031
0 0.93638671875 0.50744140625 0.01089843750000008 0.009218750000000053
0 0.93525390625 0.4894140625 0.008613281249999938 0.00886718750000004
0 0.9137109375 0.4746484375 0.00699218750000008 0.009335937499999947
0 0.92546875 0.4687890625 0.008828124999999964 0.009101562500000049
0 0.74154296875 0.4081640625 0.0073632812499999645 0.008457031249999969
0 0.7528125 0.4188671875 0.007597656249999973 0.007539062500000027
0 0.74513671875 0.42876953125 0.010722656250000018 0.011386718749999969
0 0.7604296875 0.43359375 0.00748046875000008 0.008281250000000018
0 0.78013671875 0.4353125 0.007343749999999982 0.008535156250000009
0 0.78681640625 0.46330078125 0.007949218750000098 0.008359374999999947
0 0.78560546875 0.4534375 0.006933593749999911 0.0064648437500000044
0 0.78412109375 0.42474609375 0.00765624999999992 0.007167968750000031
0 0.79359375 0.41732421875 0.00748046875000008 0.008925781249999987
0 0.80890625 0.41912109375 0.008750000000000036 0.009316406249999964
0 0.79138671875 0.3965625 0.0087890625 0.009472656250000044
0 0.795703125 0.45982421875 0.011816406249999911 0.019882812500000013
0 0.78548828125 0.4087890625 0.007187499999999902 0.007792968750000018
0 0.76939453125 0.39935546875 0.009472656250000044 0.014433593749999973
0 0.7658984375 0.42234375 0.005664062499999956 0.0074414062500000044
0 0.95296875 0.449140625 0.009101562499999938 0.009375000000000022
0 0.95330078125 0.42859375 0.007851562499999964 0.007187500000000013
0 0.96298828125 0.49677734375000004 0.008710937500000071 0.00830078125
0 0.96697265625 0.50568359375 0.01156249999999992 0.010156250000000089
0 0.84771484375 0.44740234375 0.006601562499999991 0.007148437500000049
0 0.83837890625 0.44037109375 0.007050781250000027 0.008398437500000022
0 0.8362890625 0.42873046875 0.008652343749999902 0.010039062499999973
0 0.8294921875 0.435546875 0.00716796874999992 0.008359374999999947
0 0.85203125 0.43267578125 0.008222656250000071 0.008984375000000044
0 0.85357421875 0.4180859375 0.009394531249999893 0.008535156250000009
0 0.85580078125 0.40787109375 0.008085937499999973 0.008496093750000044
0 0.84349609375 0.3980078125 0.009628906249999902 0.010273437499999982
0 0.95990234375 0.51470703125 0.005742187500000107 0.0077734375000000355
0 0.9641796875 0.52287109375 0.006621093749999973 0.008808593749999982
0 0.95775390625 0.526171875 0.007187499999999902 0.006464843749999893
0 0.96283203125 0.553359375 0.009023437500000009 0.007890624999999929
0 0.9725 0.541171875 0.00732421875 0.0077734375000000355
0 0.98591796875 0.5374609375 0.006699218749999902 0.008652343749999902
0 0.8815234375 0.44876953125 0.007871093749999947 0.009257812500000018
0 0.8789453125 0.43640625 0.009062499999999973 0.010058593749999956
0 0.89125 0.45318359375 0.010078124999999938 0.012363281249999969
0 0.9205078125 0.433125 0.0073632812499999645 0.008085937499999973
0 0.81576171875 0.3436328125 0.008417968749999893 0.009550781249999973
0 0.83052734375 0.37078125 0.007949218750000098 0.009628906250000013
0 0.8660546875 0.3863671875 0.006914062499999929 0.009511718750000009
0 0.87599609375 0.37703125 0.00699218750000008 0.009375000000000022
0 0.8846484375 0.376640625 0.009628906249999902 0.009863281250000022
0 0.8915234375 0.38376953125 0.008691406250000089 0.008144531250000031
0 0.90376953125 0.365234375 0.008964843750000062 0.00935546875000004
0 0.89720703125 0.3720703125 0.006699218749999902 0.007070312500000009
0 0.91298828125 0.43998046875 0.007617187499999956 0.008261718750000036
0 0.9358203125 0.44591796875 0.011796874999999929 0.010605468750000013
0 0.94384765625 0.43609375 0.006816406250000018 0.007499999999999951
0 0.90626953125 0.38873046875 0.008222656250000071 0.008535156250000009
0 0.91111328125 0.3819921875 0.007070312500000009 0.007792968750000018
0 0.9169921875 0.39029296875 0.006699218749999902 0.009101562500000049
0 0.88892578125 0.4335546875 0.011113281250000107 0.01457031249999996
0 0.856015625 0.5592578125 0.007187499999999902 0.00894531250000008
0 0.84255859375 0.3729296875 0.00960937499999992 0.00626953124999996
0 0.8859375 0.39921875 0.00830078125 0.007792968750000018
0 0.9401953125 0.40908203125 0.007109374999999973 0.007714843749999978
0 0.99490234375 0.46361328125 0.006757812500000071 0.007675781250000013
0 0.79017578125 0.378359375 0.010136718750000107 0.008203124999999978
0 0.91384765625 0.46263671875 0.007988281250000062 0.007636718750000049
0 0.5875390625 0.273203125 0.008496093750000044 0.00886718750000004
0 0.5823828125 0.288984375 0.00699218750000008 0.008105468749999956
0 0.59123046875 0.29302734375 0.009003906250000027 0.008339843749999964
0 0.5997265625 0.28916015625 0.008847656249999947 0.007968749999999969
0 0.61296875 0.2553515625 0.008378906249999929 0.008925781249999987
0 0.6351953125 0.2577734375 0.008750000000000036 0.009335937499999947
0 0.64091796875 0.23720703125 0.008437500000000098 0.0069531250000000044
0 0.59158203125 0.19330078125 0.008730468750000053 0.00927734375
0 0.5953125 0.2039453125 0.009335937499999947 0.006562500000000027
0 0.6023046875 0.21017578125 0.007617187499999956 0.0072460937500000155
0 0.60634765625 0.22640625 0.007402343749999929 0.009335937500000002
0 0.71080078125 0.205078125 0.009511718750000009 0.00931640625000002
0 0.6008984375 0.27857421875 0.007792968750000018 0.0068749999999999645
0 0.6008203125 0.27125 0.006640624999999956 0.008398437500000022
0 0.62912109375 0.24697265625 0.006894531249999947 0.00931640625000002
0 0.67755859375 0.23083984375 0.006250000000000089 0.0074414062500000044
0 0.62083984375 0.1486328125 0.005976562499999893 0.007617187500000011
0 0.6241015625 0.12544921875 0.006660156249999938 0.00830078125
0 0.62796875 0.11265625 0.006562500000000027 0.0067382812500000056
0 0.6396875 0.11384765625 0.007421874999999911 0.007656250000000003
0 0.63564453125 0.1295703125 0.007187499999999902 0.0072460937500000155
0 0.6601171875 0.11306640625 0.008105468749999956 0.008535156250000009
0 0.60951171875 0.0359765625 0.007851562499999964 0.0072070312499999956
0 0.58923828125 0.0080859375 0.005996093750000098 0.006289062500000001
0 0.67970703125 0.0845703125 0.00863281249999992 0.007656250000000003
0 0.6657421875 0.08529296875 0.007402343749999929 0.007246093749999988
0 0.6122265625 0.2146484375 0.011210937500000018 0.012539062499999976
0 0.57892578125 0.22767578125 0.005761718750000089 0.006406250000000002
0 0.99138671875 0.038203125 0.00765624999999992 0.0071874999999999994
0 0.89931640625 0.4401953125 0.006582031250000009 0.007832031249999982
0 0.69095703125 0.07904296875 0.007246093750000071 0.007167968750000003
0 0.74171875 0.51361328125 0.006972656250000098 0.00503906250000008
0 0.72943359375 0.519453125 0.0073632812499999645 0.008671875000000107
0 0.73 0.9878515625 0.006816406250000018 0.008437500000000098
0 0.60224609375 0.899375 0.008183593750000107 0.008613281249999938
0 0.6376171875 0.9325390625 0.007675781249999902 0.008105468749999956
0 0.59353515625 0.2527734375 0.009492187500000027 0.007304687500000018
0 0.57595703125 0.27087890625 0.007460937500000098 0.009804687499999964
0 0.57353515625 0.26189453125 0.008124999999999938 0.009531249999999991
0 0.58177734375 0.238203125 0.006406249999999947 0.0074023437499999845
0 0.04421875 0.8458203125 0.007988281250000007 0.012675781250000018
0 0.272890625 0.82181640625 0.005800781250000053 0.007578124999999991
0 0.2722265625 0.82994140625 0.006640624999999956 0.00830078125