0 0.10546875 0.7744140625 0.0234375 0.01953125
0 0.171875 0.958984375 0.017578125 0.015625
0 0.1494140625 0.7900390625 0.015625 0.013671875
0 0.1240234375 0.6455078125 0.017578125 0.015625
0 0.0810546875 0.470703125 0.017578125 0.015625
0 0.146484375 0.349609375 0.01953125 0.015625
0 0.1298828125 0.4443359375 0.015625 0.017578125
0 0.208984375 0.4228515625 0.017578125 0.015625
0 0.3193359375 0.4033203125 0.017578125 0.015625
0 0.333984375 0.369140625 0.015625 0.015625
0 0.35546875 0.384765625 0.015625 0.015625
0 0.2666015625 0.2890625 0.015625 0.01171875
0 0.103515625 0.32421875 0.013671875 0.013671875
0 0.244140625 0.1708984375 0.015625 0.017578125
0 0.2529296875 0.150390625 0.013671875 0.013671875
0 0.25390625 0.1240234375 0.015625 0.015625
0 0.2900390625 0.1669921875 0.021484375 0.017578125
0 0.482421875 0.24609375 0.015625 0.015625
0 0.45703125 0.234375 0.01171875 0.01171875
0 0.345703125 0.2451171875 0.013671875 0.013671875
0 0.47265625 0.107421875 0.01171875 0.013671875
0 0.5322265625 0.126953125 0.017578125 0.017578125
0 0.5478515625 0.384765625 0.013671875 0.015625
0 0.5712890625 0.28515625 0.017578125 0.021484375
0 0.6337890625 0.50390625 0.017578125 0.01171875
0 0.5908203125 0.19921875 0.013671875 0.01171875
0 0.5810546875 0.1904296875 0.015625 0.01171875
0 0.603515625 0.1640625 0.015625 0.013671875
0 0.6162109375 0.1962890625 0.017578125 0.015625
0 0.72265625 0.041015625 0.01953125 0.015625
0 0.7548828125 0.0107421875 0.017578125 0.01953125
0 0.7177734375 0.025390625 0.015625 0.017578125
0 0.7236328125 0.4775390625 0.017578125 0.015625
0 0.7548828125 0.2568359375 0.015625 0.015625
0 0.4443359375 0.0078125 0.017578125 0.015625
0 0.40625 0.0048828125 0.015625 0.009765625
0 0.5947265625 0.986328125 0.017578125 0.0234375
0 0.5859375 0.9990234375 0.001953125 0.001953125
0 0.619140625 0.978515625 0.015625 0.013671875
0 0.6279296875 0.9462890625 0.01171875 0.015625
0 0.6298828125 0.935546875 0.01953125 0.01171875
0 0.6474609375 0.94921875 0.017578125 0.01171875
0 0.767578125 0.7978515625 0.01953125 0.017578125
0 0.72265625 0.7412109375 0.017578125 0.015625
0 0.775390625 0.7509765625 0.015625 0.017578125
0 0.806640625 0.744140625 0.015625 0.013671875
0 0.783203125 0.841796875 0.009765625 0.013671875
0 0.7626953125 0.908203125 0.013671875 0.01171875
0 0.7802734375 0.900390625 0.015625 0.021484375
0 0.7802734375 0.8818359375 0.013671875 0.017578125
0 0.794921875 0.9111328125 0.013671875 0.013671875
0 0.845703125 0.8994140625 0.017578125 0.015625
0 0.853515625 0.5498046875 0.015625 0.013671875
0 0.7880859375 0.529296875 0.013671875 0.013671875
0 0.8935546875 0.2236328125 0.017578125 0.017578125
0 0.8505859375 0.1767578125 0.015625 0.013671875
0 0.8671875 0.1796875 0.015625 0.015625
0 0.8701171875 0.1630859375 0.015625 0.015625
0 0.861328125 0.1396484375 0.015625 0.015625
0 0.9326171875 0.23828125 0.017578125 0.015625
0 0.92578125 0.2236328125 0.015625 0.015625
0 0.97265625 0.2158203125 0.015625 0.013671875
0 0.951171875 0.294921875 0.013671875 0.013671875
0 0.9931640625 0.265625 0.013671875 0.013671875
0 0.9921875 0.416015625 0.015625 0.017578125
0 0.9345703125 0.0732421875 0.015625 0.015625
0 0.8544921875 0.03515625 0.013671875 0.015625
0 0.8896484375 0.0087890625 0.013671875 0.017578125
0 0.873046875 0.00390625 0.015625 0.0078125