0 0.28015625 0.243828125 0.01953125 0.017695312500000004
0 0.48859375 0.08484375 0.018925781249999996 0.01587890624999999
0 0.60486328125 0.1614453125 0.01585937500000001 0.020136718750000004
0 0.4034375 0.3903125 0.01708984375 0.016484374999999996
0 0.4641796875 0.38482421875 0.017695312500000004 0.017695312500000004
0 0.5841015625 0.40314453125 0.01708984375 0.017695312500000004
0 0.2847265625 0.523984375 0.017695312500000004 0.015253906249999893
0 0.1412890625 0.51880859375 0.016484374999999996 0.01587890624999999
0 0.17212890625 0.57984375 0.013437499999999991 0.0146484375
0 0.2685546875 0.58197265625 0.01708984375 0.012812499999999893
0 0.31921875 0.6881640625 0.01708984375 0.017695312499999893
0 0.15076171875 0.674140625 0.01832031249999999 0.016484375000000107
0 0.0210546875 0.65705078125 0.018925781250000002 0.016484375000000107
0 0.1171875 0.87798828125 0.01832031249999999 0.017695312499999893
0 0.58869140625 0.8184765625 0.020136718749999893 0.01708984375
0 0.20568359375 0.76599609375 0.01832031249999999 0.01587890624999999
0 0.3109765625 0.7662890625 0.020136718750000004 0.014042968750000107
0 0.74890625 0.8090234375 0.013437499999999991 0.016484375000000107
0 0.7565234375 0.63048828125 0.017695312499999893 0.01587890624999999
0 0.79162109375 0.5325390625 0.01708984375 0.017695312499999893
0 0.4019140625 0.55451171875 0.015253906250000004 0.014042968750000107
0 0.01337890625 0.24775390625 0.01740234375 0.016562500000000036