0 0.701171875 0.1474609375 0.0234375 0.01953125
0 0.6474609375 0.142578125 0.01953125 0.01953125
0 0.6083984375 0.130859375 0.01953125 0.01953125
0 0.5732421875 0.130859375 0.01953125 0.021484375
0 0.6357421875 0.181640625 0.013671875 0.013671875
0 0.66796875 0.1875 0.021484375 0.021484375
0 0.51953125 0.2080078125 0.017578125 0.017578125
0 0.595703125 0.240234375 0.017578125 0.017578125
0 0.5830078125 0.267578125 0.01953125 0.017578125
0 0.5146484375 0.259765625 0.021484375 0.01953125
0 0.46875 0.2373046875 0.0234375 0.021484375
0 0.4130859375 0.15625 0.013671875 0.01953125
0 0.46875 0.091796875 0.015625 0.017578125
0 0.4873046875 0.0703125 0.015625 0.017578125
0 0.5009765625 0.033203125 0.017578125 0.017578125
0 0.5419921875 0.0400390625 0.01953125 0.021484375
0 0.5849609375 0.0361328125 0.017578125 0.021484375
0 0.37890625 0.1435546875 0.017578125 0.017578125
0 0.369140625 0.078125 0.017578125 0.017578125
0 0.3408203125 0.1533203125 0.01953125 0.017578125
0 0.501953125 0.3330078125 0.0234375 0.01953125
0 0.6552734375 0.33203125 0.01953125 0.017578125
0 0.6083984375 0.341796875 0.01953125 0.01953125
0 0.6552734375 0.43359375 0.017578125 0.015625
0 0.6083984375 0.4052734375 0.01953125 0.01953125
0 0.50390625 0.3984375 0.01953125 0.017578125
0 0.427734375 0.2958984375 0.015625 0.017578125
0 0.390625 0.3173828125 0.017578125 0.017578125
0 0.87109375 0.5068359375 0.01953125 0.01953125
0 0.8603515625 0.4755859375 0.01953125 0.017578125
0 0.6171875 0.5068359375 0.0234375 0.029296875
0 0.5478515625 0.470703125 0.017578125 0.017578125
0 0.501953125 0.4921875 0.01953125 0.017578125
0 0.541015625 0.5009765625 0.01953125 0.01953125
0 0.556640625 0.5498046875 0.01953125 0.021484375
0 0.5146484375 0.5498046875 0.017578125 0.021484375
0 0.529296875 0.5244140625 0.015625 0.01953125
0 0.2724609375 0.0537109375 0.013671875 0.017578125
0 0.2421875 0.01953125 0.017578125 0.017578125
0 0.1572265625 0.0400390625 0.01953125 0.017578125
0 0.2451171875 0.2451171875 0.017578125 0.01953125
0 0.892578125 0.6337890625 0.01953125 0.017578125
0 0.9736328125 0.6025390625 0.017578125 0.017578125
0 0.853515625 0.7587890625 0.017578125 0.021484375
0 0.8486328125 0.783203125 0.017578125 0.021484375
0 0.7158203125 0.7421875 0.015625 0.021484375
0 0.8310546875 0.8662109375 0.01953125 0.021484375
0 0.7783203125 0.8388671875 0.021484375 0.025390625
0 0.7509765625 0.8671875 0.017578125 0.0234375
0 0.69140625 0.9541015625 0.013671875 0.01953125
0 0.0576171875 0.86328125 0.01953125 0.01953125