0 0.3369140625 0.9384765625 0.009765625 0.009765625
0 0.357421875 0.9482421875 0.009765625 0.009765625
0 0.29296875 0.8994140625 0.009765625 0.009765625
0 0.25390625 0.9072265625 0.009765625 0.0078125
0 0.263671875 0.9150390625 0.009765625 0.0078125
0 0.25 0.9365234375 0.009765625 0.0078125
0 0.3095703125 0.8984375 0.009765625 0.009765625
0 0.3232421875 0.9033203125 0.009765625 0.009765625
0 0.2939453125 0.8486328125 0.01171875 0.0078125
0 0.3251953125 0.859375 0.01171875 0.009765625
0 0.3515625 0.8759765625 0.01171875 0.009765625
0 0.376953125 0.8984375 0.009765625 0.0078125
0 0.333984375 0.796875 0.009765625 0.01171875
0 0.365234375 0.8388671875 0.009765625 0.009765625
0 0.40234375 0.884765625 0.009765625 0.009765625
0 0.4306640625 0.8251953125 0.009765625 0.0078125
0 0.4677734375 0.7783203125 0.009765625 0.0078125
0 0.4541015625 0.8388671875 0.0078125 0.0078125
0 0.609375 0.728515625 0.009765625 0.009765625
0 0.62109375 0.7490234375 0.009765625 0.0078125
0 0.623046875 0.76171875 0.0078125 0.009765625
0 0.6328125 0.767578125 0.0078125 0.0078125
0 0.6044921875 0.767578125 0.009765625 0.009765625
0 0.5703125 0.779296875 0.0078125 0.0078125
0 0.56640625 0.7744140625 0.0078125 0.0078125
0 0.64453125 0.734375 0.0078125 0.0078125
0 0.388671875 0.98046875 0.0078125 0.0078125
0 0.3994140625 0.9833984375 0.009765625 0.0078125
0 0.484375 0.96484375 0.009765625 0.009765625
0 0.47265625 0.9931640625 0.009765625 0.009765625
0 0.4970703125 0.974609375 0.0078125 0.009765625
0 0.5068359375 0.97265625 0.0078125 0.0078125
0 0.4912109375 0.9951171875 0.009765625 0.009765625
0 0.4833984375 0.998046875 0.009765625 0.00390625
0 0.5029296875 0.9619140625 0.0078125 0.0078125
0 0.501953125 0.953125 0.0078125 0.01171875
0 0.5361328125 0.9833984375 0.0078125 0.009765625
0 0.5537109375 0.99609375 0.009765625 0.0078125
0 0.5712890625 0.96875 0.009765625 0.01171875
0 0.587890625 0.9443359375 0.009765625 0.01171875
0 0.599609375 0.9658203125 0.0078125 0.0078125
0 0.615234375 0.970703125 0.01171875 0.009765625
0 0.671875 0.984375 0.013671875 0.009765625
0 0.587890625 0.9033203125 0.009765625 0.009765625
0 0.544921875 0.908203125 0.0078125 0.0078125
0 0.5517578125 0.904296875 0.009765625 0.0078125
0 0.5419921875 0.896484375 0.0078125 0.009765625
0 0.55078125 0.8857421875 0.009765625 0.0078125
0 0.66796875 0.8388671875 0.01171875 0.009765625
0 0.6435546875 0.8271484375 0.0078125 0.0078125
0 0.658203125 0.8583984375 0.0078125 0.0078125
0 0.6318359375 0.8486328125 0.0078125 0.0078125
0 0.638671875 0.873046875 0.0078125 0.0078125
0 0.630859375 0.876953125 0.009765625 0.0078125
0 0.638671875 0.8876953125 0.009765625 0.0078125
0 0.6064453125 0.8671875 0.0078125 0.005859375
0 0.6083984375 0.857421875 0.0078125 0.005859375
0 0.5810546875 0.83984375 0.0078125 0.009765625
0 0.5751953125 0.8642578125 0.0078125 0.0078125
0 0.5810546875 0.859375 0.0078125 0.0078125
0 0.57421875 0.849609375 0.0078125 0.0078125
0 0.568359375 0.845703125 0.009765625 0.0078125
0 0.6123046875 0.90234375 0.0078125 0.0078125
0 0.611328125 0.8935546875 0.013671875 0.013671875
0 0.6953125 0.912109375 0.0078125 0.0078125
0 0.69921875 0.880859375 0.0078125 0.009765625
0 0.7119140625 0.8740234375 0.0078125 0.0078125
0 0.7275390625 0.896484375 0.0078125 0.0078125
0 0.72265625 0.892578125 0.0078125 0.0078125
0 0.720703125 0.884765625 0.0078125 0.0078125
0 0.7451171875 0.90625 0.0078125 0.0078125
0 0.76171875 0.8974609375 0.0078125 0.0078125
0 0.75390625 0.888671875 0.0078125 0.0078125
0 0.7802734375 0.890625 0.0078125 0.005859375
0 0.7236328125 0.8486328125 0.0078125 0.0078125
0 0.73046875 0.8408203125 0.009765625 0.005859375
0 0.736328125 0.8359375 0.0078125 0.005859375
0 0.7470703125 0.837890625 0.0078125 0.005859375
0 0.755859375 0.8408203125 0.0078125 0.0078125
0 0.74609375 0.8310546875 0.009765625 0.0078125
0 0.7783203125 0.8701171875 0.0078125 0.005859375
0 0.7431640625 0.7978515625 0.0078125 0.009765625
0 0.71875 0.8251953125 0.0078125 0.0078125
0 0.7724609375 0.9873046875 0.01171875 0.01171875
0 0.7666015625 0.9736328125 0.009765625 0.0078125
0 0.7958984375 0.9541015625 0.0078125 0.0078125
0 0.806640625 0.921875 0.0078125 0.0078125
0 0.73046875 0.955078125 0.009765625 0.0078125
0 0.728515625 0.97265625 0.009765625 0.0078125
0 0.662109375 0.78515625 0.0078125 0.0078125
0 0.669921875 0.7763671875 0.0078125 0.0078125
0 0.67578125 0.7685546875 0.0078125 0.0078125
0 0.677734375 0.759765625 0.009765625 0.005859375
0 0.6630859375 0.7626953125 0.0078125 0.005859375
0 0.6650390625 0.755859375 0.0078125 0.005859375
0 0.6748046875 0.7490234375 0.0078125 0.005859375
0 0.669921875 0.751953125 0.005859375 0.005859375
0 0.62890625 0.6865234375 0.0078125 0.0078125
0 0.76953125 0.7080078125 0.009765625 0.009765625
0 0.7470703125 0.767578125 0.0078125 0.01171875
0 0.697265625 0.75390625 0.0078125 0.0078125
0 0.69140625 0.7490234375 0.0078125 0.0078125
0 0.716796875 0.7470703125 0.0078125 0.0078125
0 0.7158203125 0.728515625 0.0078125 0.0078125
0 0.701171875 0.734375 0.005859375 0.0078125
0 0.69140625 0.7353515625 0.01171875 0.01171875
0 0.7275390625 0.7109375 0.013671875 0.009765625
0 0.7734375 0.767578125 0.01171875 0.0078125
0 0.763671875 0.779296875 0.005859375 0.0078125
0 0.80078125 0.8017578125 0.0078125 0.005859375
0 0.7041015625 0.7099609375 0.009765625 0.0078125
0 0.697265625 0.716796875 0.009765625 0.009765625
0 0.708984375 0.7255859375 0.009765625 0.0078125
0 0.708984375 0.7529296875 0.0078125 0.0078125
0 0.7255859375 0.7412109375 0.0078125 0.0078125
0 0.7509765625 0.751953125 0.009765625 0.0078125
0 0.7890625 0.7568359375 0.0078125 0.0078125
0 0.4892578125 0.7900390625 0.0078125 0.0078125
0 0.8173828125 0.99609375 0.01171875 0.0078125
0 0.82421875 0.9921875 0.005859375 0.0078125
0 0.830078125 0.9951171875 0.0078125 0.009765625
0 0.837890625 0.9921875 0.0078125 0.009765625
0 0.83984375 0.9775390625 0.009765625 0.01171875
0 0.86328125 0.9423828125 0.005859375 0.0078125
0 0.873046875 0.9423828125 0.009765625 0.0078125
0 0.865234375 0.9296875 0.0078125 0.0078125
0 0.8916015625 0.9384765625 0.0078125 0.0078125
0 0.8916015625 0.9619140625 0.0078125 0.0078125
0 0.8876953125 0.9541015625 0.005859375 0.0078125
0 0.8759765625 0.99609375 0.009765625 0.0078125
0 0.8974609375 0.9951171875 0.009765625 0.009765625
0 0.9130859375 0.9560546875 0.0078125 0.0078125
0 0.8994140625 0.9306640625 0.0078125 0.0078125
0 0.8974609375 0.9130859375 0.0078125 0.005859375
0 0.88671875 0.90234375 0.009765625 0.009765625
0 0.9375 0.990234375 0.0078125 0.0078125
0 0.94921875 0.98828125 0.0078125 0.0078125
0 0.9443359375 0.9794921875 0.005859375 0.009765625
0 0.958984375 0.951171875 0.0078125 0.005859375
0 0.919921875 0.931640625 0.009765625 0.009765625
0 0.939453125 0.9326171875 0.0078125 0.0078125
0 0.8916015625 0.9228515625 0.0078125 0.009765625
0 0.9091796875 0.9814453125 0.0078125 0.01171875
0 0.9892578125 0.9111328125 0.0078125 0.0078125
0 0.978515625 0.9248046875 0.009765625 0.0078125
0 0.9716796875 0.9287109375 0.0078125 0.0078125
0 0.982421875 0.94140625 0.0078125 0.0078125
0 0.9853515625 0.95703125 0.009765625 0.009765625
0 0.9912109375 0.9775390625 0.0078125 0.0078125
0 0.986328125 0.9716796875 0.009765625 0.0078125
0 0.998046875 0.9228515625 0.00390625 0.0078125
0 0.9189453125 0.8671875 0.0078125 0.0078125
0 0.912109375 0.8486328125 0.0078125 0.0078125
0 0.8974609375 0.8662109375 0.009765625 0.0078125
0 0.884765625 0.86328125 0.009765625 0.009765625
0 0.8896484375 0.8525390625 0.01171875 0.0078125
0 0.84375 0.7939453125 0.009765625 0.0078125
0 0.8642578125 0.853515625 0.0078125 0.0078125
0 0.8740234375 0.8642578125 0.0078125 0.0078125
0 0.87109375 0.8388671875 0.0078125 0.005859375
0 0.8408203125 0.8603515625 0.01171875 0.009765625
0 0.8515625 0.869140625 0.005859375 0.005859375
0 0.8203125 0.849609375 0.0078125 0.005859375
0 0.8291015625 0.8515625 0.005859375 0.005859375
0 0.8212890625 0.8388671875 0.0078125 0.0078125
0 0.8388671875 0.8173828125 0.009765625 0.0078125
0 0.8759765625 0.828125 0.0078125 0.0078125
0 0.814453125 0.8193359375 0.009765625 0.0078125
0 0.8154296875 0.802734375 0.0078125 0.0078125
0 0.826171875 0.802734375 0.0078125 0.0078125
0 0.966796875 0.841796875 0.0078125 0.005859375
0 0.9580078125 0.8388671875 0.0078125 0.005859375
0 0.962890625 0.8115234375 0.009765625 0.01171875
0 0.962890625 0.8251953125 0.0078125 0.005859375
0 0.814453125 0.9814453125 0.009765625 0.01171875
0 0.865234375 0.6904296875 0.009765625 0.0078125
0 0.8701171875 0.7294921875 0.0078125 0.0078125
0 0.87890625 0.7216796875 0.0078125 0.0078125
0 0.9228515625 0.744140625 0.009765625 0.0078125
0 0.951171875 0.7822265625 0.0078125 0.009765625
0 0.9599609375 0.7890625 0.0078125 0.009765625
0 0.9814453125 0.787109375 0.0078125 0.0078125
0 0.9853515625 0.7802734375 0.0078125 0.0078125
0 0.986328125 0.7685546875 0.0078125 0.0078125
0 0.9814453125 0.669921875 0.0078125 0.009765625
0 0.990234375 0.7392578125 0.0078125 0.0078125
0 0.9423828125 0.7724609375 0.0078125 0.0078125
0 0.8291015625 0.7763671875 0.009765625 0.0078125
0 0.80859375 0.7939453125 0.0078125 0.0078125
0 0.9130859375 0.7080078125 0.009765625 0.005859375
0 0.880859375 0.6982421875 0.009765625 0.0078125
0 0.8974609375 0.7177734375 0.0078125 0.0078125
0 0.9189453125 0.703125 0.0078125 0.005859375
0 0.96875 0.7265625 0.0078125 0.0078125
0 0.9453125 0.7470703125 0.009765625 0.005859375
0 0.9453125 0.759765625 0.0078125 0.005859375
0 0.9619140625 0.7626953125 0.009765625 0.005859375
0 0.9541015625 0.7275390625 0.01171875 0.005859375
0 0.953125 0.736328125 0.0078125 0.009765625
0 0.95703125 0.7548828125 0.01171875 0.0078125
0 0.9384765625 0.7421875 0.015625 0.0078125
0 0.810546875 0.7783203125 0.01171875 0.009765625
0 0.7958984375 0.763671875 0.0078125 0.0078125
0 0.8955078125 0.3681640625 0.005859375 0.0078125
0 0.7822265625 0.494140625 0.0078125 0.009765625
0 0.8447265625 0.443359375 0.009765625 0.009765625
0 0.83984375 0.4619140625 0.009765625 0.009765625
0 0.8681640625 0.4375 0.0078125 0.009765625
0 0.8740234375 0.455078125 0.0078125 0.0078125
0 0.8505859375 0.4873046875 0.0078125 0.0078125
0 0.8876953125 0.4697265625 0.005859375 0.009765625
0 0.8984375 0.4658203125 0.005859375 0.0078125
0 0.89453125 0.4599609375 0.005859375 0.0078125
0 0.87109375 0.4931640625 0.005859375 0.0078125
0 0.8583984375 0.5126953125 0.0078125 0.005859375
0 0.8427734375 0.5234375 0.0078125 0.005859375
0 0.8154296875 0.5625 0.005859375 0.009765625
0 0.8076171875 0.578125 0.0078125 0.009765625
0 0.908203125 0.5859375 0.0078125 0.0078125
0 0.935546875 0.57421875 0.0078125 0.009765625
0 0.943359375 0.5625 0.005859375 0.009765625
0 0.9033203125 0.5302734375 0.0078125 0.0078125
0 0.9033203125 0.5048828125 0.0078125 0.01171875
0 0.970703125 0.5751953125 0.0078125 0.0078125
0 0.740234375 0.6142578125 0.0078125 0.0078125
0 0.73828125 0.6220703125 0.009765625 0.0078125
0 0.7060546875 0.6142578125 0.0078125 0.005859375
0 0.7236328125 0.62890625 0.009765625 0.0078125
0 0.6875 0.642578125 0.01171875 0.0078125
0 0.662109375 0.63671875 0.009765625 0.009765625
0 0.6279296875 0.654296875 0.01171875 0.009765625
0 0.57421875 0.6064453125 0.0078125 0.01171875
0 0.6015625 0.603515625 0.009765625 0.009765625
0 0.607421875 0.591796875 0.0078125 0.0078125
0 0.61328125 0.63671875 0.009765625 0.009765625
0 0.845703125 0.533203125 0.0078125 0.0078125
0 0.646484375 0.59375 0.0078125 0.0078125
0 0.9130859375 0.7255859375 0.009765625 0.005859375
0 0.919921875 0.7177734375 0.009765625 0.005859375
0 0.9638671875 0.7080078125 0.0078125 0.009765625
0 0.9765625 0.8173828125 0.0078125 0.0078125
0 0.990234375 0.8037109375 0.0078125 0.0078125
0 0.501953125 0.91015625 0.009765625 0.0078125
0 0.8310546875 0.919921875 0.0078125 0.0078125
0 0.7333984375 0.9814453125 0.009765625 0.005859375
0 0.955078125 0.9423828125 0.005859375 0.0078125
0 0.916015625 0.9111328125 0.0078125 0.0078125
0 0.7158203125 0.833984375 0.0078125 0.005859375
0 0.80078125 0.755859375 0.0078125 0.0078125
0 0.6513671875 0.6083984375 0.0078125 0.0078125
0 0.60546875 0.6181640625 0.009765625 0.009765625
0 0.91796875 0.470703125 0.0078125 0.009765625
0 0.8701171875 0.626953125 0.0078125 0.005859375
0 0.876953125 0.6337890625 0.009765625 0.0078125
0 0.921875 0.689453125 0.005859375 0.005859375
0 0.8349609375 0.7998046875 0.005859375 0.0078125
0 0.8681640625 0.873046875 0.009765625 0.009765625
0 0.67578125 0.609375 0.009765625 0.005859375
0 0.67578125 0.63671875 0.009765625 0.005859375