0 0.5166015625 0.025390625 0.0078125 0.0078125
0 0.5126953125 0.0185546875 0.013671875 0.009765625
0 0.5419921875 0.0537109375 0.009765625 0.0078125
0 0.53515625 0.0859375 0.0078125 0.0078125
0 0.5361328125 0.1171875 0.01171875 0.0078125
0 0.53125 0.1328125 0.009765625 0.0078125
0 0.5556640625 0.0751953125 0.0078125 0.0078125
0 0.587890625 0.0693359375 0.009765625 0.0078125
0 0.6015625 0.04296875 0.009765625 0.009765625
0 0.66796875 0.00390625 0.009765625 0.0078125
0 0.681640625 0.0146484375 0.013671875 0.01171875
0 0.71875 0.0078125 0.009765625 0.009765625
0 0.7392578125 0.0009765625 0.0078125 0.001953125
0 0.7451171875 0.02734375 0.01171875 0.009765625
0 0.7255859375 0.041015625 0.01171875 0.009765625
0 0.724609375 0.056640625 0.009765625 0.009765625
0 0.736328125 0.056640625 0.01171875 0.01171875
0 0.72265625 0.0703125 0.0078125 0.0078125
0 0.7568359375 0.0419921875 0.01171875 0.009765625
0 0.751953125 0.0517578125 0.01171875 0.009765625
0 0.755859375 0.0693359375 0.0078125 0.0078125
0 0.7705078125 0.029296875 0.009765625 0.0078125
0 0.771484375 0.04296875 0.009765625 0.0078125
0 0.69140625 0.0693359375 0.009765625 0.0078125
0 0.69921875 0.078125 0.0078125 0.009765625
0 0.8076171875 0.0087890625 0.01171875 0.01171875
0 0.8203125 0.001953125 0.009765625 0.00390625
0 0.84375 0.0078125 0.009765625 0.0078125
0 0.8984375 0.017578125 0.009765625 0.0078125
0 0.9072265625 0.052734375 0.009765625 0.009765625
0 0.8857421875 0.0595703125 0.0078125 0.0078125
0 0.9345703125 0.03125 0.009765625 0.009765625
0 0.9501953125 0.02734375 0.01171875 0.013671875
0 0.9541015625 0.0087890625 0.009765625 0.009765625
0 0.984375 0.03125 0.009765625 0.0078125
0 0.9326171875 0.0517578125 0.0078125 0.0078125
0 0.9521484375 0.0849609375 0.009765625 0.009765625
0 0.970703125 0.0703125 0.0078125 0.0078125
0 0.99609375 0.0654296875 0.0078125 0.009765625
0 0.994140625 0.1171875 0.0078125 0.009765625
0 0.9833984375 0.1298828125 0.009765625 0.009765625
0 0.974609375 0.1259765625 0.0078125 0.0078125
0 0.9677734375 0.130859375 0.01171875 0.0078125
0 0.9912109375 0.0595703125 0.0078125 0.009765625
0 0.970703125 0.0859375 0.0078125 0.009765625
0 0.919921875 0.1171875 0.0078125 0.005859375
0 0.9365234375 0.1328125 0.0078125 0.0078125
0 0.9345703125 0.154296875 0.009765625 0.009765625
0 0.9287109375 0.1630859375 0.009765625 0.009765625
0 0.9453125 0.1728515625 0.009765625 0.0078125
0 0.92578125 0.1845703125 0.009765625 0.01171875
0 0.96875 0.1611328125 0.009765625 0.0078125
0 0.9609375 0.1748046875 0.009765625 0.0078125
0 0.970703125 0.177734375 0.009765625 0.009765625
0 0.9794921875 0.1708984375 0.0078125 0.005859375
0 0.9833984375 0.18359375 0.009765625 0.0078125
0 0.986328125 0.177734375 0.0078125 0.005859375
0 0.982421875 0.2158203125 0.009765625 0.005859375
0 0.99609375 0.2216796875 0.0078125 0.005859375
0 0.994140625 0.2294921875 0.009765625 0.0078125
0 0.916015625 0.1630859375 0.009765625 0.01171875
0 0.8955078125 0.1806640625 0.01171875 0.01171875
0 0.8740234375 0.11328125 0.01171875 0.009765625
0 0.892578125 0.1171875 0.009765625 0.009765625
0 0.88671875 0.1083984375 0.015625 0.01171875
0 0.86328125 0.1337890625 0.009765625 0.0078125
0 0.880859375 0.1376953125 0.009765625 0.0078125
0 0.845703125 0.154296875 0.009765625 0.0078125
0 0.853515625 0.14453125 0.009765625 0.009765625
0 0.859375 0.173828125 0.009765625 0.0078125
0 0.845703125 0.177734375 0.0078125 0.0078125
0 0.8466796875 0.189453125 0.009765625 0.009765625
0 0.8662109375 0.205078125 0.009765625 0.009765625
0 0.810546875 0.0810546875 0.0078125 0.0078125
0 0.80078125 0.0615234375 0.009765625 0.0078125
0 0.80078125 0.0869140625 0.0078125 0.005859375
0 0.791015625 0.0791015625 0.0078125 0.005859375
0 0.7890625 0.1015625 0.0078125 0.0078125
0 0.787109375 0.1181640625 0.0078125 0.005859375
0 0.78125 0.1171875 0.0078125 0.0078125
0 0.77734375 0.134765625 0.0078125 0.0078125
0 0.7666015625 0.1025390625 0.009765625 0.01171875
0 0.744140625 0.099609375 0.0078125 0.009765625
0 0.744140625 0.1298828125 0.009765625 0.0078125
0 0.728515625 0.1279296875 0.009765625 0.0078125
0 0.728515625 0.1123046875 0.01171875 0.01171875
0 0.7158203125 0.1103515625 0.0078125 0.005859375
0 0.71484375 0.12109375 0.0078125 0.0078125
0 0.70703125 0.126953125 0.009765625 0.009765625
0 0.703125 0.1123046875 0.009765625 0.0078125
0 0.6865234375 0.1357421875 0.0078125 0.0078125
0 0.6904296875 0.0927734375 0.01171875 0.01171875
0 0.6806640625 0.095703125 0.005859375 0.0078125
0 0.673828125 0.1005859375 0.0078125 0.0078125
0 0.673828125 0.1328125 0.009765625 0.009765625
0 0.6689453125 0.142578125 0.0078125 0.0078125
0 0.65625 0.130859375 0.009765625 0.0078125
0 0.646484375 0.138671875 0.009765625 0.009765625
0 0.6572265625 0.0712890625 0.0078125 0.0078125
0 0.64453125 0.0478515625 0.0078125 0.0078125
0 0.6435546875 0.0361328125 0.0078125 0.0078125
0 0.634765625 0.0302734375 0.0078125 0.0078125
0 0.640625 0.068359375 0.009765625 0.0078125
0 0.630859375 0.0712890625 0.009765625 0.0078125
0 0.6171875 0.0576171875 0.009765625 0.0078125
0 0.61328125 0.046875 0.009765625 0.0078125
0 0.6396484375 0.0966796875 0.0078125 0.0078125
0 0.6318359375 0.1015625 0.0078125 0.009765625
0 0.62109375 0.09765625 0.009765625 0.0078125
0 0.6142578125 0.0927734375 0.0078125 0.005859375
0 0.5947265625 0.0927734375 0.009765625 0.0078125
0 0.58203125 0.1015625 0.009765625 0.009765625
0 0.5703125 0.087890625 0.009765625 0.009765625
0 0.5615234375 0.0908203125 0.0078125 0.0078125
0 0.5546875 0.0869140625 0.009765625 0.0078125
0 0.568359375 0.1005859375 0.009765625 0.0078125
0 0.5673828125 0.109375 0.0078125 0.005859375
0 0.556640625 0.1240234375 0.009765625 0.0078125
0 0.6357421875 0.146484375 0.0078125 0.0078125
0 0.6328125 0.15234375 0.009765625 0.0078125
0 0.6298828125 0.16015625 0.0078125 0.0078125
0 0.619140625 0.1484375 0.009765625 0.009765625
0 0.611328125 0.130859375 0.0078125 0.0078125
0 0.6240234375 0.185546875 0.009765625 0.0078125
0 0.630859375 0.193359375 0.005859375 0.005859375
0 0.6220703125 0.2001953125 0.01171875 0.01171875
0 0.6162109375 0.173828125 0.009765625 0.0078125
0 0.59765625 0.169921875 0.009765625 0.009765625
0 0.5888671875 0.185546875 0.009765625 0.009765625
0 0.6083984375 0.2080078125 0.009765625 0.009765625
0 0.5517578125 0.134765625 0.0078125 0.0078125
0 0.30859375 0.1083984375 0.01171875 0.01171875
0 0.287109375 0.0771484375 0.01171875 0.009765625
0 0.3515625 0.2060546875 0.0078125 0.005859375
0 0.3203125 0.220703125 0.009765625 0.009765625
0 0.27734375 0.2060546875 0.009765625 0.005859375
0 0.2822265625 0.2158203125 0.0078125 0.0078125
0 0.26171875 0.2158203125 0.0078125 0.005859375
0 0.24609375 0.1396484375 0.009765625 0.0078125
0 0.248046875 0.095703125 0.0078125 0.0078125
0 0.189453125 0.189453125 0.009765625 0.0078125
0 0.2255859375 0.083984375 0.0078125 0.005859375
0 0.6474609375 0.162109375 0.0078125 0.005859375
0 0.662109375 0.1611328125 0.009765625 0.0078125
0 0.6748046875 0.1708984375 0.01171875 0.009765625
0 0.6806640625 0.177734375 0.0078125 0.0078125
0 0.6767578125 0.1845703125 0.009765625 0.0078125
0 0.67578125 0.2177734375 0.009765625 0.0078125
0 0.6572265625 0.216796875 0.01171875 0.009765625
0 0.658203125 0.2294921875 0.01171875 0.009765625
0 0.8681640625 0.14453125 0.009765625 0.009765625
0 0.8095703125 0.1669921875 0.0078125 0.0078125
0 0.7978515625 0.169921875 0.01171875 0.009765625
0 0.7939453125 0.181640625 0.01171875 0.0078125
0 0.8173828125 0.1787109375 0.009765625 0.009765625
0 0.826171875 0.1845703125 0.013671875 0.009765625
0 0.82421875 0.1962890625 0.013671875 0.0078125
0 0.806640625 0.2001953125 0.009765625 0.009765625
0 0.8125 0.2158203125 0.0078125 0.0078125
0 0.8251953125 0.21484375 0.0078125 0.0078125
0 0.826171875 0.2255859375 0.009765625 0.0078125
0 0.8388671875 0.2158203125 0.0078125 0.0078125
0 0.85546875 0.21875 0.009765625 0.0078125
0 0.9951171875 0.08203125 0.0078125 0.005859375
0 0.890625 0.1611328125 0.0078125 0.0078125
0 0.8916015625 0.2255859375 0.0078125 0.0078125
0 0.853515625 0.11328125 0.0078125 0.0078125
0 0.2119140625 0.0673828125 0.0078125 0.0078125
0 0.1572265625 0.103515625 0.009765625 0.0078125
0 0.1806640625 0.1357421875 0.0078125 0.0078125
0 0.1953125 0.12890625 0.0078125 0.0078125
0 0.1865234375 0.1298828125 0.0078125 0.005859375
0 0.212890625 0.0771484375 0.0078125 0.0078125
0 0.20703125 0.080078125 0.009765625 0.0078125
0 0.130859375 0.1376953125 0.0078125 0.013671875
0 0.1123046875 0.1630859375 0.0078125 0.0078125
0 0.0966796875 0.1279296875 0.009765625 0.0078125
0 0.09765625 0.1416015625 0.0078125 0.0078125
0 0.08203125 0.20703125 0.0078125 0.0078125
0 0.0927734375 0.0439453125 0.0078125 0.0078125
0 0.078125 0.0322265625 0.0078125 0.0078125
0 0.0859375 0.0224609375 0.009765625 0.0078125
0 0.091796875 0.0126953125 0.009765625 0.0078125
0 0.015625 0.0341796875 0.009765625 0.0078125
0 0.0302734375 0.0400390625 0.0078125 0.0078125
0 0.0341796875 0.0791015625 0.005859375 0.005859375
0 0.052734375 0.10546875 0.009765625 0.005859375
0 0.0087890625 0.064453125 0.0078125 0.009765625
0 0.0224609375 0.0888671875 0.0078125 0.0078125
0 0.0224609375 0.07421875 0.01171875 0.009765625
0 0.009765625 0.099609375 0.009765625 0.009765625
0 0.0439453125 0.1240234375 0.009765625 0.009765625
0 0.0302734375 0.119140625 0.0078125 0.0078125
0 0.0224609375 0.11328125 0.005859375 0.005859375
0 0.0400390625 0.150390625 0.0078125 0.005859375
0 0.03125 0.166015625 0.0078125 0.009765625
0 0.025390625 0.173828125 0.009765625 0.0078125
0 0.03125 0.185546875 0.0078125 0.005859375
0 0.017578125 0.2021484375 0.0078125 0.01171875
0 0.01171875 0.1748046875 0.009765625 0.0078125
0 0.0029296875 0.15625 0.005859375 0.0078125
0 0.001953125 0.140625 0.00390625 0.0078125
0 0.0234375 0.16015625 0.005859375 0.0078125
0 0.015625 0.1591796875 0.0078125 0.009765625
0 0.0107421875 0.1650390625 0.0078125 0.0078125
0 0.0341796875 0.0986328125 0.0078125 0.005859375
0 0.998046875 0.2353515625 0.00390625 0.005859375
0 0.9970703125 0.2421875 0.005859375 0.0078125
0 0.9638671875 0.2333984375 0.0078125 0.0078125
0 0.9365234375 0.2373046875 0.0078125 0.01171875
0 0.921875 0.2470703125 0.009765625 0.0078125
0 0.8994140625 0.263671875 0.009765625 0.01171875
0 0.861328125 0.2275390625 0.0078125 0.0078125
0 0.849609375 0.2294921875 0.009765625 0.0078125
0 0.8193359375 0.2724609375 0.0078125 0.0078125
0 0.775390625 0.2607421875 0.0078125 0.0078125
0 0.763671875 0.263671875 0.009765625 0.0078125
0 0.6728515625 0.2421875 0.0078125 0.0078125
0 0.64453125 0.23828125 0.009765625 0.0078125
0 0.650390625 0.2548828125 0.0078125 0.0078125
0 0.64453125 0.25 0.009765625 0.009765625
0 0.6220703125 0.2646484375 0.0078125 0.0078125
0 0.59765625 0.232421875 0.0078125 0.0078125
0 0.267578125 0.2421875 0.009765625 0.009765625
0 0.15625 0.31640625 0.009765625 0.0078125
0 0.1259765625 0.2490234375 0.01171875 0.009765625
0 0.0888671875 0.255859375 0.009765625 0.0078125
0 0.1162109375 0.2939453125 0.009765625 0.005859375
0 0.12109375 0.3134765625 0.009765625 0.005859375
0 0.103515625 0.28125 0.009765625 0.0078125
0 0.109375 0.3095703125 0.0078125 0.005859375
0 0.080078125 0.31640625 0.0078125 0.0078125
0 0.0810546875 0.3046875 0.0078125 0.0078125
0 0.072265625 0.2822265625 0.0078125 0.0078125
0 0.0908203125 0.2802734375 0.009765625 0.01171875
0 0.1162109375 0.3017578125 0.0078125 0.005859375
0 0.1044921875 0.3046875 0.0078125 0.005859375
0 0.1005859375 0.2998046875 0.0078125 0.0078125
0 0.0654296875 0.3037109375 0.0078125 0.0078125
0 0.0244140625 0.2412109375 0.0078125 0.0078125
0 0.04296875 0.3154296875 0.009765625 0.0078125
0 0.0126953125 0.3271484375 0.0078125 0.005859375
0 0.015625 0.33984375 0.0078125 0.0078125
0 0.044921875 0.3271484375 0.01171875 0.009765625
0 0.0546875 0.349609375 0.0078125 0.0078125
0 0.0458984375 0.3525390625 0.0078125 0.0078125
0 0.001953125 0.33984375 0.00390625 0.0078125
0 0.00390625 0.32421875 0.0078125 0.0078125
0 0.12890625 0.412109375 0.0078125 0.0078125
0 0.1201171875 0.4208984375 0.009765625 0.0078125
0 0.0595703125 0.3671875 0.0078125 0.0078125
0 0.0498046875 0.3662109375 0.0078125 0.0078125
0 0.0390625 0.361328125 0.009765625 0.0078125
0 0.046875 0.3916015625 0.009765625 0.0078125
0 0.0791015625 0.412109375 0.0078125 0.0078125
0 0.1181640625 0.412109375 0.0078125 0.0078125
0 0.009765625 0.5830078125 0.009765625 0.0078125
0 0.009765625 0.556640625 0.009765625 0.0078125
0 0.0029296875 0.5634765625 0.005859375 0.005859375
0 0.001953125 0.5732421875 0.00390625 0.005859375
0 0.0546875 0.923828125 0.0078125 0.005859375
0 0.041015625 0.9345703125 0.009765625 0.0078125
0 0.033203125 0.9189453125 0.009765625 0.0078125
0 0.00390625 0.916015625 0.0078125 0.0078125
0 0.001953125 0.9580078125 0.00390625 0.005859375
0 0.005859375 0.9716796875 0.009765625 0.0078125
0 0.0166015625 0.955078125 0.0078125 0.005859375
0 0.025390625 0.9609375 0.005859375 0.005859375
0 0.8681640625 0.181640625 0.01171875 0.009765625
0 0.8828125 0.1572265625 0.0078125 0.0078125