0 0.14056640625 0.596015625 0.015371093750000009 0.013125000000000053
0 0.14408203125 0.6137890625 0.012812500000000004 0.011523437499999956
0 0.061796875 0.56640625 0.014726562500000012 0.012167968750000036
0 0.05443359375 0.5873828125 0.012812500000000004 0.012480468749999973
0 0.08677734375 0.57666015625 0.012167968750000008 0.011523437499999956
0 0.0762109375 0.57265625 0.014082031249999988 0.011210937500000018
0 0.03201171875 0.53470703125 0.011523437499999997 0.01025390625
0 0.04291015625 0.536953125 0.009609375000000003 0.013457031249999973
0 0.16681640625 0.2816015625 0.015371093750000009 0.017617187499999964
0 0.224765625 0.31875 0.016015624999999978 0.015039062499999978
0 0.59458984375 0.015371093749999998 0.02369140624999999 0.023046875