0 0.12880859375 0.3965234375 0.007792968750000018 0.009238281250000036
0 0.15626953125 0.39099609375 0.009003906250000027 0.009062499999999973
0 0.25505859375 0.40337890625 0.007089843749999991 0.007519531250000044
0 0.221484375 0.41908203125 0.007382812500000002 0.007480468749999969
0 0.312421875 0.397265625 0.00919921874999996 0.01130859375000004
0 0.28630859375 0.4330078125 0.007851562499999964 0.008457031249999969
0 0.30498046875 0.466875 0.008027343750000027 0.009316406249999964
0 0.2861328125 0.4834375 0.007460937499999987 0.007578124999999991
0 0.25470703125 0.46939453125 0.007519531250000044 0.008632812500000031
0 0.2126953125 0.548984375 0.008652343750000013 0.009472656250000044
0 0.2237890625 0.5310546875 0.0074023437499999845 0.009628906249999902
0 0.20728515625 0.528359375 0.00927734375 0.007089843749999991
0 0.2073046875 0.53625 0.008730468749999998 0.009160156250000107
0 0.19712890625 0.54490234375 0.006113281249999991 0.005878906249999982
0 0.23548828125 0.5025 0.007949218749999987 0.010839843749999911
0 0.22509765625 0.48927734375 0.008066406249999991 0.00822265624999996
0 0.2137890625 0.49705078125 0.007421875000000022 0.007949218750000098
0 0.21373046875 0.47861328125 0.00728515624999998 0.009375000000000022
0 0.2044921875 0.48587890625 0.007128906250000011 0.007871093749999947
0 0.194375 0.4858984375 0.007460937499999987 0.009082031249999956
0 0.17869140625 0.46076171875 0.0069531250000000044 0.009121093750000031
0 0.15703125 0.45607421875 0.007656249999999976 0.00830078125
0 0.14919921875 0.466015625 0.008007812499999989 0.007539062500000027
0 0.1639453125 0.47166015625 0.006601562499999991 0.007480468749999969
0 0.1524609375 0.4849609375 0.009394531250000004 0.011210937500000018
0 0.157890625 0.5434765625 0.005957031250000022 0.008203125000000089
0 0.151640625 0.532109375 0.0077343750000000155 0.007734375000000071
0 0.137421875 0.5287890625 0.00732421875 0.007988281250000062
0 0.12576171875 0.53373046875 0.0074414062500000044 0.007558593750000009
0 0.1298046875 0.5090625 0.007519531249999989 0.007929687499999893
0 0.14626953125 0.50763671875 0.009023437500000009 0.00796875000000008
0 0.1776953125 0.5195703125 0.008417968750000004 0.0078125
0 0.1687109375 0.5018359375 0.007011718750000007 0.006054687500000044
0 0.16845703125 0.4923046875 0.006503906250000024 0.007011718749999951
0 0.18662109375 0.51087890625 0.0074023437499999845 0.007597656249999973
0 0.19392578125 0.6150390625 0.006582031250000009 0.009550781249999973
0 0.21876953125 0.6378515625 0.007656249999999976 0.008320312499999982
0 0.2156640625 0.65126953125 0.007753906249999998 0.008261718750000036
0 0.2250390625 0.663359375 0.007382812500000002 0.01009765624999992
0 0.2384375 0.67564453125 0.008124999999999993 0.009003906250000027
0 0.40009765625 0.33779296875 0.009179687499999978 0.009707031250000053
0 0.41853515625 0.36111328125 0.0069531250000000044 0.009335937499999947
0 0.368046875 0.373046875 0.006816406250000018 0.010507812499999991
0 0.361875 0.4159375 0.007519531250000044 0.01017578124999996
0 0.39076171875 0.388046875 0.009179687499999978 0.008808593749999982
0 0.40232421875 0.411484375 0.008535156250000009 0.009218750000000053
0 0.4215234375 0.399921875 0.0078125 0.009863281250000022
0 0.379609375 0.42572265625 0.006699218750000013 0.009335937499999947
0 0.3583984375 0.443203125 0.0073632812499999645 0.009746093750000018
0 0.35017578125 0.45587890625 0.007910156250000022 0.008437499999999987
0 0.3409375 0.4628515625 0.00740234375000004 0.009394531250000004
0 0.34126953125 0.4882421875 0.008242187500000053 0.009179687499999978
0 0.35541015625 0.470546875 0.009316406249999964 0.009453124999999951
0 0.35521484375 0.483671875 0.008925781249999987 0.010234375000000018
0 0.35923828125 0.49134765625 0.008476562499999951 0.008007812500000044
0 0.38146484375 0.43609375 0.011562500000000031 0.01082031250000004
0 0.4052734375 0.43171875 0.008203124999999978 0.009453124999999951
0 0.41662109375 0.4196484375 0.006503906249999969 0.009082031249999956
0 0.4207421875 0.431953125 0.007382812499999947 0.008769531250000018
0 0.42169921875 0.443203125 0.008730468750000053 0.009746093750000018
0 0.4365625 0.4171875 0.00732421875 0.007187500000000013
0 0.43251953125 0.4375 0.00732421875 0.009531249999999991
0 0.4403125 0.4392578125 0.007421875000000022 0.009804687499999964
0 0.36130859375 0.51146484375 0.008652343750000013 0.009140624999999902
0 0.32658203125 0.524609375 0.008320312499999982 0.00765624999999992
0 0.475234375 0.44947265625 0.0067968750000000355 0.009140625000000013
0 0.49423828125 0.4221875 0.009492187500000027 0.009472656250000044
0 0.496953125 0.44240234375 0.007109374999999973 0.007753906250000053
0 0.4821875 0.441328125 0.008437499999999987 0.009023437500000009
0 0.486640625 0.44966796875 0.008496093750000044 0.008535156250000009
0 0.51677734375 0.370078125 0.007519531250000044 0.008691406249999978
0 0.517890625 0.34662109375 0.008769531250000018 0.010312499999999947
0 0.52552734375 0.25806640625 0.008828124999999964 0.009667968749999978
0 0.90240234375 0.11310546875 0.009238281250000036 0.009570312500000011
0 0.865390625 0.10689453125 0.008710937500000071 0.011074218750000003
0 0.85833984375 0.09634765625 0.007929687499999893 0.00832031250000001
0 0.8512109375 0.0663671875 0.00927734375 0.009628906249999986
0 0.829921875 0.052109375 0.012343750000000098 0.010585937500000003
0 0.83193359375 0.02646484375 0.008574218749999973 0.0094140625
0 0.83673828125 0.01248046875 0.007636718749999938 0.009296875
0 0.86654296875 0.028691406250000002 0.01041015625000008 0.011660156249999998
0 0.86888671875 0.041171875 0.008437500000000098 0.0087890625
0 0.8708984375 0.0052343749999999994 0.009140624999999902 0.00763671875
0 0.85216796875 0.0038671875 0.007851562499999964 0.00765625
0 0.9087109375 0.014707031249999999 0.011269531249999964 0.01154296875
0 0.84634765625 0.01990234375 0.011796874999999929 0.008867187499999998
0 0.85048828125 0.0359765625 0.01171875 0.016210937499999994
0 0.911328125 0.06541015625 0.007031250000000044 0.008261718750000008
0 0.920625 0.0790625 0.01058593749999992 0.010527343750000001
0 0.9591015625 0.0062109374999999994 0.007929687499999893 0.0084375
0 0.96337890625 0.001796875 0.007558593750000009 0.00359375
0 0.957109375 0.04560546875 0.008398437499999911 0.010390625
0 0.93345703125 0.0416796875 0.006757812500000071 0.007558593749999995
0 0.941640625 0.03955078125 0.008066406249999991 0.008320312499999996
0 0.93939453125 0.047578125 0.008574218749999973 0.0076757812499999994
0 0.9447265625 0.0558203125 0.010332031249999929 0.011328124999999994
0 0.93546875 0.0565234375 0.00796875000000008 0.0094140625
0 0.98421875 0.07234375 0.008613281249999938 0.009316406249999992
0 0.97638671875 0.0771875 0.009101562499999938 0.010078124999999993
0 0.96078125 0.08490234375 0.008515625000000027 0.00828124999999999
0 0.9624609375 0.0969140625 0.007402343749999929 0.008886718749999994
0 0.9890234375 0.0909375 0.008203125000000089 0.010878906249999987
0 0.98849609375 0.12796875 0.008261718750000036 0.010898437500000024
0 0.98328125 0.1411328125 0.0072851562500000355 0.009921875000000024
0 0.96892578125 0.14291015625 0.006406249999999947 0.00736328125000002
0 0.9888671875 0.1030859375 0.006777343750000053 0.006777343749999998