0 0.09572265625 0.1702734375 0.008164062499999986 0.010605468750000013
0 0.0873828125 0.18654296875 0.010781249999999992 0.011621093749999978
0 0.109296875 0.17859375 0.008828124999999992 0.010878906249999987
0 0.1160546875 0.172578125 0.007675781250000013 0.009433593750000024
0 0.1233984375 0.17673828125 0.007597656250000001 0.0074414062500000044
0 0.146796875 0.1629296875 0.008730468749999998 0.010078124999999993
0 0.1175390625 0.19544921875 0.011308593750000012 0.010156249999999978
0 0.09375 0.21740234375 0.0072265625000000056 0.009023437500000009
0 0.10919921875 0.2184765625 0.00876953124999999 0.009472656249999989
0 0.10939453125 0.24849609375000004 0.008359375000000002 0.0087890625
0 0.10935546875 0.26708984375 0.009003906249999999 0.008320312499999982
0 0.13474609375 0.24998046874999996 0.008437499999999987 0.009257812500000018
0 0.12333984375000001 0.21373046875 0.007460937499999987 0.007480468750000024
0 0.15134765625 0.21103515625 0.00882812500000002 0.009140625000000013
0 0.16431640625 0.22673828125 0.008417968750000004 0.008417968750000004
0 0.13171875 0.20181640625 0.007480468750000024 0.0074023437499999845
0 0.13197265625 0.21177734375 0.0074414062500000044 0.007656249999999976
0 0.1516015625 0.17873046875 0.008984374999999989 0.009531249999999991
0 0.173984375 0.1425 0.008066406249999991 0.008769531250000018
0 0.17013671875 0.12517578125 0.008886718750000022 0.008105468750000011
0 0.16119140625 0.18396484375 0.00638671875000002 0.008320312499999982
0 0.17048828125 0.1770703125 0.007460937499999987 0.007871093750000002
0 0.17814453125 0.17576171875 0.0068359375 0.008378906249999984
0 0.18349609375 0.1679296875 0.007988281250000007 0.008124999999999993
0 0.189765625 0.1578515625 0.00777343749999998 0.008144531249999976
0 0.1737890625 0.212890625 0.005585937500000027 0.00830078125
0 0.1900390625 0.2246484375 0.006738281249999978 0.008984374999999989
0 0.15431640625 0.24630859375 0.005917968750000002 0.007128906250000011
0 0.17734375 0.25794921875 0.008437499999999987 0.00919921874999996
0 0.18568359375 0.27181640625 0.008124999999999993 0.008242187500000053
0 0.17361328125 0.2984765625 0.00736328125000002 0.008476562499999951
0 0.19021484375 0.29181640625 0.007109374999999973 0.008964843749999951
0 0.19716796875 0.24775390625 0.00931640625000002 0.008984375000000044
0 0.20755859375 0.3157421875 0.007265624999999998 0.009003906250000027
0 0.2148828125 0.31515625 0.005429687500000002 0.007832031249999982
0 0.2196484375 0.2610546875 0.007011718750000007 0.00984375000000004
0 0.22986328125 0.27416015625 0.006738281249999978 0.007109374999999973
0 0.2228515625 0.271171875 0.007031249999999989 0.008808593749999982
0 0.21615234375 0.2727734375 0.0069140624999999845 0.010097656250000031
0 0.21982421875 0.24593750000000003 0.00736328125000002 0.008554687499999991
0 0.2165234375 0.29419921875 0.006621093749999973 0.006816406250000018
0 0.22482421875 0.300703125 0.009941406250000007 0.007089843749999991
0 0.23912109375 0.29982421875 0.007187500000000013 0.0074414062500000044
0 0.24906249999999996 0.29462890625 0.0074414062500000044 0.00927734375
0 0.20607421875 0.21056640625 0.006933593750000022 0.008437499999999987
0 0.18685546875 0.18912109375 0.006738281249999978 0.008007812499999989
0 0.20029296875 0.17283203125 0.007578124999999991 0.00785156250000002
0 0.206875 0.18037109375 0.008886718750000022 0.006992187500000024
0 0.22083984375 0.17556640625 0.009375000000000022 0.008535156250000009
0 0.21591796875 0.19318359375 0.006445312500000022 0.008164062500000013
0 0.22546875 0.19099609375 0.006972656249999987 0.008046875000000009
0 0.17263671875 0.2214453125 0.006972656249999987 0.007343749999999982
0 0.17546875 0.1853125 0.008398437500000022 0.009433593750000024
0 0.24099609375 0.206875 0.007226562499999978 0.008984374999999989
0 0.23970703125 0.19263671875 0.008359375000000002 0.00923828124999998
0 0.23404296875 0.18517578125 0.007636718749999993 0.008085937499999973
0 0.25818359375 0.20109375 0.008144531250000031 0.007519531249999989
0 0.27533203125 0.1972265625 0.008457031249999969 0.00882812500000002
0 0.28640625 0.1891015625 0.006699218750000013 0.008515625000000027
0 0.300859375 0.1795703125 0.0074414062500000044 0.008593750000000011
0 0.26126953125 0.2271484375 0.007421875000000022 0.009199218750000016
0 0.2683203125 0.23017578125 0.006621093749999973 0.00833984375000002
0 0.29412109375 0.2378125 0.008828124999999964 0.008222656250000016
0 0.2548828125 0.24205078125 0.010019531249999991 0.00874999999999998
0 0.24892578125 0.28029296875 0.006992187500000024 0.007167968750000031
0 0.24916015625 0.273828125 0.006542968750000044 0.006367187499999982
0 0.26419921875 0.25525390625 0.007968749999999969 0.007011718749999951
0 0.26177734375 0.286484375 0.0073632812499999645 0.007851562499999964
0 0.279140625 0.30494140625 0.009160156249999996 0.008144531250000031
0 0.2355078125 0.346484375 0.00634765625 0.0072851562500000355
0 0.25654296875 0.33677734375 0.0064648437500000044 0.007011718749999951
0 0.26236328125 0.31470703125 0.006933593750000022 0.006406249999999947
0 0.2716796875 0.32322265625 0.009121093750000031 0.010683593750000053
0 0.288203125 0.32517578125 0.009746093750000018 0.010351562500000022
0 0.30904296875 0.333984375 0.00789062500000004 0.008339843749999964
0 0.30490234375 0.32150390625 0.008105468749999956 0.00724609374999996
0 0.29216796875 0.30876953125 0.009179687499999978 0.010449218750000044
0 0.2869921875 0.279765625 0.006249999999999978 0.006621093749999973
0 0.28626953125 0.26962890625 0.006972656249999987 0.008144531250000031
0 0.2851171875 0.26021484375 0.007851562499999964 0.007343749999999982
0 0.2576953125 0.26833984375 0.009824218749999947 0.009785156249999982
0 0.304296875 0.26744140625 0.007421875000000022 0.008027343750000027
0 0.3164453125 0.28509765625 0.007304687500000018 0.008261718750000036
0 0.22068359375 0.23265625 0.00589843750000002 0.009589843749999993
0 0.19296875 0.1239453125 0.009414062499999987 0.010117187499999986
0 0.20736328125 0.1309375 0.0074023437499999845 0.007421875000000022
0 0.1944921875 0.1434765625 0.007089843749999991 0.0076953124999999956
0 0.24111328125 0.15546875 0.007460937499999987 0.007636718749999993
0 0.22166015625 0.1594140625 0.006777343749999998 0.008066406249999991
0 0.23615234375 0.1353125 0.006015625000000024 0.007675781250000013
0 0.242421875 0.12873046875 0.0074414062500000044 0.00830078125
0 0.21875 0.1183203125 0.0057421874999999956 0.007558593750000009
0 0.20818359375 0.11150390625 0.0074414062500000044 0.008847656250000002
0 0.2185546875 0.10162109375 0.008007812499999989 0.007753906249999998
0 0.2290625 0.11005859375 0.008320312499999982 0.008671874999999996
0 0.2348046875 0.11767578125 0.007050781250000027 0.009062500000000001
0 0.27015625 0.1383203125 0.007675781250000013 0.009472656249999989
0 0.2794140625 0.153515625 0.008125000000000049 0.010117187500000013
0 0.286484375 0.158984375 0.0063085937500000355 0.007753906249999998
0 0.29779296875 0.15830078125 0.007167968750000031 0.009570312500000011
0 0.2894921875 0.13904296875 0.008105468749999956 0.008769531250000018
0 0.28302734375 0.126953125 0.008964843749999951 0.009003906250000027
0 0.2781640625 0.1192578125 0.007089843749999991 0.008750000000000008
0 0.23341796875 0.0614453125 0.006503906250000024 0.007070312500000009
0 0.28517578125 0.11041015625 0.008476562499999951 0.007265624999999998
0 0.22466796875 0.05673828125 0.0052539062499999956 0.005781250000000002
0 0.2146484375 0.05263671875 0.008710937500000016 0.008046874999999995
0 0.25470703125 0.00578125 0.007539062500000027 0.008828125
0 0.2626953125 0.001953125 0.005859375 0.00390625
0 0.27927734375 0.020390625 0.00837890625000004 0.009921875000000004
0 0.30875 0.12916015625 0.0072851562500000355 0.008652343750000013
0 0.31138671875 0.12419921875 0.006738281249999978 0.008632812499999976
0 0.32091796875 0.3294140625 0.011210937500000018 0.009609375000000031
0 0.346015625 0.348359375 0.008769531250000018 0.010449218750000044
0 0.36216796875 0.3319140625 0.006933593750000022 0.008242187500000053
0 0.35091796875 0.33287109375 0.006992187499999969 0.007851562499999964
0 0.32611328125 0.29369140625 0.00830078125 0.011074218750000031
0 0.352578125 0.295234375 0.007792968750000018 0.009023437500000009
0 0.34517578125 0.26533203125 0.007636718750000049 0.008164062500000013
0 0.3466796875 0.2575 0.007187500000000013 0.008105468749999956
0 0.3534765625 0.24972656249999997 0.008066406249999991 0.008164062500000013
0 0.354375 0.261171875 0.008085937499999973 0.008496093750000044
0 0.363515625 0.2586328125 0.007617187499999956 0.007617187499999956
0 0.36677734375 0.269140625 0.008046875000000009 0.008828124999999964
0 0.39236328125 0.27248046875 0.008281250000000018 0.00935546875000004
0 0.3778515625 0.2656640625 0.007070312500000009 0.008808593749999982
0 0.37419921875 0.25400390625 0.006113281249999991 0.008632812500000031
0 0.3840625 0.2540234375 0.007304687500000018 0.008085937499999973
0 0.382421875 0.23740234375 0.007499999999999951 0.0072460937500000155
0 0.38966796875 0.2478515625 0.0069531250000000044 0.009062499999999973
0 0.4006640625 0.25208984375 0.00871093749999996 0.008847656249999947
0 0.33380859375 0.08375 0.008652343750000013 0.009472656249999989
0 0.344921875 0.04328125 0.006582031250000009 0.0072265625000000056
0 0.33830078125 0.0398046875 0.007187500000000013 0.0072265625000000056
0 0.3409375 0.03529296875 0.007851562499999964 0.008007812500000003
0 0.3948828125 0.0183984375 0.008125000000000049 0.00666015625
0 0.41673828125 0.0158203125 0.0072851562500000355 0.009003906249999999
0 0.424765625 0.0050195312500000006 0.00773437499999996 0.00763671875
0 0.41341796875 0.00474609375 0.006445312500000022 0.007109374999999999
0 0.4084375 0.00677734375 0.008632812500000031 0.007695312500000001
0 0.45669921875 0.0049609375 0.007929687500000004 0.00927734375
0 0.46671875 0.016015625 0.00830078125 0.009375000000000001
0 0.4580078125 0.0204296875 0.007109374999999973 0.007246093750000002
0 0.44705078125 0.06666015625 0.006582031250000009 0.0077148437500000056
0 0.432421875 0.072578125 0.007421875000000022 0.008535156250000009
0 0.4935546875 0.04154296875 0.007031250000000044 0.008378906249999998
0 0.46591796875 0.10462890625 0.009609375000000031 0.009570312500000011
0 0.4824609375 0.0887109375 0.008554687499999991 0.010156250000000006
0 0.46181640625 0.1222265625 0.0077734375000000355 0.007148437499999993
0 0.46107421875 0.15609375 0.0074414062500000044 0.008359375000000002
0 0.4712890625 0.1680078125 0.008183593749999996 0.008496093749999989
0 0.48625 0.14240234375 0.009003906250000027 0.008632812499999976
0 0.494375 0.15783203125 0.009257812500000018 0.008964843750000007
0 0.47029296875 0.144140625 0.011992187499999973 0.013398437500000027
0 0.4871875 0.102890625 0.007617187499999956 0.008398437499999994
0 0.4923046875 0.11826171875 0.007988281249999951 0.00734375000000001
0 0.4946875 0.13271484375 0.008125000000000049 0.012519531249999993
0 0.49646484375 0.09587890625 0.00765624999999992 0.0076953124999999956
0 0.495703125 0.08673828125 0.008417968750000004 0.009687499999999988
0 0.50873046875 0.34615234375 0.007539062500000027 0.008320312499999982
0 0.52138671875 0.334921875 0.008613281249999938 0.007656250000000031
0 0.530078125 0.34076171875 0.008085937499999973 0.0072070312499999956
0 0.52435546875 0.34994140625 0.0067968750000000355 0.007656250000000031
0 0.5196875 0.35580078125 0.008124999999999938 0.008242187500000053
0 0.6233203125 0.296875 0.007109374999999973 0.008554687499999991
0 0.6430859375 0.2968359375 0.006445312499999911 0.007988281249999951
0 0.57275390625 0.29388671875 0.009648437500000107 0.01082031250000004
0 0.571328125 0.28255859375 0.007753906250000053 0.009472656250000044
0 0.57462890625 0.27302734375 0.008066406249999991 0.011249999999999982
0 0.55322265625 0.26169921875 0.007402343749999929 0.008417968750000004
0 0.53421875 0.25560546875 0.00716796874999992 0.009804687499999964
0 0.5465234375 0.2537109375 0.008515625000000027 0.007968749999999969
0 0.55474609375 0.24837890625 0.008496093750000044 0.008457031250000024
0 0.55533203125 0.2394140625 0.007519531250000044 0.006933593750000022
0 0.5655859375 0.24365234375 0.006914062499999929 0.008203124999999978
0 0.57369140625 0.22978515625 0.008613281249999938 0.010000000000000009
0 0.5634765625 0.23572265625 0.006582031250000009 0.007832031249999982
0 0.554609375 0.2303125 0.008730468750000053 0.009140625000000013
0 0.523359375 0.2185546875 0.007714843750000089 0.008398437500000022
0 0.528515625 0.19517578125 0.006894531249999947 0.009570312500000011
0 0.54078125 0.189296875 0.009160156250000107 0.009433593750000024
0 0.53810546875 0.20484375 0.006718750000000107 0.008574218749999973
0 0.5341015625 0.2245703125 0.007402343749999929 0.008281250000000018
0 0.545625 0.21388671875 0.007695312500000107 0.007167968749999976
0 0.54033203125 0.21662109375 0.006816406250000018 0.008378906249999984
0 0.580390625 0.20939453125 0.00796875000000008 0.007500000000000007
0 0.569453125 0.1724609375 0.006933593749999911 0.008710937500000016
0 0.58294921875 0.1844921875 0.006777343750000053 0.007578124999999991
0 0.58068359375 0.19408203125 0.007597656249999973 0.00785156250000002
0 0.588359375 0.1921875 0.007421874999999911 0.007949218749999987
0 0.6068359375 0.19623046875 0.006113281249999991 0.010683593749999998
0 0.600625 0.188671875 0.0072851562500000355 0.0072070312499999956
0 0.5903515625 0.2016015625 0.009472656250000044 0.008359375000000002
0 0.58115234375 0.20232421875 0.007539062500000027 0.0069140624999999845
0 0.57232421875 0.19763671875 0.004902343749999982 0.007226562499999978
0 0.59966796875 0.2715234375 0.008750000000000036 0.009218750000000053
0 0.60794921875 0.2636328125 0.0073632812499999645 0.009414062499999987
0 0.62705078125 0.26486328125 0.008281250000000018 0.010878906249999987
0 0.63490234375 0.27912109375 0.008984375000000044 0.008925781249999987
0 0.63638671875 0.25849609375 0.009042968749999991 0.011269531249999964
0 0.60986328125 0.237890625 0.008281250000000018 0.009257812500000018
0 0.6132421875 0.2287109375 0.008437500000000098 0.00882812500000002
0 0.62322265625 0.22248046875 0.008359374999999947 0.008964843750000007
0 0.633828125 0.22466796875 0.006816406250000018 0.008476562500000007
0 0.642890625 0.223359375 0.007500000000000062 0.00830078125
0 0.63806640625 0.24390625 0.006113281249999991 0.008691406249999978
0 0.6284765625 0.24896484375 0.009531249999999991 0.0072070312499999956
0 0.6219921875 0.237890625 0.0073632812499999645 0.009257812500000018
0 0.62892578125 0.23638671875 0.006230468750000107 0.008183593749999996
0 0.50958984375 0.15990234375 0.007792968750000018 0.008281250000000018
0 0.511328125 0.14873046875 0.008847656249999947 0.009199218750000016
0 0.510078125 0.12783203125 0.008769531250000018 0.008203124999999978
0 0.50130859375 0.113203125 0.007695312500000107 0.007871093750000002
0 0.53119140625 0.09462890625 0.008886718749999911 0.010449218749999989
0 0.5447265625 0.08962890625 0.008828124999999964 0.009179687500000006
0 0.5158203125 0.07208984375 0.00765624999999992 0.008496093749999989
0 0.50498046875 0.05671875 0.0072851562500000355 0.008769531250000004
0 0.51150390625 0.02560546875 0.008710937500000071 0.008535156250000002
0 0.5132421875 0.03904296875 0.007832031249999982 0.008261718749999994
0 0.51728515625 0.0515625 0.005585937500000027 0.007636718749999993
0 0.5357421875 0.06833984375 0.008007812500000044 0.008242187499999998
0 0.54521484375 0.05841796875 0.008320312499999982 0.009257812500000004
0 0.5215625 0.03294921875 0.008027343750000027 0.0076953124999999956
0 0.5273046875 0.0139453125 0.009316406249999964 0.013281249999999998
0 0.54578125 0.01681640625 0.009960937500000044 0.010332031249999998
0 0.5419140625 0.0031640625 0.007539062500000027 0.006308593750000001
0 0.56173828125 0.0055078125 0.007460937500000098 0.00853515625
0 0.566171875 0.0152734375 0.008105468749999956 0.008671875000000002
0 0.5593359375 0.052578125 0.007519531250000044 0.008203125000000006
0 0.5575390625 0.04513671875 0.010234375000000018 0.010761718749999996
0 0.575546875 0.04509765625 0.007519531250000044 0.008007812500000003
0 0.59845703125 0.06361328125 0.007753906250000053 0.009472656249999989
0 0.56544921875 0.1034765625 0.00716796874999992 0.00927734375
0 0.58642578125 0.105078125 0.006484375000000098 0.009550781250000001
0 0.617265625 0.0646484375 0.008593749999999956 0.009121093750000003
0 0.5380078125 0.13658203125 0.00650390625000008 0.009101562499999993
0 0.54650390625 0.1414453125 0.008964843750000062 0.010136718749999996
0 0.5591796875 0.14552734375 0.007187499999999902 0.007617187500000011
0 0.55056640625 0.15736328125 0.008847656249999947 0.009023437500000009
0 0.59359375 0.1250390625 0.009667968750000089 0.008808593749999982
0 0.61384765625 0.13818359375 0.006582031250000009 0.008457031250000024
0 0.6133984375 0.1562890625 0.008105468749999956 0.00833984375000002
0 0.64099609375 0.142109375 0.008066406249999991 0.009492187500000027
0 0.62525390625 0.12517578125 0.009042968749999991 0.010507812499999991
0 0.630859375 0.16498046875 0.00863281249999992 0.01021484374999998
0 0.60154296875 0.161171875 0.005683593749999938 0.0074414062500000044
0 0.592578125 0.1616796875 0.00716796874999992 0.007949218749999987
0 0.59291015625 0.14484375 0.0078125 0.009179687499999978
0 0.6077734375 0.1018359375 0.007031250000000044 0.009394531250000004
0 0.60115234375 0.10505859375 0.00732421875 0.009023437500000009
0 0.5675 0.15984375 0.009785156249999982 0.010585937499999976
0 0.55939453125 0.20435546875 0.007617187499999956 0.007109374999999973
0 0.53513671875 0.030468749999999996 0.007050781250000027 0.008085937500000001
0 0.62158203125 0.007753906250000001 0.007988281250000062 0.0081640625
0 0.63763671875 0.01771484375 0.007187499999999902 0.00875
0 0.64126953125 0.040703125 0.010078124999999938 0.009667968750000006
0 0.6401171875 0.0524609375 0.008281250000000018 0.007988281250000007
0 0.62994140625 0.0641796875 0.0067968750000000355 0.008339843749999992
0 0.63298828125 0.083125 0.008066406249999991 0.00828124999999999
0 0.4697265625 0.0359765625 0.007519531250000044 0.0074609375000000006
0 0.61265625 0.2551171875 0.006757812500000071 0.007343749999999982
0 0.6516796875 0.25826171875 0.0067968750000000355 0.008769531250000018
0 0.65744140625 0.243359375 0.0063867187499999645 0.007148437499999993
0 0.66529296875 0.25263671875 0.006914062499999929 0.006738281249999978
0 0.65818359375 0.23462890625 0.009511718750000009 0.010585937499999976
0 0.65560546875 0.20853515625 0.008203125000000089 0.008945312500000024
0 0.6708984375 0.2071875 0.010507812499999991 0.008398437500000022
0 0.662109375 0.144765625 0.008769531250000018 0.009414062499999987
0 0.71275390625 0.156328125 0.008984375000000044 0.009003906250000027
0 0.7251953125 0.164375 0.008183593750000107 0.008398437500000022
0 0.72455078125 0.1542578125 0.009062499999999973 0.009140625000000013
0 0.7262109375 0.13703125 0.012812499999999893 0.011503906249999973
0 0.6718359375 0.19287109375 0.007675781249999902 0.007578124999999991
0 0.67087890625 0.1812890625 0.007011718750000062 0.007714843749999978
0 0.71109375 0.0188671875 0.008105468749999956 0.010332031249999998
0 0.70890625 0.03224609375 0.008808593749999982 0.010546874999999997
0 0.6659765625 0.0196875 0.008535156250000009 0.008847656250000002
0 0.6728125 0.045234375 0.010058593749999956 0.009179687500000006
0 0.6810546875 0.0520703125 0.006269531250000071 0.0072070312499999956
0 0.69205078125 0.05376953125 0.007128906249999956 0.007089843750000005
0 0.708828125 0.07 0.007910156249999911 0.00828124999999999
0 0.65708984375 0.05087890625 0.010273437499999982 0.007968749999999997
0 0.66875 0.058339843749999995 0.007011718750000062 0.008417968750000004
0 0.6474609375 0.014863281250000002 0.006699218749999902 0.00666015625
0 0.6688671875 0.0017578125 0.007187499999999902 0.003515625
0 0.68390625 0.00169921875 0.00830078125 0.0033984375
0 0.65318359375 0.0069921875 0.007128906249999956 0.006582031250000002
0 0.69982421875 0.02259765625 0.00748046875000008 0.007578124999999998
0 0.66021484375 0.030390624999999998 0.008281250000000018 0.006757812500000002
0 0.6613671875 0.03771484375 0.009238281250000036 0.007304687500000004
0 0.65552734375 0.0403125 0.007597656249999973 0.007656250000000003
0 0.60291015625 0.0769921875 0.009453125000000062 0.0078125
0 0.65271484375 0.1128125 0.006972656250000098 0.008378906250000012
0 0.5496875 0.29591796875 0.007539062500000027 0.008945312499999969
0 0.44626953125 0.03404296875 0.007597656249999973 0.007539062499999999
0 0.4621484375 0.03890625 0.007597656249999973 0.008554687500000005
0 0.574375 0.151875 0.006582031250000009 0.006992187500000024
0 0.5712109375 0.1452734375 0.007421874999999911 0.007636718749999993
0 0.69291015625 0.15271484375 0.009414062500000098 0.009843749999999984