0 0.734375 0.4833984375 0.017578125 0.01953125
0 0.8251953125 0.3974609375 0.015625 0.01953125
0 0.8681640625 0.3974609375 0.017578125 0.01953125
0 0.677734375 0.7431640625 0.013671875 0.013671875
0 0.931640625 0.3896484375 0.015625 0.015625
0 0.93359375 0.40234375 0.013671875 0.013671875
0 0.9267578125 0.4150390625 0.01171875 0.01171875
0 0.947265625 0.4326171875 0.017578125 0.015625
0 0.9599609375 0.4384765625 0.013671875 0.017578125
0 0.9365234375 0.466796875 0.01171875 0.013671875
0 0.947265625 0.4912109375 0.009765625 0.013671875
0 0.763671875 0.6142578125 0.009765625 0.017578125
0 0.787109375 0.6953125 0.013671875 0.01953125
0 0.787109375 0.7529296875 0.013671875 0.01953125
0 0.78125 0.7802734375 0.015625 0.01953125
0 0.876953125 0.8642578125 0.013671875 0.017578125
0 0.75 0.9716796875 0.017578125 0.015625
0 0.095703125 0.1796875 0.015625 0.017578125
0 0.0224609375 0.1552734375 0.015625 0.015625
0 0.037109375 0.2080078125 0.01171875 0.013671875