0 0.013945312500000001 0.25728515625 0.02072265625 0.01953125
0 0.0512109375 0.44125 0.0179296875 0.0016015624999999867
0 0.05640625 0.31310546875 0.020332031250000007 0.01953125
0 0.12615234375 0.30751953125 0.018730468750000007 0.01873046874999995
0 0.1076171875 0.32365234375 0.014355468749999989 0.01593750000000005
0 0.095859375 0.37587890625 0.015546874999999988 0.019140625000000022
0 0.07154296875 0.35255859375 0.015546874999999988 0.013945312499999973
0 0.04783203125 0.347578125 0.015937500000000007 0.016738281249999987
0 0.017734375 0.3930078125 0.016347656250000002 0.015156249999999982
0 0.21962890625 0.37947265625 0.015937499999999993 0.019921874999999978
0 0.2848046875 0.36232421875 0.01554687499999996 0.01593750000000005
0 0.2660546875 0.31748046875 0.014746093750000022 0.013144531250000036
0 0.214453125 0.3987890625 0.01753906249999998 0.013945312499999973
0 0.22521484375 0.41533203125 0.013554687499999996 0.013554687499999996
0 0.239765625 0.415546875 0.017148437500000002 0.01634765625000001
0 0.265859375 0.44224609375 0.020722656250000027 0.014746093750000022
0 0.29296875 0.42609375 0.014355468750000044 0.012753906249999947
0 0.299140625 0.45779296875 0.017929687500000013 0.017148437499999947
0 0.29595703125 0.48330078125 0.013144531250000036 0.01634765625000001
0 0.27642578125 0.50642578125 0.013945312499999973 0.015546875000000071
0 0.298359375 0.5155859375 0.012363281249999969 0.013945312499999973
0 0.285390625 0.52953125 0.01593750000000005 0.021132812500000098
0 0.19591796875 0.4920703125 0.01314453124999998 0.01554687499999996
0 0.1524609375 0.46994140625 0.01634765625000001 0.019921874999999978
0 0.08271484375 0.52255859375 0.015546874999999988 0.014355468750000044
0 0.0121484375 0.56302734375 0.013945312499999998 0.01634765625000001
0 0.0059765625 0.5444921875 0.011953125 0.012753906249999947
0 0.2030859375 0.44822265625 0.01634765625000001 0.01634765625000001
0 0.40697265625 0.416328125 0.017539062500000036 0.01554687499999996
0 0.4005859375 0.53791015625 0.017539062500000036 0.017148437499999947
0 0.487890625 0.57916015625 0.017539062500000036 0.015937499999999938
0 0.728046875 0.39740234375 0.018730468750000062 0.018339843749999973
0 0.7437890625 0.5408984375 0.014355468750000044 0.018339843749999973
0 0.7539453125 0.56541015625 0.017929687499999902 0.017929687499999902
0 0.77408203125 0.57697265625 0.018339843749999973 0.01634765625000001
0 0.82869140625 0.52515625 0.011152343750000071 0.013945312499999973
0 0.84322265625 0.57138671875 0.01634765625000001 0.015546875000000071
0 0.17916015625 0.66724609375 0.01634765625000001 0.011953125000000009
0 0.11857421874999999 0.70212890625 0.017148437500000002 0.014746093749999911
0 0.0251171875 0.6776171875 0.017539062500000008 0.015156249999999982
0 0.03626953125 0.7459765625 0.01673828125 0.014746093749999911
0 0.009375 0.741796875 0.014746093749999998 0.013554687500000107
0 0.0623828125 0.78423828125 0.0179296875 0.015546875000000071
0 0.07892578125 0.82091796875 0.021523437499999992 0.017148437499999947
0 0.1391015625 0.85359375 0.019140625000000022 0.013945312499999973
0 0.05640625 0.93490234375 0.013144531249999994 0.013945312499999973
0 0.07154296875 0.96041015625 0.013144531250000008 0.013144531250000036
0 0.0880859375 0.9721875 0.015937499999999993 0.014355468750000044
0 0.38185546875 0.83345703125 0.016738281249999987 0.015937499999999938
0 0.36830078125 0.81751953125 0.013554687499999996 0.014355468750000044
0 0.41115234375 0.8045703125 0.017929687500000013 0.017929687499999902
0 0.39900390625 0.76509765625 0.01593750000000005 0.013945312499999973
0 0.4665625 0.7601171875 0.014746093750000022 0.013554687500000107
0 0.36072265625 0.72345703125 0.018339843749999973 0.017539062500000036
0 0.3611328125 0.7850390625 0.011953125000000009 0.014746093749999911
0 0.41294921875 0.90162109375 0.017539062500000036 0.014355468750000044
0 0.4316796875 0.9253515625 0.016738281249999987 0.014746093749999911
0 0.376484375 0.93849609375 0.025117187500000027 0.01634765625000001
0 0.3687109375 0.9803515625 0.018339843749999973 0.01634765625000001
0 0.39701171875 0.96740234375 0.015156249999999982 0.014355468750000044
0 0.4340625 0.95921875 0.016738281249999987 0.014746093749999911
0 0.46736328125 0.9745703125 0.017148437499999947 0.014355468750000044
0 0.6776171875 0.728828125 0.016738281250000098 0.015546875000000071
0 0.74080078125 0.7535546875 0.020332031249999938 0.017148437499999947
0 0.72904296875 0.769296875 0.015156249999999982 0.011953125000000009
0 0.6114453125 0.92234375 0.018339843749999973 0.014355468750000044
0 0.7734765625 0.85638671875 0.015546875000000071 0.015546875000000071
0 0.6389453125 0.94208984375 0.011953125000000009 0.008378906249999929
0 0.7810546875 0.88109375 0.014746093749999911 0.01634765625000001
0 0.80755859375 0.833671875 0.017539062500000036 0.013945312499999973
0 0.85458984375 0.8751171875 0.014355468750000044 0.018730468750000062
0 0.86595703125 0.9351171875 0.014746093749999911 0.015156249999999982
0 0.82091796875 0.95583984375 0.017148437499999947 0.016738281250000098
0 0.75953125 0.97716796875 0.015546875000000071 0.01953125
0 0.7653125 0.98494140625 0.013554687500000107 0.01914062499999991
0 0.74318359375 0.99505859375 0.020332031249999938 0.009882812499999893
0 0.96162109375 0.9803515625 0.01634765625000001 0.01634765625000001
0 0.9789453125 0.98931640625 0.01992187500000009 0.017539062500000036
0 0.83765625 0.911796875 0.01156249999999992 0.014746093749999911
0 0.8436328125 0.93869140625 0.013945312499999973 0.016738281250000098
0 0.8693359375 0.7091015625 0.014355468750000044 0.015156249999999982
0 0.900234375 0.732421875 0.013945312499999973 0.01236328125000008
0 0.91099609375 0.71208984375 0.017148437499999947 0.014746093749999911
0 0.8940625 0.6915625 0.018339843749999973 0.013554687500000107
0 0.92294921875 0.63755859375 0.017929687499999902 0.017148437499999947
0 0.90541015625 0.60287109375 0.018730468750000062 0.017148437499999947
0 0.84501953125 0.63216796875 0.016738281250000098 0.016738281250000098
0 0.93888671875 0.5648046875 0.015546875000000071 0.014355468750000044
0 0.8613671875 0.5915234375 0.014355468750000044 0.011953125000000009
0 0.89505859375 0.4573828125 0.013144531250000036 0.01873046874999995
0 0.91099609375 0.45998046875 0.013144531250000036 0.01593750000000005
0 0.9101953125 0.4765234375 0.015546875000000071 0.01634765625000001
0 0.92892578125 0.4418359375 0.015546875000000071 0.014746093750000022
0 0.92712890625 0.4609765625 0.01992187500000009 0.021914062500000053
0 0.965 0.4201171875 0.011152343750000071 0.021523437499999964
0 0.956640625 0.357734375 0.015937499999999938 0.01873046874999995
0 0.93830078125 0.32564453125 0.017539062500000036 0.014355468750000044
0 0.90421875 0.37787109375 0.015546875000000071 0.01593750000000005
0 0.54109375 0.60029296875 0.017148437499999947 0.014355468750000044
0 0.611640625 0.54169921875 0.013945312499999973 0.015156249999999982
0 0.5054296875 0.484296875 0.012753906249999947 0.01593750000000005
0 0.3513671875 0.6913671875 0.01873046874999995 0.020332031249999938
0 0.39701171875 0.679609375 0.015156249999999982 0.015937499999999938
0 0.5492578125 0.781640625 0.015156249999999982 0.014355468750000044
0 0.93611328125 0.532734375 0.01634765625000001 0.017929687499999902