0 0.0634765625 0.90234375 0.0078125 0.0078125
0 0.0439453125 0.89453125 0.005859375 0.0078125
0 0.0634765625 0.953125 0.005859375 0.005859375
0 0.076171875 0.953125 0.0078125 0.005859375
0 0.029296875 0.978515625 0.0078125 0.0078125
0 0.0244140625 0.9736328125 0.0078125 0.005859375
0 0.029296875 0.9482421875 0.0078125 0.005859375
0 0.0185546875 0.9375 0.005859375 0.005859375
0 0.0107421875 0.9912109375 0.005859375 0.005859375
0 0.0634765625 0.990234375 0.005859375 0.0078125
0 0.05859375 0.98046875 0.005859375 0.005859375
0 0.0986328125 0.990234375 0.005859375 0.0078125
0 0.1298828125 0.974609375 0.0078125 0.009765625
0 0.1298828125 0.955078125 0.0078125 0.0078125
0 0.08984375 0.994140625 0.005859375 0.009765625
0 0.078125 0.9951171875 0.0078125 0.005859375
0 0.0087890625 0.9462890625 0.005859375 0.005859375