0 0.0393359375 0.037734375 0.0184765625 0.0184765625
0 0.0261328125 0.01689453125 0.014257812500000001 0.016894531250000004
0 0.00501953125 0.0324609375 0.0100390625 0.013203124999999996
0 0.20033203125 0.0142578125 0.017421874999999976 0.013730468749999999
0 0.41701171875 0.17525390625 0.014785156249999987 0.01583984374999997
0 0.53025390625 0.2124609375 0.015312500000000062 0.01636718749999999
0 0.4178125 0.27501953125 0.014257812500000022 0.013730468749999947
0 0.7648828125 0.33123046875 0.017949218750000107 0.015312499999999951
0 0.81609375 0.3407421875 0.014785156250000098 0.01636718749999999
0 0.82505859375 0.3191015625 0.015839843750000027 0.01636718749999999
0 0.85990234375 0.34759765625 0.016894531249999956 0.01742187500000003
0 0.97287109375 0.47693359375 0.012675781250000018 0.014257812500000022
0 0.9601953125 0.46373046875 0.019003906250000036 0.01636718749999999
0 0.93353515625 0.45978515625 0.015312500000000062 0.014785156249999987
0 0.88048828125 0.4516015625 0.017949218750000107 0.03220703125000002
0 0.7844140625 0.46583984375 0.013730468749999947 0.013203124999999982
0 0.794453125 0.51916015625 0.014785156250000098 0.014257812499999911
0 0.80658203125 0.5576953125 0.014785156250000098 0.015312500000000062
0 0.835625 0.5666796875 0.011621093750000089 0.011093749999999902
0 0.94912109375 0.5687890625 0.012675781250000018 0.014257812499999911
0 0.81740234375 0.60810546875 0.014257812499999911 0.015839843750000027
0 0.8569921875 0.63740234375 0.014257812499999911 0.013203124999999982
0 0.876796875 0.6521875 0.017949218750000107 0.013203124999999982
0 0.95994140625 0.69732421875 0.01636718749999999 0.014785156250000098
0 0.8559375 0.83298828125 0.011093749999999902 0.013730468749999947
0 0.813984375 0.8889453125 0.014785156250000098 0.012675781250000018
0 0.62869140625 0.85435546875 0.011621093750000089 0.012148437500000053
0 0.6392578125 0.883125 0.012675781250000018 0.012675781250000018
0 0.606796875 0.98 0.014257812499999911 0.02480468750000009
0 0.44552734375 0.857265625 0.015839843750000027 0.012675781250000018
0 0.4133203125 0.8952734375 0.013730468749999947 0.012675781250000018
0 0.3980078125 0.90134765625 0.014785156249999987 0.013203124999999982
0 0.36291015625 0.8628125 0.01636718749999999 0.013203124999999982
0 0.35947265625 0.8422265625 0.013730468749999947 0.013203124999999982
0 0.29798828125 0.9364453125 0.012148437500000053 0.011621093750000089
0 0.22328125 0.92931640625 0.013730468750000002 0.014257812499999911
0 0.28822265625 0.759609375 0.013730468749999947 0.016894531249999956
0 0.2319921875 0.71103515625 0.010039062499999973 0.023222656249999973
0 0.3908984375 0.68544921875 0.012148437500000053 0.013203124999999982
0 0.35208984375 0.794453125 0.010566406250000049 0.013730468749999947
0 0.1929296875 0.6400390625 0.015312500000000007 0.01636718749999999
0 0.06755859375 0.69125 0.01583984375 0.015312500000000062
0 0.41939453125 0.68517578125 0.011093750000000013 0.013730468749999947
0 0.39958984375 0.79603515625 0.014785156249999987 0.014785156250000098
0 0.883125 0.10162109375 0.017949218750000107 0.014257812499999994