0 0.0361328125 0.0966796875 0.009765625 0.009765625
0 0.0146484375 0.150390625 0.0078125 0.009765625
0 0.0087890625 0.16015625 0.009765625 0.009765625
0 0.0234375 0.26953125 0.009765625 0.009765625
0 0.1123046875 0.2939453125 0.0078125 0.009765625
0 0.0029296875 0.2734375 0.005859375 0.01171875
0 0.1259765625 0.337890625 0.005859375 0.009765625
0 0.134765625 0.3525390625 0.0078125 0.0078125
0 0.134765625 0.34375 0.0078125 0.009765625
0 0.1240234375 0.3515625 0.005859375 0.0078125
0 0.015625 0.380859375 0.0078125 0.009765625
0 0.087890625 0.4267578125 0.0078125 0.009765625
0 0.1201171875 0.427734375 0.005859375 0.01171875
0 0.125 0.439453125 0.009765625 0.01171875
0 0.1044921875 0.4111328125 0.005859375 0.005859375
0 0.115234375 0.408203125 0.005859375 0.0078125
0 0.111328125 0.49609375 0.00390625 0.0078125
0 0.0615234375 0.5283203125 0.005859375 0.0078125
0 0.1171875 0.546875 0.0078125 0.009765625
0 0.001953125 0.5908203125 0.00390625 0.013671875
0 0.025390625 0.6025390625 0.01171875 0.01171875
0 0.0986328125 0.5810546875 0.009765625 0.009765625
0 0.078125 0.7578125 0.0078125 0.0078125
0 0.185546875 0.7138671875 0.0078125 0.009765625
0 0.162109375 0.7509765625 0.0078125 0.0078125
0 0.1337890625 0.7724609375 0.005859375 0.0078125
0 0.169921875 0.75390625 0.005859375 0.0078125
0 0.158203125 0.7919921875 0.0078125 0.01171875
0 0.2646484375 0.73828125 0.005859375 0.0078125
0 0.1748046875 0.8125 0.005859375 0.0078125
0 0.21875 0.7978515625 0.00390625 0.005859375
0 0.234375 0.79296875 0.00390625 0.0078125
0 0.2197265625 0.75 0.00390625 0.005859375
0 0.232421875 0.759765625 0.00390625 0.0078125
0 0.244140625 0.7890625 0.00390625 0.005859375
0 0.1806640625 0.794921875 0.001953125 0.00390625
0 0.1865234375 0.78515625 0.001953125 0.005859375
0 0.185546875 0.82421875 0.005859375 0.00390625
0 0.2041015625 0.84375 0.00390625 0.005859375
0 0.2353515625 0.8466796875 0.00390625 0.00390625
0 0.2822265625 0.8193359375 0.005859375 0.005859375
0 0.27734375 0.85546875 0.00390625 0.005859375
0 0.2666015625 0.8671875 0.005859375 0.00390625
0 0.177734375 0.859375 0.0078125 0.0078125
0 0.185546875 0.857421875 0.0078125 0.0078125
0 0.1611328125 0.8779296875 0.005859375 0.0078125
0 0.244140625 0.90625 0.00390625 0.00390625
0 0.33203125 0.876953125 0.00390625 0.00390625
0 0.25 0.912109375 0.001953125 0.00390625
0 0.2919921875 0.9912109375 0.005859375 0.005859375
0 0.337890625 0.9775390625 0.00390625 0.005859375
0 0.4150390625 0.951171875 0.0078125 0.0078125
0 0.01953125 0.8603515625 0.009765625 0.009765625
0 0.3837890625 0.8779296875 0.0078125 0.005859375
0 0.4423828125 0.8642578125 0.005859375 0.0078125
0 0.4794921875 0.845703125 0.0078125 0.005859375
0 0.4736328125 0.8525390625 0.0078125 0.0078125
0 0.4736328125 0.8603515625 0.005859375 0.0078125
0 0.52734375 0.88671875 0.00390625 0.005859375
0 0.587890625 0.875 0.0078125 0.01171875
0 0.533203125 0.927734375 0.0078125 0.0078125
0 0.556640625 0.9169921875 0.00390625 0.009765625
0 0.509765625 0.962890625 0.0078125 0.009765625
0 0.521484375 0.962890625 0.0078125 0.009765625
0 0.525390625 0.9736328125 0.005859375 0.0078125
0 0.5224609375 0.9970703125 0.005859375 0.005859375
0 0.587890625 0.99609375 0.01171875 0.0078125
0 0.6806640625 0.943359375 0.01171875 0.013671875
0 0.6982421875 0.9345703125 0.005859375 0.0078125
0 0.7138671875 0.970703125 0.01171875 0.0078125
0 0.6259765625 0.986328125 0.009765625 0.00390625
0 0.6396484375 0.990234375 0.005859375 0.009765625
0 0.6259765625 0.9931640625 0.0078125 0.005859375
0 0.62890625 0.9970703125 0.00390625 0.00390625