0 0.02212890625 0.1327734375 0.007265624999999998 0.008105468750000011
0 0.04126953125 0.16169921875 0.008007812500000003 0.008593750000000011
0 0.0499609375 0.1617578125 0.007148437499999993 0.010156249999999978
0 0.04359375 0.1281640625 0.008886718749999994 0.007988281250000007
0 0.05017578125 0.12490234375 0.008144531250000003 0.008984374999999989
0 0.07080078125 0.103125 0.007558593750000009 0.00832031250000001
0 0.123046875 0.0029296875 0.01171875 0.005859375
0 0.140390625 0.015371093750000002 0.008515625000000027 0.009140625
0 0.14271484375 0.00318359375 0.008144531249999976 0.006308593750000001
0 0.15228515625 0.04595703125 0.008476562500000007 0.0107421875
0 0.09408203125 0.05599609375 0.008476562500000007 0.0074414062500000044
0 0.1044921875 0.06041015625 0.00730468749999999 0.009843750000000012
0 0.093046875 0.078203125 0.00828124999999999 0.009667968750000006
0 0.08208984375 0.09658203125 0.008339843749999992 0.007460937499999987
0 0.0936328125 0.1212109375 0.006699218750000013 0.008144531249999976
0 0.05275390625 0.14833984375 0.007871093750000002 0.007890624999999984
0 0.06251953125 0.1465625 0.008183593749999996 0.007988281250000007
0 0.0721484375 0.1462109375 0.008164062500000013 0.008671874999999996
0 0.07521484375 0.1387109375 0.006523437500000007 0.006503906250000024
0 0.079375 0.1566796875 0.009863281249999994 0.009433593750000024
0 0.10353515625 0.13720703125 0.008164062499999986 0.009902343749999987
0 0.1008984375 0.1494140625 0.008359375000000002 0.010039062499999973
0 0.105859375 0.1549609375 0.00681640624999999 0.0069140624999999845
0 0.11904296875 0.15162109375 0.008457031249999997 0.010761718749999982
0 0.1531640625 0.10919921875 0.0067187499999999956 0.007851562499999992
0 0.17740234375 0.08580078125 0.008320312499999982 0.008847656250000002
0 0.18935546875 0.09447265625 0.008359375000000002 0.010117187499999986
0 0.18853515625 0.1208203125 0.006738281249999978 0.00874999999999998
0 0.1903515625 0.1094921875 0.007167968749999976 0.008085937500000001
0 0.19626953125 0.11541015625 0.006171874999999993 0.008925781249999987
0 0.20212890625 0.10421875 0.007343749999999982 0.009453125000000007
0 0.21052734375 0.10404296875 0.008554687499999991 0.010000000000000009
0 0.10140625 0.1703125 0.007539062499999999 0.008730468749999998
0 0.128984375 0.1955078125 0.007578124999999991 0.008242187499999998
0 0.17681640625 0.14185546875 0.006660156249999993 0.010039062499999973
0 0.203359375 0.1361328125 0.007968750000000024 0.010039062499999973
0 0.199375 0.1448828125 0.007343749999999982 0.008281250000000018
0 0.21421875 0.15298828125 0.00630859374999998 0.008437499999999987
0 0.07720703125 0.1889453125 0.0068359375 0.007949218749999987
0 0.096484375 0.2070703125 0.00734375000000001 0.008906250000000004
0 0.098984375 0.20234375 0.009121093750000003 0.009980468750000027
0 0.12369140625 0.2149609375 0.006738281249999978 0.008652343750000013
0 0.1747265625 0.22951171875 0.007539062500000027 0.007968750000000024
0 0.18837890625 0.2237890625 0.006855468749999982 0.007968750000000024
0 0.1962890625 0.2278515625 0.007578124999999991 0.007832031249999982
0 0.1998046875 0.02720703125 0.007714843749999978 0.008515624999999999
0 0.18966796875 0.02294921875 0.007148437499999993 0.00826171875
0 0.1934765625 0.0271484375 0.007460937499999987 0.008417968749999998
0 0.1892578125 0.03384765625 0.006328125000000018 0.007128906249999997
0 0.18171875 0.0371875 0.008691406249999978 0.009218749999999998
0 0.15732421875 0.02625 0.006171874999999993 0.00798828125
0 0.19388671875 0.0509765625 0.00687500000000002 0.008847656250000002
0 0.2087109375 0.07931640625 0.008124999999999993 0.008222656249999988
0 0.21173828125 0.08486328125 0.008203124999999978 0.0087890625
0 0.21595703125 0.09341796875 0.007949218749999987 0.008457031249999997
0 0.2216015625 0.07947265625 0.00687500000000002 0.008105468750000011
0 0.22560546875 0.088671875 0.006621093749999973 0.009980468749999999
0 0.17677734375 0.15865234375 0.0064257812499999845 0.006445312500000022
0 0.1908984375 0.1612890625 0.006621093749999973 0.007304687500000018
0 0.17990234375 0.17328125 0.007753906249999998 0.007636718749999993
0 0.22083984375 0.18443359375 0.005429687500000002 0.007929687500000004
0 0.226328125 0.18095703125 0.008710937500000016 0.011425781249999989
0 0.21875 0.2696484375 0.007871093750000002 0.008359374999999947
0 0.25736328125 0.26576171875 0.007519531250000044 0.0077734375000000355
0 0.22064453125 0.2053125 0.005058593750000007 0.006210937500000013
0 0.24587890625 0.1596484375 0.007656249999999976 0.008398437500000022
0 0.23212890625 0.13560546875 0.007656249999999976 0.009824218750000002
0 0.214921875 0.12888671875 0.007929687500000004 0.008515625000000027
0 0.21953125 0.12242187500000001 0.005585937500000027 0.0076953124999999956
0 0.240390625 0.03900390625 0.0087890625 0.008066406250000005
0 0.231640625 0.04888671875 0.007910156250000022 0.009882812500000004
0 0.2223046875 0.06361328125 0.008378906249999984 0.011093749999999986
0 0.2309375 0.07046875 0.008046875000000009 0.009414062499999987
0 0.2623828125 0.0509765625 0.006562500000000027 0.008378906249999998
0 0.24783203125000003 0.0515625 0.012109374999999978 0.011171874999999998
0 0.22591796875 0.10646484375 0.00679687499999998 0.007656250000000003
0 0.247109375 0.11146484375 0.007382812500000002 0.009433593749999997
0 0.2509765625 0.12298828125 0.006289062500000053 0.0077343750000000155
0 0.269921875 0.10197265625 0.008417968750000004 0.0087890625
0 0.29416015625 0.08802734375 0.006328125000000018 0.008203125000000006
0 0.26916015625 0.11427734375 0.008242187500000053 0.010136718749999996
0 0.27033203125 0.12650390625 0.007460937499999987 0.00882812500000002
0 0.2663671875 0.1476953125 0.007343749999999982 0.0074414062500000044
0 0.25626953125 0.16146484375 0.00822265624999996 0.010761718749999982
0 0.28984375 0.1278515625 0.006621093749999973 0.0072070312499999956
0 0.27125 0.13796875 0.007714843749999978 0.010664062500000016
0 0.294375 0.1471484375 0.007128906249999956 0.008691406249999978
0 0.2986328125 0.1375 0.006640624999999956 0.008144531249999976
0 0.28291015625 0.11236328125 0.005664062499999956 0.007500000000000007
0 0.28470703125 0.1016796875 0.007968749999999969 0.007734374999999988
0 0.28080078125 0.09732421875 0.008398437500000022 0.008242187499999998
0 0.2948828125 0.1066015625 0.008417968750000004 0.007402343750000012
0 0.302734375 0.11123046875 0.005683593750000049 0.0059765625000000044
0 0.2704296875 0.17119140625 0.006601562499999991 0.007988281250000007
0 0.28130859375 0.1675 0.010410156249999969 0.008867187499999984
0 0.26853515625 0.179140625 0.005214843750000031 0.007890624999999984
0 0.18544921875 0.23271484375 0.005507812499999987 0.00582031249999998
0 0.2001171875 0.24341796875 0.006699218750000013 0.0078125
0 0.3440625 0.26587890625 0.008769531250000018 0.008574218749999973
0 0.35501953125 0.233203125 0.007421875000000022 0.010664062500000016
0 0.37546875 0.258046875 0.008144531250000031 0.008769531250000018
0 0.3894140625 0.25609375 0.00724609374999996 0.009335937499999947
0 0.436015625 0.325078125 0.008750000000000036 0.007480468749999969
0 0.43294921875 0.278125 0.007578124999999991 0.00626953124999996
0 0.4582421875 0.25787109375 0.006582031250000009 0.008925781249999987
0 0.46390625 0.2437890625 0.006992187499999969 0.008535156250000009
0 0.4768359375 0.26986328125 0.008554687499999991 0.009082031249999956
0 0.479296875 0.30236328125 0.008515625000000027 0.009121093750000031
0 0.4779296875 0.3535546875 0.0087890625 0.010351562500000022
0 0.55388671875 0.34943359375 0.006972656250000098 0.008203124999999978
0 0.54765625 0.351015625 0.005468749999999911 0.007460937499999987
0 0.55732421875 0.35556640625 0.00863281249999992 0.008339843749999964
0 0.555859375 0.3613671875 0.005839843750000018 0.006289062500000053
0 0.53142578125 0.3219921875 0.00814453124999992 0.00837890625000004
0 0.54587890625 0.3242578125 0.006972656250000098 0.007832031249999982
0 0.49537109375 0.36044921875 0.007910156250000022 0.009902343749999987
0 0.53005859375 0.35859375 0.007382812499999947 0.008164062500000013
0 0.52123046875 0.393984375 0.008203125000000089 0.007714843749999978
0 0.494375 0.410078125 0.0072070312499999956 0.007949218749999987
0 0.543828125 0.419765625 0.007050781250000027 0.008554687499999991
0 0.5137890625 0.433515625 0.008496093750000044 0.008105468749999956
0 0.50701171875 0.4390625 0.006523437500000062 0.006816406250000018
0 0.49876953125 0.45291015625 0.0067968750000000355 0.008554687499999991
0 0.533203125 0.37095703125 0.004960937499999929 0.008808593749999982
0 0.53037109375 0.380234375 0.006894531249999947 0.006992187499999969
0 0.4725 0.2100390625 0.0078125 0.013359375000000007
0 0.4811328125 0.21201171875 0.007109374999999973 0.007304687500000018
0 0.484296875 0.22658203125 0.007031250000000044 0.008105468750000011
0 0.49593750000000003 0.22646484375 0.008359374999999947 0.008671874999999996
0 0.50015625 0.23810546875 0.007578124999999991 0.008886718750000022
0 0.52703125 0.27140625 0.005605468750000009 0.007421875000000022
0 0.53052734375 0.27849609375 0.00634765625 0.007343749999999982
0 0.54205078125 0.26482421875 0.00716796874999992 0.00732421875
0 0.54193359375 0.28158203125 0.006894531249999947 0.00919921874999996
0 0.56923828125 0.2786328125 0.0068359375 0.007597656249999973
0 0.57904296875 0.2687109375 0.006933593749999911 0.008085937499999973
0 0.600703125 0.21791015625 0.006855468749999982 0.010000000000000009
0 0.6105078125 0.243125 0.006582031250000009 0.007304687500000018
0 0.609765625 0.2642578125 0.007402343749999929 0.007753906250000053
0 0.59498046875 0.3183984375 0.006777343750000053 0.008632812500000031
0 0.61236328125 0.297109375 0.006738281250000089 0.009023437500000009
0 0.56220703125 0.332421875 0.008007812500000044 0.008535156250000009
0 0.561328125 0.3465234375 0.006640624999999956 0.006972656249999987
0 0.57244140625 0.346953125 0.005839843750000018 0.007148437500000049
0 0.55423828125 0.37408203125 0.006523437500000062 0.007109374999999973
0 0.57021484375 0.37443359375 0.008359374999999947 0.00919921874999996
0 0.58279296875 0.35494140625 0.006601562499999991 0.008261718750000036
0 0.60279296875 0.35056640625 0.00634765625 0.006933593750000022
0 0.614375 0.339140625 0.007246093750000071 0.007128906249999956
0 0.613359375 0.42208984375 0.008378906249999929 0.008593749999999956
0 0.61173828125 0.40224609375 0.007460937500000098 0.008730468750000053
0 0.6331640625 0.39271484375 0.008515625000000027 0.013125000000000053
0 0.636484375 0.41232421875 0.00814453124999992 0.008964843749999951
0 0.58826171875 0.37708984375 0.00699218750000008 0.007636718750000049
0 0.64923828125 0.41896484375 0.006660156249999938 0.007011718749999951
0 0.671953125 0.41076171875 0.008281250000000018 0.008593749999999956
0 0.6530078125 0.44087890625 0.006425781249999929 0.007480468749999969
0 0.6551953125 0.45322265625 0.0072851562500000355 0.008730468750000053
0 0.62484375 0.406328125 0.012558593749999902 0.009101562500000049
0 0.629375 0.44728515625 0.007539062500000027 0.007617187499999956
0 0.64890625 0.3331640625 0.007050781250000027 0.006484374999999987
0 0.6459765625 0.3007421875 0.007031250000000044 0.007070312500000009
0 0.63681640625 0.20158203125 0.007265625000000053 0.008476562500000007
0 0.66185546875 0.174296875 0.007539062500000027 0.008124999999999993
0 0.677734375 0.1643359375 0.007578124999999991 0.008222656250000016
0 0.716875 0.14837890625 0.008203125000000089 0.008945312500000024
0 0.6963671875 0.21291015625 0.005449218749999929 0.007578124999999991
0 0.712421875 0.21654296875 0.005234374999999902 0.006621093749999973
0 0.7011328125 0.19396484375 0.00455078125000008 0.0068359375
0 0.71298828125 0.18359375 0.005292968750000071 0.008027343750000027
0 0.73939453125 0.1621484375 0.006972656250000098 0.008984374999999989
0 0.7533984375 0.1680078125 0.007851562499999964 0.008691406249999978
0 0.7498046875 0.204453125 0.006406249999999947 0.007988281250000007
0 0.75525390625 0.1987890625 0.007382812499999947 0.008144531249999976
0 0.77998046875 0.1655078125 0.008281250000000018 0.007871093750000002
0 0.74892578125 0.25462890625 0.007246093750000071 0.008671874999999996
0 0.72130859375 0.23712890625 0.006816406250000018 0.007597656249999973
0 0.7686328125 0.2264453125 0.006972656250000098 0.007089843749999991
0 0.79578125 0.1965625 0.006484375000000098 0.0072070312499999956
0 0.76541015625 0.18087890625 0.007832031249999982 0.007832031249999982
0 0.83076171875 0.1764453125 0.007558593750000009 0.00833984375000002
0 0.79365234375 0.1012109375 0.007460937500000098 0.008730468749999998
0 0.7930078125 0.1212890625 0.008769531250000018 0.008164062499999986
0 0.77859375 0.13921875 0.007070312500000009 0.007480468750000024
0 0.73951171875 0.13384765625 0.007207031250000107 0.006816406250000018
0 0.75412109375 0.13583984375 0.006660156249999938 0.009589843749999993
0 0.7316015625 0.11275390625 0.00650390625000008 0.00730468749999999
0 0.74671875 0.1124609375 0.00699218750000008 0.0072070312499999956
0 0.78662109375 0.09802734375 0.008007812500000044 0.010703125000000008
0 0.78083984375 0.09330078125 0.007929687499999893 0.01222656250000001
0 0.7707421875 0.31931640625 0.00601562500000008 0.006855468749999982
0 0.66916015625 0.05892578125 0.006699218749999902 0.007851562499999992
0 0.66546875 0.05083984375 0.006582031250000009 0.006269531250000002
0 0.67697265625 0.03248046875 0.006601562499999991 0.0076953124999999956
0 0.67095703125 0.0082421875 0.006367187499999982 0.008378906250000002
0 0.66630859375 0.00265625 0.006406249999999947 0.005234375
0 0.6741796875 0.00138671875 0.006660156249999938 0.0027734375
0 0.67869140625 0.00544921875 0.00667968749999992 0.006894531249999999
0 0.6880078125 0.009765625 0.006816406250000018 0.0087890625
0 0.71787109375 0.0210546875 0.007148437499999938 0.0067187500000000025
0 0.74693359375 0.008046875 0.006855468749999982 0.008183593749999999
0 0.779765625 0.00796875 0.008027343750000027 0.00859375
0 0.78783203125 0.019375 0.006894531249999947 0.0074609375000000006
0 0.795078125 0.00955078125 0.007734375000000071 0.008125
0 0.82828125 0.00224609375 0.007734375000000071 0.004433593750000001
0 0.85375 0.0079296875 0.007890624999999929 0.008398437499999998
0 0.93005859375 0.03916015625 0.00748046875000008 0.008359375000000002