0 0.0108984375 0.2298046875 0.010078125 0.010722656250000018
0 0.02185546875 0.22880859375 0.0069726562500000006 0.008359375000000002
0 0.0025390625000000005 0.2472265625 0.004296875 0.008476562500000007
0 0.05177734375 0.188203125 0.005527343749999997 0.0064257812499999845
0 0.06056640625 0.194765625 0.006269531250000002 0.0074414062500000044
0 0.07029296875 0.2023046875 0.008945312499999997 0.010820312499999984
0 0.07873046875 0.183359375 0.006699218750000013 0.006523437500000007
0 0.10064453125 0.16837890625 0.007519531249999989 0.008593750000000011
0 0.1125 0.15931640625 0.006640625000000011 0.006855468749999982
0 0.08986328125 0.20677734375 0.007460937499999987 0.007636718749999993
0 0.09677734375 0.21193359375 0.0072265625000000056 0.007421875000000022
0 0.109453125 0.23236328125 0.008359375000000002 0.009609374999999976
0 0.083203125 0.260859375 0.008593750000000011 0.0087890625
0 0.05125 0.2784765625 0.008339843750000006 0.009824218749999947
0 0.00482421875 0.27841796875 0.0096484375 0.010292968749999964
0 0.01623046875 0.28935546875 0.009003906249999999 0.011953125000000009
0 0.02705078125 0.2888671875 0.006855468750000003 0.0073632812499999645
0 0.06115234375 0.28373046875 0.006660156250000007 0.008027343750000027
0 0.170625 0.24806640625 0.008417968750000004 0.008593750000000011
0 0.03703125 0.290703125 0.0057226562499999994 0.00634765625
0 0.00396484375 0.31490234375 0.00791015625 0.010234375000000018
0 0.00755859375 0.3057421875 0.0076757812499999994 0.008691406249999978
0 0.014414062500000002 0.30455078125 0.006171875 0.008281250000000018
0 0.01728515625 0.31251953125 0.0087890625 0.008574218749999973
0 0.0237109375 0.32205078125 0.00833984375 0.008125000000000049
0 0.02560546875 0.3321875 0.007480468749999997 0.008457031249999969
0 0.05375 0.31228515625 0.006308593749999994 0.008496093750000044
0 0.06681640625 0.30306640625 0.008242187499999998 0.008808593749999982
0 0.05662109375 0.344375 0.008554687500000005 0.010195312500000053
0 0.082109375 0.31763671875 0.008339843749999992 0.009824218749999947
0 0.08560546875 0.33181640625 0.007949218749999987 0.008125000000000049
0 0.098125 0.33591796875 0.006796875000000008 0.008476562499999951
0 0.09171875 0.35001953125 0.00880859375000001 0.009375000000000022
0 0.11095703125 0.3475 0.005898437499999992 0.007070312500000009
0 0.09544921875 0.372734375 0.008847656250000002 0.00830078125
0 0.1107421875 0.38037109375 0.006660156249999993 0.007968749999999969
0 0.12236328125 0.380859375 0.0064453124999999944 0.008554687499999991
0 0.1514453125 0.388984375 0.008613281249999993 0.010800781249999947
0 0.1609765625 0.38609375 0.007500000000000007 0.0076953124999999956
0 0.1668359375 0.369375 0.007109374999999973 0.008203124999999978
0 0.0890625 0.47984375 0.006621093750000001 0.0072851562500000355
0 0.049609375 0.44931640625 0.0074218749999999944 0.008730468750000053
0 0.032734375 0.449375 0.008046874999999995 0.008457031249999969
0 0.0242578125 0.44146484375 0.0067187500000000025 0.007499999999999951
0 0.02810546875 0.43615234375 0.007011718750000007 0.007011718749999951
0 0.1797265625 0.3525 0.008515625000000027 0.010117187500000013
0 0.1938671875 0.29009765625 0.012382812500000007 0.01082031250000004
0 0.1924609375 0.26931640625 0.009941406250000007 0.008613281250000049
0 0.1908984375 0.25888671875 0.0072460937500000155 0.007011718749999951
0 0.19841796875 0.24796875000000002 0.00732421875 0.009179687499999978
0 0.19716796875 0.216640625 0.00874999999999998 0.009492187500000027
0 0.19044921875 0.2398828125 0.006738281249999978 0.007968750000000024
0 0.18287109375 0.23033203125 0.012421875000000027 0.016015624999999978
0 0.24806640625 0.250078125 0.00826171874999998 0.008281250000000018
0 0.25728515625 0.266875 0.010566406250000049 0.009628906250000013
0 0.26345703125 0.2442578125 0.008750000000000036 0.00923828124999998
0 0.25818359375 0.2325390625 0.008417968750000004 0.008613281249999993
0 0.27357421875 0.2410546875 0.008886718750000022 0.009511718750000009
0 0.27830078125 0.27435546875 0.007343749999999982 0.007656250000000031
0 0.2894140625 0.27134765625 0.007929687500000004 0.008750000000000036
0 0.28498046875 0.26201171875 0.0076953124999999956 0.006562500000000027
0 0.27998046875 0.22728515625 0.008359374999999947 0.009121093749999976
0 0.27234375 0.21474609375 0.006249999999999978 0.008027343750000027
0 0.2651953125 0.21255859375 0.00789062500000004 0.008007812499999989
0 0.306796875 0.24056640625 0.007265625000000053 0.008164062500000013
0 0.31244140625 0.23119140625 0.007539062500000027 0.007089843749999991
0 0.2512890625 0.19162109375 0.00642578125000004 0.008242187499999998
0 0.26193359375 0.1897265625 0.008828124999999964 0.009570312500000011
0 0.28607421875 0.19271484375 0.006367187499999982 0.00728515624999998
0 0.298671875 0.19345703125 0.011894531249999951 0.008769531250000018
0 0.30685546875 0.20177734375 0.008183593749999996 0.008105468750000011
0 0.28298828125 0.164140625 0.008847656249999947 0.009121093749999976
0 0.29310546875 0.15798828125 0.007421875000000022 0.008242187499999998
0 0.36603515625 0.3784375 0.006933593750000022 0.007480468749999969
0 0.3656640625 0.36833984375 0.007851562499999964 0.00773437499999996
0 0.37982421875 0.36318359375 0.006933593750000022 0.009101562500000049
0 0.45388671875 0.38890625 0.00935546875000004 0.008359374999999947
0 0.46685546875 0.40451171875 0.008574218749999973 0.008242187500000053
0 0.3158203125 0.27626953125 0.007519531250000044 0.007265625000000053
0 0.34982421875 0.28818359375 0.009160156249999996 0.010234375000000018
0 0.35892578125 0.280703125 0.00773437499999996 0.008632812500000031
0 0.33955078125 0.25720703125 0.008652343750000013 0.008808593749999982
0 0.34599609375 0.25146484375 0.00732421875 0.008183593749999996
0 0.333203125 0.24777343750000003 0.006816406250000018 0.00830078125
0 0.32904296875 0.23943359375 0.008085937499999973 0.007480468750000024
0 0.38451171875 0.29220703125 0.009648437499999996 0.012050781250000031
0 0.356328125 0.24392578125 0.007148437500000049 0.008945312500000024
0 0.35669921875 0.2545703125 0.006601562499999991 0.006445312500000022
0 0.35736328125 0.26552734375 0.00919921874999996 0.009140625000000013
0 0.3662890625 0.2938671875 0.006992187499999969 0.00740234375000004
0 0.402109375 0.26841796875 0.008945312499999969 0.010781249999999964
0 0.4161328125 0.28494140625 0.009023437500000009 0.009589843750000049
0 0.41998046875 0.29552734375 0.008769531250000018 0.009863281250000022
0 0.41294921875 0.30591796875 0.006816406250000018 0.0076953124999999956
0 0.4248046875 0.304765625 0.00675781249999996 0.008320312499999982
0 0.42357421875 0.26322265625 0.008476562499999951 0.008886718750000022
0 0.41609375 0.23455078125 0.008535156250000009 0.009414062499999987
0 0.3983984375 0.22341796875 0.0077734375000000355 0.010097656249999976
0 0.4007421875 0.289296875 0.00830078125 0.012441406250000009
0 0.44404296875 0.31142578125 0.007226562499999978 0.009531249999999991
0 0.44578125 0.30259765625 0.008203124999999978 0.008183593749999996
0 0.4415625 0.29421875 0.008105468749999956 0.010605468750000013
0 0.452265625 0.28904296875 0.007382812499999947 0.009433593749999969
0 0.4306640625 0.2572265625 0.007167968750000031 0.008417968750000004
0 0.44025390625 0.2619921875 0.007167968750000031 0.008769531250000018
0 0.44908203125 0.261640625 0.008535156250000009 0.008906250000000004
0 0.4559765625 0.25396484375 0.006855468749999982 0.008593749999999956
0 0.46865234375 0.27912109375 0.007578124999999991 0.00837890625000004
0 0.460703125 0.26474609375 0.0067187499999999956 0.007167968750000031
0 0.40080078125 0.21544921875 0.0067187499999999956 0.007128906250000011
0 0.3497265625 0.207109375 0.0076953124999999956 0.007968750000000024
0 0.32234375 0.2128125 0.008437499999999987 0.008515625000000027
0 0.3298046875 0.19693359375 0.008769531250000018 0.008613281249999993
0 0.31599609375 0.1741015625 0.009550781249999973 0.009570312500000011
0 0.3261328125 0.16623046875 0.008515625000000027 0.008886718750000022
0 0.3665234375 0.1642578125 0.010410156249999969 0.009101562499999993
0 0.39345703125 0.15880859375 0.007070312500000009 0.00736328125000002
0 0.4161328125 0.1940625 0.005664062499999956 0.006894531250000002
0 0.43251953125 0.1981640625 0.007558593750000009 0.008007812499999989
0 0.44228515625 0.20705078125 0.007031250000000044 0.008671874999999996
0 0.13076171875 0.01341796875 0.008769531250000018 0.008417968750000001
0 0.15537109375 0.04287109375 0.009570312500000011 0.011347656250000004
0 0.179765625 0.02046875 0.00874999999999998 0.01119140625
0 0.1940625 0.049296875 0.007675781250000013 0.00830078125
0 0.19857421875 0.090859375 0.006523437500000007 0.007070312500000009
0 0.18609375 0.03646484375 0.008124999999999993 0.007265624999999998
0 0.18208984375 0.04388671875 0.007929687500000004 0.006875000000000006
0 0.217890625 0.04982421875 0.007636718749999993 0.007031250000000003
0 0.2576953125 0.03890625 0.008359374999999947 0.009003906249999999
0 0.2734765625 0.03404296875 0.012226562499999982 0.008105468749999997
0 0.24333984375 0.0059375 0.0062304687499999956 0.008691406250000002
0 0.26603515625 0.0030078125 0.009824218749999947 0.0059960937500000006
0 0.24724609375 0.049921875 0.006972656249999987 0.0072070312499999956
0 0.20517578125 0.0840625 0.0052539062499999956 0.005566406249999989
0 0.163828125 0.0372265625 0.006171874999999993 0.0072070312499999956
0 0.33013671875 0.142109375 0.013007812500000049 0.009628906250000013
0 0.33984375 0.13947265625 0.008593749999999956 0.010546875000000011
0 0.3534765625 0.11521484375 0.008515625000000027 0.008515624999999999
0 0.36140625 0.11013671875 0.008730468750000053 0.011171874999999998
0 0.33015625 0.09046875 0.009140625000000013 0.010585937500000003
0 0.3182421875 0.0780078125 0.008750000000000036 0.008691406250000006
0 0.3155078125 0.08919921875 0.0063867187499999645 0.006874999999999992
0 0.31591796875 0.10048828125 0.006054687500000044 0.006777343749999998
0 0.30833984375 0.11259765625 0.005722656250000013 0.006777343749999998
0 0.3519140625 0.0665234375 0.008886718750000022 0.009160156249999996
0 0.3708203125 0.0755859375 0.008027343750000027 0.008144531250000003
0 0.3718359375 0.08978515625 0.00773437499999996 0.008828124999999992
0 0.38740234375 0.08658203125 0.00642578125000004 0.007890625000000012
0 0.3874609375 0.1028515625 0.007343749999999982 0.009550781250000001
0 0.366640625 0.12859375 0.007499999999999951 0.007910156250000022
0 0.386640625 0.14265625 0.00724609374999996 0.007519531249999989
0 0.40810546875 0.13970703125 0.0068359375 0.007109374999999973
0 0.3959375 0.09568359375 0.007480468749999969 0.008867187500000012
0 0.40166015625 0.07765625 0.0064648437500000044 0.007988281250000007
0 0.40400390625 0.09498046875 0.005273437499999978 0.005937500000000012
0 0.4112109375 0.08951171875 0.0063867187499999645 0.007480468749999997
0 0.41296875 0.0968359375 0.006015624999999969 0.006914062500000012
0 0.48900390625 0.40302734375 0.0073632812499999645 0.007753906250000053
0 0.523515625 0.37513671875 0.006230468750000107 0.007949218749999987
0 0.53119140625 0.38623046875 0.006601562499999991 0.007832031249999982
0 0.5374609375 0.37927734375 0.008554687499999991 0.008925781249999987
0 0.564296875 0.32794921875 0.008281250000000018 0.0072851562500000355
0 0.598125 0.3187890625 0.007792968750000018 0.008437499999999987
0 0.5675390625 0.39626953125 0.007070312500000009 0.007656250000000031
0 0.57095703125 0.4051953125 0.007441406249999893 0.008847656249999947
0 0.575 0.3926171875 0.006601562499999991 0.0072070312499999956
0 0.59673828125 0.3516796875 0.00748046875000008 0.008906250000000004
0 0.61708984375 0.3790234375 0.0067968750000000355 0.007226562499999978
0 0.6136328125 0.3880859375 0.007187499999999902 0.006679687500000031
0 0.61498046875 0.40001953125 0.008652343749999902 0.009042968749999991
0 0.6284765625 0.36216796875 0.006464843749999893 0.007988281249999951
0 0.6349609375 0.36626953125 0.0068749999999999645 0.008652343750000013
0 0.6046875 0.33720703125 0.007148437499999938 0.007968749999999969
0 0.60734375 0.35822265625 0.007988281250000062 0.007382812499999947
0 0.59470703125 0.3625390625 0.006660156249999938 0.006699218750000013
0 0.60265625 0.365 0.006328125000000018 0.005957031250000022
0 0.5879296875 0.3674609375 0.007714843750000089 0.0072070312499999956
0 0.58349609375 0.38107421875 0.010996093749999991 0.01578124999999997
0 0.49431640625 0.29662109375 0.008671874999999996 0.008691406249999978
0 0.48970703125 0.28748046875 0.007578124999999991 0.0074414062500000044
0 0.49669921875 0.26845703125 0.006972656250000098 0.007128906249999956
0 0.5177734375 0.2585546875 0.006113281249999991 0.007187500000000013
0 0.48830078125 0.2342578125 0.008027343750000027 0.008515625000000027
0 0.47978515625 0.22369140625 0.0067968750000000355 0.0072460937500000155
0 0.468359375 0.22662109375 0.008281250000000018 0.008242187499999998
0 0.57416015625 0.21896484375 0.007753906250000053 0.008730468749999998
0 0.47251953125 0.18740234375 0.008476562499999951 0.00931640625000002
0 0.49900390625 0.1780078125 0.007089843749999991 0.00874999999999998
0 0.5126953125 0.17625 0.00650390625000008 0.008652343750000013
0 0.49675781249999995 0.1977734375 0.007070312500000009 0.007753906249999998
0 0.5447265625 0.17583984375 0.008496093750000044 0.008906250000000004
0 0.55541015625 0.13904296875 0.007578124999999991 0.00830078125
0 0.53884765625 0.15130859375 0.008124999999999938 0.010546875000000011
0 0.5342578125 0.16064453125 0.006621093749999973 0.014179687499999982
0 0.52185546875 0.1581640625 0.0073632812499999645 0.007187500000000013
0 0.4891015625 0.1462890625 0.006777343750000053 0.009394531250000004
0 0.47708984375 0.1696875 0.007480468749999969 0.008359375000000002
0 0.5934375 0.1492578125 0.007753906250000053 0.0072460937500000155
0 0.62951171875 0.21109375 0.007304687500000018 0.008437499999999987
0 0.6387890625 0.21515625 0.005195312499999938 0.006816406250000018
0 0.631015625 0.2243359375 0.008281250000000018 0.008554687499999991
0 0.4723828125 0.1551171875 0.009453124999999951 0.01126953125000002
0 0.5072265625 0.11935546875 0.008554687499999991 0.009082031250000011
0 0.511953125 0.106015625 0.007050781250000027 0.007539062499999999
0 0.49908203124999995 0.10232421875 0.0072851562500000355 0.007871093750000002
0 0.496953125 0.12625 0.007031250000000044 0.007050781250000027
0 0.4925 0.090625 0.008691406249999978 0.006796875000000008
0 0.4746875 0.05439453125 0.007558593750000009 0.007734375000000002
0 0.48689453125 0.061328125 0.007226562499999978 0.0078125
0 0.49509765625 0.04939453125 0.007480468749999969 0.007753906249999998
0 0.5101171875 0.03779296875 0.007832031249999982 0.007792968750000004
0 0.5160546875 0.014414062499999998 0.007929687499999893 0.007285156250000001
0 0.47736328125 0.0158203125 0.009648437499999996 0.008847656250000002
0 0.47365234375 0.00447265625 0.007109374999999973 0.00849609375
0 0.49462890625 0.06763671875 0.008066406249999991 0.007460937499999987
0 0.5311328125 0.046796875 0.008906249999999893 0.009160156249999996
0 0.53796875 0.0255859375 0.007558593750000009 0.008125
0 0.55591796875 0.01427734375 0.006953124999999893 0.009023437499999998
0 0.55380859375 0.02712890625 0.007187499999999902 0.005937499999999998
0 0.5436328125 0.04474609375 0.007792968750000018 0.009062500000000001
0 0.5421875 0.05376953125 0.00667968749999992 0.007304687500000004
0 0.5635546875 0.06939453125 0.008496093750000044 0.00974609374999999
0 0.5408203125 0.07873046875 0.005976562499999893 0.00734375000000001
0 0.56134765625 0.08509765625 0.0072851562500000355 0.007480468749999997
0 0.5704296875 0.09154296875 0.00796875000000008 0.006171874999999993
0 0.55958984375 0.04025390625 0.007382812499999947 0.007031250000000003
0 0.5525 0.037109375 0.007421874999999911 0.008066406250000005
0 0.5729296875 0.01103515625 0.007304687500000018 0.01025390625
0 0.5907421875 0.00251953125 0.007695312500000107 0.0050390625
0 0.602265625 0.00609375 0.006757812500000071 0.005664062500000001
0 0.614453125 0.04501953125 0.0067968750000000355 0.007636718750000007
0 0.6322265625 0.0191015625 0.010351562499999911 0.014042968750000002
0 0.64462890625 0.0197265625 0.008730468750000053 0.008984374999999996
0 0.63623046875 0.0376171875 0.0077734375000000355 0.0074218749999999944
0 0.64775390625 0.0354296875 0.009726562500000036 0.008339843749999992
0 0.5421875 0.12398437499999998 0.00667968749999992 0.007382812500000002
0 0.55140625 0.1220703125 0.007265625000000053 0.007597656249999973
0 0.57666015625 0.1208984375 0.007070312500000009 0.008124999999999993
0 0.5515234375 0.11259765625 0.00667968749999992 0.006093750000000009
0 0.629609375 0.070078125 0.006718750000000107 0.007871093750000002
0 0.637109375 0.0735546875 0.00748046875000008 0.00632812499999999
0 0.634609375 0.06228515625 0.007382812499999947 0.0076953124999999956
0 0.5875 0.10095703125 0.006425781249999929 0.006757812499999988
0 0.58998046875 0.10896484375 0.0077734375000000355 0.007753906249999998
0 0.60275390625 0.12615234375 0.00650390625000008 0.006855468749999982
0 0.626484375 0.13849609375 0.007734375000000071 0.008417968750000004
0 0.639453125 0.12666015625 0.006933593749999911 0.009082031250000011
0 0.645859375 0.14248046875 0.00716796874999992 0.009492187500000027
0 0.65552734375 0.14587890625 0.007011718750000062 0.00777343749999998
0 0.50005859375 0.136875 0.006777343750000053 0.006816406250000018
0 0.37978515625 0.03109375 0.0072070312499999956 0.009023437500000002
0 0.38369140625 0.010390625 0.007226562499999978 0.00861328125
0 0.43162109375 0.00255859375 0.0077734375000000355 0.005097656250000001
0 0.440390625 0.0072265625 0.007343749999999982 0.0062109374999999994
0 0.4255078125 0.02552734375 0.008847656249999947 0.008828125
0 0.437109375 0.03263671875 0.007792968750000018 0.008574218750000001
0 0.4241015625 0.04322265625 0.008007812500000044 0.00865234375
0 0.41798828125 0.054453125 0.00822265624999996 0.008476562499999993
0 0.43912109375 0.0630859375 0.007929687500000004 0.007617187500000011
0 0.4902734375 0.01455078125 0.007109374999999973 0.0075781250000000015
0 0.422734375 0.131015625 0.009531249999999991 0.008476562500000007
0 0.42962890625 0.14337890625 0.008457031249999969 0.009746093750000018
0 0.42134765625 0.14796875 0.007929687500000004 0.008398437500000022
0 0.418984375 0.15888671875 0.007089843749999991 0.007167968749999976
0 0.41095703125 0.168359375 0.008144531250000031 0.008593750000000011
0 0.70142578125 0.33775390625 0.00830078125 0.008671874999999996
0 0.7194140625 0.32302734375 0.007558593750000009 0.010058593749999956
0 0.6907421875 0.31705078125 0.006484375000000098 0.008261718750000036
0 0.70583984375 0.293828125 0.006972656250000098 0.007128906249999956
0 0.73369140625 0.305546875 0.007226562500000089 0.007539062500000027
0 0.7361328125 0.32572265625 0.008613281249999938 0.007636718750000049
0 0.74142578125 0.3412109375 0.007089843749999991 0.006992187499999969
0 0.76443359375 0.336953125 0.007792968750000018 0.007460937499999987
0 0.77 0.32234375 0.007988281250000062 0.00830078125
0 0.7711328125 0.29728515625 0.007109374999999973 0.008203124999999978
0 0.78404296875 0.25490234375 0.007128906249999956 0.007031250000000044
0 0.788203125 0.263515625 0.009238281250000036 0.008632812500000031
0 0.73578125 0.291640625 0.00634765625 0.007832031249999982
0 0.73916015625 0.25763671875 0.006054687500000044 0.008203124999999978
0 0.74333984375 0.26650390625 0.006582031250000009 0.007187500000000013
0 0.77140625 0.22287109375 0.012343750000000098 0.009375000000000022
0 0.78220703125 0.23865234375 0.009726562500000036 0.008496093749999989
0 0.75798828125 0.24640625 0.0077734375000000355 0.007988281249999951
0 0.74134765625 0.245078125 0.006542968750000044 0.007304687500000018
0 0.75294921875 0.2626953125 0.006699218749999902 0.006582031250000009
0 0.74904296875 0.2575390625 0.00667968749999992 0.008007812500000044
0 0.72654296875 0.27486328125 0.007382812499999947 0.007499999999999951
0 0.7094921875 0.278359375 0.00960937499999992 0.007851562499999964
0 0.71859375 0.28189453125 0.008652343749999902 0.011406249999999951
0 0.67880859375 0.26271484375 0.006816406250000018 0.006210937500000013
0 0.7157421875 0.2606640625 0.0068749999999999645 0.006816406250000018
0 0.7546484375 0.22845703125 0.006953124999999893 0.008437499999999987
0 0.7526953125 0.2191796875 0.006542968750000044 0.00785156250000002
0 0.75572265625 0.2108984375 0.007949218750000098 0.007675781250000013
0 0.70271484375 0.2032421875 0.008164062499999902 0.009570312500000011
0 0.76169921875 0.19224609375 0.008554687499999991 0.007480468750000024
0 0.73673828125 0.18240234375 0.008261718750000036 0.00732421875
0 0.65041015625 0.185078125 0.009023437500000009 0.009570312500000011
0 0.6519921875 0.19388671875 0.007109374999999973 0.007656249999999976
0 0.65908203125 0.19390625 0.006855468749999982 0.008476562500000007
0 0.65064453125 0.16970703125 0.00716796874999992 0.0077343750000000155
0 0.66015625 0.1681640625 0.008203125000000089 0.008554687499999991
0 0.669453125 0.170390625 0.009687500000000071 0.009863281250000022
0 0.67615234375 0.17982421875 0.006210937499999902 0.006855468749999982
0 0.668515625 0.18046875 0.00927734375 0.010097656249999976
0 0.7154296875 0.174296875 0.007832031249999982 0.008320312499999982
0 0.70228515625 0.158203125 0.006914062499999929 0.008945312500000024
0 0.68603515625 0.1480859375 0.008398437499999911 0.008613281249999993
0 0.6953125 0.146484375 0.0078125 0.008164062500000013
0 0.706796875 0.1347265625 0.008535156250000009 0.008476562500000007
0 0.69412109375 0.1340625 0.007226562500000089 0.007539062500000027
0 0.686953125 0.1376171875 0.007089843749999991 0.007226562499999978
0 0.67994140625 0.13763671875 0.007148437499999938 0.009609374999999976
0 0.66798828125 0.1190625 0.0063085937500000355 0.0068359375
0 0.7520703125 0.1490625 0.00845703125000008 0.008222656250000016
0 0.7505078125 0.174296875 0.0068749999999999645 0.007929687500000004
0 0.75583984375 0.16716796875 0.0058203125000000355 0.008105468750000011
0 0.76427734375 0.144765625 0.007070312500000009 0.008613281249999993
0 0.77 0.13091796875 0.007988281250000062 0.00826171874999998
0 0.7826953125 0.1319140625 0.008750000000000036 0.010273437499999982
0 0.65107421875 0.07693359375 0.007207031250000107 0.009667968750000006
0 0.65150390625 0.06369140625 0.010507812499999991 0.010839843749999994
0 0.6689453125 0.04111328125 0.007011718750000062 0.008730468749999998
0 0.68048828125 0.0089453125 0.007460937500000098 0.007695312499999999
0 0.69125 0.00587890625 0.007890624999999929 0.007402343749999998
0 0.66701171875 0.09947265625 0.00667968749999992 0.00828124999999999
0 0.67970703125 0.10134765625 0.012148437500000053 0.008906250000000004
0 0.69220703125 0.0969921875 0.007050781250000027 0.008007812499999989
0 0.70904296875 0.10431640625 0.007539062500000027 0.009765625
0 0.73103515625 0.07763671875 0.008535156250000009 0.010683593749999998
0 0.7373046875 0.065390625 0.006621093749999973 0.007285156250000008
0 0.74837890625 0.06447265625 0.007675781249999902 0.008203125000000006
0 0.72181640625 0.0697265625 0.006914062499999929 0.006601562499999991
0 0.68994140625 0.02390625 0.008417968749999893 0.007929687499999998
0 0.738359375 0.0351171875 0.007988281250000062 0.0076757812499999994
0 0.73322265625 0.01466796875 0.01058593749999992 0.010546875000000004
0 0.74076171875 0.004199218750000001 0.007714843750000089 0.00833984375
0 0.758203125 0.0029296875 0.008222656250000071 0.005800781250000001
0 0.74681640625 0.0124609375 0.006933593749999911 0.0073046875
0 0.766875 0.0249609375 0.009902343750000098 0.009648437500000002
0 0.75107421875 0.023671875 0.006816406250000018 0.008242187499999998
0 0.747109375 0.028789062500000004 0.00634765625 0.00830078125
0 0.67203125 0.06646484375 0.006953124999999893 0.008261718750000008
0 0.66595703125 0.06169921875000001 0.008105468749999956 0.00927734375
0 0.7021875 0.067265625 0.007109374999999973 0.007539062499999999
0 0.704765625 0.056875 0.00912109374999992 0.008984375000000003
0 0.78013671875 0.061269531249999995 0.007929687499999893 0.007656250000000003
0 0.761953125 0.10853515625 0.006328125000000018 0.007636718749999993
0 0.7887890625 0.10669921875 0.008066406249999991 0.008671874999999996
0 0.7905859375 0.1169140625 0.008496093750000044 0.009160156249999996
0 0.80099609375 0.11025390625 0.008242187500000053 0.009921874999999997
0 0.8002734375 0.09212890625 0.0063867187499999645 0.008027343749999999
0 0.80345703125 0.08375 0.006113281249999991 0.0076953124999999956
0 0.7958984375 0.13166015625 0.009374999999999911 0.008847656250000002
0 0.799296875 0.15328125 0.00796875000000008 0.006894531250000002
0 0.79904296875 0.1703125 0.009023437500000009 0.008554687499999991
0 0.7901171875 0.1784375 0.0067968750000000355 0.006816406250000018
0 0.7851953125 0.204765625 0.008281250000000018 0.008710937500000016
0 0.79373046875 0.21310546875 0.006582031250000009 0.008593750000000011
0 0.808359375 0.1993359375 0.00814453124999992 0.0087890625
0 0.81826171875 0.19455078125 0.008398437499999911 0.010527343749999973
0 0.8153125 0.22181640625 0.0067968750000000355 0.00687500000000002
0 0.85375 0.25169921875 0.008164062499999902 0.009570312499999956
0 0.83111328125 0.23154296875 0.010917968750000062 0.010566406249999993
0 0.83193359375 0.20896484375 0.008593749999999956 0.008691406249999978
0 0.8565234375 0.22259765625 0.006640624999999956 0.008808593749999982
0 0.8639453125 0.23916015625 0.006542968750000044 0.007304687500000018
0 0.8389453125 0.1766796875 0.0068749999999999645 0.007050781250000027
0 0.8516015625 0.169609375 0.008222656250000071 0.007480468750000024
0 0.861015625 0.16375 0.008535156250000009 0.009550781249999973
0 0.85578125 0.17923828125 0.006718750000000107 0.008242187499999998
0 0.884765625 0.19951171875 0.008085937499999973 0.009472656249999989
0 0.86783203125 0.188125 0.0087890625 0.010996093749999991
0 0.860234375 0.1890625 0.006953124999999893 0.008613281249999993
0 0.90005859375 0.16943359375 0.005957031249999911 0.0067578125000000155
0 0.87078125 0.2262890625 0.007988281250000062 0.007539062500000027
0 0.87716796875 0.22990234375 0.008574218749999973 0.007675781250000013
0 0.87869140625 0.23787109375 0.008847656249999947 0.00826171874999998
0 0.88005859375 0.1446875 0.006093750000000009 0.008007812499999989
0 0.88701171875 0.1433203125 0.0078125 0.010000000000000009
0 0.89873046875 0.14458984375 0.006855468749999982 0.008203124999999978
0 0.90443359375 0.1542578125 0.008437500000000098 0.008671874999999996
0 0.898515625 0.2246875 0.007988281250000062 0.008632812499999976
0 0.9025 0.21474609375 0.008476562500000062 0.008847656250000002
0 0.91259765625 0.226796875 0.005839843750000018 0.007382812500000002
0 0.92693359375 0.22037109375 0.00699218750000008 0.008671874999999996
0 0.924609375 0.19900390625 0.007441406249999893 0.00923828124999998
0 0.91140625 0.20255859375 0.008203125000000089 0.008476562500000007
0 0.92873046875 0.17685546875 0.007441406249999893 0.0074023437499999845
0 0.95494140625 0.14623046875 0.009101562499999938 0.009121093749999976
0 0.89109375 0.2188671875 0.008105468749999956 0.009218749999999998
0 0.955078125 0.19552734375 0.007421874999999911 0.00777343749999998
0 0.82201171875 0.11697265625 0.008417968749999893 0.008046875000000009
0 0.8148828125 0.1008203125 0.007929687499999893 0.009980468749999999
0 0.82341796875 0.09291015625 0.00927734375 0.007539062499999999
0 0.8269140625 0.0660546875 0.007226562500000089 0.009648437499999996
0 0.83474609375 0.0848046875 0.007539062500000027 0.0074414062500000044
0 0.8362109375 0.0978515625 0.008476562500000062 0.008359375000000002
0 0.84048828125 0.1075390625 0.007988281250000062 0.008476562500000007
0 0.85642578125 0.10896484375 0.007207031250000107 0.008964843750000007
0 0.86759765625 0.10646484375 0.007519531250000044 0.007109375000000001
0 0.8766796875 0.079921875 0.009550781249999973 0.009101562499999993
0 0.8562890625 0.05833984375 0.006953124999999893 0.009238281249999994
0 0.8759375 0.0475390625 0.007304687500000018 0.0076757812499999994
0 0.92650390625 0.07376953125 0.00732421875 0.007011718750000007
0 0.93384765625 0.06498046875 0.00863281249999992 0.012285156250000012
0 0.926328125 0.09224609375 0.008554687499999991 0.008164062499999986
0 0.9350390625 0.0986328125 0.006269531250000071 0.006796875000000008
0 0.9451171875 0.102421875 0.008730468750000053 0.007656250000000003
0 0.90306640625 0.11064453125 0.00765624999999992 0.007187500000000013
0 0.9364453125 0.13935546875 0.007128906249999956 0.007167968749999976
0 0.9501953125 0.1318359375 0.00667968749999992 0.007089843749999991
0 0.94662109375 0.1817578125 0.007128906249999956 0.008105468750000011
0 0.93990234375 0.177578125 0.006542968750000044 0.008769531250000018
0 0.97244140625 0.17552734375 0.008593749999999956 0.0087890625
0 0.9613671875 0.12982421875 0.008554687499999991 0.010312500000000002
0 0.97271484375 0.12392578125 0.008671875000000107 0.007714843749999978
0 0.97107421875 0.096328125 0.008652343749999902 0.010468749999999999
0 0.90162109375 0.02443359375 0.006328125000000018 0.006933593750000001
0 0.86365234375 0.02388671875 0.009023437500000009 0.008632812500000003
0 0.8129296875 0.0021484375 0.007832031249999982 0.00423828125
0 0.80298828125 0.0013281250000000003 0.008203125000000089 0.00259765625
0 0.97861328125 0.0349609375 0.008554687499999991 0.008222656250000002
0 0.97388671875 0.00275390625 0.007343749999999982 0.0055078125
0 0.9966015625 0.00900390625 0.0067968750000000355 0.007382812499999999
0 0.9905078125 0.10001953125 0.008398437499999911 0.008652343749999986
0 0.998046875 0.1630859375 0.00390625 0.009765625
0 0.99787109375 0.18349609375 0.004257812499999902 0.008652343750000013
0 0.9985546875 0.19732421875 0.0028906250000000355 0.008710937500000016
0 0.994921875 0.22248046875 0.007539062500000027 0.008437499999999987
0 0.99087890625 0.2130859375 0.010507812499999991 0.011289062500000002
0 0.80322265625 0.06482421875 0.00814453124999992 0.008984374999999989
0 0.79962890625 0.070390625 0.01089843750000008 0.009316406249999992
0 0.6849609375 0.0866796875 0.006894531249999947 0.0069335937499999944
0 0.690703125 0.03705078125 0.006367187499999982 0.007285156249999994
0 0.68708984375 0.01412109375 0.006777343750000053 0.007929687499999998
0 0.698125 0.0502734375 0.007402343749999929 0.0072070312499999956
0 0.684375 0.06193359375 0.0068359375 0.00779296874999999
0 0.625625 0.16513671875 0.005507812500000098 0.00728515624999998
0 0.636328125 0.16939453125 0.0063867187499999645 0.007597656249999973
0 0.55025390625 0.08060546875 0.006640624999999956 0.0072070312499999956
0 0.621484375 0.0797265625 0.006132812499999973 0.00681640624999999
0 0.592734375 0.1374609375 0.007460937500000098 0.00736328125000002
0 0.58701171875 0.11912109375 0.007636718749999938 0.005566406249999989
0 0.60232421875 0.09845703125 0.008164062499999902 0.009374999999999994
0 0.53841796875 0.0865234375 0.006210937499999902 0.006054687499999989
0 0.57220703125 0.05509765625 0.006093750000000009 0.007519531250000003
0 0.3740625 0.30115234375 0.010214843750000036 0.008984375000000044
0 0.3007421875 0.2340234375 0.0050000000000000044 0.005097656250000027
0 0.29724609375 0.24130859375 0.006972656249999987 0.007578124999999991
0 0.2968359375 0.25107421875 0.006562500000000027 0.007578124999999991
0 0.2989453125 0.261640625 0.005312500000000053 0.005644531249999973
0 0.290546875 0.1712890625 0.006074218750000027 0.006210937500000013
0 0.26853515625 0.19236328125 0.006640624999999956 0.007343749999999982
0 0.0020703125 0.11341796875 0.004140625 0.008437500000000014