0 0.48375 0.73486328125 0.018828124999999973 0.017441406249999902
0 0.39724609375 0.8251953125 0.020234375000000027 0.015351562500000027
0 0.39724609375 0.86775390625 0.018828124999999973 0.016738281250000098
0 0.74357421875 0.6780078125 0.013945312499999973 0.013945312499999973
0 0.38923828125 0.9319140625 0.015351562500000027 0.015351562500000027
0 0.40244140625 0.9336328125 0.014531249999999996 0.014082031250000071
0 0.41537109375 0.9266015625 0.012265624999999947 0.01089843750000008
0 0.43287109375 0.94681640625 0.01634765625000001 0.017714843750000098
0 0.43853515625 0.96021484375 0.016796875000000044 0.014531250000000107
0 0.46693359375 0.9361328125 0.014531249999999996 0.01089843750000008
0 0.49123046875 0.94681640625 0.013164062500000018 0.010449218750000044
0 0.6141015625 0.76376953125 0.017265625000000062 0.010449218750000044
0 0.69517578125 0.7871484375 0.018613281249999947 0.012714843749999982
0 0.75263671875 0.7873828125 0.019082031249999964 0.014082031250000071
0 0.78056640625 0.781015625 0.018613281249999947 0.01498046874999992
0 0.864140625 0.87708984375 0.016796875000000044 0.012714843749999982
0 0.971796875 0.74990234375 0.01498046874999992 0.017265625000000062
0 0.17986328125 0.09583984375 0.017265625000000007 0.015449218749999993
0 0.15556640625 0.02248046875 0.014980468749999976 0.0158984375
0 0.2084765625 0.03748046875 0.012714843749999982 0.011347656250000004