0 0.01953125 0.144296875 0.0146484375 0.01318359375
0 0.02978515625 0.026132812500000005 0.0166015625 0.01318359375
0 0.042734375 0.0358984375 0.01318359375 0.01318359375
0 0.0886328125 0.0476171875 0.01708984375 0.01611328125
0 0.05029296875 0.00634765625 0.017578125 0.0126953125
0 0.125 0.00708984375 0.0146484375 0.01416015625
0 0.15283203125 0.02294921875 0.0205078125 0.0166015625
0 0.4384765625 0.0390625 0.015625 0.0126953125
0 0.43896484375 0.07203125 0.0166015625 0.01611328125
0 0.73951171875 0.00927734375 0.01806640625 0.0126953125
0 0.693359375 0.00927734375 0.0146484375 0.009765625