0 0.74396484375 0.5208203125 0.009003906250000027 0.009941406250000062
0 0.7360546875 0.5170703125 0.010000000000000009 0.008691406250000089
0 0.7190234375 0.4808984375 0.008339843749999964 0.009414062499999987
0 0.70791015625 0.4812890625 0.008769531250000018 0.008632812500000031
0 0.0928515625 0.1671484375 0.00634765625 0.007265624999999998
0 0.1345703125 0.213046875 0.009218749999999998 0.008535156250000009
0 0.12625 0.238203125 0.006601562499999991 0.009003906250000027
0 0.14458984375 0.27544921875 0.007949218749999987 0.009179687499999978
0 0.15552734375 0.2274609375 0.0069531250000000044 0.00728515624999998
0 0.17392578125 0.22765625 0.008906250000000004 0.007148437499999993
0 0.17947265625 0.2346484375 0.008046875000000009 0.008671874999999996
0 0.157578125 0.24052734375 0.010039062499999973 0.008984374999999989
0 0.2014453125 0.236875 0.008847656250000002 0.010507812499999991
0 0.215703125 0.25462890625 0.007226562499999978 0.007031250000000044
0 0.1878515625 0.26529296875 0.008671874999999996 0.009121093750000031
0 0.20626953125 0.271484375 0.007070312500000009 0.008535156250000009
0 0.18201171875 0.29310546875 0.008984374999999989 0.009140625000000013
0 0.19533203125 0.30203125 0.008574218749999973 0.01033203125000004
0 0.178046875 0.2754296875 0.008320312499999982 0.008085937499999973
0 0.23919921875 0.227578125 0.006894531250000002 0.007519531249999989
0 0.254765625 0.2764453125 0.0068359375 0.006992187499999969
0 0.24875 0.2362109375 0.00679687499999998 0.007636718749999993
0 0.2551171875 0.23619140625 0.00544921875000004 0.008632812499999976
0 0.20556640625 0.20380859375 0.00826171874999998 0.009375000000000022
0 0.1549609375 0.2566796875 0.009472656249999989 0.012187500000000018
0 0.1651171875 0.3291796875 0.007050781250000027 0.00740234375000004
0 0.188515625 0.3253125 0.006894531250000002 0.007011718749999951
0 0.19236328125 0.33302734375 0.006816406250000018 0.0073632812499999645
0 0.04419921875 0.33669921875 0.006777343749999998 0.007148437500000049
0 0.0353515625 0.3065234375 0.00732421875 0.008359374999999947
0 0.057519531250000006 0.26177734375 0.010351562499999994 0.008691406249999978
0 0.04583984375 0.245234375 0.007148437499999993 0.00728515624999998
0 0.14462890625 0.0159375 0.008398437500000022 0.008769531250000004
0 0.13515625 0.02275390625 0.0078125 0.006796875000000001
0 0.1357421875 0.03130859375 0.007011718750000007 0.008671874999999996
0 0.10083984375 0.02951171875 0.00636718750000001 0.0054687499999999944
0 0.13259765625 0.06564453125 0.007382812500000002 0.006621093750000001
0 0.14376953125 0.0681640625 0.006289062499999998 0.006601562499999991
0 0.14724609375 0.05884765625 0.00736328125000002 0.005546874999999993
0 0.19345703125 0.19427734375 0.008457031250000024 0.007988281250000007
0 0.24849609375000004 0.15763671875 0.005761718749999978 0.007988281250000007
0 0.213828125 0.1066796875 0.006191406249999976 0.006660156249999993
0 0.26443359375 0.13203125 0.006972656249999987 0.006992187500000024
0 0.2812890625 0.1132421875 0.008652343750000013 0.008867187500000012
0 0.2842578125 0.1458203125 0.0063867187499999645 0.006816406250000018
0 0.279375 0.1680078125 0.007949218749999987 0.008613281249999993
0 0.2930859375 0.17013671875 0.008046875000000009 0.008183593749999996
0 0.30833984375 0.12333984375 0.006132812499999973 0.007167968750000003
0 0.30939453125 0.1151953125 0.006289062500000053 0.008457031249999997
0 0.314609375 0.143671875 0.00578124999999996 0.007226562499999978
0 0.3906640625 0.18375 0.005156249999999973 0.00533203124999998
0 0.381953125 0.1575390625 0.0068749999999999645 0.0072070312499999956
0 0.3709375 0.17900390625 0.005546874999999951 0.007167968749999976
0 0.362265625 0.17904296875 0.006171875000000049 0.00687500000000002
0 0.35947265625 0.14205078125 0.00529296874999996 0.007500000000000007
0 0.376015625 0.08697265625 0.006562500000000027 0.007246093749999988
0 0.31908203125 0.1005078125 0.006523437499999951 0.0069335937499999944
0 0.34083984375 0.0342578125 0.007226562499999978 0.0072265625000000056
0 0.25001953125 0.13119140625 0.009160156249999996 0.008945312500000024
0 0.35685546875 0.0303515625 0.007421875000000022 0.007363281250000006
0 0.345859375 0.02751953125 0.0087890625 0.0062109374999999994
0 0.3635546875 0.02080078125 0.008183593749999996 0.007832031250000003
0 0.44583984375 0.224921875 0.0072851562500000355 0.006777343749999998
0 0.4276171875 0.25216796875 0.006542968750000044 0.006484374999999987
0 0.3689453125 0.17080078125 0.005917968749999947 0.008066406249999991
0 0.490390625 0.29771484375 0.008515625000000027 0.007109374999999973
0 0.500859375 0.29984375 0.006777343750000053 0.007050781250000027
0 0.509921875 0.29609375 0.008515625000000027 0.007382812499999947
0 0.5551953125 0.2625 0.008437500000000098 0.008183593749999996
0 0.57134765625 0.2686328125 0.00716796874999992 0.007929687500000004
0 0.5056640625 0.35798828125 0.009003906250000027 0.006542968750000044
0 0.5359375 0.431640625 0.010175781250000071 0.008144531250000031
0 0.54275390625 0.4237890625 0.008554687499999991 0.00886718750000004
0 0.5196484375 0.4628125 0.008046875000000009 0.008398437500000022
0 0.53123046875 0.47248046875 0.007382812499999947 0.008203124999999978
0 0.50625 0.48001953125 0.007832031249999982 0.007636718750000049
0 0.5625 0.47796875 0.007792968750000018 0.006660156250000049
0 0.5438671875 0.47115234375 0.0068749999999999645 0.006699218750000013
0 0.5509765625 0.47525390625 0.008183593750000107 0.00789062500000004
0 0.5497265625 0.4825390625 0.006855468749999982 0.007617187499999956
0 0.53033203125 0.5291796875 0.006757812500000071 0.008710937500000071
0 0.5330078125 0.52251953125 0.008203125000000089 0.006699218749999902
0 0.551640625 0.517421875 0.010683593750000053 0.009023437500000009
0 0.50666015625 0.50654296875 0.00667968749999992 0.006406249999999947
0 0.52423828125 0.49724609375 0.007441406249999893 0.00773437499999996
0 0.52064453125 0.5039453125 0.006933593749999911 0.005488281249999893
0 0.53626953125 0.49421875 0.007226562500000089 0.007675781250000013
0 0.45783203125 0.49513671875 0.00740234375000004 0.0073632812499999645
0 0.43619140625 0.470546875 0.009023437500000009 0.00789062500000004
0 0.43748046875 0.4574609375 0.00724609374999996 0.006601562499999991
0 0.4530078125 0.444765625 0.008652343750000013 0.006503906249999969
0 0.52298828125 0.42044921875 0.0063867187499999645 0.00626953124999996
0 0.51724609375 0.424140625 0.007128906249999956 0.008437499999999987
0 0.48009765625 0.43896484375 0.005683593750000049 0.0062304687499999956
0 0.4733984375 0.3972265625 0.006249999999999978 0.006542968750000044
0 0.479140625 0.4006640625 0.00724609374999996 0.0068749999999999645
0 0.47484375 0.43455078125 0.007832031249999982 0.007031250000000044
0 0.5567578125 0.529765625 0.008925781250000098 0.009414062500000098
0 0.57896484375 0.53029296875 0.007109374999999973 0.00699218750000008
0 0.5788671875 0.54205078125 0.007343749999999982 0.007402343749999929
0 0.58208984375 0.54986328125 0.007695312500000107 0.007753906250000053
0 0.587421875 0.56095703125 0.00699218750000008 0.0063867187499999645
0 0.58357421875 0.503125 0.00845703125000008 0.011113281250000107
0 0.47955078125 0.60166015625 0.006777343750000053 0.008378906249999929
0 0.48671875 0.6321484375 0.008027343750000027 0.007402343749999929
0 0.50158203125 0.67357421875 0.008496093750000044 0.008242187500000053
0 0.52232421875 0.65689453125 0.007695312500000107 0.006738281250000089
0 0.5410546875 0.67634765625 0.005859375 0.008124999999999938
0 0.55779296875 0.6309375 0.006640624999999956 0.008046875000000009
0 0.5645703125 0.659921875 0.005351562500000018 0.00537109375
0 0.5766796875 0.6505078125 0.006445312499999911 0.008808593749999982
0 0.54578125 0.59376953125 0.007500000000000062 0.005683593749999938
0 0.5519140625 0.5868359375 0.007109374999999973 0.007519531250000044
0 0.53443359375 0.59568359375 0.007031250000000044 0.009082031249999956
0 0.53353515625 0.5850390625 0.013105468750000071 0.01089843750000008
0 0.55185546875 0.70015625 0.007421874999999911 0.006894531249999947
0 0.5529296875 0.70978515625 0.0078125 0.006933593749999911
0 0.56435546875 0.721015625 0.005390624999999982 0.006269531250000071
0 0.5724609375 0.7176953125 0.008066406249999991 0.010957031250000027
0 0.54400390625 0.71900390625 0.006972656250000098 0.006601562499999991
0 0.56015625 0.68466796875 0.006582031250000009 0.00732421875
0 0.545 0.73345703125 0.012011718749999956 0.01896484375000007
0 0.46662109375 0.66990234375 0.0045117187500000044 0.00601562500000008
0 0.4464453125 0.69244140625 0.007031250000000044 0.007753906250000053
0 0.4501953125 0.70001953125 0.006152343749999956 0.006660156249999938
0 0.60880859375 0.8318359375 0.007089843749999991 0.008554687499999991
0 0.61375 0.82810546875 0.008359374999999947 0.008886718749999911
0 0.6203125 0.80376953125 0.007441406249999893 0.009824218749999947
0 0.63005859375 0.7747265625 0.006972656250000098 0.007226562500000089
0 0.63525390625 0.74833984375 0.008417968749999893 0.008750000000000036
0 0.6738671875 0.76125 0.007890624999999929 0.009960937500000044
0 0.67515625 0.75435546875 0.006542968750000044 0.0063085937500000355
0 0.67859375 0.74408203125 0.00716796874999992 0.006464843749999893
0 0.62580078125 0.72849609375 0.007089843749999991 0.008496093750000044
0 0.60650390625 0.7002734375 0.00716796874999992 0.007929687499999893
0 0.62310546875 0.686484375 0.004804687500000071 0.006914062499999929
0 0.626796875 0.67615234375 0.006328125000000018 0.006953124999999893
0 0.612734375 0.66109375 0.007089843749999991 0.006914062499999929
0 0.64396484375 0.66220703125 0.00667968749999992 0.008359374999999947
0 0.66240234375 0.66953125 0.008007812500000044 0.008535156250000009
0 0.68712890625 0.673203125 0.009804687499999964 0.009238281250000036
0 0.68357421875 0.65630859375 0.008535156250000009 0.009023437500000009
0 0.62509765625 0.64087890625 0.006425781249999929 0.008281250000000018
0 0.65923828125 0.639765625 0.00716796874999992 0.007578124999999991
0 0.63708984375 0.6254296875 0.008574218749999973 0.007832031249999982
0 0.62060546875 0.60962890625 0.006855468749999982 0.007500000000000062
0 0.60494140625 0.6103515625 0.007148437499999938 0.006582031250000009
0 0.6124609375 0.612578125 0.006953124999999893 0.007539062500000027
0 0.61099609375 0.6204296875 0.006738281250000089 0.007187499999999902
0 0.63958984375 0.73564453125 0.006542968750000044 0.007578124999999991
0 0.60072265625 0.7592578125 0.006894531249999947 0.006738281250000089
0 0.64556640625 0.759296875 0.007148437499999938 0.007187499999999902
0 0.60109375 0.747421875 0.0068749999999999645 0.0067968750000000355
0 0.57529296875 0.66970703125 0.007421874999999911 0.008320312499999982
0 0.71521484375 0.64001953125 0.0077734375000000355 0.008710937500000071
0 0.5922265625 0.5869921875 0.012382812500000062 0.010351562499999911
0 0.6085546875 0.58890625 0.007187499999999902 0.007578124999999991
0 0.6505078125 0.57529296875 0.008339843749999964 0.007792968750000018
0 0.64642578125 0.5799609375 0.012480468749999973 0.008593749999999956
0 0.651953125 0.5859375 0.00650390625000008 0.008242187500000053
0 0.6017578125 0.5360546875 0.008750000000000036 0.007343749999999982
0 0.68646484375 0.57583984375 0.006933593749999911 0.007949218750000098
0 0.696171875 0.5622265625 0.006953124999999893 0.008593749999999956
0 0.7086328125 0.55265625 0.005859375 0.007910156249999911
0 0.66953125 0.5228515625 0.008066406249999991 0.008398437499999911
0 0.6690625 0.50009765625 0.007128906249999956 0.008750000000000036
0 0.61849609375 0.5284765625 0.006738281250000089 0.006855468749999982
0 0.639375 0.536328125 0.0073632812499999645 0.007421874999999911
0 0.63279296875 0.551640625 0.009335937499999947 0.007792968750000018
0 0.62138671875 0.4958984375 0.008750000000000036 0.008886718750000022
0 0.6064453125 0.554453125 0.00845703125000008 0.010371093749999893
0 0.62919921875 0.44263671875 0.00830078125 0.0068749999999999645
0 0.61900390625 0.44794921875 0.008242187500000053 0.006601562499999991
0 0.6190625 0.43958984375 0.008339843749999964 0.008339843749999964
0 0.68138671875 0.47173828125 0.009062499999999973 0.010703125000000036
0 0.6415625 0.4726171875 0.007460937500000098 0.00724609374999996
0 0.6016015625 0.37810546875 0.008417968749999893 0.00691406250000004
0 0.67783203125 0.3759375 0.008574218749999973 0.010624999999999996
0 0.69333984375 0.35974609375 0.007929687499999893 0.009003906250000027
0 0.66517578125 0.36203125 0.006445312499999911 0.006972656249999987
0 0.655546875 0.3315234375 0.009882812499999893 0.010761718749999982
0 0.6534375 0.3505859375 0.007109374999999973 0.00724609374999996
0 0.6480078125 0.40240234375 0.008066406249999991 0.00871093749999996
0 0.63876953125 0.40619140625 0.005664062499999956 0.0072851562500000355
0 0.63044921875 0.41841796875 0.007500000000000062 0.0062304687499999956
0 0.62994140625 0.40470703125 0.005996093750000098 0.008574218749999973
0 0.61349609375 0.26349609375 0.007636718749999938 0.008085937499999973
0 0.71255859375 0.25400390625 0.008984375000000044 0.008945312499999969
0 0.66294921875 0.21572265625 0.00814453124999992 0.007578124999999991
0 0.58212890625 0.22884765625 0.008281250000000018 0.0064257812499999845
0 0.5634765625 0.218515625 0.009746093750000018 0.008925781249999987
0 0.66439453125 0.170390625 0.008203125000000089 0.008671874999999996
0 0.648359375 0.15861328125 0.009687500000000071 0.0087890625
0 0.55326171875 0.1348828125 0.0077734375000000355 0.006249999999999978
0 0.53939453125 0.12212890625 0.005566406250000044 0.0076953124999999956
0 0.61927734375 0.11017578125 0.012109375000000089 0.01171875
0 0.52484375 0.11068359375 0.006757812500000071 0.007519531249999989
0 0.60482421875 0.10501953125 0.0063867187499999645 0.007050781249999999
0 0.7336328125 0.16689453125 0.007148437499999938 0.00830078125
0 0.65337890625 0.3635546875 0.010273437499999982 0.008261718750000036
0 0.764765625 0.22677734375 0.006113281249999991 0.00882812500000002
0 0.755 0.21447265625 0.010371093749999893 0.00923828124999998
0 0.77201171875 0.16759765625 0.007265625000000053 0.01021484374999998
0 0.81890625 0.13671875 0.008046875000000009 0.008906250000000004
0 0.719921875 0.3033984375 0.006972656250000098 0.00773437499999996
0 0.71890625 0.31205078125 0.006601562499999991 0.007539062500000027
0 0.70615234375 0.321328125 0.006972656250000098 0.015234375000000022
0 0.73333984375 0.32998046875 0.010859374999999893 0.008339843749999964
0 0.8193359375 0.2996875 0.006816406250000018 0.006972656249999987
0 0.82732421875 0.3033203125 0.006093750000000009 0.007148437500000049
0 0.83775390625 0.3926171875 0.0077734375000000355 0.008457031249999969
0 0.84677734375 0.38556640625 0.006640624999999956 0.006894531249999947
0 0.735390625 0.4058984375 0.006972656250000098 0.007929687500000004
0 0.7448046875 0.424296875 0.007500000000000062 0.007988281249999951
0 0.75298828125 0.423828125 0.006367187499999982 0.008730468750000053
0 0.73462890625 0.45521484375 0.008847656249999947 0.010624999999999996
0 0.74609375 0.476015625 0.005097656250000027 0.008847656249999947
0 0.75033203125 0.4463671875 0.006484375000000098 0.007109374999999973
0 0.75568359375 0.4490234375 0.005078125000000044 0.007382812499999947
0 0.7619140625 0.45357421875 0.010859374999999893 0.008691406249999978
0 0.79927734375 0.51978515625 0.006328125000000018 0.007519531250000044
0 0.793046875 0.48287109375 0.007382812499999947 0.010761718749999982
0 0.7978125 0.49234375 0.010156250000000089 0.01408203124999996
0 0.84087890625 0.526015625 0.006855468749999982 0.006582031250000009
0 0.8519140625 0.47294921875 0.006582031250000009 0.008574218749999973
0 0.831328125 0.52642578125 0.008554687499999991 0.007929687499999893
0 0.7663671875 0.58365234375 0.008574218749999973 0.008535156250000009
0 0.75943359375 0.60865234375 0.008750000000000036 0.00863281249999992
0 0.77130859375 0.60771484375 0.00912109374999992 0.008847656249999947
0 0.785234375 0.59755859375 0.008886718749999911 0.00830078125
0 0.78580078125 0.6115234375 0.010546874999999956 0.009160156250000107
0 0.7302734375 0.64216796875 0.00814453124999992 0.009101562499999938
0 0.7891015625 0.64953125 0.008320312499999982 0.010351562499999911
0 0.7936328125 0.6419921875 0.006464843749999893 0.008769531250000018
0 0.824375 0.65220703125 0.005546875000000062 0.00894531250000008
0 0.79109375 0.6729296875 0.00552734375000008 0.007753906250000053
0 0.80791015625 0.68271484375 0.006425781249999929 0.008593749999999956
0 0.80130859375 0.6908203125 0.006210937499999902 0.008164062499999902
0 0.80587890625 0.69689453125 0.007031250000000044 0.007851562499999964
0 0.7755078125 0.71291015625 0.00814453124999992 0.009218750000000053
0 0.8055078125 0.74927734375 0.0068359375 0.00814453124999992
0 0.74994140625 0.74583984375 0.008476562500000062 0.008027343750000027
0 0.76404296875 0.73123046875 0.008105468749999956 0.008964843750000062
0 0.78986328125 0.6830859375 0.007246093750000071 0.008320312499999982
0 0.768046875 0.78443359375 0.009355468749999929 0.007734375000000071
0 0.78453125 0.77248046875 0.007500000000000062 0.007753906250000053
0 0.721640625 0.8053125 0.007519531250000044 0.008417968749999893
0 0.7244921875 0.8505859375 0.005996093750000098 0.00748046875000008
0 0.73259765625 0.855390625 0.008613281249999938 0.0087890625
0 0.78091796875 0.8209375 0.005449218749999929 0.006933593749999911
0 0.8115234375 0.81515625 0.0068749999999999645 0.007343749999999982
0 0.802890625 0.83017578125 0.008847656249999947 0.009316406249999964
0 0.8329296875 0.83435546875 0.006035156250000062 0.008847656249999947
0 0.8399609375 0.8251953125 0.008671875000000107 0.007675781249999902
0 0.8503515625 0.83607421875 0.007617187499999956 0.009140624999999902
0 0.78232421875 0.84625 0.007246093750000071 0.006640624999999956
0 0.86251953125 0.87912109375 0.0068749999999999645 0.009160156250000107
0 0.84455078125 0.847109375 0.007246093750000071 0.008964843750000062
0 0.87015625 0.81623046875 0.006699218749999902 0.008925781250000098
0 0.88810546875 0.8072265625 0.006718750000000107 0.008867187499999929
0 0.8955078125 0.83046875 0.014453124999999956 0.00927734375
0 0.92595703125 0.8569140625 0.00863281249999992 0.008535156250000009
0 0.91515625 0.874921875 0.009960937500000044 0.008261718750000036
0 0.97060546875 0.83228515625 0.009062499999999973 0.00863281249999992
0 0.95322265625 0.7812890625 0.008085937499999973 0.008281250000000018
0 0.89771484375 0.7321484375 0.005937499999999929 0.008027343750000027
0 0.911953125 0.73671875 0.004804687500000071 0.008007812500000044
0 0.912734375 0.7251171875 0.006777343750000053 0.007753906250000053
0 0.87869140625 0.6883203125 0.0058203125000000355 0.007578124999999991
0 0.9495703125 0.70423828125 0.005351562500000018 0.008124999999999938
0 0.95361328125 0.7143359375 0.008046875000000009 0.007460937500000098
0 0.86724609375 0.63275390625 0.008808593749999982 0.008652343749999902
0 0.88271484375 0.62330078125 0.005566406250000044 0.008925781250000098
0 0.8544140625 0.61275390625 0.006523437500000062 0.006582031250000009
0 0.85662109375 0.6070703125 0.006757812500000071 0.006054687500000044
0 0.85427734375 0.60091796875 0.006230468750000107 0.007539062500000027
0 0.8646484375 0.59904296875 0.006542968750000044 0.010156250000000089
0 0.88986328125 0.6497265625 0.010273437499999982 0.010058593749999956
0 0.90333984375 0.66125 0.006777343750000053 0.008066406249999991
0 0.902109375 0.64833984375 0.008476562500000062 0.00894531250000008
0 0.9005078125 0.63529296875 0.009082031249999956 0.008242187500000053
0 0.921796875 0.6240234375 0.008222656250000071 0.009531249999999991
0 0.9244921875 0.65126953125 0.006933593749999911 0.007714843750000089
0 0.924296875 0.6358203125 0.005273437500000089 0.006425781249999929
0 0.91994140625 0.63833984375 0.007441406249999893 0.007714843750000089
0 0.87099609375 0.606640625 0.004628906250000009 0.006894531249999947
0 0.946484375 0.56720703125 0.010039062499999973 0.011035156249999956
0 0.927734375 0.551875 0.008417968749999893 0.01041015625000008
0 0.9180859375 0.52671875 0.007460937500000098 0.008046875000000009
0 0.94259765625 0.52353515625 0.0068359375 0.007929687499999893
0 0.9473828125 0.54888671875 0.008066406249999991 0.008593749999999956
0 0.95716796875 0.5594140625 0.004687499999999956 0.0063085937500000355
0 0.861015625 0.38208984375 0.009707031250000053 0.007011718749999951
0 0.96689453125 0.37892578125 0.00830078125 0.009042968749999991
0 0.96767578125 0.3957421875 0.010292968749999964 0.010585937500000031
0 0.92224609375 0.3184375 0.008261718750000036 0.008613281250000049
0 0.94185546875 0.30177734375 0.00830078125 0.011191406250000036
0 0.91998046875 0.255859375 0.008320312499999982 0.009003906250000027
0 0.92669921875 0.23146484375 0.006777343750000053 0.006972656249999987
0 0.9356640625 0.2276953125 0.008417968749999893 0.01025390625
0 0.939453125 0.21666015625 0.008476562500000062 0.009023437500000009
0 0.94251953125 0.19677734375 0.010878906250000098 0.009882812500000004
0 0.9131640625 0.15900390625 0.005957031249999911 0.006777343749999998
0 0.9113671875 0.17412109375 0.009882812499999893 0.009492187500000027
0 0.90904296875 0.13044921875 0.01138671875000008 0.009941406250000007
0 0.872890625 0.09869140625 0.008847656249999947 0.014609375000000008
0 0.8558984375 0.0725390625 0.008222656250000071 0.008632812500000003
0 0.9680859375 0.02373046875 0.011113281250000107 0.011972656249999998
0 0.8994140625 0.2585546875 0.006816406250000018 0.00691406250000004
0 0.936875 0.3660546875 0.010429687500000062 0.011660156250000053
0 0.91126953125 0.3681640625 0.006640624999999956 0.006660156250000049
0 0.9786328125 0.27720703125 0.007382812499999947 0.008242187500000053
0 0.9853125 0.30072265625 0.006230468750000107 0.008984375000000044
0 0.98666015625 0.2918359375 0.00570312499999992 0.0068359375
0 0.99294921875 0.27138671875 0.007519531250000044 0.010039062499999973
0 0.99416015625 0.2987890625 0.0077734375000000355 0.01644531250000003
0 0.98966796875 0.154296875 0.008984375000000044 0.00882812500000002
0 0.9969140625 0.11208984375 0.006152343749999956 0.007167968750000003
0 0.9744140625 0.4040625 0.0068359375 0.007031250000000044