0 0.268828125 0.1842578125 0.01953125 0.014746093750000022
0 0.23677734375 0.15828125 0.016582031250000018 0.01732421875000001
0 0.0103125 0.0064453125 0.01990234375 0.012890625
0 0.00390625 0.1201171875 0.0078125 0.017578125
0 0.02302734375 0.15015625 0.022480468749999996 0.01732421875000001
0 0.02099609375 0.2870703125 0.01841796875 0.017695312500000004
0 0.06099609375 0.280625 0.020273437500000005 0.01806640625
0 0.02064453125 0.18259765625 0.032421875 0.022480468749999982
0 0.026347656250000004 0.1945703125 0.02322265625 0.014746093750000022
0 0.1308203125 0.36962890625 0.016953125000000013 0.016210937500000022
0 0.1678515625 0.41107421875 0.02099609375 0.01953125
0 0.1490625 0.4505078125 0.02027343749999999 0.02099609375
0 0.14224609375 0.47814453125 0.026523437500000024 0.01732421875000001
0 0.18296875 0.47169921875 0.01953125 0.018417968750000013
0 0.2382421875 0.59146484375 0.01806640625 0.017695312499999893
0 0.26994140625 0.60234375 0.01878906250000001 0.01878906250000001
0 0.27326171875 0.83357421875 0.01878906250000001 0.017695312499999893
0 0.29259765625 0.88830078125 0.016210937500000022 0.013632812500000036
0 0.0254296875 0.98541015625 0.019160156250000004 0.018417968749999902
0 0.5019140625 0.67677734375 0.01546874999999992 0.01806640625
0 0.533984375 0.7278125 0.018417968749999902 0.014746093749999911
0 0.35875 0.60859375 0.01806640625 0.015839843750000027
0 0.46728515625 0.58705078125 0.016953125000000013 0.01546874999999992
0 0.4617578125 0.60400390625 0.015468750000000031 0.017695312499999893
0 0.44921875 0.6001171875 0.020644531249999987 0.01953125
0 0.5111328125 0.559765625 0.016953124999999902 0.017695312499999893
0 0.5280859375 0.581875 0.01621093749999991 0.017695312499999893
0 0.57376953125 0.60455078125 0.01400390624999992 0.015117187500000018
0 0.6417578125 0.64341796875 0.016582031250000018 0.01621093749999991
0 0.60529296875 0.59919921875 0.01806640625 0.01546874999999992
0 0.64765625 0.6036328125 0.015117187500000018 0.014746093749999911
0 0.5859375 0.56494140625 0.01400390624999992 0.01400390624999992
0 0.57064453125 0.5645703125 0.015839843750000027 0.018417968749999902
0 0.42103515625 0.580234375 0.009941406249999951 0.012890625000000044
0 0.5091015625 0.52771484375 0.01878906250000001 0.014746093749999911
0 0.78861328125 0.00552734375 0.016953124999999902 0.0110546875
0 0.8118359375 0.04865234375 0.022109375000000098 0.019902343749999996
0 0.84591796875 0.11203125 0.02099609375 0.016953125000000013
0 0.86048828125 0.153125 0.028007812500000062 0.02027343749999999
0 0.8164453125 0.2962890625 0.025429687499999964 0.017695312500000004
0 0.86896484375 0.3066015625 0.020644531250000098 0.016953125000000013
0 0.66111328125 0.24984374999999998 0.020644531250000098 0.016953125000000013
0 0.604921875 0.21392578125 0.02099609375 0.022480468749999982
0 0.61412109375 0.19419921875 0.02173828124999999 0.018417968750000013
0 0.59330078125 0.2721484375 0.01621093749999991 0.02173828124999999
0 0.46986328125 0.13763671875 0.014003906250000031 0.02027343749999999
0 0.4901171875 0.13248046875 0.018417968750000013 0.01953125
0 0.47962890625 0.1004296875 0.01953125 0.02027343749999999
0 0.48919921875 0.08642578125 0.015839843750000027 0.013632812500000008
0 0.5234765625 0.07830078125 0.01806640625 0.02394531250000001
0 0.5805859375 0.11349609375 0.015117187500000018 0.020644531249999987
0 0.49970703125 0.19365234375 0.018417968750000013 0.02027343749999999
0 0.593671875 0.404453125 0.02580078125000007 0.025429687499999964
0 0.54337890625 0.36814453125 0.02099609375 0.033164062500000036
0 0.68212890625 0.53083984375 0.02505859375000008 0.025429687499999964
0 0.69888671875 0.54466796875 0.023945312499999982 0.02359375000000008
0 0.55240234375 0.5148046875 0.02285156250000009 0.02505859375000008
0 0.77978515625 0.4973046875 0.032421875000000044 0.025429687499999964
0 0.602890625 0.5780078125 0.018417968749999902 0.02099609375
0 0.57505859375 0.49234375 0.01878906250000001 0.02359374999999997
0 0.5990234375 0.49031250000000004 0.029843749999999947 0.022480468749999982
0 0.744765625 0.36021484375 0.018417968749999902 0.023222656249999973
0 0.434296875 0.35064453125 0.025429687499999964 0.026171874999999956
0 0.43484375 0.4119921875 0.02359374999999997 0.033164062500000036
0 0.3959765625 0.4140234375 0.023222656249999973 0.02027343749999999
0 0.5825390625 0.13580078125 0.014082031250000071 0.020898437499999978
0 0.5164453125 0.17056640625 0.021796874999999938 0.018613281250000002
0 0.58275390625 0.2028125 0.02089843750000009 0.027714843749999996
0 0.56640625 0.33111328125 0.019980468750000036 0.01634765625000001
0 0.57140625 0.3431640625 0.01816406249999991 0.017714843749999987
0 0.583203125 0.33111328125 0.013632812500000036 0.011816406250000022
0 0.673828125 0.383125 0.020449218750000053 0.018613281249999947
0 0.53529296875 0.5409765625 0.01953125 0.01816406249999991
0 0.6515625 0.5532421875 0.028613281249999956 0.023613281250000062
0 0.60478515625 0.3576953125 0.033164062500000036 0.015898437499999973
0 0.654296875 0.43490234375 0.015898437499999973 0.014980468750000031
0 0.6381640625 0.4115234375 0.017265625000000062 0.02179687500000005
0 0.62908203125 0.52279296875 0.019980468750000036 0.026347656250000018
0 0.61978515625 0.55142578125 0.018613281249999947 0.02271484374999999
0 0.60138671875 0.51439453125 0.02089843750000009 0.020449218750000053
0 0.6531640625 0.49873046875 0.026347656250000018 0.02361328124999995
0 0.66587890625 0.47443359375 0.012714843749999982 0.01953125
0 0.68177734375 0.4944140625 0.015449218749999938 0.01498046874999992
0 0.647265625 0.508046875 0.017265625000000062 0.015898437499999973
0 0.65384765625 0.5137109375 0.02408203125000008 0.005449218749999929
0 0.68517578125 0.26208984375 0.020449218750000053 0.018164062500000022
0 0.4846484375 0.2698046875 0.024531250000000004 0.025429687499999964
0 0.45693359375 0.28478515625 0.014531249999999996 0.012714843749999982
0 0.06083984375 0.21447265625 0.021035156249999992 0.02177734375000001