0 0.4462890625 0.962890625 0.009765625 0.0078125
0 0.39453125 0.9921875 0.009765625 0.0078125
0 0.279296875 0.99609375 0.0078125 0.0078125
0 0.2578125 0.9794921875 0.013671875 0.009765625
0 0.25390625 0.9951171875 0.0078125 0.0078125
0 0.15234375 0.8828125 0.0078125 0.0078125
0 0.1123046875 0.998046875 0.0078125 0.00390625
0 0.0068359375 0.83984375 0.01171875 0.009765625
0 0.0751953125 0.78515625 0.0078125 0.0078125
0 0.087890625 0.80078125 0.009765625 0.0078125
0 0.17578125 0.7861328125 0.009765625 0.0078125
0 0.1962890625 0.794921875 0.0078125 0.009765625
0 0.1630859375 0.7275390625 0.0078125 0.0078125
0 0.142578125 0.6474609375 0.009765625 0.0078125
0 0.1484375 0.625 0.009765625 0.0078125
0 0.1376953125 0.6328125 0.0078125 0.005859375
0 0.1328125 0.6259765625 0.009765625 0.009765625
0 0.0859375 0.578125 0.0078125 0.0078125
0 0.0625 0.607421875 0.0078125 0.0078125
0 0.0595703125 0.619140625 0.0078125 0.0078125
0 0.0556640625 0.6025390625 0.01171875 0.009765625
0 0.0859375 0.515625 0.0078125 0.0078125
0 0.0927734375 0.50390625 0.009765625 0.009765625
0 0.0419921875 0.4736328125 0.0078125 0.0078125
0 0.03515625 0.4453125 0.0078125 0.0078125
0 0.1103515625 0.478515625 0.0078125 0.0078125
0 0.1171875 0.494140625 0.009765625 0.0078125
0 0.1201171875 0.48046875 0.009765625 0.013671875
0 0.126953125 0.490234375 0.009765625 0.01171875
0 0.0859375 0.45703125 0.009765625 0.01171875
0 0.083984375 0.4453125 0.0078125 0.0078125
0 0.126953125 0.447265625 0.009765625 0.009765625
0 0.1591796875 0.4912109375 0.01171875 0.009765625
0 0.166015625 0.4990234375 0.0078125 0.0078125
0 0.1689453125 0.5068359375 0.009765625 0.009765625
0 0.173828125 0.5185546875 0.0078125 0.005859375
0 0.177734375 0.4951171875 0.0078125 0.009765625
0 0.173828125 0.48046875 0.009765625 0.0078125
0 0.1796875 0.4619140625 0.013671875 0.009765625
0 0.181640625 0.474609375 0.009765625 0.0078125
0 0.1923828125 0.470703125 0.0078125 0.0078125
0 0.201171875 0.5087890625 0.01171875 0.0078125
0 0.203125 0.54296875 0.009765625 0.0078125
0 0.208984375 0.548828125 0.0078125 0.0078125
0 0.220703125 0.541015625 0.009765625 0.009765625
0 0.2197265625 0.4892578125 0.01171875 0.009765625
0 0.22265625 0.478515625 0.009765625 0.0078125
0 0.2275390625 0.47265625 0.009765625 0.0078125
0 0.16796875 0.443359375 0.0078125 0.0078125
0 0.2451171875 0.498046875 0.009765625 0.0078125
0 0.2353515625 0.4970703125 0.01171875 0.009765625
0 0.236328125 0.509765625 0.009765625 0.0078125
0 0.255859375 0.5224609375 0.009765625 0.0078125
0 0.2626953125 0.537109375 0.013671875 0.009765625
0 0.271484375 0.5439453125 0.009765625 0.0078125
0 0.1826171875 0.431640625 0.01171875 0.009765625
0 0.1396484375 0.4208984375 0.01171875 0.009765625
0 0.1396484375 0.4345703125 0.009765625 0.009765625
0 0.0986328125 0.44140625 0.009765625 0.0078125
0 0.08984375 0.435546875 0.0078125 0.0078125
0 0.08203125 0.427734375 0.009765625 0.009765625
0 0.0712890625 0.4326171875 0.0078125 0.0078125
0 0.109375 0.369140625 0.009765625 0.0078125
0 0.091796875 0.369140625 0.009765625 0.009765625
0 0.14453125 0.3759765625 0.0078125 0.0078125
0 0.1572265625 0.40234375 0.009765625 0.009765625
0 0.16796875 0.4169921875 0.0078125 0.005859375
0 0.1640625 0.4228515625 0.009765625 0.0078125
0 0.1015625 0.4013671875 0.005859375 0.0078125
0 0.095703125 0.328125 0.009765625 0.0078125
0 0.09375 0.31640625 0.009765625 0.0078125
0 0.09765625 0.298828125 0.0078125 0.0078125
0 0.1396484375 0.3056640625 0.009765625 0.0078125
0 0.1259765625 0.3076171875 0.0078125 0.0078125
0 0.0625 0.31640625 0.009765625 0.0078125
0 0.0498046875 0.3193359375 0.0078125 0.0078125
0 0.0517578125 0.3388671875 0.0078125 0.005859375
0 0.033203125 0.3369140625 0.0078125 0.005859375
0 0.0625 0.2841796875 0.009765625 0.0078125
0 0.0458984375 0.2880859375 0.0078125 0.005859375
0 0.0048828125 0.2861328125 0.009765625 0.009765625
0 0.013671875 0.294921875 0.0078125 0.005859375
0 0.0166015625 0.30078125 0.0078125 0.0078125
0 0.00390625 0.2998046875 0.0078125 0.0078125
0 0.0185546875 0.3837890625 0.0078125 0.005859375
0 0.0390625 0.328125 0.009765625 0.0078125
0 0.0185546875 0.3134765625 0.0078125 0.0078125
0 0.056640625 0.3486328125 0.005859375 0.0078125
0 0.0634765625 0.349609375 0.0078125 0.005859375
0 0.05859375 0.357421875 0.0078125 0.0078125
0 0.0625 0.3701171875 0.0078125 0.005859375
0 0.06640625 0.3642578125 0.0078125 0.005859375
0 0.046875 0.36328125 0.0078125 0.0078125
0 0.046875 0.37109375 0.0078125 0.0078125
0 0.033203125 0.3720703125 0.0078125 0.005859375
0 0.0341796875 0.3798828125 0.005859375 0.0078125
0 0.037109375 0.41015625 0.005859375 0.005859375
0 0.0341796875 0.4296875 0.0078125 0.0078125
0 0.009765625 0.20703125 0.0078125 0.0078125
0 0.064453125 0.26171875 0.009765625 0.0078125
0 0.12109375 0.298828125 0.009765625 0.009765625
0 0.1318359375 0.2958984375 0.01171875 0.01171875
0 0.126953125 0.28125 0.0078125 0.0078125
0 0.1826171875 0.25390625 0.01171875 0.009765625
0 0.2109375 0.34375 0.009765625 0.0078125
0 0.2041015625 0.3486328125 0.0078125 0.0078125
0 0.2060546875 0.357421875 0.009765625 0.0078125
0 0.193359375 0.357421875 0.009765625 0.0078125
0 0.189453125 0.365234375 0.009765625 0.0078125
0 0.1806640625 0.373046875 0.009765625 0.0078125
0 0.1845703125 0.3828125 0.005859375 0.0078125
0 0.1826171875 0.3974609375 0.009765625 0.009765625
0 0.177734375 0.3876953125 0.009765625 0.0078125
0 0.171875 0.3818359375 0.0078125 0.009765625
0 0.046875 0.029296875 0.009765625 0.0078125
0 0.041015625 0.0341796875 0.0078125 0.005859375
0 0.01171875 0.005859375 0.01171875 0.0078125
0 0.005859375 0.0166015625 0.009765625 0.0078125
0 0.029296875 0.0390625 0.009765625 0.009765625
0 0.0126953125 0.04296875 0.009765625 0.009765625
0 0.0048828125 0.041015625 0.009765625 0.01171875
0 0.021484375 0.15625 0.0078125 0.0078125
0 0.0029296875 0.1494140625 0.005859375 0.0078125
0 0.0048828125 0.162109375 0.0078125 0.0078125
0 0.0078125 0.1728515625 0.0078125 0.005859375
0 0.005859375 0.181640625 0.009765625 0.0078125
0 0.0048828125 0.19140625 0.009765625 0.0078125
0 0.0341796875 0.1865234375 0.01171875 0.009765625
0 0.01953125 0.1962890625 0.013671875 0.009765625
0 0.17578125 0.009765625 0.009765625 0.009765625
0 0.1982421875 0.01953125 0.0078125 0.0078125
0 0.1884765625 0.0244140625 0.0078125 0.0078125
0 0.224609375 0.037109375 0.0078125 0.0078125
0 0.2236328125 0.05078125 0.0078125 0.0078125
0 0.162109375 0.056640625 0.009765625 0.0078125
0 0.11328125 0.099609375 0.01171875 0.005859375
0 0.12109375 0.1142578125 0.0078125 0.0078125
0 0.119140625 0.1240234375 0.0078125 0.0078125
0 0.11328125 0.15234375 0.0078125 0.0078125
0 0.2734375 0.0400390625 0.01171875 0.009765625
0 0.2587890625 0.076171875 0.009765625 0.0078125
0 0.2421875 0.10546875 0.0078125 0.0078125
0 0.2548828125 0.12890625 0.009765625 0.0078125
0 0.23046875 0.138671875 0.0078125 0.0078125
0 0.2373046875 0.12890625 0.0078125 0.0078125
0 0.2529296875 0.1416015625 0.0078125 0.005859375
0 0.25390625 0.15625 0.009765625 0.0078125
0 0.2470703125 0.1650390625 0.0078125 0.0078125
0 0.2822265625 0.1689453125 0.0078125 0.0078125
0 0.2880859375 0.1259765625 0.0078125 0.0078125
0 0.251953125 0.06640625 0.021484375 0.017578125
0 0.216796875 0.0634765625 0.009765625 0.0078125
0 0.1767578125 0.0673828125 0.0078125 0.005859375
0 0.1328125 0.08984375 0.005859375 0.005859375
0 0.169921875 0.1728515625 0.009765625 0.0078125
0 0.1748046875 0.1796875 0.0078125 0.0078125
0 0.2021484375 0.1884765625 0.0078125 0.0078125
0 0.162109375 0.197265625 0.009765625 0.0078125
0 0.1201171875 0.1396484375 0.0078125 0.0078125
0 0.134765625 0.18359375 0.0078125 0.005859375
0 0.11328125 0.2490234375 0.009765625 0.009765625
0 0.1142578125 0.23046875 0.0078125 0.005859375
0 0.1669921875 0.2333984375 0.01171875 0.0078125
0 0.166015625 0.2421875 0.0078125 0.0078125
0 0.1806640625 0.240234375 0.01171875 0.009765625
0 0.166015625 0.1181640625 0.009765625 0.005859375
0 0.2431640625 0.1494140625 0.0078125 0.0078125
0 0.197265625 0.0302734375 0.009765625 0.0078125
0 0.1923828125 0.11328125 0.0078125 0.0078125
0 0.2470703125 0.123046875 0.0078125 0.01171875
0 0.275390625 0.1591796875 0.0078125 0.005859375
0 0.1298828125 0.205078125 0.0078125 0.0078125