0 0.0449609375 0.075859375 0.02089843749999999 0.018164062499999994
0 0.00931640625 0.0136328125 0.0158984375 0.016347656249999995
0 0.28162109375 0.04791015625 0.014531249999999996 0.013164062500000004
0 0.10833984375 0.15580078125 0.012265625000000002 0.012714843749999982
0 0.13671875 0.241640625 0.01634765625000001 0.01634765625000001
0 0.2918359375 0.23232421875 0.013164062500000018 0.014082031250000016
0 0.47828125 0.22052734375 0.01726562499999995 0.013164062500000018
0 0.43990234375 0.3379296875 0.016796875000000044 0.013632812500000036
0 0.3626953125 0.3479296875 0.016796875000000044 0.015449218750000049
0 0.44126953125 0.3769921875 0.020449218750000053 0.01726562499999995
0 0.40560546875 0.3965234375 0.014531249999999996 0.014531249999999996
0 0.436953125 0.395625 0.011816406250000022 0.013632812500000036
0 0.6313671875 0.23369140625 0.015449218749999938 0.014082031250000016
0 0.74287109375 0.45875 0.017714843750000098 0.014531249999999996
0 0.31091796875 0.46919921875 0.014980468750000031 0.011816406250000022
0 0.35337890625 0.5357421875 0.01634765625000001 0.014082031250000071
0 0.3163671875 0.57458984375 0.018613281249999947 0.014531250000000107
0 0.45580078125 0.54529296875 0.018613281249999947 0.015898437499999973
0 0.40765625 0.54595703125 0.015898437499999973 0.013632812500000036
0 0.3549609375 0.62794921875 0.016796875000000044 0.020449218750000053
0 0.21326171875 0.6504296875 0.01679687499999999 0.013632812500000036
0 0.01271484375 0.556875 0.012714843750000003 0.012714843749999982
0 0.54232421875 0.676328125 0.017265625000000062 0.01634765625000001
0 0.3797265625 0.80736328125 0.015449218750000049 0.015898437499999973
0 0.4555859375 0.815546875 0.012714843749999982 0.014082031250000071
0 0.44353515625 0.80009765625 0.014980468750000031 0.013164062500000018
0 0.47669921875 0.78693359375 0.011347656250000004 0.012265624999999947
0 0.236640625 0.82689453125 0.011816406250000022 0.014082031250000071
0 0.2159765625 0.88912109375 0.014980468749999976 0.013164062500000018
0 0.58548828125 0.9045703125 0.014531250000000107 0.012265624999999947
0 0.66087890625 0.900703125 0.017265625000000062 0.015449218749999938
0 0.6540625 0.9438671875 0.015449218749999938 0.014531250000000107
0 0.7019921875 0.98541015625 0.017714843750000098 0.014082031250000071
0 0.62908203125 0.94568359375 0.011816406249999911 0.011816406249999911
0 0.0231640625 0.9388671875 0.016347656249999995 0.015449218749999938
0 0.055859375 0.94703125 0.012714843749999996 0.011816406249999911
0 0.79896484375 0.98677734375 0.017265625000000062 0.016796875000000044
0 0.74990234375 0.99373046875 0.015449218749999938 0.01253906249999992
0 0.8239453125 0.90025390625 0.014531250000000107 0.013632812500000036
0 0.81486328125 0.84166015625 0.011816406249999911 0.01089843750000008
0 0.806953125 0.66486328125 0.015546875000000071 0.013554687500000107