0 0.2451171875 0.0387109375 0.01626953124999997 0.014980468750000003
0 0.18814453125 0.21189453125 0.013027343749999976 0.013671875
0 0.05630859375 0.27048828125 0.013671875 0.013671875
0 0.171875 0.28935546875 0.015625 0.01626953124999997
0 0.24380859375 0.28806640625 0.018886718749999976 0.014980468750000031
0 0.45962890625 0.16892578125 0.01693359375000003 0.018886718749999976
0 0.40234375 0.2516015625 0.013027343750000031 0.02017578124999997
0 0.390625 0.29716796875 0.014316406249999969 0.017578125
0 0.36751953125 0.3219140625 0.01626953124999997 0.017578125
0 0.25130859375 0.31541015625 0.013027343750000031 0.01626953124999997
0 0.28775390625 0.33396484375 0.014316406249999969 0.01693359375000003
0 0.23404296875 0.33787109375 0.012363281250000024 0.015625
0 0.48794921875 0.111953125 0.01626953124999997 0.015625
0 0.46419921875 0.05564453124999999 0.014316406249999969 0.014980468750000003
0 0.48892578125 0.16728515625 0.01171875 0.014316406250000024
0 0.57162109375 0.18193359375 0.01171875 0.016269531250000024
0 0.54556640625 0.23173828125 0.015625 0.015625
0 0.51041015625 0.24998046875000002 0.01302734374999992 0.015625
0 0.47494140625 0.295546875 0.014980468750000031 0.01693359375000003
0 0.71060546875 0.0709375 0.013671875 0.015625
0 0.70150390625 0.026015625 0.01236328125000008 0.013027343750000003
0 0.73306640625 0.01951171875 0.01302734374999992 0.01171875
0 0.78775390625 0.06345703125 0.01302734374999992 0.013671875
0 0.787109375 0.08298828125 0.015625 0.014980468750000003
0 0.82748046875 0.096328125 0.015625 0.014316406249999997
0 0.82486328125 0.111953125 0.01302734374999992 0.014316406249999997
0 0.61849609375 0.20537109375 0.01431640625000008 0.014980468749999976
0 0.63150390625 0.19267578125 0.015625 0.016933593749999976
0 0.70669921875 0.18552734375 0.01236328125000008 0.016933593749999976
0 0.74380859375 0.2086328125 0.01626953125000008 0.014980468749999976
0 0.69759765625 0.24509765625 0.01888671874999992 0.018886718749999976
0 0.81185546875 0.22099609375 0.01822265625000008 0.017578125
0 0.8203125 0.2398828125 0.01431640625000008 0.016269531250000024
0 0.20703125 0.37109375 0.01953125 0.01693359375000003
0 0.20833984375 0.38736328125 0.016933593749999976 0.015625
0 0.11263671875 0.43619140625 0.016933593750000003 0.01693359375000003
0 0.056640625 0.44888671875 0.015625 0.01888671875000003
0 0.07650390625 0.46615234375 0.013671875 0.015625
0 0.1455078125 0.46322265625 0.014980468749999976 0.014980468750000031
0 0.17154296875 0.470703125 0.022792968749999976 0.014316406249999969
0 0.197265625 0.48177734375 0.016933593749999976 0.014316406249999969
0 0.224609375 0.44791015625 0.013027343749999976 0.015625
0 0.25650390625 0.43814453125 0.014316406249999969 0.014316406249999969
0 0.33138671875 0.42837890625 0.01693359375000003 0.01822265624999997
0 0.33236328125 0.46451171875 0.013671875 0.01626953124999997
0 0.30142578125 0.50552734375 0.01693359375000003 0.01626953125000008
0 0.35546875 0.48080078125 0.01693359375000003 0.01888671875000003
0 0.40234375 0.39453125 0.01822265624999997 0.01822265624999997
0 0.4609375 0.3818359375 0.015625 0.01888671875000003
0 0.48599609375 0.3740234375 0.017578125 0.017578125
0 0.48990234375 0.40853515625 0.013671875 0.01626953124999997
0 0.54916015625 0.33267578125 0.013671875 0.015625
0 0.546875 0.359375 0.01302734374999992 0.02212890624999997
0 0.5654296875 0.34048828125 0.01498046874999992 0.01693359375000003
0 0.61947265625 0.318359375 0.02017578125000008 0.015625
0 0.6142578125 0.36947265625 0.01888671874999992 0.017578125
0 0.58724609375 0.41080078125 0.01431640625000008 0.014316406249999969
0 0.57876953125 0.43880859375 0.01302734374999992 0.014316406249999969
0 0.595703125 0.45931640625 0.01431640625000008 0.01626953124999997
0 0.59896484375 0.39486328125 0.01302734374999992 0.014980468750000031
0 0.62240234375 0.39193359375 0.01302734374999992 0.01693359375000003
0 0.65462890625 0.4560546875 0.01498046874999992 0.01888671875000003
0 0.63314453125 0.421875 0.017578125 0.01822265624999997
0 0.6416015625 0.42904296875 0.01498046874999992 0.015625
0 0.62142578125 0.51595703125 0.01498046874999992 0.01626953125000008
0 0.63998046875 0.51431640625 0.01693359374999992 0.01953125
0 0.54849609375 0.52115234375 0.01888671874999992 0.01626953125000008
0 0.48763671875 0.4638671875 0.015625 0.01626953124999997
0 0.44857421875 0.46908203125 0.013027343750000031 0.01626953124999997
0 0.43716796875 0.48666015625 0.017578125 0.01888671875000003
0 0.43099609375 0.52603515625 0.01953125 0.01822265625000008
0 0.39291015625 0.57650390625 0.01626953124999997 0.01498046874999992
0 0.27376953125 0.5556640625 0.013671875 0.01626953125000008
0 0.306640625 0.5556640625 0.01693359375000003 0.017578125
0 0.05826171875 0.57876953125 0.018886718750000003 0.01822265625000008
0 0.0283203125 0.3798828125 0.017578125 0.01626953124999997
0 0.65625 0.13443359375 0.01822265625000008 0.016269531250000024
0 0.72298828125 0.109375 0.01498046874999992 0.015625
0 0.91177734375 0.15853515625 0.017578125 0.016269531250000024
0 0.86328125 0.060546875 0.015625 0.016933593750000003
0 0.89193359375 0.28255859375 0.01693359374999992 0.01693359375000003
0 0.927734375 0.29720703125 0.01171875 0.017578125
0 0.939453125 0.30337890625 0.01302734374999992 0.015625
0 0.94140625 0.27994140625 0.015625 0.01693359375000003
0 0.9912109375 0.19857421875 0.017578125 0.01953125
0 0.87759765625 0.34115234375 0.01693359374999992 0.015625
0 0.8408203125 0.36556640625 0.01626953125000008 0.017578125
0 0.896484375 0.38443359375 0.015625 0.01626953124999997
0 0.72134765625 0.47265625 0.0234375 0.01822265624999997
0 0.73958984375 0.45248046875 0.01171875 0.01693359375000003
0 0.83267578125 0.431640625 0.01431640625000008 0.01693359375000003
0 0.830078125 0.478515625 0.01431640625000008 0.014316406249999969
0 0.822265625 0.49544921875 0.015625 0.01693359375000003
0 0.7998046875 0.50162109375 0.01498046874999992 0.01626953125000008
0 0.88671875 0.53125 0.015625 0.01822265625000008
0 0.990234375 0.63705078125 0.01822265625000008 0.01888671874999992
0 0.96029296875 0.63833984375 0.015625 0.01498046874999992
0 0.81705078125 0.59994140625 0.01171875 0.013671875
0 0.68359375 0.5546875 0.01693359374999992 0.01693359374999992
0 0.65853515625 0.53515625 0.01498046874999992 0.01693359374999992
0 0.57064453125 0.548828125 0.017578125 0.01953125
0 0.57388671875 0.58267578125 0.01498046874999992 0.01693359374999992
0 0.54654296875 0.67642578125 0.01626953125000008 0.01693359374999992
0 0.89193359375 0.6953125 0.015625 0.01431640625000008
0 0.9462890625 0.71322265625 0.013671875 0.01498046874999992
0 0.9755859375 0.7138671875 0.013671875 0.01626953125000008
0 0.9189453125 0.75130859375 0.01498046874999992 0.015625
0 0.90884765625 0.72232421875 0.01431640625000008 0.01626953125000008
0 0.85806640625 0.72982421875 0.015625 0.01822265625000008
0 0.88248046875 0.7392578125 0.01498046874999992 0.013671875
0 0.892578125 0.75650390625 0.01431640625000008 0.01953125
0 0.96908203125 0.81900390625 0.01498046874999992 0.01822265625000008
0 0.91177734375 0.87109375 0.01498046874999992 0.015625
0 0.95345703125 0.87728515625 0.01626953125000008 0.01626953125000008
0 0.95279296875 0.92578125 0.01626953125000008 0.01693359374999992
0 0.91341796875 0.9501953125 0.01693359374999992 0.017578125
0 0.7734375 0.97232421875 0.01693359374999992 0.017578125
0 0.75064453125 0.9853515625 0.015625 0.017578125
0 0.4462890625 0.54751953125 0.012363281249999969 0.01693359374999992
0 0.48892578125 0.62955078125 0.01693359375000003 0.01431640625000008
0 0.55892578125 0.6552734375 0.01626953125000008 0.017578125
0 0.44759765625 0.65689453125 0.01888671875000003 0.02083984374999992
0 0.47623046875 0.65201171875 0.014980468750000031 0.017578125
0 0.44791015625 0.69564453125 0.02083984375000003 0.017578125
0 0.39615234375 0.71841796875 0.014980468750000031 0.01498046874999992
0 0.38052734375 0.72265625 0.012363281249999969 0.01302734374999992
0 0.19466796875 0.6298828125 0.015625 0.01626953125000008
0 0.13802734375 0.63314453125 0.015625 0.01626953125000008
0 0.103515625 0.67349609375 0.016933593750000003 0.02017578125000008
0 0.04427734375 0.63412109375 0.014316406249999997 0.01693359374999992
0 0.024746093750000003 0.67904296875 0.015625 0.015625
0 0.03158203125 0.78939453125 0.017578125 0.017578125
0 0.08365234375 0.82779296875 0.014980468750000003 0.01498046874999992
0 0.138671875 0.76919921875 0.01953125 0.017578125
0 0.12435546875 0.73568359375 0.015625 0.015625
0 0.109375 0.72265625 0.015625 0.01693359374999992
0 0.08462890625 0.654296875 0.01171875 0.015625
0 0.19564453125 0.72787109375 0.017578125 0.01822265625000008
0 0.25845703125 0.85513671875 0.015625 0.02017578125000008
0 0.30599609375 0.8330078125 0.01693359375000003 0.017578125
0 0.33169921875 0.8623046875 0.01888671875000003 0.01626953125000008
0 0.1552734375 0.87564453125 0.013671875 0.015625
0 0.15005859375 0.84765625 0.016269531250000024 0.01693359374999992
0 0.08529296875 0.84341796875 0.014316406249999997 0.01498046874999992
0 0.42025390625 0.9404296875 0.01626953124999997 0.01498046874999992
0 0.47427734375 0.5498046875 0.017578125 0.01626953125000008
0 0.89126953125 0.47787109375 0.015625 0.014316406249999969
0 0.91763671875 0.4658203125 0.013671875 0.013671875
0 0.86001953125 0.44759765625 0.015625 0.01626953124999997
0 0.65591796875 0.32943359375 0.01498046874999992 0.015625
0 0.55208984375 0.41732421875 0.01431640625000008 0.015625
0 0.95248046875 0.33203125 0.015625 0.01693359375000003
0 0.4296875 0.00650390625 0.015625 0.01171875
0 0.52734375 0.0078125 0.015625 0.015625
0 0.7841796875 0.1103515625 0.01236328125000008 0.017578125
0 0.77083984375 0.13248046875 0.015625 0.018886718749999976
0 0.84310546875 0.03482421875 0.01693359374999992 0.014980468750000003