0 0.16541015625 0.061640625000000004 0.01708984375 0.0146484375
0 0.16357421875 0.010996093749999998 0.01587890624999999 0.0146484375
0 0.56212890625 0.0930859375 0.01708984375 0.017695312500000004
0 0.64087890625 0.03630859375 0.01587890624999999 0.015253906250000004
0 0.0830078125 0.250546875 0.01587890624999999 0.016484374999999996
0 0.1419140625 0.27892578125 0.014042968749999996 0.0146484375
0 0.8059765625 0.05890625000000001 0.012812499999999893 0.014042968749999996
0 0.75470703125 0.12908203125 0.014042968750000107 0.014042968749999996
0 0.85509765625 0.16845703125 0.010996093749999991 0.0146484375
0 0.20904296875 0.374765625 0.012812500000000004 0.0146484375
0 0.2358984375 0.43884765625 0.016484374999999996 0.01587890624999999
0 0.52978515625 0.95947265625 0.0146484375 0.0146484375
0 0.74615234375 0.914296875 0.015253906249999893 0.013437499999999991
0 0.994140625 0.904296875 0.01171875 0.015625
0 0.6335546875 0.98509765625 0.0146484375 0.013417968750000009