0 0.0792578125 0.16783203125 0.01679687499999999 0.017714843749999987
0 0.0526953125 0.1010546875 0.017265624999999993 0.0158984375
0 0.49599609375 0.5480078125 0.014531250000000107 0.020449218750000053
0 0.63 0.5114453125 0.013632812500000036 0.013632812500000036
0 0.82939453125 0.49078125 0.03269531250000002 0.016796875000000044
0 0.798515625 0.4296875 0.014531250000000107 0.014531249999999996
0 0.5991015625 0.62568359375 0.014531250000000107 0.015898437499999973
0 0.75921875 0.6629296875 0.015898437499999973 0.016796875000000044
0 0.25640625 0.72265625 0.022265624999999956 0.013632812500000036
0 0.2527734375 0.73810546875 0.012265624999999947 0.011816406249999911
0 0.19962890625 0.7387890625 0.021347656250000013 0.011347656249999893
0 0.0937890625 0.74150390625 0.018613281250000002 0.014082031250000071
0 0.1821484375 0.6186328125 0.021796874999999993 0.012714843749999982
0 0.4346875 0.77556640625 0.019082031249999964 0.01498046874999992
0 0.629765625 0.758984375 0.01953125 0.011816406249999911
0 0.96474609375 0.5993359375 0.01816406249999991 0.014082031250000071
0 0.73650390625 0.64884765625 0.021347656249999902 0.015898437499999973
0 0.72083984375 0.78556640625 0.019980468750000036 0.014082031250000071