0 0.16865234375 0.0380078125 0.020585937499999984 0.022167968750000003
0 0.16865234375 0.06994140625 0.015312500000000007 0.01636718749999999
0 0.17234375 0.083671875 0.014257812500000022 0.014257812499999994
0 0.31646484375 0.0617578125 0.014257812500000022 0.01478515625
0 0.09396484375 0.161796875 0.01583984375 0.01953125
0 0.2702734375 0.1831640625 0.015839843750000027 0.017949218749999996
0 0.0498828125 0.1433203125 0.0184765625 0.01953125
0 0.1293359375 0.28373046875 0.01689453125000001 0.01636718749999999
0 0.0464453125 0.23701171875 0.01583984375 0.017949218749999996
0 0.2779296875 0.27765625 0.01742187500000003 0.022167968750000044
0 0.34759765625 0.29138671875 0.015312499999999951 0.019003906250000036
0 0.2583984375 0.3148828125 0.02375000000000005 0.015312499999999951
0 0.2190625 0.28875 0.02005859375000002 0.023222656249999973
0 0.33677734375 0.3462890625 0.015839843750000027 0.017949218749999996
0 0.33361328125 0.37453125 0.014785156249999987 0.01742187500000003
0 0.5144140625 0.38876953125 0.01742187499999992 0.01636718749999999
0 0.276875 0.4349609375 0.02164062499999997 0.017949218749999996
0 0.65640625 0.32384765625 0.01953125 0.01953125
0 0.43390625 0.438125 0.014785156249999987 0.014785156249999987
0 0.7683203125 0.41728515625 0.01742187499999992 0.02164062499999997
0 0.77333984375 0.47771484375 0.019003906250000036 0.021113281250000004
0 0.69388671875 0.51677734375 0.01742187499999992 0.022167968750000044
0 0.8569921875 0.52470703125 0.01953125 0.022167968750000044
0 0.92087890625 0.65509765625 0.014257812499999911 0.017949218750000107
0 0.901875 0.66037109375 0.012148437500000053 0.016894531249999956
0 0.805 0.681484375 0.017949218750000107 0.023222656249999973
0 0.21009765625 0.588046875 0.014785156249999987 0.015839843750000027
0 0.16521484375 0.7055078125 0.021113281250000004 0.02269531250000001
0 0.86439453125 0.61021484375 0.01742187499999992 0.020058593749999964
0 0.70576171875 0.4167578125 0.022167968750000044 0.029023437500000027
0 0.71869140625 0.40435546875 0.01636718749999999 0.020058593749999964
0 0.89658203125 0.38771484375 0.015312500000000062 0.01847656249999996
0 0.95412109375 0.8680859375 0.02058593749999993 0.01847656250000007