0 0.6396484375 0.1611328125 0.013671875 0.013671875
0 0.6474609375 0.140625 0.013671875 0.015625
0 0.6767578125 0.1015625 0.013671875 0.013671875
0 0.693359375 0.11328125 0.015625 0.017578125
0 0.71484375 0.1357421875 0.017578125 0.017578125
0 0.734375 0.1396484375 0.015625 0.015625
0 0.734375 0.154296875 0.015625 0.015625
0 0.7216796875 0.0869140625 0.015625 0.013671875
0 0.734375 0.0927734375 0.0234375 0.017578125
0 0.744140625 0.07421875 0.013671875 0.013671875
0 0.767578125 0.0712890625 0.015625 0.013671875
0 0.7529296875 0.126953125 0.013671875 0.013671875
0 0.775390625 0.1298828125 0.021484375 0.01953125
0 0.8798828125 0.013671875 0.013671875 0.01171875
0 0.84765625 0.078125 0.0234375 0.0234375
0 0.8662109375 0.0634765625 0.015625 0.017578125
0 0.96875 0.03515625 0.015625 0.017578125
0 0.521484375 0.412109375 0.015625 0.015625
0 0.525390625 0.435546875 0.013671875 0.015625
0 0.546875 0.4326171875 0.015625 0.015625
0 0.5390625 0.44921875 0.015625 0.013671875
0 0.541015625 0.46875 0.015625 0.015625
0 0.56640625 0.453125 0.01953125 0.017578125
0 0.560546875 0.36328125 0.01171875 0.013671875
0 0.4755859375 0.3310546875 0.015625 0.013671875
0 0.41796875 0.271484375 0.01171875 0.01171875
0 0.4208984375 0.2333984375 0.015625 0.015625
0 0.4150390625 0.19140625 0.015625 0.015625
0 0.439453125 0.359375 0.013671875 0.01171875
0 0.42578125 0.35546875 0.015625 0.013671875
0 0.43359375 0.384765625 0.015625 0.01171875
0 0.3740234375 0.4111328125 0.013671875 0.01171875
0 0.3408203125 0.2919921875 0.015625 0.015625
0 0.330078125 0.380859375 0.013671875 0.013671875
0 0.328125 0.4267578125 0.015625 0.013671875
0 0.3154296875 0.4384765625 0.013671875 0.01171875
0 0.3037109375 0.4208984375 0.013671875 0.01171875
0 0.28515625 0.3984375 0.01171875 0.013671875
0 0.3046875 0.34375 0.01171875 0.01953125
0 0.2822265625 0.2529296875 0.013671875 0.015625
0 0.4541015625 0.44921875 0.013671875 0.01171875
0 0.501953125 0.451171875 0.015625 0.01171875
0 0.505859375 0.4833984375 0.013671875 0.013671875
0 0.52734375 0.4853515625 0.013671875 0.01171875
0 0.51953125 0.4990234375 0.017578125 0.013671875
0 0.4619140625 0.3603515625 0.013671875 0.013671875
0 0.470703125 0.3671875 0.01953125 0.013671875
0 0.5859375 0.62109375 0.01953125 0.01171875
0 0.26953125 0.2880859375 0.013671875 0.013671875
0 0.20703125 0.29296875 0.01171875 0.013671875
0 0.201171875 0.30859375 0.015625 0.017578125
0 0.1904296875 0.32421875 0.01171875 0.015625
0 0.1328125 0.3740234375 0.015625 0.013671875
0 0.1298828125 0.3046875 0.009765625 0.01171875
0 0.08984375 0.3369140625 0.01171875 0.01171875
0 0.01953125 0.4140625 0.013671875 0.01171875
0 0.0234375 0.396484375 0.01171875 0.009765625
0 0.0908203125 0.4716796875 0.01171875 0.01171875
0 0.005859375 0.4638671875 0.01171875 0.01171875
0 0.0859375 0.55078125 0.013671875 0.01171875
0 0.0556640625 0.5546875 0.015625 0.01953125
0 0.0771484375 0.5634765625 0.015625 0.013671875
0 0.068359375 0.59375 0.013671875 0.01171875
0 0.05859375 0.623046875 0.015625 0.013671875
0 0.1357421875 0.634765625 0.013671875 0.013671875
0 0.0478515625 0.6376953125 0.01171875 0.009765625
0 0.189453125 0.6708984375 0.015625 0.01171875
0 0.1689453125 0.6826171875 0.013671875 0.013671875
0 0.1767578125 0.7177734375 0.01171875 0.01171875
0 0.208984375 0.6806640625 0.015625 0.01171875
0 0.2314453125 0.724609375 0.015625 0.015625
0 0.08203125 0.849609375 0.01171875 0.009765625
0 0.06640625 0.84375 0.01171875 0.009765625
0 0.017578125 0.7578125 0.01171875 0.009765625
0 0.0166015625 0.6748046875 0.009765625 0.01171875
0 0.0126953125 0.5859375 0.013671875 0.015625
0 0.0341796875 0.5634765625 0.017578125 0.015625
0 0.0048828125 0.55859375 0.0078125 0.01171875
0 0.23046875 0.3203125 0.01171875 0.015625
0 0.404296875 0.3603515625 0.01171875 0.009765625
0 0.287109375 0.455078125 0.01171875 0.01171875
0 0.462890625 0.4765625 0.013671875 0.01171875
0 0.5693359375 0.501953125 0.015625 0.013671875
0 0.56640625 0.341796875 0.017578125 0.017578125
0 0.2548828125 0.04296875 0.015625 0.015625
0 0.3369140625 0.138671875 0.01953125 0.015625
0 0.1533203125 0.1318359375 0.013671875 0.015625
0 0.1591796875 0.1171875 0.01171875 0.013671875
0 0.23046875 0.109375 0.013671875 0.01171875
0 0.048828125 0.408203125 0.015625 0.01171875