0 0.2685546875 0.1845703125 0.01953125 0.015625
0 0.236328125 0.158203125 0.015625 0.017578125
0 0.0107421875 0.0068359375 0.01953125 0.013671875
0 0.00390625 0.1201171875 0.0078125 0.017578125
0 0.0234375 0.150390625 0.0234375 0.017578125
0 0.021484375 0.287109375 0.017578125 0.017578125
0 0.060546875 0.2802734375 0.01953125 0.017578125
0 0.0205078125 0.1826171875 0.033203125 0.0234375
0 0.0263671875 0.1943359375 0.0234375 0.015625
0 0.130859375 0.369140625 0.017578125 0.015625
0 0.16796875 0.4111328125 0.021484375 0.01953125
0 0.1494140625 0.4501953125 0.01953125 0.021484375
0 0.142578125 0.478515625 0.02734375 0.017578125
0 0.1826171875 0.4716796875 0.01953125 0.017578125
0 0.23828125 0.591796875 0.017578125 0.017578125
0 0.26953125 0.6025390625 0.01953125 0.01953125
0 0.2734375 0.833984375 0.01953125 0.017578125
0 0.29296875 0.888671875 0.015625 0.013671875
0 0.025390625 0.9853515625 0.01953125 0.017578125
0 0.501953125 0.6767578125 0.015625 0.017578125
0 0.5341796875 0.7275390625 0.017578125 0.015625
0 0.3583984375 0.6083984375 0.017578125 0.015625
0 0.466796875 0.5869140625 0.017578125 0.015625
0 0.4619140625 0.603515625 0.015625 0.017578125
0 0.44921875 0.6005859375 0.021484375 0.01953125
0 0.5107421875 0.5595703125 0.017578125 0.017578125
0 0.5283203125 0.58203125 0.015625 0.017578125
0 0.57421875 0.6044921875 0.013671875 0.015625
0 0.6416015625 0.6435546875 0.015625 0.015625
0 0.60546875 0.599609375 0.017578125 0.015625
0 0.6474609375 0.603515625 0.015625 0.015625
0 0.5859375 0.564453125 0.013671875 0.013671875
0 0.5703125 0.564453125 0.015625 0.017578125
0 0.4208984375 0.580078125 0.009765625 0.013671875
0 0.5087890625 0.52734375 0.01953125 0.015625
0 0.7890625 0.005859375 0.017578125 0.01171875
0 0.8115234375 0.048828125 0.021484375 0.01953125
0 0.845703125 0.1123046875 0.021484375 0.017578125
0 0.8603515625 0.1533203125 0.02734375 0.01953125
0 0.81640625 0.2958984375 0.025390625 0.017578125
0 0.869140625 0.306640625 0.021484375 0.017578125
0 0.6611328125 0.25 0.021484375 0.017578125
0 0.6044921875 0.2138671875 0.021484375 0.0234375
0 0.6142578125 0.1943359375 0.021484375 0.017578125
0 0.59375 0.2724609375 0.015625 0.021484375
0 0.4697265625 0.1376953125 0.013671875 0.01953125
0 0.490234375 0.1328125 0.017578125 0.01953125
0 0.4794921875 0.1005859375 0.01953125 0.01953125
0 0.4892578125 0.0859375 0.015625 0.013671875
0 0.5234375 0.078125 0.017578125 0.0234375
0 0.5810546875 0.11328125 0.015625 0.021484375
0 0.5 0.193359375 0.017578125 0.01953125
0 0.59375 0.404296875 0.025390625 0.025390625
0 0.54296875 0.3681640625 0.021484375 0.033203125
0 0.681640625 0.53125 0.025390625 0.025390625
0 0.69921875 0.544921875 0.0234375 0.0234375
0 0.552734375 0.5146484375 0.0234375 0.025390625
0 0.779296875 0.4970703125 0.033203125 0.025390625
0 0.6025390625 0.578125 0.017578125 0.021484375
0 0.5751953125 0.4921875 0.01953125 0.0234375
0 0.5986328125 0.490234375 0.029296875 0.0234375
0 0.7451171875 0.3603515625 0.017578125 0.0234375
0 0.4345703125 0.3505859375 0.025390625 0.025390625
0 0.4345703125 0.412109375 0.0234375 0.033203125
0 0.3955078125 0.4140625 0.0234375 0.01953125
0 0.5830078125 0.1357421875 0.013671875 0.021484375
0 0.5166015625 0.1708984375 0.021484375 0.01953125
0 0.5830078125 0.203125 0.021484375 0.02734375
0 0.56640625 0.3310546875 0.01953125 0.015625
0 0.5712890625 0.3427734375 0.017578125 0.017578125
0 0.5830078125 0.3310546875 0.013671875 0.01171875
0 0.673828125 0.3828125 0.01953125 0.01953125
0 0.53515625 0.541015625 0.01953125 0.017578125
0 0.6513671875 0.5537109375 0.029296875 0.0234375
0 0.6044921875 0.357421875 0.033203125 0.015625
0 0.654296875 0.4345703125 0.015625 0.015625
0 0.6376953125 0.4111328125 0.017578125 0.021484375
0 0.62890625 0.5224609375 0.01953125 0.025390625
0 0.6201171875 0.5517578125 0.01953125 0.0234375
0 0.6015625 0.5146484375 0.021484375 0.01953125
0 0.6533203125 0.4990234375 0.025390625 0.0234375
0 0.666015625 0.474609375 0.013671875 0.01953125
0 0.681640625 0.494140625 0.015625 0.015625
0 0.6474609375 0.5078125 0.017578125 0.015625
0 0.654296875 0.513671875 0.0234375 0.005859375
0 0.685546875 0.26171875 0.01953125 0.017578125
0 0.484375 0.26953125 0.025390625 0.025390625
0 0.45703125 0.28515625 0.013671875 0.013671875
0 0.060546875 0.21484375 0.021484375 0.021484375