0 0.904296875 0.1318359375 0.0234375 0.0234375
0 0.5732421875 0.4853515625 0.01953125 0.021484375
0 0.2626953125 0.4521484375 0.015625 0.017578125
0 0.478515625 0.8623046875 0.015625 0.015625
0 0.5029296875 0.865234375 0.015625 0.013671875
0 0.4931640625 0.880859375 0.015625 0.013671875
0 0.435546875 0.8681640625 0.015625 0.015625
0 0.4384765625 0.8828125 0.01171875 0.013671875
0 0.4697265625 0.900390625 0.013671875 0.013671875
0 0.451171875 0.904296875 0.015625 0.015625
0 0.4248046875 0.9033203125 0.017578125 0.017578125
0 0.46484375 0.9169921875 0.015625 0.015625
0 0.52734375 0.908203125 0.021484375 0.01953125
0 0.4912109375 0.92578125 0.015625 0.015625
0 0.5166015625 0.93359375 0.013671875 0.01171875
0 0.47265625 0.9453125 0.013671875 0.013671875
0 0.525390625 0.9541015625 0.013671875 0.015625
0 0.52734375 0.974609375 0.017578125 0.015625
0 0.474609375 0.9697265625 0.013671875 0.013671875
0 0.4931640625 0.9912109375 0.015625 0.013671875
0 0.4638671875 0.990234375 0.013671875 0.015625
0 0.38671875 0.982421875 0.01171875 0.009765625
0 0.37890625 0.9228515625 0.015625 0.013671875
0 0.40234375 0.9111328125 0.01953125 0.013671875
0 0.4111328125 0.9169921875 0.01171875 0.009765625
0 0.2900390625 0.9072265625 0.009765625 0.01171875
0 0.318359375 0.962890625 0.0078125 0.01171875
0 0.3291015625 0.9677734375 0.01171875 0.01171875
0 0.29296875 0.951171875 0.009765625 0.01171875
0 0.2802734375 0.9453125 0.01171875 0.015625
0 0.2705078125 0.9443359375 0.01171875 0.017578125
0 0.2841796875 0.970703125 0.013671875 0.017578125
0 0.2685546875 0.986328125 0.015625 0.013671875
0 0.3046875 0.98046875 0.015625 0.015625
0 0.2431640625 0.970703125 0.013671875 0.015625
0 0.2509765625 0.9794921875 0.009765625 0.017578125
0 0.6298828125 0.8486328125 0.009765625 0.01171875
0 0.578125 0.8564453125 0.013671875 0.013671875