0 0.95703125 0.6123046875 0.005859375 0.009765625
0 0.9267578125 0.5703125 0.0078125 0.005859375
0 0.91015625 0.5595703125 0.005859375 0.0078125
0 0.9248046875 0.546875 0.0078125 0.005859375
0 0.904296875 0.51171875 0.005859375 0.0078125
0 0.888671875 0.4970703125 0.005859375 0.005859375
0 0.892578125 0.51171875 0.005859375 0.005859375
0 0.9013671875 0.5322265625 0.0078125 0.0078125
0 0.9267578125 0.5146484375 0.0078125 0.0078125
0 0.9609375 0.55859375 0.0078125 0.009765625
0 0.8740234375 0.6572265625 0.005859375 0.0078125