0 0.47576171875 0.2723828125 0.013164062500000018 0.014003906250000031
0 0.63794921875 0.65556640625 0.014863281250000027 0.01529296875000008
0 0.78251953125 0.6712890625 0.014433593749999973 0.013593750000000071
0 0.67787109375 0.69759765625 0.01570312499999993 0.011894531250000062
0 0.8710546875 0.70865234375 0.012304687499999911 0.013593750000000071
0 0.93474609375 0.615234375 0.014863281250000027 0.014433593749999973
0 0.95384765625 0.76873046875 0.01400390624999992 0.019101562499999947
0 0.86787109375 0.75470703125 0.011894531250000062 0.009765625
0 0.92794921875 0.67998046875 0.01400390624999992 0.012304687499999911
0 0.944296875 0.6606640625 0.013593750000000071 0.011035156249999956
0 0.95787109375 0.59400390625 0.014433593749999973 0.012734374999999964
0 0.93685546875 0.7485546875 0.012304687499999911 0.016132812499999982
0 0.523515625 0.8740234375 0.014433593749999973 0.014863281250000027