0 0.33693359375 0.93849609375 0.010292968749999964 0.009843749999999929
0 0.35705078125 0.948046875 0.009746093750000018 0.010605468749999902
0 0.293046875 0.89908203125 0.010214843750000036 0.009218750000000053
0 0.253984375 0.90748046875 0.008925781249999987 0.008339843749999964
0 0.26357421875 0.91529296875 0.009082031249999956 0.007617187499999956
0 0.25033203125 0.9369140625 0.009785156249999982 0.008046875000000009
0 0.30921875 0.8985546875 0.010624999999999996 0.008828124999999964
0 0.3228515625 0.90365234375 0.010683593750000053 0.009531249999999991
0 0.2942578125 0.84888671875 0.011289062499999947 0.007382812499999947
0 0.32494140625 0.85947265625 0.011464843750000009 0.009531249999999991
0 0.35189453125 0.876015625 0.011660156250000053 0.010683593750000053
0 0.37712890625 0.898125 0.009804687499999964 0.008671875000000107
0 0.33361328125 0.79697265625 0.010468750000000027 0.01236328125000008
0 0.36501953125 0.83875 0.010703125000000036 0.01025390625
0 0.40271484375 0.885 0.00927734375 0.00960937499999992
0 0.430546875 0.82556640625 0.00919921874999996 0.008339843749999964
0 0.4678515625 0.77865234375 0.009023437500000009 0.008339843749999964
0 0.4538671875 0.8389453125 0.00822265624999996 0.007890624999999929
0 0.609296875 0.72837890625 0.009062499999999973 0.009082031249999956
0 0.621015625 0.749375 0.009414062500000098 0.008281250000000018
0 0.6230859375 0.7613671875 0.0087890625 0.00912109374999992
0 0.632734375 0.7671484375 0.008359374999999947 0.008476562500000062
0 0.60462890625 0.7676171875 0.009941406250000062 0.010058593749999956
0 0.57072265625 0.77916015625 0.008769531250000018 0.007304687500000018
0 0.56658203125 0.7739453125 0.00863281249999992 0.007792968750000018
0 0.6443359375 0.73416015625 0.00845703125000008 0.008437500000000098
0 0.38880859375 0.98033203125 0.007304687500000018 0.008535156250000009
0 0.39935546875 0.983515625 0.010039062499999973 0.008124999999999938
0 0.48439453125 0.9647265625 0.01017578124999996 0.009960937500000044
0 0.47216796875 0.992734375 0.008828124999999964 0.009550781249999973
0 0.49685546875 0.97455078125 0.008574218749999973 0.009199218750000071
0 0.506796875 0.972578125 0.008066406249999991 0.008652343749999902
0 0.4912109375 0.9951171875 0.009765625 0.009765625
0 0.48298828125 0.9983984375 0.010039062499999973 0.0032031249999999734
0 0.50294921875 0.962265625 0.007832031249999982 0.008437500000000098
0 0.50171875 0.952890625 0.0087890625 0.010781249999999964
0 0.53630859375 0.9830078125 0.008613281249999938 0.009140624999999902
0 0.5532421875 0.9965234375 0.010488281250000009 0.006933593749999911
0 0.5716015625 0.96908203125 0.010507812499999991 0.011191406250000036
0 0.58779296875 0.94392578125 0.008886718749999911 0.011328124999999911
0 0.5997265625 0.96544921875 0.008320312499999982 0.008007812500000044
0 0.614921875 0.9711328125 0.012187500000000018 0.010546874999999956
0 0.671640625 0.98451171875 0.013417968750000009 0.01009765624999992
0 0.58765625 0.9029296875 0.010664062500000071 0.00943359375000008
0 0.54478515625 0.90830078125 0.008554687499999991 0.008613281249999938
0 0.55173828125 0.904375 0.009531249999999991 0.007539062500000027
0 0.5421484375 0.896640625 0.0073632812499999645 0.009101562499999938
0 0.5508984375 0.885546875 0.009218750000000053 0.00796875000000008
0 0.6675 0.8384375 0.011269531249999964 0.010312499999999947
0 0.6435546875 0.82748046875 0.007558593750000009 0.007421874999999911
0 0.65837890625 0.85833984375 0.008671875000000107 0.007265625000000053
0 0.632265625 0.8483984375 0.0087890625 0.0077734375000000355
0 0.6390625 0.87296875 0.008105468749999956 0.0072851562500000355
0 0.63091796875 0.87732421875 0.009492187500000027 0.008515625000000027
0 0.639140625 0.88802734375 0.008925781250000098 0.00748046875000008
0 0.606328125 0.86728515625 0.007050781250000027 0.005761718750000089
0 0.6082421875 0.85783203125 0.007675781249999902 0.006269531250000071
0 0.58091796875 0.83966796875 0.008750000000000036 0.009355468749999929
0 0.57474609375 0.86416015625 0.008652343749999902 0.008027343750000027
0 0.580703125 0.85908203125 0.00765624999999992 0.008750000000000036
0 0.57396484375 0.85 0.007753906250000053 0.007539062500000027
0 0.568828125 0.845625 0.009062499999999973 0.008359374999999947
0 0.6121484375 0.902734375 0.007304687500000018 0.008339843749999964
0 0.61123046875 0.89376953125 0.013632812500000036 0.01285156250000008
0 0.695390625 0.91220703125 0.008593749999999956 0.008261718750000036
0 0.69970703125 0.88083984375 0.008398437499999911 0.00943359375000008
0 0.71171875 0.87447265625 0.007226562500000089 0.008261718750000036
0 0.72763671875 0.8964453125 0.007128906249999956 0.008007812500000044
0 0.722265625 0.8925390625 0.007949218750000098 0.008359374999999947
0 0.72080078125 0.885 0.008398437499999911 0.007558593750000009
0 0.745078125 0.90587890625 0.008007812500000044 0.008515625000000027
0 0.7621875 0.89732421875 0.007539062500000027 0.007734375000000071
0 0.75412109375 0.88876953125 0.007753906250000053 0.006953124999999893
0 0.7806640625 0.89037109375 0.007792968750000018 0.006738281250000089
0 0.7234375 0.84857421875 0.007578124999999991 0.007441406249999893
0 0.7303515625 0.84103515625 0.009160156250000107 0.006640624999999956
0 0.73634765625 0.8357421875 0.007558593750000009 0.006269531250000071
0 0.74701171875 0.8374609375 0.007109374999999973 0.0063085937500000355
0 0.75580078125 0.840390625 0.008378906249999929 0.007402343749999929
0 0.745859375 0.83095703125 0.008906249999999893 0.006914062499999929
0 0.77828125 0.87029296875 0.007109374999999973 0.006699218749999902
0 0.7433984375 0.79802734375 0.007382812499999947 0.009707031250000053
0 0.71833984375 0.8255078125 0.0068749999999999645 0.0068749999999999645
0 0.77265625 0.987265625 0.01187500000000008 0.011542968749999938
0 0.766953125 0.973203125 0.008925781250000098 0.007890624999999929
0 0.795625 0.954296875 0.007148437499999938 0.007460937500000098
0 0.8064453125 0.921796875 0.008359374999999947 0.008417968749999893
0 0.73001953125 0.9553515625 0.009843749999999929 0.006855468749999982
0 0.72841796875 0.97244140625 0.010039062499999973 0.008417968749999893
0 0.66232421875 0.7850390625 0.007714843750000089 0.007500000000000062
0 0.66986328125 0.7765625 0.008515625000000027 0.007558593750000009
0 0.6757421875 0.76837890625 0.008691406250000089 0.007539062500000027
0 0.67787109375 0.759765625 0.008886718749999911 0.005917968749999947
0 0.66291015625 0.762734375 0.007539062500000027 0.006425781249999929
0 0.66498046875 0.75611328125 0.006894531249999947 0.005273437500000089
0 0.6752734375 0.74931640625 0.007128906249999956 0.005449218749999929
0 0.66984375 0.7517578125 0.005078125000000044 0.005546875000000062
0 0.628828125 0.686953125 0.008710937500000071 0.008535156250000009
0 0.769375 0.7082421875 0.009023437500000009 0.009648437500000107
0 0.74720703125 0.767890625 0.008203125000000089 0.011992187499999973
0 0.6971484375 0.7541796875 0.008046875000000009 0.008124999999999938
0 0.69111328125 0.74931640625 0.008203125000000089 0.007460937500000098
0 0.716328125 0.74705078125 0.006933593749999911 0.007011718750000062
0 0.7158984375 0.72826171875 0.0087890625 0.0068359375
0 0.701328125 0.73484375 0.006171874999999938 0.008085937499999973
0 0.6916796875 0.7356640625 0.01205078124999992 0.011425781250000044
0 0.72748046875 0.71115234375 0.012929687500000009 0.009316406249999964
0 0.77296875 0.7680078125 0.010781249999999964 0.0087890625
0 0.76365234375 0.77953125 0.005078125000000044 0.008066406249999991
0 0.800859375 0.8020703125 0.008085937499999973 0.006210937499999902
0 0.70423828125 0.7102734375 0.00927734375 0.007578124999999991
0 0.69701171875 0.7167578125 0.009804687499999964 0.008984375000000044
0 0.7085546875 0.72515625 0.009082031249999956 0.008105468749999956
0 0.7090234375 0.753046875 0.00863281249999992 0.007441406249999893
0 0.7258203125 0.74083984375 0.008261718750000036 0.007519531250000044
0 0.75060546875 0.75181640625 0.008867187499999929 0.008398437499999911
0 0.789375 0.756953125 0.008242187500000053 0.007089843749999991
0 0.4889453125 0.79013671875 0.007031250000000044 0.008203125000000089
0 0.8176953125 0.9962890625 0.012070312499999902 0.007421874999999911
0 0.82416015625 0.9926171875 0.005859375 0.007031250000000044
0 0.830078125 0.9951171875 0.0078125 0.009765625
0 0.8383203125 0.99169921875 0.008007812500000044 0.008867187499999929
0 0.8401953125 0.97771484375 0.008925781250000098 0.011015624999999973
0 0.86294921875 0.94205078125 0.0063085937500000355 0.007929687499999893
0 0.87275390625 0.9421875 0.008925781250000098 0.008183593750000107
0 0.86515625 0.92927734375 0.008593749999999956 0.007128906249999956
0 0.89138671875 0.938046875 0.008320312499999982 0.007695312500000107
0 0.8915625 0.9618359375 0.006933593749999911 0.007148437499999938
0 0.88759765625 0.95375 0.006074218750000027 0.007265625000000053
0 0.87609375 0.99611328125 0.009960937500000044 0.0077734375000000355
0 0.8974609375 0.9951171875 0.009765625 0.009765625
0 0.91302734375 0.9559765625 0.007402343749999929 0.007460937500000098
0 0.899453125 0.930703125 0.007148437499999938 0.007890624999999929
0 0.89736328125 0.913046875 0.007207031250000107 0.006523437500000062
0 0.88693359375 0.90193359375 0.008964843750000062 0.009082031249999956
0 0.937890625 0.9898828125 0.00830078125 0.007343749999999982
0 0.9491015625 0.98830078125 0.008085937499999973 0.008437500000000098
0 0.944453125 0.97984375 0.006542968750000044 0.009335937499999947
0 0.959296875 0.95119140625 0.007871093749999947 0.006718750000000107
0 0.9200390625 0.93123046875 0.009394531249999893 0.008925781250000098
0 0.93958984375 0.932421875 0.007460937500000098 0.007050781250000027
0 0.8916015625 0.92287109375 0.008417968749999893 0.010625000000000107
0 0.90962890625 0.9816015625 0.006972656250000098 0.012031249999999938
0 0.9890625 0.9116015625 0.008750000000000036 0.007871093749999947
0 0.97859375 0.92451171875 0.009023437500000009 0.0068359375
0 0.97126953125 0.9287890625 0.007128906249999956 0.007578124999999991
0 0.98265625 0.94138671875 0.008652343749999902 0.008730468750000053
0 0.985390625 0.9567578125 0.009882812499999893 0.009023437500000009
0 0.99095703125 0.97736328125 0.008593749999999956 0.007597656249999973
0 0.98666015625 0.97150390625 0.008906249999999893 0.007402343749999929
0 0.998359375 0.92298828125 0.0032812499999999023 0.007304687500000018
0 0.919140625 0.86677734375 0.007578124999999991 0.008105468749999956
0 0.91171875 0.8490625 0.006914062499999929 0.0073632812499999645
0 0.89783203125 0.86603515625 0.008847656249999947 0.008046875000000009
0 0.88513671875 0.86328125 0.008925781250000098 0.008906249999999893
0 0.88943359375 0.8524609375 0.011171875000000053 0.007792968750000018
0 0.843828125 0.79373046875 0.009414062500000098 0.007421874999999911
0 0.86416015625 0.853203125 0.008007812500000044 0.007851562499999964
0 0.873671875 0.86421875 0.008593749999999956 0.008574218749999973
0 0.8713671875 0.83912109375 0.007558593750000009 0.006582031250000009
0 0.84044921875 0.86009765625 0.012031249999999938 0.010625000000000107
0 0.851171875 0.86931640625 0.006093750000000009 0.006113281249999991
0 0.82048828125 0.84912109375 0.007011718750000062 0.006738281250000089
0 0.8291796875 0.8516015625 0.006699218749999902 0.005390624999999982
0 0.82130859375 0.8389453125 0.007949218750000098 0.006933593749999911
0 0.8388671875 0.8178125 0.010527343749999973 0.008359374999999947
0 0.87568359375 0.82767578125 0.007695312500000107 0.007753906250000053
0 0.8144921875 0.8196875 0.009179687500000089 0.008750000000000036
0 0.81537109375 0.8025 0.007402343749999929 0.006933593749999911
0 0.82662109375 0.802890625 0.008671875000000107 0.007714843750000089
0 0.9666015625 0.842265625 0.007695312500000107 0.006484375000000098
0 0.95822265625 0.838515625 0.007929687499999893 0.006757812500000071
0 0.96275390625 0.81111328125 0.009199218750000071 0.011425781250000044
0 0.96337890625 0.82537109375 0.007421874999999911 0.00667968749999992
0 0.814375 0.98185546875 0.008925781250000098 0.01253906249999992
0 0.8651171875 0.69046875 0.009218750000000053 0.007890624999999929
0 0.8703125 0.7296875 0.007578124999999991 0.008515625000000027
0 0.8784375 0.72140625 0.0068359375 0.007519531250000044
0 0.92265625 0.7440625 0.010371093749999893 0.008222656250000071
0 0.95115234375 0.78263671875 0.00863281249999992 0.00960937499999992
0 0.959765625 0.78921875 0.007441406249999893 0.009374999999999911
0 0.9817578125 0.78751953125 0.006855468749999982 0.008105468749999956
0 0.985625 0.780546875 0.0068359375 0.007597656249999973
0 0.9862890625 0.76896484375 0.008124999999999938 0.008515625000000027
0 0.98158203125 0.67029296875 0.007207031250000107 0.010000000000000009
0 0.99072265625 0.73935546875 0.008535156250000009 0.0072851562500000355
0 0.94203125 0.77216796875 0.0087890625 0.0078125
0 0.82923828125 0.77666015625 0.009648437500000107 0.007597656249999973
0 0.80826171875 0.79384765625 0.008730468750000053 0.00732421875
0 0.91345703125 0.7083203125 0.009648437500000107 0.006816406250000018
0 0.8812109375 0.6979296875 0.009570312499999956 0.00796875000000008
0 0.89701171875 0.71796875 0.007910156249999911 0.007695312500000107
0 0.918828125 0.7034375 0.007675781249999902 0.006250000000000089
0 0.9687890625 0.7265625 0.008515625000000027 0.008593749999999956
0 0.94560546875 0.7474609375 0.008867187499999929 0.006562500000000027
0 0.945703125 0.75986328125 0.00765624999999992 0.006562500000000027
0 0.96208984375 0.7623046875 0.010000000000000009 0.005800781250000053
0 0.9541015625 0.72744140625 0.010996093749999991 0.006816406250000018
0 0.953125 0.73619140625 0.008320312499999982 0.009472656250000044
0 0.95697265625 0.7549609375 0.012499999999999956 0.008105468749999956
0 0.93892578125 0.741953125 0.01603515625000007 0.008261718750000036
0 0.8101171875 0.778515625 0.011738281249999982 0.010605468749999902
0 0.79560546875 0.7637890625 0.008203125000000089 0.008046875000000009
0 0.89576171875 0.3680859375 0.006816406250000018 0.007109374999999973
0 0.7822265625 0.49427734375 0.007617187499999956 0.008847656249999947
0 0.84498046875 0.4433203125 0.010722656250000018 0.008964843749999951
0 0.84033203125 0.4615234375 0.009179687500000089 0.009257812500000018
0 0.86822265625 0.43755859375 0.007636718749999938 0.010156249999999978
0 0.87388671875 0.45458984375 0.00765624999999992 0.008144531250000031
0 0.85033203125 0.48748046875 0.007246093750000071 0.00740234375000004
0 0.88755859375 0.46953125 0.00667968749999992 0.009726562500000036
0 0.8985546875 0.466171875 0.005351562500000018 0.008671874999999996
0 0.89427734375 0.460078125 0.006132812499999973 0.008476562499999951
0 0.8709375 0.4936328125 0.005292968750000071 0.006972656249999987
0 0.8583984375 0.5129296875 0.007128906249999956 0.006640624999999956
0 0.8426953125 0.52353515625 0.007539062500000027 0.005585937500000027
0 0.8154296875 0.5626171875 0.0067968750000000355 0.009062499999999973
0 0.807265625 0.5779296875 0.00814453124999992 0.009960937500000044
0 0.90865234375 0.58595703125 0.007871093749999947 0.008359374999999947
0 0.93541015625 0.57470703125 0.007578124999999991 0.009179687500000089
0 0.94375 0.5626171875 0.005859375 0.009062499999999973
0 0.90302734375 0.53033203125 0.007753906250000053 0.008007812500000044
0 0.9034765625 0.50447265625 0.007382812499999947 0.011660156250000053
0 0.9710546875 0.57490234375 0.008105468749999956 0.008183593750000107
0 0.740625 0.61427734375 0.008652343749999902 0.006953124999999893
0 0.73849609375 0.62236328125 0.009316406249999964 0.0068359375
0 0.7062109375 0.61384765625 0.007734375000000071 0.0067968750000000355
0 0.72333984375 0.628671875 0.010156250000000089 0.00814453124999992
0 0.68732421875 0.64267578125 0.012441406250000009 0.008554687499999991
0 0.66248046875 0.63669921875 0.009960937500000044 0.010703125000000036
0 0.62755859375 0.65435546875 0.01107421874999992 0.009980468750000027
0 0.574609375 0.60666015625 0.008496093750000044 0.012382812500000062
0 0.60130859375 0.60310546875 0.008828124999999964 0.009687500000000071
0 0.6074609375 0.59197265625 0.008398437499999911 0.007636718749999938
0 0.61322265625 0.63716796875 0.009296874999999982 0.010273437499999982
0 0.8457421875 0.5328515625 0.008691406250000089 0.007558593750000009
0 0.6465625 0.5937890625 0.008730468750000053 0.007011718750000062
0 0.91291015625 0.72552734375 0.010722656250000018 0.006562500000000027
0 0.9200390625 0.7173828125 0.009394531249999893 0.0058203125000000355
0 0.96373046875 0.708359375 0.00830078125 0.010429687500000062
0 0.97625 0.8171484375 0.008574218749999973 0.007187499999999902
0 0.99046875 0.804140625 0.008007812500000044 0.0073632812499999645
0 0.50244140625 0.9096875 0.009218750000000053 0.007597656249999973
0 0.830859375 0.9197265625 0.007949218750000098 0.007148437499999938
0 0.7334375 0.9811328125 0.009101562499999938 0.006816406250000018
0 0.95474609375 0.94224609375 0.006621093749999973 0.007597656249999973
0 0.9159375 0.91146484375 0.008281250000000018 0.007617187499999956
0 0.7158984375 0.8342578125 0.008007812500000044 0.006035156250000062
0 0.80083984375 0.75599609375 0.008066406249999991 0.007539062500000027
0 0.65146484375 0.60869140625 0.007207031250000107 0.0078125
0 0.6051953125 0.61845703125 0.008808593749999982 0.00894531250000008
0 0.91833984375 0.4705078125 0.008124999999999938 0.008828124999999964
0 0.87017578125 0.62720703125 0.00732421875 0.005937499999999929
0 0.87671875 0.63421875 0.009765625 0.007929687499999893
0 0.9214453125 0.68955078125 0.006562500000000027 0.005722656249999902
0 0.83515625 0.79978515625 0.006621093749999973 0.007343749999999982
0 0.8678125 0.87259765625 0.008964843750000062 0.010527343749999973
0 0.67619140625 0.6094140625 0.010117187499999902 0.005917968749999947
0 0.67560546875 0.636640625 0.00894531250000008 0.005585937500000027