0 0.5634765625 0.0595703125 0.015625 0.013671875
0 0.341796875 0.0244140625 0.017578125 0.017578125
0 0.359375 0.08203125 0.02734375 0.01953125
0 0.3759765625 0.1650390625 0.01953125 0.01953125
0 0.2705078125 0.1513671875 0.015625 0.017578125
0 0.2275390625 0.146484375 0.017578125 0.015625
0 0.1552734375 0.0302734375 0.01953125 0.017578125
0 0.0869140625 0.06640625 0.017578125 0.01953125
0 0.015625 0.087890625 0.015625 0.015625
0 0.0390625 0.119140625 0.01953125 0.015625
0 0.1728515625 0.1962890625 0.017578125 0.013671875
0 0.23046875 0.3212890625 0.015625 0.015625
0 0.0078125 0.31640625 0.015625 0.015625
0 0.0322265625 0.0244140625 0.015625 0.015625
0 0.1640625 0.009765625 0.013671875 0.013671875