0 0.955078125 0.076171875 0.021484375 0.017578125
0 0.990234375 0.013671875 0.015625 0.015625
0 0.71875 0.0478515625 0.013671875 0.013671875
0 0.8916015625 0.15625 0.01171875 0.013671875
0 0.86328125 0.2412109375 0.015625 0.015625
0 0.7080078125 0.232421875 0.013671875 0.013671875
0 0.521484375 0.220703125 0.017578125 0.013671875
0 0.560546875 0.337890625 0.017578125 0.013671875
0 0.6376953125 0.34765625 0.017578125 0.015625
0 0.55859375 0.376953125 0.01953125 0.017578125
0 0.5947265625 0.396484375 0.013671875 0.013671875
0 0.5634765625 0.3955078125 0.01171875 0.013671875
0 0.3681640625 0.2333984375 0.015625 0.013671875
0 0.2568359375 0.458984375 0.017578125 0.013671875
0 0.689453125 0.46875 0.015625 0.01171875
0 0.646484375 0.5361328125 0.015625 0.013671875
0 0.68359375 0.57421875 0.01953125 0.013671875
0 0.5439453125 0.544921875 0.01953125 0.015625
0 0.5927734375 0.5458984375 0.015625 0.013671875
0 0.6455078125 0.6279296875 0.017578125 0.01953125
0 0.787109375 0.650390625 0.017578125 0.013671875
0 0.9873046875 0.556640625 0.013671875 0.013671875
0 0.4580078125 0.6767578125 0.017578125 0.015625
0 0.6201171875 0.8076171875 0.015625 0.015625
0 0.5439453125 0.8154296875 0.013671875 0.013671875
0 0.556640625 0.7998046875 0.015625 0.013671875
0 0.5234375 0.787109375 0.01171875 0.01171875
0 0.763671875 0.8271484375 0.01171875 0.013671875
0 0.7841796875 0.888671875 0.015625 0.013671875
0 0.4140625 0.904296875 0.013671875 0.01171875
0 0.3388671875 0.900390625 0.017578125 0.015625
0 0.345703125 0.9443359375 0.015625 0.013671875
0 0.2978515625 0.9853515625 0.017578125 0.013671875
0 0.37109375 0.9453125 0.01171875 0.01171875
0 0.9765625 0.9384765625 0.015625 0.015625
0 0.9443359375 0.947265625 0.013671875 0.01171875
0 0.201171875 0.986328125 0.017578125 0.017578125
0 0.25 0.994140625 0.015625 0.01171875
0 0.17578125 0.900390625 0.013671875 0.013671875
0 0.185546875 0.841796875 0.01171875 0.01171875
0 0.193359375 0.6650390625 0.015625 0.013671875