0 0.0478515625 0.04203125 0.01158203125 0.015781249999999997
0 0.06978515625 0.049296875 0.009570312500000011 0.009648437499999996
0 0.07158203125 0.0382421875 0.009335937500000002 0.010507812500000005
0 0.081640625 0.048046875 0.0087890625 0.010996093750000005
0 0.02689453125 0.00763671875 0.0094140625 0.009707031249999998
0 0.01189453125 0.02712890625 0.00923828125 0.0081640625
0 0.013359375 0.083671875 0.009121093750000003 0.009570312500000011
0 0.0323828125 0.08 0.011249999999999996 0.009101562499999993
0 0.07384765625 0.0673046875 0.015410156250000001 0.010488281250000009
0 0.10775390625 0.0240234375 0.009023437500000009 0.008808593749999996
0 0.10529296875 0.05564453125 0.009453125000000007 0.01087890625
0 0.121796875 0.06498046875 0.011093750000000013 0.01121093749999999
0 0.1271875 0.04140625 0.008124999999999993 0.009199218750000002
0 0.13669921875 0.012597656250000002 0.008085937499999973 0.0104296875
0 0.158359375 0.02552734375 0.007753906249999998 0.008007812500000003
0 0.1543359375 0.0507421875 0.009648437499999996 0.009511718749999995
0 0.13240234375 0.0915234375 0.011660156249999998 0.012285156250000012
0 0.09275390625 0.07376953125 0.011113281249999996 0.016542968749999998
0 0.05263671875 0.105234375 0.008144531250000003 0.008339843749999992
0 0.029804687500000003 0.11564453125 0.009140625 0.00927734375
0 0.04537109375 0.13337890625 0.0081640625 0.009570312500000011
0 0.0525390625 0.14798828125 0.009472656250000003 0.010488281250000009
0 0.05833984375 0.11802734375 0.009589843750000007 0.011777343750000002
0 0.06517578125 0.10734375 0.008750000000000008 0.01025390625
0 0.07328125 0.0996484375 0.010429687500000007 0.009433593749999997
0 0.09705078125 0.111015625 0.00978515625000001 0.009062500000000001
0 0.127890625 0.11337890625 0.009511718750000009 0.009355468750000012
0 0.13646484375 0.12291015625000001 0.009101562499999993 0.00927734375
0 0.14439453125 0.14048828125 0.008886718750000022 0.00927734375
0 0.079921875 0.1269921875 0.009960937499999989 0.010019531249999991
0 0.098984375 0.12970703125 0.009824218750000002 0.009101562499999993
0 0.1010546875 0.1544921875 0.010136718749999996 0.009765625
0 0.04046875 0.16958984375 0.009042968750000005 0.010859375000000004
0 0.00421875 0.1654296875 0.008417968749999998 0.01021484374999998
0 0.14529296875 0.17765625 0.009882812500000004 0.008671874999999996
0 0.12708984375 0.1865234375 0.01167968749999998 0.011074218749999976
0 0.1169921875 0.19439453125 0.008398437499999994 0.009257812500000018
0 0.12939453125 0.20048828125 0.010976562500000009 0.009941406250000007
0 0.1292578125 0.20931640625 0.008437499999999987 0.008476562500000007
0 0.06291015625 0.18361328125 0.00880859375000001 0.009082031250000011
0 0.077421875 0.1733984375 0.011054687499999993 0.011601562499999996
0 0.0554296875 0.18166015625 0.007597656250000001 0.009062499999999973
0 0.0734765625 0.19072265625 0.007773437500000008 0.0087890625
0 0.083515625 0.1837890625 0.009492187499999999 0.008691406249999978
0 0.0142578125 0.137890625 0.007871093749999999 0.010585937499999976
0 0.02720703125 0.18669921875 0.009296874999999996 0.010683593749999998
0 0.032109375 0.19796875 0.010683593749999998 0.011054687499999993
0 0.03796875 0.21193359375 0.010156250000000006 0.011074218749999976
0 0.00603515625 0.19796875 0.00978515625 0.011054687499999993
0 0.01490234375 0.20203125 0.009921875 0.011308593749999984
0 0.01853515625 0.2106640625 0.0087890625 0.009667968749999978
0 0.011875 0.23203125 0.011503906250000001 0.011074218749999976
0 0.0018359375 0.1086328125 0.003671875 0.008242187499999998
0 0.00763671875 0.3 0.009921875 0.010136718749999996
0 0.01533203125 0.297265625 0.008496093749999996 0.010019531249999991
0 0.01673828125 0.318125 0.011289062500000002 0.013515625000000031
0 0.01427734375 0.33388671875 0.01173828125 0.012148437500000053
0 0.04310546875 0.330703125 0.008222656250000002 0.009589843750000049
0 0.0664453125 0.33798828125 0.009003906249999999 0.009511718750000009
0 0.04427734375 0.35822265625 0.009785156249999996 0.010957031250000027
0 0.03216796875 0.35634765625 0.010019531250000005 0.009667968749999978
0 0.02025390625 0.35833984375 0.007617187499999997 0.009042968749999991
0 0.00982421875 0.3653125 0.009492187500000002 0.009589843750000049
0 0.01642578125 0.3767578125 0.009121093750000003 0.010722656250000018
0 0.02669921875 0.37244140625 0.008671875000000002 0.009863281250000022
0 0.0301953125 0.37880859375 0.008378906249999998 0.009433593749999969
0 0.0575 0.3068359375 0.007929687500000004 0.00927734375
0 0.06490234375 0.31833984375 0.008203125000000006 0.010859375000000004
0 0.075078125 0.30791015625 0.010175781249999988 0.009921874999999969
0 0.0859765625 0.30193359375 0.009042968749999991 0.01017578124999996
0 0.04455078125 0.286640625 0.012617187500000002 0.01171875
0 0.058203125 0.2652734375 0.009316406250000006 0.010292968749999964
0 0.0623828125 0.278671875 0.009296874999999996 0.008652343750000013
0 0.084921875 0.25005859375 0.010019531249999991 0.008906250000000004
0 0.070703125 0.264375 0.00832031250000001 0.011542968750000049
0 0.0880859375 0.2696875 0.008691406250000006 0.010429687499999951
0 0.10841796875 0.27734375 0.00880859375000001 0.0107421875
0 0.08765625 0.28884765625 0.010117187499999986 0.012304687500000022
0 0.0840625 0.23228515625 0.0067382812500000056 0.009296874999999982
0 0.1248828125 0.247109375 0.008847656250000002 0.01371093750000002
0 0.1190234375 0.26396484375 0.009374999999999994 0.010722656250000018
0 0.12134765625 0.30013671875 0.008652343749999986 0.010410156249999969
0 0.07041015625 0.41001953125 0.010019531249999991 0.010683593750000053
0 0.13408203125 0.27919921875 0.01273437500000002 0.00984375000000004
0 0.12144531250000001 0.2262890625 0.00732421875 0.009550781249999973
0 0.15439453125 0.29259765625 0.008984374999999989 0.009863281250000022
0 0.13689453125 0.311953125 0.009921875000000024 0.011874999999999969
0 0.15306640625 0.25072265625 0.009394531250000004 0.00871093749999996
0 0.1505859375 0.27615234375 0.0059765625000000044 0.007558593750000009
0 0.13861328125 0.40525390625 0.012617187500000016 0.012304687500000022
0 0.111484375 0.4088671875 0.008828124999999992 0.010683593750000053
0 0.1105859375 0.3633203125 0.0078125 0.009062499999999973
0 0.12158203125 0.37478515625 0.007617187500000011 0.009042968749999991
0 0.11908203125 0.386484375 0.008710937499999988 0.007968749999999969
0 0.12294921875 0.39529296875 0.006542968749999989 0.008769531250000018
0 0.09662109375 0.383671875 0.008945312499999997 0.010781249999999964
0 0.09341796875 0.3987890625 0.008652343750000013 0.009628906250000013
0 0.08828125 0.40822265625 0.00832031250000001 0.008613281250000049
0 0.08794921875 0.41615234375 0.008417968750000004 0.008417968750000004
0 0.14626953125 0.32041015625 0.007343749999999982 0.008886718750000022
0 0.178671875 0.30765625 0.010117187500000013 0.010937500000000044
0 0.201171875 0.30841796875 0.00923828124999998 0.009394531250000004
0 0.189609375 0.294609375 0.008320312499999982 0.008535156250000009
0 0.18970703125 0.27923828125 0.009257812500000018 0.009140625000000013
0 0.24595703125 0.3435546875 0.010097656250000031 0.010058593749999956
0 0.26142578125 0.338046875 0.008164062500000013 0.00822265624999996
0 0.2087890625 0.2770703125 0.010722656250000018 0.018593749999999964
0 0.1827734375 0.2255859375 0.009160156249999996 0.010429687500000007
0 0.20052734375 0.22001953125 0.007167968749999976 0.009257812500000018
0 0.20013671875 0.23912109375 0.007949218749999987 0.008476562500000007
0 0.20873046875 0.2344140625 0.007519531249999989 0.008964843750000007
0 0.22220703125 0.234609375 0.008476562500000007 0.008593750000000011
0 0.22875 0.22658203125 0.009335937500000002 0.009531249999999991
0 0.2435546875 0.19455078125 0.009882812500000004 0.008808593749999982
0 0.25873046875 0.24302734375 0.009667968749999978 0.010156249999999978
0 0.2685546875 0.222421875 0.00789062500000004 0.009472656249999989
0 0.28419921875 0.24935546875 0.010097656250000031 0.00980468750000002
0 0.300703125 0.24595703125 0.009472656250000044 0.009882812500000004
0 0.29669921875 0.21884765625 0.009101562500000049 0.0076953124999999956
0 0.29220703125 0.16845703125 0.010839843750000022 0.012421875000000027
0 0.32041015625 0.18171875 0.009121093750000031 0.009902343749999987
0 0.23634765625 0.44888671875 0.009218749999999998 0.010410156249999969
0 0.001953125 0.6025390625 0.00390625 0.009765625
0 0.00267578125 0.61599609375 0.0053515625 0.011191406250000036
0 0.00240234375 0.648359375 0.00478515625 0.010136718750000107
0 0.0341796875 0.58482421875 0.010996093750000005 0.01156249999999992
0 0.04744140625 0.57072265625 0.008476562500000007 0.010136718750000107
0 0.06728515625 0.58095703125 0.010683593749999998 0.011464843750000009
0 0.03419921875 0.51154296875 0.008730468749999998 0.009550781249999973
0 0.05357421875 0.49505859375 0.008496093750000003 0.007910156250000022
0 0.08455078125 0.47513671875 0.008515624999999999 0.008632812500000031
0 0.0944140625 0.50787109375 0.008339843749999992 0.009082031249999956
0 0.1122265625 0.52142578125 0.009550781250000001 0.013242187499999947
0 0.1237890625 0.52421875 0.008203125000000006 0.010429687500000062
0 0.13158203125 0.516796875 0.007714843749999978 0.008554687499999991
0 0.09869140625 0.55798828125 0.011523437500000011 0.012187500000000018
0 0.08900390625 0.54990234375 0.0074414062500000044 0.008242187500000053
0 0.07611328125 0.53931640625 0.009218749999999998 0.00927734375
0 0.09068359375 0.5194140625 0.008535156250000009 0.010000000000000009
0 0.0938671875 0.53259765625 0.013359375000000007 0.014941406249999956
0 0.05966796875 0.549140625 0.006914062499999998 0.009765625
0 0.0389453125 0.5507421875 0.009843749999999998 0.00992187500000008
0 0.033203125 0.56841796875 0.009042968750000005 0.010859374999999893
0 0.13265625 0.54705078125 0.00833984375000002 0.009453125000000062
0 0.1417578125 0.5430078125 0.0074414062500000044 0.009746093750000018
0 0.16255859375 0.5478125 0.0077343750000000155 0.010195312500000053
0 0.05130859375 0.61328125 0.008554687500000005 0.008808593749999982
0 0.0633984375 0.6058203125 0.0067187499999999956 0.009199218750000071
0 0.07080078125 0.61587890625 0.006992187499999997 0.008652343749999902
0 0.0137890625 0.722421875 0.007695312499999999 0.009902343750000098
0 0.0018359375 0.73736328125 0.003671875 0.0107421875
0 0.001953125 0.76171875 0.00390625 0.01171875
0 0.04875 0.731171875 0.012597656250000006 0.013632812500000036
0 0.05369140625 0.746953125 0.007167968750000003 0.007753906250000053
0 0.0572265625 0.75916015625 0.007363281250000006 0.00845703125000008
0 0.00873046875 0.79427734375 0.00830078125 0.009082031249999956
0 0.0115625 0.80248046875 0.009355468749999998 0.00943359375000008
0 0.06111328125 0.7971484375 0.009042968749999991 0.009492187500000027
0 0.06591796875 0.6998046875 0.009492187499999999 0.009824218749999947
0 0.0746875 0.64369140625 0.010957031249999999 0.011542968749999938
0 0.08294921875 0.6627734375 0.008359375000000002 0.009140624999999902
0 0.08494140625 0.67447265625 0.007753906249999998 0.008066406249999991
0 0.07587890625 0.6810546875 0.007988281250000007 0.010546874999999956
0 0.0058203125 0.87998046875 0.0085546875 0.010703125000000036
0 0.00890625 0.90828125 0.010175781249999998 0.009941406250000062
0 0.029609375 0.89408203125 0.009531250000000005 0.009843749999999929
0 0.0342578125 0.922109375 0.0069531250000000044 0.008535156250000009
0 0.01392578125 0.936953125 0.00796875 0.008417968749999893
0 0.01322265625 0.9490234375 0.006562499999999999 0.008847656249999947
0 0.0176953125 0.95615234375 0.0076953125000000025 0.008574218749999973
0 0.00267578125 0.9322265625 0.0053515625 0.011191406250000036
0 0.001953125 0.9482421875 0.00390625 0.009765625
0 0.0009765625 0.8984375 0.001953125 0.01171875
0 0.0076171875 0.89771484375 0.006054687500000001 0.008710937500000071
0 0.01119140625 0.889765625 0.0078515625 0.00732421875
0 0.060703125 0.92158203125 0.008222656249999988 0.009023437500000009
0 0.0322265625 0.9134375 0.007089843750000005 0.008007812500000044
0 0.04716796875 0.871875 0.007910156249999994 0.0067968750000000355
0 0.06380859375 0.87734375 0.009824218750000002 0.009257812500000018
0 0.06837890625 0.8473046875 0.009042968749999991 0.009589843749999938
0 0.0823046875 0.9062109375 0.008574218750000001 0.00960937499999992
0 0.103515625 0.87416015625 0.009707031249999998 0.010058593749999956
0 0.1315234375 0.880546875 0.008378906249999984 0.009550781249999973
0 0.1542578125 0.88658203125 0.008710937500000016 0.00863281249999992
0 0.098984375 0.898828125 0.009824218750000002 0.010937500000000044
0 0.09001953125 0.891015625 0.008750000000000008 0.010957031250000027
0 0.1044140625 0.911015625 0.00732421875 0.011171875000000053
0 0.07216796875 0.9947265625 0.005917968750000002 0.008476562500000062
0 0.1153125 0.9896875 0.00730468749999999 0.009082031249999956
0 0.10041015625 0.9924609375 0.008085937500000001 0.008535156250000009
0 0.087890625 0.99609375 0.0078125 0.0078125
0 0.08361328125 0.99193359375 0.008164062500000013 0.009023437500000009
0 0.14091796875 0.981953125 0.008027343750000027 0.008925781250000098
0 0.162421875 0.99048828125 0.0074414062500000044 0.009160156250000107
0 0.177734375 0.9958203125 0.007500000000000007 0.008359374999999947
0 0.1130859375 0.939140625 0.008964843750000007 0.013554687500000107
0 0.12212890625 0.95109375 0.010996093749999991 0.010292968749999964
0 0.1306640625 0.9312109375 0.008964843750000007 0.013769531249999911
0 0.11107421875 0.906875 0.005722656250000013 0.007148437499999938
0 0.11837890625 0.9062109375 0.00732421875 0.0073632812499999645
0 0.13298828125 0.903515625 0.008242187499999998 0.008847656249999947
0 0.1420703125 0.910546875 0.009609374999999976 0.009882812499999893
0 0.15259765625 0.90412109375 0.009218749999999998 0.009296874999999982
0 0.16443359375 0.91541015625 0.008437499999999987 0.007382812499999947
0 0.15869140625 0.94365234375 0.007636718749999993 0.009570312499999956
0 0.15330078125 0.9556640625 0.008359375000000002 0.010664062500000071
0 0.21244140625 0.99240234375 0.00732421875 0.009179687500000089
0 0.19640625 0.97544921875 0.008144531249999976 0.007382812499999947
0 0.2108984375 0.9779296875 0.01265624999999998 0.008535156250000009
0 0.20890625 0.9670703125 0.009394531250000004 0.009042968749999991
0 0.33619140625 0.9748046875 0.012753906249999947 0.010019531249999991
0 0.263515625 0.98171875 0.008203124999999978 0.007871093749999947
0 0.2598046875 0.98875 0.009082031249999956 0.009472656250000044
0 0.24654296875 0.98306640625 0.008242187499999998 0.009199218750000071
0 0.231484375 0.97126953125 0.007949218749999987 0.008496093750000044
0 0.24212890625 0.9562890625 0.008437499999999987 0.011113281250000107
0 0.2436328125 0.96634765625 0.010019531249999991 0.009726562500000036
0 0.180078125 0.92720703125 0.008496093749999989 0.008476562500000062
0 0.187578125 0.936640625 0.008203124999999978 0.01138671875000008
0 0.19548828125 0.9288671875 0.008066406249999991 0.009707031250000053
0 0.214140625 0.9254296875 0.009257812500000018 0.01253906249999992
0 0.226953125 0.9260546875 0.007910156250000022 0.008242187500000053
0 0.225078125 0.90943359375 0.007617187500000011 0.007578124999999991
0 0.233125 0.915703125 0.0077343750000000155 0.009726562500000036
0 0.24296875 0.920859375 0.010820312499999984 0.011035156249999956
0 0.17759765625 0.85525390625 0.008378906249999984 0.009531249999999991
0 0.18625 0.872890625 0.0062695312500000155 0.008730468750000053
0 0.1844140625 0.98380859375 0.0074414062500000044 0.007207031250000107
0 0.3064453125 0.92990234375 0.009433593749999969 0.009687500000000071
0 0.36 0.874375 0.007675781250000013 0.009296874999999982
0 0.3451171875 0.8609375 0.009082031249999956 0.009804687499999964
0 0.28806640625 0.89859375 0.008750000000000036 0.009492187500000027
0 0.2868359375 0.92529296875 0.007656250000000031 0.008769531250000018
0 0.27986328125 0.9348046875 0.008964843749999951 0.010488281250000009
0 0.2554296875 0.93744140625 0.008671874999999996 0.0087890625
0 0.2646484375 0.93337890625 0.006972656249999987 0.00830078125
0 0.25494140625 0.9071875 0.011171875000000053 0.015585937500000036
0 0.2458203125 0.90171875 0.008164062500000013 0.008808593749999982
0 0.223671875 0.89046875 0.006894531250000002 0.008515625000000027
0 0.2184765625 0.87732421875 0.009687500000000016 0.009980468750000027
0 0.2305078125 0.86783203125 0.009433593750000024 0.009707031250000053
0 0.2096875 0.858203125 0.008027343750000027 0.011249999999999982
0 0.19328125 0.85669921875 0.009921875000000024 0.01171875
0 0.1903515625 0.84873046875 0.008222656250000016 0.006894531249999947
0 0.19732421875 0.840078125 0.0069140624999999845 0.009003906250000027
0 0.1762890625 0.84275390625 0.007460937499999987 0.006699218749999902
0 0.17580078125 0.83185546875 0.008945312500000024 0.009218750000000053
0 0.1642578125 0.82009765625 0.00874999999999998 0.009960937500000044
0 0.1619921875 0.81228515625 0.009746093750000018 0.008886718749999911
0 0.146328125 0.7869921875 0.009648437499999996 0.010332031249999929
0 0.13912109375 0.7762890625 0.008398437500000022 0.010449218750000044
0 0.16478515625 0.88892578125 0.007714843749999978 0.009570312499999956
0 0.16083984375 0.8833203125 0.007460937499999987 0.010156250000000089
0 0.24732421875 0.83640625 0.0076953124999999956 0.00927734375
0 0.2584765625 0.8436328125 0.00919921874999996 0.008476562500000062
0 0.27060546875 0.86115234375 0.011269531249999964 0.010917968750000062
0 0.2201171875 0.82673828125 0.0074023437499999845 0.009355468749999929
0 0.1231640625 0.763671875 0.008398437500000022 0.009453125000000062
0 0.1317578125 0.75759765625 0.006894531250000002 0.008417968749999893
0 0.178671875 0.772421875 0.007753906249999998 0.008124999999999938
0 0.1444140625 0.76173828125 0.009960937499999989 0.009765625
0 0.1367578125 0.74201171875 0.008554687499999991 0.009179687500000089
0 0.149609375 0.74533203125 0.010683593749999998 0.011660156250000053
0 0.1448046875 0.73255859375 0.008671874999999996 0.009355468749999929
0 0.16896484375 0.742265625 0.008457031250000024 0.009687500000000071
0 0.180703125 0.75970703125 0.011816406250000022 0.013320312500000098
0 0.14556640625 0.67623046875 0.008144531249999976 0.010078124999999938
0 0.159140625 0.65451171875 0.008027343750000027 0.009492187500000027
0 0.15904296875 0.6357421875 0.008476562500000007 0.009687500000000071
0 0.14244140625 0.64109375 0.007988281250000007 0.009082031249999956
0 0.13345703125 0.63716796875 0.00826171874999998 0.0087890625
0 0.13279296875 0.62572265625 0.008203124999999978 0.009785156249999982
0 0.11408203125 0.61525390625 0.008535156250000009 0.009648437500000107
0 0.10255859375 0.61189453125 0.006874999999999992 0.007949218750000098
0 0.14626953125 0.6144140625 0.00874999999999998 0.010488281250000009
0 0.1541796875 0.61798828125 0.007539062500000027 0.007558593750000009
0 0.15119140625 0.56662109375 0.007890624999999984 0.008652343749999902
0 0.1750390625 0.57826171875 0.007109374999999973 0.008652343749999902
0 0.194609375 0.59240234375 0.00785156250000002 0.009863281249999911
0 0.19736328125 0.56490234375 0.009609374999999976 0.008984375000000044
0 0.19150390625 0.6441796875 0.009843749999999984 0.010214843750000036
0 0.1837890625 0.62349609375 0.009531249999999991 0.014785156250000098
0 0.13546875 0.60447265625 0.007890624999999984 0.008203125000000089
0 0.18662109375 0.60998046875 0.006972656249999987 0.0072851562500000355
0 0.18365234375 0.60478515625 0.00923828124999998 0.007851562499999964
0 0.17689453125 0.5281640625 0.007050781250000027 0.007226562500000089
0 0.18998046875 0.5336328125 0.008671874999999996 0.008105468749999956
0 0.179296875 0.5472265625 0.008710937500000016 0.010117187499999902
0 0.1255859375 0.59607421875 0.00826171874999998 0.008417968749999893
0 0.11978515625 0.59861328125 0.011152343750000016 0.007832031249999982
0 0.22794921875 0.5541796875 0.006601562499999991 0.008281250000000018
0 0.23064453125 0.541796875 0.008222656250000016 0.007460937500000098
0 0.23419921875 0.54958984375 0.008398437500000022 0.00732421875
0 0.25802734375 0.57783203125 0.00822265624999996 0.008417968749999893
0 0.23986328125 0.65431640625 0.007753906249999998 0.008476562500000062
0 0.26173828125 0.66572265625 0.008105468749999956 0.009257812500000018
0 0.15908203125 0.6807421875 0.00728515624999998 0.00845703125000008
0 0.15029296875 0.68673828125 0.006054687499999989 0.006601562499999991
0 0.19439453125 0.72072265625 0.009960937499999989 0.00912109374999992
0 0.19923828125 0.71126953125 0.008964843750000007 0.009746093750000018
0 0.20310546875 0.697734375 0.009121093749999976 0.00845703125000008
0 0.19146484375 0.7491015625 0.008515625000000027 0.007988281250000062
0 0.22177734375 0.71697265625 0.009960937499999989 0.008535156250000009
0 0.23822265625 0.700859375 0.008242187499999998 0.009023437500000009
0 0.234609375 0.7263671875 0.00732421875 0.009101562499999938
0 0.2238671875 0.74009765625 0.007167968749999976 0.009160156250000107
0 0.231953125 0.760546875 0.007031249999999989 0.007578124999999991
0 0.285390625 0.706953125 0.008828124999999964 0.00863281249999992
0 0.26833984375 0.716875 0.008085937499999973 0.008984375000000044
0 0.24521484375 0.730546875 0.007148437499999993 0.008613281249999938
0 0.25587890625 0.74185546875 0.008320312499999982 0.009863281249999911
0 0.2467578125 0.742890625 0.007714843749999978 0.007519531250000044
0 0.30142578125 0.73296875 0.008183593749999996 0.009082031249999956
0 0.3243359375 0.7309375 0.00871093749999996 0.010058593749999956
0 0.310859375 0.75123046875 0.008164062500000013 0.009082031249999956
0 0.31841796875 0.76392578125 0.008183593749999996 0.008691406250000089
0 0.31455078125 0.7734375 0.008632812500000031 0.008203125000000089
0 0.2587890625 0.7750390625 0.00724609374999996 0.008906249999999893
0 0.22904296875 0.75154296875 0.007500000000000007 0.00845703125000008
0 0.212890625 0.7495703125 0.009199218750000016 0.008730468750000053
0 0.21259765625 0.801640625 0.009218749999999998 0.009882812499999893
0 0.24029296875 0.78685546875 0.008007812499999989 0.008593749999999956
0 0.2372265625 0.77580078125 0.00687500000000002 0.008515625000000027
0 0.27837890625 0.72958984375 0.00740234375000004 0.007988281250000062
0 0.293125 0.72654296875 0.007949218749999987 0.008183593750000107
0 0.238828125 0.820625 0.007578124999999991 0.008203125000000089
0 0.31140625 0.821953125 0.00675781249999996 0.008339843749999964
0 0.312734375 0.798203125 0.007499999999999951 0.007578124999999991
0 0.3121875 0.79037109375 0.00830078125 0.008085937499999973
0 0.3415625 0.8005859375 0.008535156250000009 0.008398437499999911
0 0.340546875 0.7927734375 0.007753906250000053 0.008339843749999964
0 0.358046875 0.79873046875 0.008144531250000031 0.011582031249999902
0 0.22873046875 0.7989453125 0.008144531249999976 0.008886718749999911
0 0.2351953125 0.79615234375 0.0072460937500000155 0.008320312499999982
0 0.29197265625 0.80095703125 0.006894531249999947 0.008515625000000027
0 0.27337890625 0.81958984375 0.00871093749999996 0.008027343750000027
0 0.23349609375 0.73912109375 0.006992187500000024 0.007539062500000027
0 0.24552734375 0.8156640625 0.007128906250000011 0.008320312499999982
0 0.27599609375 0.83240234375 0.010195312500000053 0.009082031249999956
0 0.22193359375 0.8058203125 0.007128906250000011 0.007519531250000044
0 0.27220703125 0.91998046875 0.007656250000000031 0.008671875000000107
0 0.28224609375 0.9144921875 0.0069531250000000044 0.008417968749999893
0 0.28787109375 0.87201171875 0.007499999999999951 0.007753906250000053
0 0.28533203125 0.81470703125 0.005566406250000044 0.008925781250000098
0 0.29775390625 0.83490234375 0.007128906249999956 0.0078125
0 0.17580078125 0.9501171875 0.006132812499999973 0.006855468749999982
0 0.1430078125 0.9596875 0.009121093749999976 0.0087890625
0 0.1670703125 0.9053125 0.008164062500000013 0.00830078125
0 0.13814453125 0.8574609375 0.007578124999999991 0.007617187499999956
0 0.20900390625 0.8207421875 0.007714843749999978 0.010312499999999947
0 0.14943359375 0.80388671875 0.007500000000000007 0.007988281250000062
0 0.27736328125 0.58021484375 0.006621093749999973 0.00814453124999992
0 0.28291015625 0.57623046875 0.008750000000000036 0.009667968750000089
0 0.286015625 0.64376953125 0.010937500000000044 0.011289062499999947
0 0.32880859375 0.59701171875 0.008203124999999978 0.008574218749999973
0 0.25314453125 0.8133984375 0.00789062500000004 0.008652343749999902
0 0.2044140625 0.8798828125 0.006210937500000013 0.008281250000000018
0 0.01615234375 0.97421875 0.013417968750000002 0.011367187500000098
0 0.0790234375 0.8928515625 0.007773437500000008 0.008378906249999929
0 0.1819921875 0.78134765625 0.007578124999999991 0.0058984374999999645
0 0.1551171875 0.51048828125 0.009003906250000027 0.008847656249999947
0 0.2220703125 0.5203125 0.007480468750000024 0.008496093750000044
0 0.2301953125 0.50123046875 0.0087890625 0.009472656250000044
0 0.256484375 0.5030078125 0.010996093749999991 0.008339843749999964
0 0.2975 0.53345703125 0.00822265624999996 0.009140624999999902
0 0.2865234375 0.5301953125 0.00837890625000004 0.009355468749999929
0 0.2740625 0.5352734375 0.007578124999999991 0.0087890625
0 0.25310546875 0.52525390625 0.008535156250000009 0.008183593750000107
0 0.26884765625 0.51966796875 0.010527343749999973 0.013085937500000089
0 0.26087890625 0.5240625 0.00732421875 0.008476562500000062
0 0.2528125 0.535546875 0.007929687500000004 0.00732421875
0 0.24935546874999998 0.51681640625 0.007070312500000009 0.008046875000000009
0 0.257109375 0.5115234375 0.009179687499999978 0.008164062499999902
0 0.2429296875 0.5217578125 0.00826171874999998 0.009218750000000053
0 0.24560546875 0.5315234375 0.014277343750000004 0.010000000000000009
0 0.218828125 0.5009765625 0.008945312500000024 0.009843749999999929
0 0.21205078125 0.50908203125 0.008144531249999976 0.017226562500000098
0 0.19923828125 0.49966796874999997 0.00923828124999998 0.009472656250000044
0 0.09068359375 0.48353515625 0.0072265625000000056 0.0064648437500000044
0 0.2286328125 0.48880859375 0.0057812500000000155 0.0069531250000000044
0 0.22361328125 0.49109375 0.007148437499999993 0.007499999999999951
0 0.37091796875 0.4573046875 0.009062499999999973 0.012910156250000027
0 0.38015625 0.4476953125 0.009433593749999969 0.014472656250000049
0 0.2107421875 0.47458984375 0.012871093750000007 0.012675781250000018
0 0.21390625 0.491640625 0.007148437499999993 0.007265625000000053
0 0.20935546875 0.48759765625 0.008769531250000018 0.00789062500000004
0 0.17171875 0.50578125 0.007187500000000013 0.007402343749999929
0 0.28154296875 0.080546875 0.01115234374999996 0.011640624999999988
0 0.31017578125 0.13283203125 0.0067968750000000355 0.008378906249999984
0 0.31595703125 0.1210546875 0.008984375000000044 0.008925781250000014
0 0.305078125 0.08974609375 0.008632812500000031 0.009960937499999989
0 0.31689453125 0.064921875 0.008320312499999982 0.008515624999999999
0 0.3246484375 0.05494140625 0.008945312499999969 0.009335937500000002
0 0.289453125 0.023671875 0.008203124999999978 0.0091015625
0 0.31703125 0.10458984375 0.007753906250000053 0.007480468749999997
0 0.29572265625 0.13396484375 0.007597656249999973 0.008496093749999989
0 0.291015625 0.13892578125 0.008652343750000013 0.009921875000000024
0 0.3424609375 0.1448046875 0.007714843749999978 0.009531249999999991
0 0.35556640625 0.146953125 0.007792968750000018 0.009140625000000013
0 0.35615234375 0.1650390625 0.009003906250000027 0.010624999999999996
0 0.321875 0.0765234375 0.009414062499999987 0.008925781250000014
0 0.35193359375 0.05888671875 0.008496093750000044 0.009824218750000002
0 0.37259765625 0.07330078125 0.008398437500000022 0.007871093750000002
0 0.37412109375 0.03951171875 0.008066406249999991 0.007929687500000004
0 0.39033203125 0.05716796875 0.00968749999999996 0.009082031249999997
0 0.3301953125 0.11900390625 0.008632812500000031 0.008847656250000002
0 0.37953125 0.11791015625 0.009511718750000009 0.011328124999999994
0 0.38587890625 0.0939453125 0.010234375000000018 0.009628906249999986
0 0.3959375 0.20068359375 0.01017578124999996 0.008769531250000018
0 0.383671875 0.35435546875 0.0077734375000000355 0.010644531249999978
0 0.38244140625 0.33845703125 0.009335937499999947 0.011035156249999956
0 0.391484375 0.34244140625 0.007988281249999951 0.009960937500000044
0 0.41193359375 0.4440625 0.009042968749999991 0.010273437499999982
0 0.40068359375 0.44171875 0.008476562499999951 0.010546874999999956
0 0.4138671875 0.42697265625 0.008652343750000013 0.010058593749999956
0 0.4207421875 0.4321875 0.007539062500000027 0.008457031249999969
0 0.42314453125 0.42458984375 0.008105468749999956 0.007871093749999947
0 0.43736328125 0.42826171875 0.008984375000000044 0.011269531249999964
0 0.4448828125 0.43740234375 0.008476562499999951 0.010371093750000004
0 0.39083984375 0.41240234375 0.008593749999999956 0.00919921874999996
0 0.38255859375 0.40064453125 0.009707031250000053 0.009707031250000053
0 0.39306640625 0.40005859375 0.006679687500000031 0.009941406249999951
0 0.377421875 0.3781640625 0.008632812500000031 0.008593749999999956
0 0.38560546875 0.385859375 0.008027343750000027 0.008671874999999996
0 0.39513671875 0.3842578125 0.0072851562500000355 0.008066406249999991
0 0.39833984375 0.3621484375 0.008750000000000036 0.008417968750000004
0 0.3991796875 0.374140625 0.008984375000000044 0.009062499999999973
0 0.418125 0.38953125 0.008007812500000044 0.010136718749999996
0 0.400078125 0.346015625 0.006562500000000027 0.00724609374999996
0 0.416328125 0.36208984375 0.010039062499999973 0.010429687499999951
0 0.420546875 0.36990234375 0.00789062500000004 0.00837890625000004
0 0.4319140625 0.3788671875 0.010117187500000013 0.010019531249999991
0 0.44255859375 0.3586328125 0.008066406249999991 0.009160156249999996
0 0.417421875 0.3469140625 0.009414062499999987 0.010488281250000009
0 0.45146484375 0.34369140625 0.008886718750000022 0.00968749999999996
0 0.4683984375 0.3306640625 0.007851562499999964 0.009238281250000036
0 0.48640625 0.325 0.008769531250000018 0.009804687499999964
0 0.4885546875 0.36560546875 0.009511718750000009 0.010351562500000022
0 0.450078125 0.3910546875 0.007539062500000027 0.009628906250000013
0 0.45279296875 0.4096484375 0.009414062499999987 0.00935546875000004
0 0.46638671875 0.41099609375 0.009023437500000009 0.00919921874999996
0 0.4808984375 0.4073828125 0.009062499999999973 0.010449218750000044
0 0.48751953125 0.43951171875 0.008144531250000031 0.009589843750000049
0 0.4946875 0.43361328125 0.008320312499999982 0.008457031249999969
0 0.429296875 0.39265625 0.008398437500000022 0.008613281250000049
0 0.42751953125 0.40205078125 0.013242187499999947 0.01667968750000004
0 0.4956640625 0.39146484375 0.008886718750000022 0.009746093750000018
0 0.50478515625 0.39041015625 0.008007812500000044 0.009042968749999991
0 0.5054296875 0.378671875 0.008593749999999956 0.008203124999999978
0 0.51921875 0.3819921875 0.007871093749999947 0.008496093750000044
0 0.49712890624999995 0.449375 0.007539062500000027 0.008164062500000013
0 0.50490234375 0.44333984375 0.0077734375000000355 0.009531249999999991
0 0.46357421875 0.50779296875 0.008359374999999947 0.009707031250000053
0 0.47859375 0.50021484375 0.007988281249999951 0.009394531249999893
0 0.47626953125 0.51525390625 0.007578124999999991 0.008359374999999947
0 0.427578125 0.5567578125 0.009941406249999951 0.010019531249999991
0 0.44033203125 0.55150390625 0.0078125 0.010117187499999902
0 0.4517578125 0.55634765625 0.0073632812499999645 0.009902343750000098
0 0.4594140625 0.5574609375 0.007832031249999982 0.008613281249999938
0 0.46974609375 0.5566015625 0.008652343750000013 0.009707031250000053
0 0.4672265625 0.54326171875 0.00927734375 0.009902343750000098
0 0.49808593749999996 0.53818359375 0.008769531250000018 0.009003906250000027
0 0.50759765625 0.551015625 0.008691406250000089 0.009843749999999929
0 0.51912109375 0.53595703125 0.008378906249999929 0.008730468750000053
0 0.535078125 0.52650390625 0.007070312500000009 0.009628906249999902
0 0.54623046875 0.5308203125 0.00814453124999992 0.010468750000000027
0 0.55357421875 0.542265625 0.010820312499999929 0.009335937499999947
0 0.53359375 0.54482421875 0.009746093750000018 0.010214843750000036
0 0.5330859375 0.493671875 0.009472656250000044 0.009023437500000009
0 0.53419921875 0.475859375 0.008847656249999947 0.010898437499999969
0 0.527109375 0.45736328125 0.008808593749999982 0.009980468750000027
0 0.5358984375 0.453671875 0.007988281250000062 0.007578124999999991
0 0.54103515625 0.44060546875 0.009062499999999973 0.009726562500000036
0 0.5693359375 0.475859375 0.007695312500000107 0.00927734375
0 0.5590234375 0.4880078125 0.00748046875000008 0.008339843749999964
0 0.55197265625 0.49970703125000004 0.008320312499999982 0.010507812499999991
0 0.56923828125 0.50544921875 0.011035156249999956 0.014199218749999964
0 0.38876953125 0.7647265625 0.008671874999999996 0.009335937499999947
0 0.4116796875 0.76615234375 0.009238281250000036 0.01025390625
0 0.42322265625 0.76013671875 0.008261718750000036 0.009355468749999929
0 0.44494140625 0.7622265625 0.009960937500000044 0.012128906250000071
0 0.46482421875 0.75642578125 0.00871093749999996 0.010449218750000044
0 0.3744140625 0.8152734375 0.008964843749999951 0.008593749999999956
0 0.435859375 0.75603515625 0.009492187500000027 0.009667968750000089
0 0.4480078125 0.7159765625 0.010449218750000044 0.010878906250000098
0 0.46791015625 0.71671875 0.011367187499999987 0.014472656249999938
0 0.4845703125 0.73287109375 0.009296874999999982 0.012128906250000071
0 0.4919140625 0.7161328125 0.009140625000000013 0.008359374999999947
0 0.511875 0.719921875 0.008046875000000009 0.010273437499999982
0 0.46298828125 0.666796875 0.008593749999999956 0.010136718750000107
0 0.47298828125 0.6666015625 0.009414062499999987 0.014628906250000018
0 0.49310546875 0.6973828125 0.008007812500000044 0.00765624999999992
0 0.49587890625 0.6866015625 0.009394531249999893 0.010917968750000062
0 0.49738281250000005 0.66765625 0.007343749999999982 0.009042968749999991
0 0.50740234375 0.66333984375 0.009707031250000053 0.010117187499999902
0 0.50943359375 0.6725 0.008808593749999982 0.008828124999999964
0 0.51591796875 0.687421875 0.009082031249999956 0.008964843750000062
0 0.527109375 0.67716796875 0.008808593749999982 0.008964843750000062
0 0.52640625 0.6870703125 0.007382812499999947 0.009355468749999929
0 0.518828125 0.75482421875 0.00992187500000008 0.011464843750000009
0 0.52640625 0.751875 0.007382812499999947 0.009140624999999902
0 0.55802734375 0.76857421875 0.009804687499999964 0.011406250000000062
0 0.534140625 0.738671875 0.008007812500000044 0.009355468749999929
0 0.5565234375 0.74375 0.009648437500000107 0.010566406249999938
0 0.59388671875 0.76091796875 0.009394531249999893 0.010937500000000044
0 0.573515625 0.72650390625 0.007539062500000027 0.010019531249999991
0 0.56375 0.72322265625 0.0078125 0.01123046875
0 0.57333984375 0.71109375 0.007890624999999929 0.00960937499999992
0 0.553203125 0.72318359375 0.009355468749999929 0.012558593749999902
0 0.5417578125 0.72521484375 0.006972656250000098 0.008828124999999964
0 0.53787109375 0.71400390625 0.011933593750000027 0.009765625
0 0.5308984375 0.72013671875 0.007207031250000107 0.008574218749999973
0 0.57125 0.694921875 0.00796875000000008 0.009101562499999938
0 0.56158203125 0.6916796875 0.007734375000000071 0.008964843750000062
0 0.6033984375 0.70328125 0.009316406249999964 0.008828124999999964
0 0.55853515625 0.656640625 0.009414062500000098 0.009316406249999964
0 0.5514453125 0.64447265625 0.006542968750000044 0.009335937499999947
0 0.57251953125 0.6551171875 0.00699218750000008 0.010136718750000107
0 0.58541015625 0.653125 0.008691406250000089 0.007519531250000044
0 0.5919140625 0.6458984375 0.00830078125 0.007128906249999956
0 0.5672265625 0.679296875 0.008417968749999893 0.010390625000000098
0 0.5890234375 0.74443359375 0.007460937500000098 0.009804687499999964
0 0.6009375 0.726796875 0.007929687499999893 0.008476562500000062
0 0.3971875 0.997265625 0.008554687499999991 0.005468749999999911
0 0.4056640625 0.96390625 0.009257812500000018 0.009492187500000027
0 0.418828125 0.99353515625 0.007265625000000053 0.007949218750000098
0 0.40060546875 0.93876953125 0.00927734375 0.010839843749999911
0 0.3930859375 0.9225 0.008847656249999947 0.010859374999999893
0 0.40412109375 0.92572265625 0.008261718750000036 0.008828124999999964
0 0.3965625 0.908828125 0.008535156250000009 0.01107421874999992
0 0.3943359375 0.8978515625 0.00919921874999996 0.009667968750000089
0 0.4177734375 0.90619140625 0.00871093749999996 0.009374999999999911
0 0.41291015625 0.921796875 0.00675781249999996 0.00943359375000008
0 0.435625 0.87333984375 0.009023437500000009 0.009453125000000062
0 0.43947265625 0.89830078125 0.008242187500000053 0.008437500000000098
0 0.4467578125 0.89275390625 0.0063085937500000355 0.008496093750000044
0 0.43287109375 0.90689453125 0.009160156249999996 0.00863281249999992
0 0.448984375 0.9119921875 0.008164062500000013 0.008222656250000071
0 0.47904296875 0.90609375 0.009589843750000049 0.009882812499999893
0 0.44107421875 0.92966796875 0.008847656249999947 0.008203125000000089
0 0.456015625 0.93216796875 0.007382812499999947 0.011093749999999902
0 0.48048828125 0.9344921875 0.008925781249999987 0.008652343749999902
0 0.48794921875 0.94505859375 0.007578124999999991 0.009296874999999982
0 0.4226953125 0.94619140625 0.008652343750000013 0.007988281250000062
0 0.42845703125 0.95603515625 0.011679687500000036 0.011972656249999991
0 0.438828125 0.97482421875 0.007656250000000031 0.009414062500000098
0 0.447109375 0.97275390625 0.009394531250000004 0.008808593749999982
0 0.45103515625 0.96201171875 0.009433593749999969 0.011367187500000098
0 0.4363671875 0.96337890625 0.009101562500000049 0.009882812499999893
0 0.41662109375 0.875859375 0.008515625000000027 0.008828124999999964
0 0.58763671875 0.951484375 0.00960937499999992 0.012226562499999982
0 0.5925390625 0.9458203125 0.007382812499999947 0.008710937500000071
0 0.598203125 0.9922265625 0.007421874999999911 0.010273437499999982
0 0.56373046875 0.89369140625 0.008496093750000044 0.008496093750000044
0 0.528671875 0.90330078125 0.006972656250000098 0.008535156250000009
0 0.52263671875 0.85072265625 0.010488281250000009 0.009472656250000044
0 0.5224609375 0.8397265625 0.010839843749999911 0.009394531249999893
0 0.537890625 0.86056640625 0.009003906250000027 0.010937500000000044
0 0.54740234375 0.8555859375 0.007675781249999902 0.009531249999999991
0 0.5506640625 0.86654296875 0.0078125 0.010683593750000053
0 0.54646484375 0.80412109375 0.008613281249999938 0.00894531250000008
0 0.57248046875 0.82998046875 0.008320312499999982 0.009003906250000027
0 0.5744921875 0.86107421875 0.008105468749999956 0.008964843750000062
0 0.5919140625 0.80845703125 0.00830078125 0.00912109374999992
0 0.6092578125 0.81619140625 0.008984375000000044 0.009726562500000036
0 0.571796875 0.8165234375 0.009082031249999956 0.009687500000000071
0 0.55140625 0.8246484375 0.007890624999999929 0.00894531250000008
0 0.54146484375 0.83697265625 0.007890624999999929 0.00796875000000008
0 0.607578125 0.8375390625 0.008554687499999991 0.008398437499999911
0 0.58025390625 0.78212890625 0.008281250000000018 0.010214843750000036
0 0.57220703125 0.7804296875 0.009199218750000071 0.011738281249999982
0 0.5680859375 0.63685546875 0.00894531250000008 0.009980468750000027
0 0.50994140625 0.63775390625 0.011269531249999964 0.0107421875
0 0.50583984375 0.6203125 0.008730468750000053 0.007714843750000089
0 0.52705078125 0.623125 0.007988281250000062 0.009062499999999973
0 0.53453125 0.62666015625 0.008808593749999982 0.00765624999999992
0 0.538828125 0.61615234375 0.013144531250000036 0.010683593750000053
0 0.54693359375 0.60576171875 0.009570312499999956 0.009707031250000053
0 0.57712890625 0.61125 0.009140624999999902 0.010078124999999938
0 0.557734375 0.57509765625 0.007832031249999982 0.008515625000000027
0 0.5829296875 0.62798828125 0.007988281250000062 0.008183593750000107
0 0.5917578125 0.61416015625 0.008613281249999938 0.01025390625
0 0.60337890625 0.61587890625 0.010000000000000009 0.011542968749999938
0 0.5851953125 0.5727734375 0.010390625000000098 0.010957031250000027
0 0.59767578125 0.58005859375 0.008476562500000062 0.009960937500000044
0 0.60765625 0.59 0.009335937499999947 0.009316406249999964
0 0.23384765625 0.0022265625 0.010097656249999976 0.004453125
0 0.42193359375 0.029765625 0.00919921874999996 0.009121093749999996
0 0.4225 0.015039062500000002 0.011171875000000053 0.0078515625
0 0.40083984375 0.00162109375 0.009589843750000049 0.0032421875
0 0.4385546875 0.02068359375 0.009140625000000013 0.011074218750000003
0 0.4324609375 0.0103515625 0.008554687499999991 0.008222656249999998
0 0.40671875 0.12144531250000001 0.008183593749999996 0.008183593749999996
0 0.4951171875 0.1086328125 0.008281250000000018 0.008535156250000009
0 0.50427734375 0.09744140625 0.007460937500000098 0.008964843750000007
0 0.51884765625 0.1349609375 0.010078124999999938 0.009902343749999987
0 0.518125 0.12439453125 0.00863281249999992 0.007187500000000013
0 0.5273828125 0.12197265625 0.008535156250000009 0.010605468750000013
0 0.558203125 0.12822265625 0.009414062500000098 0.008554687499999991
0 0.56857421875 0.13607421875 0.00748046875000008 0.008046875000000009
0 0.56732421875 0.1484765625 0.010683593750000053 0.008554687499999991
0 0.572109375 0.15705078125 0.008710937500000071 0.007636718749999993
0 0.60228515625 0.17357421875 0.006894531249999947 0.008554687499999991
0 0.41876953125 0.27443359375 0.007499999999999951 0.007832031249999982
0 0.43068359375 0.291171875 0.007851562499999964 0.009746093750000018
0 0.4319921875 0.26505859375 0.008847656249999947 0.009589843750000049
0 0.4602734375 0.27130859375 0.007929687500000004 0.009023437500000009
0 0.46259765625 0.24779296875 0.010156249999999978 0.01123046875
0 0.47994140625 0.2344921875 0.00837890625000004 0.008925781249999987
0 0.47517578125 0.25603515625 0.0077734375000000355 0.009921874999999969
0 0.5440234375 0.19259765625 0.007792968750000018 0.010351562500000022
0 0.56392578125 0.17015625 0.009531249999999991 0.010078124999999993
0 0.5734375 0.17939453125 0.007500000000000062 0.009667968749999978
0 0.64150390625 0.21265625 0.007402343749999929 0.008476562500000007
0 0.6373828125 0.20767578125 0.007265625000000053 0.007128906250000011
0 0.59462890625 0.241796875 0.007226562500000089 0.009082031250000011
0 0.613828125 0.22728515625 0.007675781249999902 0.007871093750000002
0 0.55017578125 0.21732421875 0.007226562500000089 0.0076953124999999956
0 0.5460546875 0.23326171875 0.008222656250000071 0.00972656249999998
0 0.53744140625 0.22673828125 0.00716796874999992 0.007832031249999982
0 0.53138671875 0.2334375 0.008691406250000089 0.009570312500000011
0 0.53298828125 0.24777343749999997 0.008378906249999929 0.008417968750000004
0 0.65205078125 0.32693359375 0.007753906250000053 0.009941406249999951
0 0.62689453125 0.29619140625 0.009531249999999991 0.011171875000000053
0 0.61755859375 0.26775390625 0.008574218749999973 0.008925781249999987
0 0.5843359375 0.272265625 0.008398437499999911 0.00984375000000004
0 0.486796875 0.34091796875 0.00886718750000004 0.01082031250000004
0 0.49619140625 0.34259765625 0.009335937499999947 0.007480468749999969
0 0.4971875 0.35544921875 0.007636718749999938 0.00919921874999996
0 0.51001953125 0.328671875 0.008847656249999947 0.009316406249999964
0 0.4912109375 0.30935546875 0.00789062500000004 0.007343749999999982
0 0.4869140625 0.2771484375 0.007148437500000049 0.00837890625000004
0 0.51935546875 0.34056640625 0.009179687500000089 0.008886718750000022
0 0.52775390625 0.32421875 0.008164062499999902 0.009453124999999951
0 0.533671875 0.287734375 0.007714843750000089 0.007949218749999987
0 0.562421875 0.27962890625 0.008925781250000098 0.008964843749999951
0 0.5767578125 0.29486328125 0.009453125000000062 0.009765625
0 0.54404296875 0.336015625 0.008847656249999947 0.008945312499999969
0 0.55267578125 0.33201171875 0.009726562500000036 0.011406249999999951
0 0.5412109375 0.31416015625 0.008398437499999911 0.012343749999999987
0 0.55822265625 0.31419921875 0.009707031250000053 0.013730468749999947
0 0.582265625 0.40416015625 0.008046875000000009 0.008437499999999987
0 0.5470703125 0.39427734375 0.008339843749999964 0.008339843749999964
0 0.55076171875 0.36892578125 0.009160156250000107 0.009101562500000049
0 0.56060546875 0.378203125 0.009902343750000098 0.009550781249999973
0 0.56806640625 0.3840625 0.008437500000000098 0.009492187500000027
0 0.6104296875 0.4053125 0.011347656249999893 0.011406249999999951
0 0.61986328125 0.4049609375 0.007949218750000098 0.007421875000000022
0 0.618671875 0.38341796875 0.008867187499999929 0.010800781249999947
0 0.5754296875 0.3605859375 0.007441406249999893 0.0076953124999999956
0 0.60771484375 0.34935546875 0.009179687500000089 0.008808593749999982
0 0.604609375 0.36294921875 0.006914062499999929 0.008496093750000044
0 0.71271484375 0.35353515625 0.007128906249999956 0.008652343750000013
0 0.60244140625 0.38439453125 0.007148437499999938 0.008847656249999947
0 0.6053125 0.39529296875 0.009570312499999956 0.007499999999999951
0 0.56576171875 0.30541015625 0.0077734375000000355 0.007949218749999987
0 0.54513671875 0.29849609375 0.009023437500000009 0.00919921874999996
0 0.53875 0.301640625 0.008066406249999991 0.007011718749999951
0 0.535625 0.40703125 0.007031250000000044 0.007656250000000031
0 0.534609375 0.39869140625 0.00960937499999992 0.0062304687499999956
0 0.52212890625 0.31673828125 0.008867187499999929 0.008359374999999947
0 0.621875 0.28015625 0.007421874999999911 0.007343749999999982
0 0.62810546875 0.27712890625 0.008105468749999956 0.009003906250000027
0 0.62775390625 0.98962890625 0.010878906250000098 0.012871093750000062
0 0.6347265625 0.95279296875 0.008124999999999938 0.009023437500000009
0 0.6320703125 0.97044921875 0.007578124999999991 0.009140624999999902
0 0.640625 0.97837890625 0.013359375000000062 0.010058593749999956
0 0.66173828125 0.95076171875 0.008984375000000044 0.008554687499999991
0 0.6153515625 0.95306640625 0.008769531250000018 0.009003906250000027
0 0.61703125 0.93482421875 0.006738281250000089 0.007695312500000107
0 0.6040625 0.89326171875 0.007089843749999991 0.008769531250000018
0 0.6352734375 0.9153125 0.008613281249999938 0.010488281250000009
0 0.6678515625 0.90548828125 0.007910156249999911 0.009335937499999947
0 0.625546875 0.8983203125 0.007050781250000027 0.009316406249999964
0 0.62560546875 0.86765625 0.007187499999999902 0.00830078125
0 0.61912109375 0.88484375 0.007343749999999982 0.008027343750000027
0 0.621875 0.87802734375 0.006894531249999947 0.007539062500000027
0 0.63447265625 0.87830078125 0.007011718750000062 0.008066406249999991
0 0.63119140625 0.88720703125 0.008808593749999982 0.009179687500000089
0 0.6881640625 0.94427734375 0.007539062500000027 0.008730468750000053
0 0.60822265625 0.9228515625 0.007050781250000027 0.007636718749999938
0 0.61736328125 0.84421875 0.007421874999999911 0.00796875000000008
0 0.63466796875 0.8358984375 0.007988281250000062 0.00863281249999992
0 0.65123046875 0.83685546875 0.007089843749999991 0.009374999999999911
0 0.68173828125 0.84189453125 0.008417968749999893 0.00863281249999992
0 0.6775 0.80873046875 0.008105468749999956 0.00863281249999992
0 0.72896484375 0.835078125 0.00796875000000008 0.010000000000000009
0 0.741875 0.8165625 0.006933593749999911 0.007597656249999973
0 0.71875 0.8124609375 0.008437500000000098 0.008906249999999893
0 0.72818359375 0.7962890625 0.008769531250000018 0.008222656250000071
0 0.62791015625 0.69091796875 0.007617187499999956 0.009414062500000098
0 0.63958984375 0.7024609375 0.007695312500000107 0.009218750000000053
0 0.6472265625 0.71146484375 0.0068359375 0.007500000000000062
0 0.64345703125 0.69087890625 0.007695312500000107 0.008710937500000071
0 0.6551953125 0.69572265625 0.00845703125000008 0.008867187499999929
0 0.675 0.7003515625 0.00748046875000008 0.009179687500000089
0 0.62091796875 0.7308203125 0.008554687499999991 0.009804687499999964
0 0.64318359375 0.741328125 0.007714843750000089 0.011132812500000089
0 0.65326171875 0.75642578125 0.00699218750000008 0.009707031250000053
0 0.642265625 0.6421875 0.007675781249999902 0.008046875000000009
0 0.6646484375 0.6334765625 0.007675781249999902 0.007343749999999982
0 0.66875 0.64037109375 0.006933593749999911 0.00796875000000008
0 0.66935546875 0.65251953125 0.005742187500000107 0.006816406250000018
0 0.6603515625 0.65072265625 0.006171874999999938 0.007226562500000089
0 0.6555078125 0.65712890625 0.009687500000000071 0.009863281249999911
0 0.6904296875 0.67384765625 0.0072851562500000355 0.008671875000000107
0 0.71052734375 0.66259765625 0.010488281250000009 0.013046874999999902
0 0.6309765625 0.58890625 0.008964843750000062 0.01009765624999992
0 0.6104296875 0.57556640625 0.010878906250000098 0.008515625000000027
0 0.60814453125 0.5616796875 0.00748046875000008 0.009394531249999893
0 0.60169921875 0.55560546875 0.005957031249999911 0.007988281250000062
0 0.61521484375 0.5557421875 0.006113281249999991 0.007675781249999902
0 0.6200390625 0.54580078125 0.007382812499999947 0.008671875000000107
0 0.610390625 0.54349609375 0.0077734375000000355 0.008222656250000071
0 0.6445703125 0.47265625 0.008691406250000089 0.008652343750000013
0 0.6354296875 0.48478515625 0.008320312499999982 0.009160156249999996
0 0.656484375 0.48830078125 0.008046875000000009 0.008281250000000018
0 0.6641015625 0.47669921875 0.008769531250000018 0.00830078125
0 0.63359375 0.5348828125 0.008242187500000053 0.008339843749999964
0 0.6154296875 0.5328125 0.008339843749999964 0.009550781249999973
0 0.61255859375 0.51525390625 0.007949218750000098 0.010839843749999911
0 0.6018359375 0.503828125 0.00650390625000008 0.006777343750000053
0 0.6369140625 0.57337890625 0.007734375000000071 0.010703125000000036
0 0.6699609375 0.6013671875 0.008769531250000018 0.009355468749999929
0 0.67916015625 0.53501953125 0.009824218749999947 0.008593749999999956
0 0.681953125 0.49638671875000007 0.008242187500000053 0.008339843749999964
0 0.679765625 0.50419921875 0.00863281249999992 0.008437500000000098
0 0.68384765625 0.51396484375 0.006054687500000044 0.008359374999999947
0 0.7137109375 0.5066796875 0.007304687500000018 0.007460937500000098
0 0.7350390625 0.4966015625 0.007558593750000009 0.008183593750000107
0 0.71662109375 0.4898046875 0.00894531250000008 0.009511718750000009
0 0.721953125 0.5020703125 0.007636718749999938 0.008964843750000062
0 0.6862109375 0.54232421875 0.006640624999999956 0.00650390625000008
0 0.716796875 0.45826171875 0.008085937499999973 0.009492187500000027
0 0.738671875 0.4469140625 0.008281250000000018 0.008476562499999951
0 0.70453125 0.4570703125 0.009179687500000089 0.012675781250000018
0 0.78203125 0.4989843749999999 0.008417968749999893 0.008750000000000036
0 0.778125 0.51740234375 0.007187499999999902 0.0067968750000000355
0 0.76263671875 0.52208984375 0.007246093750000071 0.0078125
0 0.7503515625 0.52037109375 0.008925781250000098 0.008066406249999991
0 0.647421875 0.56185546875 0.007246093750000071 0.007949218750000098
0 0.69533203125 0.52798828125 0.008124999999999938 0.008281250000000018
0 0.72896484375 0.54509765625 0.00796875000000008 0.007871093749999947
0 0.71677734375 0.566484375 0.008652343749999902 0.013046874999999902
0 0.73029296875 0.56091796875 0.006425781249999929 0.008476562500000062
0 0.7261328125 0.45267578125 0.006464843749999893 0.008066406249999991
0 0.655234375 0.55173828125 0.007343749999999982 0.015156249999999982
0 0.68154296875 0.6141796875 0.007441406249999893 0.006933593749999911
0 0.68474609375 0.62357421875 0.006660156249999938 0.007832031249999982
0 0.70787109375 0.62943359375 0.007558593750000009 0.007597656249999973
0 0.7166015625 0.588046875 0.007695312500000107 0.007792968750000018
0 0.66115234375 0.88119140625 0.011582031249999902 0.014062500000000089
0 0.6566796875 0.89494140625 0.01449218749999992 0.01449218749999992
0 0.68267578125 0.86263671875 0.00894531250000008 0.009980468750000027
0 0.72154296875 0.90541015625 0.010507812499999991 0.010917968750000062
0 0.7071484375 0.9340234375 0.00796875000000008 0.008046875000000009
0 0.700078125 0.94685546875 0.0073632812499999645 0.009179687500000089
0 0.62908203125 0.8053515625 0.010039062499999973 0.011308593749999929
0 0.590234375 0.90357421875 0.00765624999999992 0.008925781250000098
0 0.5694921875 0.881640625 0.007617187499999956 0.008222656250000071
0 0.6796875 0.88625 0.011894531250000062 0.014140625000000018
0 0.7044921875 0.9765234375 0.006855468749999982 0.008417968749999893
0 0.70494140625 0.95705078125 0.008613281249999938 0.008437500000000098
0 0.6876953125 0.965234375 0.00796875000000008 0.008691406250000089
0 0.69705078125 0.969921875 0.012304687499999911 0.012148437500000053
0 0.72080078125 0.95107421875 0.009003906250000027 0.011699218750000018
0 0.73013671875 0.95220703125 0.009941406250000062 0.01058593749999992
0 0.740546875 0.9608203125 0.008750000000000036 0.010332031249999929
0 0.7521484375 0.96470703125 0.008242187500000053 0.009355468749999929
0 0.7547265625 0.94541015625 0.008339843749999964 0.009472656250000044
0 0.7666015625 0.9677734375 0.008398437499999911 0.007011718750000062
0 0.76677734375 0.97802734375 0.009570312499999956 0.008046875000000009
0 0.73826171875 0.98376953125 0.008417968749999893 0.010878906250000098
0 0.7509765625 0.9970703125 0.009765625 0.005859375
0 0.7473046875 0.9912109375 0.00619140624999992 0.007343749999999982
0 0.756640625 0.985859375 0.007929687499999893 0.009335937499999947
0 0.793359375 0.9919921875 0.007753906250000053 0.008046875000000009
0 0.7890234375 0.98501953125 0.009238281250000036 0.011035156249999956
0 0.79546875 0.96166015625 0.006914062499999929 0.00830078125
0 0.80232421875 0.97439453125 0.007929687499999893 0.009257812500000018
0 0.8061328125 0.95736328125 0.007890624999999929 0.008203125000000089
0 0.84005859375 0.97310546875 0.007246093750000071 0.009199218750000071
0 0.8694921875 0.98173828125 0.008437500000000098 0.010781249999999964
0 0.8926171875 0.97451171875 0.008261718750000036 0.00863281249999992
0 0.88564453125 0.9548046875 0.007851562499999964 0.010683593750000053
0 0.88451171875 0.971328125 0.005585937500000027 0.007070312500000009
0 0.849609375 0.9506640625 0.008554687499999991 0.009160156250000107
0 0.86041015625 0.94724609375 0.010722656250000018 0.009941406250000062
0 0.87474609375 0.92857421875 0.008886718749999911 0.010664062500000071
0 0.89279296875 0.94232421875 0.00863281249999992 0.007714843750000089
0 0.734140625 0.9411328125 0.009492187500000027 0.010429687500000062
0 0.7305859375 0.932578125 0.00830078125 0.010214843750000036
0 0.79083984375 0.89625 0.00863281249999992 0.010351562499999911
0 0.7834375 0.87998046875 0.009082031249999956 0.014199218749999964
0 0.8069921875 0.91291015625 0.0087890625 0.010664062500000071
0 0.81203125 0.9269140625 0.007031250000000044 0.009062499999999973
0 0.81271484375 0.94318359375 0.007539062500000027 0.008613281249999938
0 0.81978515625 0.9316015625 0.00814453124999992 0.00912109374999992
0 0.83634765625 0.94146484375 0.008261718750000036 0.009394531249999893
0 0.82142578125 0.9404296875 0.006738281250000089 0.00732421875
0 0.84359375 0.9247265625 0.009238281250000036 0.008906249999999893
0 0.8322265625 0.91021484375 0.009316406249999964 0.010371093749999893
0 0.82572265625 0.90599609375 0.006464843749999893 0.007851562499999964
0 0.8171875 0.9009765625 0.008046875000000009 0.008828124999999964
0 0.87515625 0.9590234375 0.008046875000000009 0.009804687499999964
0 0.8776171875 0.9683203125 0.007304687500000018 0.00894531250000008
0 0.83099609375 0.88408203125 0.01025390625 0.010546874999999956
0 0.794921875 0.83732421875 0.009179687500000089 0.010781249999999964
0 0.77787109375 0.801640625 0.008906249999999893 0.011542968749999938
0 0.8144921875 0.85763671875 0.008535156250000009 0.010957031250000027
0 0.8003125 0.85091796875 0.008964843750000062 0.01041015625000008
0 0.83255859375 0.81900390625 0.008281250000000018 0.008164062499999902
0 0.8291015625 0.83341796875 0.010683593750000053 0.00992187500000008
0 0.87001953125 0.8417578125 0.009628906249999902 0.011367187500000098
0 0.87859375 0.86017578125 0.009843749999999929 0.00927734375
0 0.86408203125 0.903984375 0.007910156249999911 0.008886718749999911
0 0.867890625 0.915703125 0.007871093749999947 0.006953124999999893
0 0.81392578125 0.84580078125 0.007402343749999929 0.009316406249999964
0 0.8326953125 0.8504296875 0.010273437499999982 0.011777343749999947
0 0.86458984375 0.89541015625 0.008417968749999893 0.008652343749999902
0 0.8603515625 0.8891796875 0.009726562500000036 0.009765625
0 0.85658203125 0.882734375 0.00894531250000008 0.008691406250000089
0 0.83591796875 0.87046875 0.012499999999999956 0.015488281249999902
0 0.84603515625 0.86177734375 0.011542968749999938 0.012480468749999973
0 0.857421875 0.86458984375 0.010644531250000089 0.015546875000000071
0 0.8575390625 0.80154296875 0.006640624999999956 0.007949218750000098
0 0.70005859375 0.877578125 0.01156249999999992 0.01107421874999992
0 0.594375 0.8218359375 0.009179687500000089 0.010429687500000062
0 0.66052734375 0.77986328125 0.009453125000000062 0.011953125000000009
0 0.6684375 0.78595703125 0.008359374999999947 0.008066406249999991
0 0.6775390625 0.79125 0.007128906249999956 0.00765624999999992
0 0.69009765625 0.7903125 0.007695312500000107 0.009160156250000107
0 0.70654296875 0.79625 0.008417968749999893 0.010878906250000098
0 0.7155078125 0.76662109375 0.008613281249999938 0.010859374999999893
0 0.74794921875 0.7901953125 0.008320312499999982 0.009785156249999982
0 0.68103515625 0.77255859375 0.00732421875 0.009199218750000071
0 0.696875 0.7828125 0.007734375000000071 0.009414062500000098
0 0.60529296875 0.78572265625 0.00814453124999992 0.009296874999999982
0 0.687578125 0.748984375 0.008593749999999956 0.010273437499999982
0 0.7 0.75123046875 0.010566406249999938 0.008027343750000027
0 0.697265625 0.73341796875 0.008476562500000062 0.010449218750000044
0 0.7151953125 0.7256640625 0.01302734374999992 0.012734374999999964
0 0.73185546875 0.7378125 0.009140624999999902 0.009941406250000062
0 0.74185546875 0.72248046875 0.008808593749999982 0.008906249999999893
0 0.7087109375 0.708046875 0.009374999999999911 0.011347656249999893
0 0.7433984375 0.76345703125 0.010234375000000018 0.009628906249999902
0 0.8295703125 0.774609375 0.010117187499999902 0.010761718749999982
0 0.83724609375 0.770546875 0.0068359375 0.009414062500000098
0 0.85884765625 0.77041015625 0.01009765624999992 0.010839843749999911
0 0.86177734375 0.75587890625 0.008359374999999947 0.009687500000000071
0 0.8393359375 0.7434375 0.008320312499999982 0.008515625000000027
0 0.85013671875 0.7360546875 0.007089843749999991 0.00894531250000008
0 0.80869140625 0.747421875 0.008808593749999982 0.008847656249999947
0 0.78029296875 0.733828125 0.007832031249999982 0.00960937499999992
0 0.77748046875 0.71771484375 0.008164062499999902 0.007851562499999964
0 0.77125 0.75482421875 0.01683593750000001 0.018593749999999964
0 0.784609375 0.76146484375 0.008281250000000018 0.013242187499999947
0 0.799453125 0.73267578125 0.007265625000000053 0.011523437499999956
0 0.8093359375 0.733125 0.007539062500000027 0.009882812499999893
0 0.76169921875 0.6906640625 0.008750000000000036 0.008730468750000053
0 0.7212109375 0.689375 0.008164062499999902 0.008671875000000107
0 0.7363671875 0.68884765625 0.008828124999999964 0.009335937499999947
0 0.79521484375 0.77943359375 0.00894531250000008 0.009414062500000098
0 0.83125 0.726484375 0.008242187500000053 0.009960937500000044
0 0.8367578125 0.730859375 0.007402343749999929 0.008750000000000036
0 0.84501953125 0.71087890625 0.010175781250000071 0.010214843750000036
0 0.80396484375 0.71943359375 0.006953124999999893 0.007050781250000027
0 0.80205078125 0.71212890625 0.0073632812499999645 0.008476562500000062
0 0.80859375 0.69955078125 0.008613281249999938 0.008710937500000071
0 0.82390625 0.68708984375 0.008964843750000062 0.014355468750000044
0 0.8327734375 0.6768359375 0.007871093749999947 0.010703125000000036
0 0.83005859375 0.7056640625 0.008378906249999929 0.010820312499999929
0 0.82236328125 0.70974609375 0.009042968749999991 0.011347656249999893
0 0.82341796875 0.720390625 0.006933593749999911 0.00894531250000008
0 0.86013671875 0.69658203125 0.008652343749999902 0.008984375000000044
0 0.87859375 0.71404296875 0.009843749999999929 0.010664062500000071
0 0.8771875 0.70068359375 0.01041015625000008 0.014375000000000027
0 0.5651171875 0.829921875 0.006523437500000062 0.008847656249999947
0 0.779453125 0.6889453125 0.013671875 0.015820312500000044
0 0.76125 0.674765625 0.010390625000000098 0.009062499999999973
0 0.73173828125 0.6759765625 0.009374999999999911 0.011523437499999956
0 0.7508203125 0.660390625 0.008984375000000044 0.009101562499999938
0 0.7679296875 0.6553125 0.007636718749999938 0.009082031249999956
0 0.69162109375 0.61015625 0.014121093750000036 0.011035156249999956
0 0.68958984375 0.58494140625 0.008359374999999947 0.010507812499999991
0 0.68345703125 0.5920703125 0.009648437500000107 0.012089843750000107
0 0.71298828125 0.6118359375 0.006093750000000009 0.008437500000000098
0 0.65546875 0.56642578125 0.007832031249999982 0.009023437500000009
0 0.7218359375 0.5794140625 0.007695312500000107 0.007949218750000098
0 0.72939453125 0.57494140625 0.008437500000000098 0.007460937500000098
0 0.76189453125 0.60060546875 0.00912109374999992 0.010527343749999973
0 0.7725 0.58806640625 0.008320312499999982 0.009160156250000107
0 0.7820703125 0.59591796875 0.008027343750000027 0.010449218750000044
0 0.78638671875 0.5787890625 0.007343749999999982 0.009218750000000053
0 0.794921875 0.58919921875 0.009179687500000089 0.011425781250000044
0 0.78626953125 0.64470703125 0.011347656249999893 0.009902343750000098
0 0.7888671875 0.65537109375 0.008066406249999991 0.010078124999999938
0 0.803671875 0.67376953125 0.008652343749999902 0.009531249999999991
0 0.80078125 0.66037109375 0.009902343750000098 0.009902343750000098
0 0.80615234375 0.64828125 0.010488281250000009 0.010292968749999964
0 0.8174609375 0.65798828125 0.009414062500000098 0.009374999999999911
0 0.84154296875 0.66869140625 0.011054687499999938 0.008769531250000018
0 0.86080078125 0.67787109375 0.010351562499999911 0.008515625000000027
0 0.8480078125 0.6501171875 0.008730468750000053 0.008886718749999911
0 0.86736328125 0.6533984375 0.008906249999999893 0.008378906249999929
0 0.87603515625 0.67884765625 0.00894531250000008 0.008808593749999982
0 0.58517578125 0.677578125 0.0068359375 0.007949218750000098
0 0.5338671875 0.69193359375 0.00748046875000008 0.008710937500000071
0 0.82994140625 0.61666015625 0.008984375000000044 0.010488281250000009
0 0.89921875 0.69673828125 0.011289062499999947 0.014941406249999956
0 0.6723046875 0.67283203125 0.009316406249999964 0.010292968749999964
0 0.680390625 0.673203125 0.008593749999999956 0.014433593749999973
0 0.888984375 0.6705859375 0.009472656250000044 0.011738281249999982
0 0.88373046875 0.636484375 0.011660156250000053 0.01123046875
0 0.9079296875 0.60958984375 0.010117187499999902 0.009902343750000098
0 0.89458984375 0.6033984375 0.008828124999999964 0.010195312500000053
0 0.88728515625 0.5937109375 0.009453125000000062 0.010312499999999947
0 0.91349609375 0.6480078125 0.0068749999999999645 0.009726562500000036
0 0.8797265625 0.61673828125 0.008710937500000071 0.011484374999999991
0 0.86212890625 0.61064453125 0.008046875000000009 0.010800781249999947
0 0.8548046875 0.6107421875 0.007949218750000098 0.011367187500000098
0 0.850625 0.5991796875 0.008027343750000027 0.01107421874999992
0 0.8643359375 0.55111328125 0.010078124999999938 0.00943359375000008
0 0.83603515625 0.5683984375 0.008496093750000044 0.009589843749999938
0 0.82517578125 0.56658203125 0.007929687499999893 0.010195312500000053
0 0.81318359375 0.5912109375 0.008496093750000044 0.011191406250000036
0 0.810859375 0.56658203125 0.009746093750000018 0.010195312500000053
0 0.7770703125 0.547734375 0.009003906250000027 0.010546874999999956
0 0.77546875 0.63880859375 0.010312499999999947 0.017539062500000036
0 0.82298828125 0.6098046875 0.0077734375000000355 0.008339843749999964
0 0.8264453125 0.602578125 0.0087890625 0.011093749999999902
0 0.823046875 0.6648046875 0.007675781249999902 0.008613281249999938
0 0.83931640625 0.607421875 0.00912109374999992 0.00894531250000008
0 0.798515625 0.60337890625 0.008769531250000018 0.007617187499999956
0 0.86017578125 0.622421875 0.008554687499999991 0.007636718749999938
0 0.8839453125 0.65154296875 0.007851562499999964 0.008320312499999982
0 0.68326171875 0.761796875 0.005878906249999982 0.007148437499999938
0 0.66904296875 0.7566015625 0.011289062499999947 0.011132812500000089
0 0.84453125 0.782734375 0.007734375000000071 0.007558593750000009
0 0.8558203125 0.72244140625 0.007441406249999893 0.008828124999999964
0 0.73939453125 0.79423828125 0.0072851562500000355 0.008359374999999947
0 0.730546875 0.5340234375 0.009902343750000098 0.012187500000000018
0 0.638359375 0.50634765625 0.006582031250000009 0.009023437500000009
0 0.62583984375 0.504453125 0.0078125 0.00863281249999992
0 0.61470703125 0.49601562499999996 0.010078124999999938 0.011191406250000036
0 0.5907421875 0.50447265625 0.007011718750000062 0.012031249999999938
0 0.8427734375 0.54208984375 0.010117187499999902 0.011132812500000089
0 0.8327734375 0.55494140625 0.011249999999999982 0.012285156249999929
0 0.77703125 0.56798828125 0.00830078125 0.012988281249999956
0 0.74564453125 0.55419921875 0.008769531250000018 0.008085937499999973
0 0.74611328125 0.5457421875 0.009726562500000036 0.00912109374999992
0 0.7718359375 0.53125 0.010390625000000098 0.01058593749999992
0 0.8030078125 0.445625 0.00845703125000008 0.010273437499999982
0 0.82615234375 0.45333984375 0.009023437500000009 0.0087890625
0 0.85138671875 0.42685546875 0.008750000000000036 0.01082031250000004
0 0.98833984375 0.835 0.008437500000000098 0.008750000000000036
0 0.97447265625 0.86421875 0.008203125000000089 0.009941406250000062
0 0.84267578125 0.84814453125 0.008027343750000027 0.013359375000000062
0 0.873984375 0.9471875 0.006894531249999947 0.00845703125000008
0 0.724609375 0.99609375 0.01953125 0.0078125
0 0.8011328125 0.76564453125 0.007539062500000027 0.0072851562500000355