0 0.5244140625 0.2724609375 0.013671875 0.013671875
0 0.3623046875 0.6552734375 0.015625 0.015625
0 0.2177734375 0.6708984375 0.013671875 0.013671875
0 0.322265625 0.697265625 0.015625 0.01171875
0 0.12890625 0.708984375 0.01171875 0.013671875
0 0.0654296875 0.615234375 0.015625 0.013671875
0 0.0458984375 0.7685546875 0.013671875 0.01953125
0 0.1318359375 0.7548828125 0.01171875 0.009765625
0 0.072265625 0.6796875 0.013671875 0.01171875
0 0.0556640625 0.6611328125 0.013671875 0.01171875
0 0.0419921875 0.59375 0.013671875 0.013671875
0 0.0634765625 0.7490234375 0.01171875 0.015625
0 0.4765625 0.8740234375 0.013671875 0.015625