0 0.5966796875 0.9345703125 0.013671875 0.015625
0 0.5341796875 0.8505859375 0.013671875 0.015625
0 0.6474609375 0.1015625 0.017578125 0.015625
0 0.6630859375 0.08203125 0.015625 0.015625
0 0.615234375 0.0458984375 0.017578125 0.013671875
0 0.7294921875 0.1044921875 0.01953125 0.017578125
0 0.7080078125 0.228515625 0.013671875 0.017578125
0 0.703125 0.248046875 0.013671875 0.017578125
0 0.6787109375 0.2890625 0.015625 0.015625
0 0.896484375 0.3876953125 0.015625 0.015625
0 0.9306640625 0.5107421875 0.013671875 0.015625
0 0.958984375 0.5849609375 0.01171875 0.013671875