0 0.1689453125 0.0380859375 0.021484375 0.021484375
0 0.1689453125 0.0703125 0.015625 0.015625
0 0.171875 0.083984375 0.013671875 0.013671875
0 0.31640625 0.0615234375 0.013671875 0.015625
0 0.09375 0.162109375 0.015625 0.01953125
0 0.2705078125 0.18359375 0.015625 0.017578125
0 0.0498046875 0.1435546875 0.017578125 0.01953125
0 0.12890625 0.2841796875 0.017578125 0.015625
0 0.046875 0.2373046875 0.015625 0.017578125
0 0.2783203125 0.27734375 0.017578125 0.021484375
0 0.34765625 0.291015625 0.015625 0.01953125
0 0.2587890625 0.314453125 0.0234375 0.015625
0 0.21875 0.2890625 0.01953125 0.0234375
0 0.3369140625 0.3466796875 0.015625 0.017578125
0 0.333984375 0.375 0.015625 0.017578125
0 0.5146484375 0.388671875 0.017578125 0.015625
0 0.27734375 0.4345703125 0.021484375 0.017578125
0 0.65625 0.32421875 0.01953125 0.01953125
0 0.43359375 0.4384765625 0.015625 0.015625
0 0.7685546875 0.4169921875 0.017578125 0.021484375
0 0.7734375 0.4775390625 0.01953125 0.021484375
0 0.6943359375 0.5166015625 0.017578125 0.021484375
0 0.857421875 0.5244140625 0.01953125 0.021484375
0 0.9208984375 0.6552734375 0.013671875 0.017578125
0 0.90234375 0.66015625 0.01171875 0.017578125
0 0.8046875 0.681640625 0.017578125 0.0234375
0 0.2099609375 0.587890625 0.015625 0.015625
0 0.1650390625 0.705078125 0.021484375 0.0234375
0 0.8642578125 0.6103515625 0.017578125 0.01953125
0 0.7060546875 0.4169921875 0.021484375 0.029296875
0 0.71875 0.404296875 0.015625 0.01953125
0 0.896484375 0.3876953125 0.015625 0.017578125
0 0.9541015625 0.8681640625 0.021484375 0.017578125