0 0.54791015625 0.45662109375 0.019238281250000044 0.018339843749999973
0 0.48251953125 0.4612109375 0.025742187500000013 0.01626953124999997
0 0.4373828125 0.45765625 0.01716796875000004 0.016874999999999973
0 0.47939453125 0.49642578125 0.014804687499999969 0.013320312499999987
0 0.503671875 0.590078125 0.01716796874999993 0.01480468750000008
0 0.45365234375 0.58208984375 0.01716796875000004 0.012421875000000027
0 0.048984375 0.35171875 0.018046875000000004 0.016874999999999973
0 0.02810546875 0.42525390625 0.01833984375 0.015390624999999991
0 0.03078125 0.45765625 0.01419921875 0.011542968750000049
0 0.75875 0.51091796875 0.01302734374999992 0.012128906250000071
0 0.7840625 0.50869140625 0.015097656250000036 0.01480468750000008
0 0.8099609375 0.52482421875 0.015390624999999991 0.012128906250000071
0 0.7831640625 0.5487890625 0.01865234374999991 0.015683593749999947
0 0.86677734375 0.5078125 0.01716796874999993 0.015390624999999991
0 0.94845703125 0.4325 0.015390624999999991 0.01626953124999997
0 0.7818359375 0.40498046875 0.015976562499999902 0.015097656250000036
0 0.94357421875 0.606796875 0.015097656250000036 0.013906250000000009
0 0.69720703125 0.70638671875 0.011835937499999893 0.012421875000000027
0 0.6028125 0.9870703125 0.013613281250000053 0.013320312500000098
0 0.53947265625 0.958515625 0.015976562499999902 0.011835937499999893
0 0.73775390625 0.95244140625 0.011249999999999982 0.012734374999999964
0 0.3105859375 0.933203125 0.013906250000000009 0.013320312500000098
0 0.129921875 0.9005078125 0.014804687500000024 0.015390624999999991
0 0.12310546875 0.8669140625 0.014804687500000024 0.010957031250000027
0 0.08701171875 0.81720703125 0.013613281249999998 0.015097656250000036
0 0.11349609375 0.7371484375 0.015097656250000008 0.01480468750000008
0 0.04439453125 0.56921875 0.016562499999999994 0.018046875000000018
0 0.013613281249999998 0.6159765625 0.01716796875 0.015097656250000036
0 0.009765625 0.64556640625 0.01716796875 0.018046875000000018
0 0.1026953125 0.60873046875 0.014199218749999992 0.011835937499999893
0 0.16291015625 0.50958984375 0.014492187499999976 0.015390624999999991
0 0.03330078125 0.5378515625 0.01865234375000001 0.012734374999999964