0 0.771484375 0.380859375 0.01953125 0.015625
0 0.7919921875 0.3525390625 0.013671875 0.01953125
0 0.818359375 0.333984375 0.013671875 0.01171875
0 0.728515625 0.2060546875 0.0234375 0.013671875
0 0.693359375 0.2841796875 0.015625 0.01953125
0 0.734375 0.2802734375 0.021484375 0.017578125
0 0.75 0.033203125 0.015625 0.017578125
0 0.3662109375 0.12109375 0.021484375 0.017578125
0 0.3193359375 0.126953125 0.013671875 0.015625
0 0.3291015625 0.521484375 0.015625 0.013671875
0 0.1416015625 0.5576171875 0.021484375 0.01953125
0 0.12109375 0.5078125 0.01953125 0.015625
0 0.294921875 0.3388671875 0.0234375 0.015625
0 0.4443359375 0.5947265625 0.017578125 0.013671875
0 0.7255859375 0.7197265625 0.0234375 0.01953125
0 0.8447265625 0.9482421875 0.017578125 0.01953125
0 0.6279296875 0.7275390625 0.021484375 0.029296875
0 0.9775390625 0.4970703125 0.017578125 0.021484375
0 0.9404296875 0.61328125 0.0234375 0.013671875