0 0.375 0.2490234375 0.01953125 0.021484375
0 0.337890625 0.02734375 0.017578125 0.015625
0 0.3564453125 0.0205078125 0.017578125 0.015625
0 0.376953125 0.0166015625 0.017578125 0.017578125
0 0.43359375 0.1240234375 0.013671875 0.017578125
0 0.5068359375 0.1416015625 0.017578125 0.017578125
0 0.521484375 0.125 0.017578125 0.017578125
0 0.5205078125 0.0625 0.015625 0.021484375
0 0.482421875 0.0078125 0.017578125 0.015625
0 0.5556640625 0.0908203125 0.015625 0.013671875
0 0.318359375 0.361328125 0.015625 0.015625
0 0.2294921875 0.1025390625 0.01953125 0.025390625
0 0.208984375 0.2197265625 0.015625 0.015625
0 0.314453125 0.330078125 0.01953125 0.0234375