0 0.387421875 0.95740234375 0.010273437499999982 0.00521484374999992
0 0.42939453125 0.92685546875 0.0067968750000000355 0.007910156249999911
0 0.4405859375 0.91041015625 0.0072070312499999956 0.005761718750000089
0 0.45267578125 0.9248046875 0.006093750000000009 0.007109374999999973
0 0.48802734375 0.9041015625 0.007011718749999951 0.00634765625
0 0.5030078125 0.8889453125 0.006738281250000089 0.006250000000000089
0 0.48865234375 0.89291015625 0.005507812499999987 0.0054101562499999645
0 0.46787109375 0.901015625 0.007343749999999982 0.007343749999999982
0 0.48529296875 0.92712890625 0.007578124999999991 0.007871093749999947
0 0.44111328125 0.960546875 0.008828124999999964 0.008222656250000071
0 0.34302734375 0.87412109375 0.007792968750000018 0.005742187500000107