0 0.2259375 0.10556640625 0.01900390624999998 0.024277343750000013
0 0.0414453125 0.1715625 0.016367187500000005 0.01689453125000001
0 0.2095703125 0.14939453125 0.013730468750000002 0.01583984374999997
0 0.35419921875 0.12404296874999998 0.014785156249999987 0.01689453125000001
0 0.5297265625 0.08103515625 0.01636718749999999 0.017421875000000003
0 0.65060546875 0.1467578125 0.01636718749999999 0.01900390624999998
0 0.55611328125 0.1301171875 0.01847656250000007 0.01636718749999999
0 0.5775 0.209296875 0.014785156250000098 0.018476562500000016
0 0.59623046875 0.31935546875 0.01636718749999999 0.016894531249999956
0 0.63107421875 0.33361328125 0.015312500000000062 0.015839843750000027
0 0.615234375 0.35552734375 0.01636718749999999 0.015312499999999951
0 0.71103515625 0.26658203125 0.012675781250000018 0.015839843750000027
0 0.6762109375 0.103203125 0.013730468749999947 0.01320312500000001
0 0.82927734375 0.2438671875 0.016894531249999956 0.01583984374999997
0 0.8493359375 0.252578125 0.013730468749999947 0.013203124999999982
0 0.8757421875 0.2541796875 0.014785156250000098 0.015312499999999951
0 0.83298828125 0.2898046875 0.017949218750000107 0.021113281250000004
0 0.75353515625 0.48248046875 0.015312500000000062 0.014785156249999987
0 0.76568359375 0.45712890625 0.012148437500000053 0.012675781250000018
0 0.75458984375 0.346015625 0.013203124999999982 0.013203124999999982
0 0.892890625 0.47296875 0.014257812499999911 0.012675781250000018
0 0.873359375 0.53208984375 0.01847656250000007 0.017949218750000107
0 0.615234375 0.5479296875 0.015312500000000062 0.013730468749999947
0 0.71447265625 0.5716796875 0.02164062500000008 0.017949218750000107
0 0.4959375 0.63396484375 0.011093750000000013 0.016894531249999956
0 0.80078125 0.5912109375 0.012675781250000018 0.013730468749999947
0 0.80974609375 0.5806640625 0.012675781250000018 0.014785156250000098
0 0.83640625 0.6030859375 0.014257812499999911 0.01636718749999999
0 0.80369140625 0.6162890625 0.01636718749999999 0.01742187499999992
0 0.959140625 0.7229296875 0.014785156250000098 0.01953125
0 0.9894921875 0.75458984375 0.01953125 0.01847656250000007
0 0.9741796875 0.71763671875 0.01847656250000007 0.015312500000000062
0 0.5220703125 0.7237109375 0.015839843750000027 0.016894531249999956
0 0.743515625 0.75458984375 0.015312500000000062 0.01636718749999999
0 0.99197265625 0.44447265625 0.016054687500000053 0.016894531249999956
0 0.9948828125 0.40646484375 0.010234375000000018 0.015839843750000027
0 0.013730468750000002 0.59490234375 0.02322265625 0.017949218750000107
0 0.0013281249999999999 0.5862109375 0.00263671875 0.0015820312499998934
0 0.02138671875 0.61892578125 0.014257812500000001 0.015312500000000062
0 0.0541015625 0.62763671875 0.015312499999999993 0.011621093750000089
0 0.06466796875 0.62974609375 0.012148437499999998 0.020058593749999964
0 0.0512109375 0.64744140625 0.012675781250000004 0.01847656250000007
0 0.20244140625 0.76751953125 0.017421874999999976 0.019003906250000036
0 0.25892578125 0.7229296875 0.015312499999999951 0.01847656250000007
0 0.2486328125 0.77544921875 0.01689453125000001 0.015839843750000027
0 0.25576171875 0.806328125 0.014257812500000022 0.01636718749999999
0 0.15783203125 0.78283203125 0.013730468750000002 0.010566406249999938
0 0.091328125 0.763046875 0.01267578124999999 0.013203124999999982
0 0.09923828125 0.779921875 0.021113281250000004 0.01636718749999999
0 0.11824218750000001 0.78044921875 0.017949218749999996 0.013203124999999982
0 0.08841796875 0.795234375 0.014257812499999994 0.014257812499999911
0 0.1008203125 0.84564453125 0.01583984375 0.016894531249999956
0 0.4502734375 0.853046875 0.013730468749999947 0.015839843750000027
0 0.47060546875 0.78837890625 0.014257812500000022 0.014257812499999911
0 0.7767578125 0.89341796875 0.01742187499999992 0.01742187499999992
0 0.8234765625 0.8509375 0.013730468749999947 0.014785156250000098
0 0.8205859375 0.86728515625 0.015312500000000062 0.014785156250000098
0 0.83693359375 0.86994140625 0.015312500000000062 0.014785156250000098
0 0.8604296875 0.861484375 0.015839843750000027 0.015839843750000027
0 0.7619921875 0.9322265625 0.015312500000000062 0.016894531249999956
0 0.7759765625 0.92587890625 0.014785156250000098 0.015839843750000027
0 0.78416015625 0.97234375 0.014257812499999911 0.014785156250000098
0 0.7055078125 0.95095703125 0.013203124999999982 0.013203124999999982
0 0.73400390625 0.99302734375 0.013203124999999982 0.013945312499999973
0 0.58435546875 0.9925 0.016894531249999956 0.014999999999999902
0 0.92640625 0.9343359375 0.014785156250000098 0.014785156250000098
0 0.96521484375 0.8548828125 0.015312500000000062 0.014257812499999911
0 0.9912109375 0.8896484375 0.017578125 0.013671875
0 0.9959375 0.87310546875 0.008124999999999938 0.015839843750000027