0 0.2284375 0.38064453125 0.020371093750000013 0.016562500000000036
0 0.2084765625 0.35283203125 0.01273437500000002 0.018691406249999987
0 0.18171875 0.3339453125 0.01273437500000002 0.012304687500000022
0 0.271171875 0.2062109375 0.02271484374999999 0.014531249999999996
0 0.3066015625 0.28412109375 0.015449218750000049 0.018613281249999947
0 0.26572265625 0.2798046875 0.020898437499999978 0.018164062500000022
0 0.2500390625 0.0329296875 0.015898437499999973 0.01771484375
0 0.63408203125 0.1208203125 0.02089843750000009 0.018164062500000022
0 0.68109375 0.12650390625 0.013164062500000018 0.01589843750000003
0 0.67064453125 0.5214453125 0.015898437499999973 0.013632812500000036
0 0.85869140625 0.5577734375 0.022265624999999956 0.019082031249999964
0 0.878671875 0.507578125 0.020449218750000053 0.015898437499999973
0 0.70494140625 0.3383984375 0.02271484374999999 0.01634765625000001
0 0.5555078125 0.59501953125 0.01816406249999991 0.014531250000000107
0 0.27412109375 0.71970703125 0.023164062500000027 0.018613281249999947
0 0.15556640625 0.94818359375 0.017714843749999987 0.01953125
0 0.37201171875 0.72765625 0.020898437499999978 0.02906249999999999
0 0.022929687499999997 0.49736328125 0.01771484375 0.020898437499999978
0 0.0597265625 0.61341796875 0.024082031249999997 0.014082031250000071