0 0.05189453125 0.053125 0.006152343749999997 0.0069726562500000006
0 0.0097265625 0.358828125 0.008359375000000002 0.009062499999999973
0 0.03009765625 0.3765234375 0.007011718749999993 0.008359374999999947
0 0.108125 0.41232421875 0.0072070312499999956 0.008750000000000036
0 0.0969140625 0.4412890625 0.00880859375000001 0.008398437500000022
0 0.05162109375 0.49279296875 0.007968749999999997 0.008261718750000036
0 0.07693359375 0.5273046875 0.0076953124999999956 0.008808593749999982
0 0.0934765625 0.50984375 0.008437499999999987 0.009062499999999973
0 0.11251953125 0.48166015625 0.008124999999999993 0.008671874999999996
0 0.1248046875 0.4896484375 0.0077148437500000056 0.007539062500000027
0 0.19134765625 0.52451171875 0.007148437499999993 0.006953124999999893
0 0.19228515625 0.51388671875 0.007148437499999993 0.008808593749999982
0 0.20724609375 0.5234765625 0.008398437500000022 0.009042968749999991
0 0.20970703125 0.50521484375 0.007792968750000018 0.009042968749999991
0 0.19654296875 0.5030859375 0.006445312500000022 0.006660156249999938
0 0.001953125 0.6962890625 0.00390625 0.009765625
0 0.0174609375 0.6637109375 0.010410156250000004 0.009218750000000053
0 0.017734375 0.67638671875 0.006796875000000001 0.008203125000000089
0 0.02744140625 0.67775390625 0.008632812500000003 0.009589843749999938
0 0.00998046875 0.71927734375 0.008867187500000002 0.008906249999999893
0 0.019921875 0.7323828125 0.008398437500000001 0.008281250000000018
0 0.01572265625 0.74283203125 0.008769531250000004 0.010703125000000036
0 0.028300781249999997 0.69044921875 0.007109375000000001 0.00814453124999992
0 0.18662109375 0.7510546875 0.00833984375000002 0.007695312500000107
0 0.17296875 0.74279296875 0.007382812500000002 0.00830078125
0 0.1737109375 0.7246484375 0.008378906249999984 0.008085937499999973
0 0.15908203125 0.70857421875 0.006894531250000002 0.007832031249999982
0 0.1780078125 0.70109375 0.006992187500000024 0.007695312500000107
0 0.20611328125 0.6750390625 0.007539062500000027 0.007832031249999982
0 0.186328125 0.71775390625 0.00728515624999998 0.007226562500000089
0 0.196484375 0.7151171875 0.006777343749999998 0.00796875000000008
0 0.20353515625 0.713828125 0.006093750000000009 0.007246093750000071
0 0.2112890625 0.71439453125 0.008164062500000013 0.013535156249999902
0 0.1053125 0.8076171875 0.008945312499999997 0.009824218749999947
0 0.12365234375 0.7946875 0.00777343749999998 0.008027343750000027
0 0.07462890625 0.84421875 0.007753906249999998 0.009042968749999991
0 0.1131640625 0.8319140625 0.008496093749999989 0.008476562500000062
0 0.11736328125 0.8441015625 0.008574218750000001 0.009726562500000036
0 0.18650390625 0.7942578125 0.0067187499999999956 0.008085937499999973
0 0.192890625 0.791015625 0.006542968749999989 0.008554687499999991
0 0.1972265625 0.79736328125 0.007792968750000018 0.008261718750000036
0 0.21869140625 0.80466796875 0.008183593749999996 0.008085937499999973
0 0.19251953125 0.8700390625 0.006249999999999978 0.007011718750000062
0 0.18857421875 0.87982421875 0.006699218750000013 0.007636718749999938
0 0.180625 0.91947265625 0.006503906250000024 0.007851562499999964
0 0.068359375 0.896328125 0.008124999999999993 0.008730468750000053
0 0.07970703125 0.9099609375 0.0077148437500000056 0.008710937500000071
0 0.060859375 0.9057421875 0.007011718749999993 0.00765624999999992
0 0.055078125 0.910625 0.007011718749999993 0.009062499999999973
0 0.06189453125 0.9131640625 0.006796874999999994 0.007265625000000053
0 0.0612890625 0.921171875 0.007402343749999998 0.007539062500000027
0 0.21498046875 0.93529296875 0.008613281249999993 0.01171875
0 0.0156640625 0.988125 0.00865234375 0.012421875000000027
0 0.03759765625 0.99123046875 0.009980468749999999 0.013437499999999991
0 0.12451171875 0.97806640625 0.008515625000000027 0.007988281250000062
0 0.1370703125 0.97439453125 0.008183593749999996 0.008515625000000027
0 0.14845703125 0.997890625 0.00830078125 0.004199218749999956
0 0.20572265625 0.44826171875 0.0076953124999999956 0.007539062500000027
0 0.21302734375 0.42591796875 0.007949218749999987 0.008652343750000013
0 0.22208984375 0.45662109375 0.009433593750000024 0.010390624999999987
0 0.200625 0.4951171875 0.006328125000000018 0.006972656249999987
0 0.21986328125 0.5292578125 0.006894531250000002 0.007695312500000107
0 0.22732421875 0.5208984375 0.009746093750000018 0.008554687499999991
0 0.2280078125 0.48640625 0.008378906249999984 0.008691406249999978
0 0.2527734375 0.50146484375 0.007499999999999951 0.008730468750000053
0 0.2811328125 0.493671875 0.007968749999999969 0.0087890625
0 0.25298828125 0.48544921875 0.006367187499999982 0.006777343750000053
0 0.25880859375 0.48181640625 0.007460937499999987 0.009667968749999978
0 0.25416015625 0.46904296875 0.00871093749999996 0.008359374999999947
0 0.27775390625 0.4803515625 0.007050781250000027 0.007910156250000022
0 0.29333984375 0.4825390625 0.008144531250000031 0.008398437500000022
0 0.30001953125 0.46591796875 0.00626953124999996 0.006777343750000053
0 0.28966796875 0.46119140625 0.009023437500000009 0.012578124999999996
0 0.27181640625 0.468671875 0.008105468749999956 0.008769531250000018
0 0.24169921875 0.48525390625 0.010332031249999984 0.011874999999999969
0 0.26837890625 0.45748046875 0.006660156250000049 0.0067187499999999956
0 0.26837890625 0.4473046875 0.006660156250000049 0.008613281250000049
0 0.270390625 0.43681640625 0.0067968750000000355 0.007968749999999969
0 0.23431640625 0.4223046875 0.007675781250000013 0.008242187500000053
0 0.2409375 0.396328125 0.006093750000000009 0.007460937499999987
0 0.23046875 0.366171875 0.008203124999999978 0.00886718750000004
0 0.22142578125 0.35810546875 0.006933593750000022 0.007949218749999987
0 0.2663671875 0.35173828125 0.007714843749999978 0.008105468749999956
0 0.27478515625 0.3330859375 0.006210937500000013 0.006738281249999978
0 0.26796875 0.16369140625 0.006621093749999973 0.008183593749999996
0 0.37498046875 0.2898046875 0.008515625000000027 0.01033203125000004
0 0.394453125 0.2223828125 0.008554687499999991 0.00882812500000002
0 0.3617578125 0.25130859375 0.008339843749999964 0.007070312500000009
0 0.44744140625 0.20201171875 0.0069531250000000044 0.008984374999999989
0 0.47634765625 0.2226171875 0.008203124999999978 0.0087890625
0 0.45900390625 0.22642578125 0.008847656249999947 0.00882812500000002
0 0.45984375 0.23990234375 0.006503906249999969 0.008027343750000027
0 0.46578125 0.23349609375 0.006777343750000053 0.00732421875
0 0.4696875 0.2456640625 0.008007812500000044 0.008437499999999987
0 0.36787109375 0.26568359375 0.00740234375000004 0.008535156250000009
0 0.3602734375 0.26505859375 0.008398437500000022 0.009316406249999964
0 0.33455078125 0.1777734375 0.008457031249999969 0.008496093749999989
0 0.35947265625 0.16431640625 0.009316406249999964 0.010371093750000004
0 0.3496484375 0.142265625 0.007343749999999982 0.008203124999999978
0 0.34001953125 0.13462890625 0.00830078125 0.007050781250000027
0 0.34888671875 0.12796875 0.0068359375 0.006816406250000018
0 0.381171875 0.11810546875 0.008750000000000036 0.009882812500000004
0 0.35939453125 0.1 0.007656250000000031 0.008007812499999989
0 0.3563671875 0.09 0.007636718750000049 0.0077148437500000056
0 0.372890625 0.09365234375 0.00837890625000004 0.009453125000000007
0 0.37732421875 0.10755859375 0.009667968749999978 0.010000000000000009
0 0.39373046875 0.08494140625 0.006621093749999973 0.0076953124999999956
0 0.37306640625 0.0480078125 0.008730468750000053 0.008085937500000001
0 0.437890625 0.06654296875 0.009589843750000049 0.00927734375
0 0.4275 0.08017578125 0.008496093750000044 0.009765625
0 0.42962890625 0.08849609375 0.01326171875000004 0.008222656249999988
0 0.50572265625 0.09525390625 0.009394531249999893 0.009121093750000003
0 0.486171875 0.09314453125 0.006132812499999973 0.0074414062500000044
0 0.315390625 0.372890625 0.0074414062500000044 0.008203124999999978
0 0.3251171875 0.38560546875 0.00724609374999996 0.0072070312499999956
0 0.30828125 0.3915234375 0.009042968749999991 0.009472656250000044
0 0.30935546875 0.4169140625 0.006894531249999947 0.010312499999999947
0 0.34810546875 0.478515625 0.007128906249999956 0.008320312499999982
0 0.3628125 0.4768359375 0.007265625000000053 0.008281250000000018
0 0.35939453125 0.493671875 0.006191406250000031 0.006933593750000022
0 0.38224609375 0.49642578125 0.0077734375000000355 0.007636718750000049
0 0.380703125 0.48966796875 0.008515625000000027 0.008066406249999991
0 0.39888671875 0.50509765625 0.007460937499999987 0.009140624999999902
0 0.40908203125 0.4716015625 0.007226562499999978 0.0069531250000000044
0 0.41009765625 0.4788671875 0.009257812500000018 0.008046875000000009
0 0.45826171875 0.43763671875 0.0067187499999999956 0.007656250000000031
0 0.45154296875 0.46974609375 0.008632812500000031 0.010449218750000044
0 0.43142578125 0.4937109375 0.00773437499999996 0.009414062499999987
0 0.444609375 0.49773437500000006 0.007714843749999978 0.008847656249999947
0 0.46390625 0.4877734375 0.0074414062500000044 0.009082031249999956
0 0.41939453125 0.46314453125 0.0067187499999999956 0.008261718750000036
0 0.41380859375 0.45642578125 0.008046875000000009 0.00732421875
0 0.258359375 0.56265625 0.007578124999999991 0.009101562499999938
0 0.29826171875 0.56810546875 0.00724609374999996 0.008027343750000027
0 0.3056640625 0.5669921875 0.007187500000000013 0.007246093750000071
0 0.30140625 0.552734375 0.007792968750000018 0.00943359375000008
0 0.31474609375 0.5419921875 0.008085937499999973 0.009531249999999991
0 0.3459375 0.5699609375 0.007597656249999973 0.008378906249999929
0 0.3562890625 0.56521484375 0.007675781250000013 0.008476562500000062
0 0.36783203125 0.56814453125 0.007265625000000053 0.008593749999999956
0 0.37662109375 0.57587890625 0.007050781250000027 0.007246093750000071
0 0.38423828125 0.5828515625 0.0059765625000000044 0.0067968750000000355
0 0.3913671875 0.5819921875 0.007304687500000018 0.008925781250000098
0 0.40505859375 0.58771484375 0.007792968750000018 0.010781249999999964
0 0.35787109375 0.59423828125 0.007949218749999987 0.00845703125000008
0 0.3688671875 0.60033203125 0.009296874999999982 0.01058593749999992
0 0.38337890625 0.606484375 0.008105468749999956 0.007500000000000062
0 0.4064453125 0.60494140625 0.00626953124999996 0.007792968750000018
0 0.41296875 0.59845703125 0.007792968750000018 0.0072851562500000355
0 0.37869140625 0.5399609375 0.007832031249999982 0.006933593749999911
0 0.4384375 0.53603515625 0.00740234375000004 0.007714843750000089
0 0.43087890625 0.5399609375 0.006660156250000049 0.007382812499999947
0 0.4209765625 0.54693359375 0.006992187499999969 0.008847656249999947
0 0.4577734375 0.560546875 0.006210937500000013 0.007304687500000018
0 0.3959765625 0.5539453125 0.008828124999999964 0.008496093750000044
0 0.44556640625 0.59708984375 0.007714843749999978 0.007460937500000098
0 0.4515625 0.5712890625 0.007714843749999978 0.007675781249999902
0 0.45009765625 0.5798046875 0.0072070312499999956 0.006933593749999911
0 0.4578515625 0.5819921875 0.007343749999999982 0.00748046875000008
0 0.4674609375 0.58703125 0.007832031249999982 0.007460937500000098
0 0.47177734375 0.5494921875 0.006894531249999947 0.006757812500000071
0 0.479296875 0.54306640625 0.007050781250000027 0.007832031249999982
0 0.4735546875 0.57970703125 0.006582031250000009 0.006269531250000071
0 0.4683984375 0.5758984375 0.006816406250000018 0.008730468750000053
0 0.45875 0.6465234375 0.0076953124999999956 0.008437500000000098
0 0.44529296875 0.6246484375 0.007187500000000013 0.007871093749999947
0 0.4326953125 0.6276953125 0.00691406250000004 0.006738281250000089
0 0.42392578125 0.631328125 0.008593749999999956 0.009707031250000053
0 0.38193359375 0.675546875 0.007128906249999956 0.008417968749999893
0 0.37861328125 0.72220703125 0.0067187499999999956 0.007187499999999902
0 0.37240234375 0.7253125 0.007753906250000053 0.007636718749999938
0 0.37615234375 0.73259765625 0.007558593750000009 0.008281250000000018
0 0.34265625 0.69130859375 0.0072851562500000355 0.0077734375000000355
0 0.32220703125 0.69703125 0.008144531250000031 0.009160156250000107
0 0.29453125 0.6795703125 0.006523437499999951 0.008320312499999982
0 0.27494140625 0.69685546875 0.009550781249999973 0.009296874999999982
0 0.27998046875 0.7146484375 0.011015624999999973 0.010781249999999964
0 0.391484375 0.69765625 0.00578124999999996 0.007714843750000089
0 0.36546875 0.7501171875 0.008417968750000004 0.008398437499999911
0 0.37875 0.748828125 0.00789062500000004 0.009101562499999938
0 0.23671875 0.678125 0.007460937499999987 0.007304687500000018
0 0.24064453125 0.6855859375 0.007070312500000009 0.008730468750000053
0 0.24451171875 0.69568359375 0.00630859374999998 0.007343749999999982
0 0.2344921875 0.6994140625 0.007109374999999973 0.007792968750000018
0 0.22716796875 0.69693359375 0.00777343749999998 0.008203125000000089
0 0.26779296875 0.81125 0.0064648437500000044 0.007617187499999956
0 0.2641015625 0.84185546875 0.0087890625 0.00845703125000008
0 0.294609375 0.82294921875 0.008886718750000022 0.009472656250000044
0 0.2956640625 0.84330078125 0.007753906250000053 0.009179687500000089
0 0.30166015625 0.833359375 0.00732421875 0.008164062499999902
0 0.3075390625 0.837109375 0.008320312499999982 0.008105468749999956
0 0.26626953125 0.90626953125 0.00830078125 0.008886718749999911
0 0.2704296875 0.899375 0.0074414062500000044 0.007519531250000044
0 0.2783984375 0.90615234375 0.006660156250000049 0.00814453124999992
0 0.2847265625 0.9116796875 0.007988281249999951 0.008398437499999911
0 0.29232421875 0.9046875 0.006992187499999969 0.008437500000000098
0 0.26615234375 0.852890625 0.010722656250000018 0.011249999999999982
0 0.23064453125 0.930859375 0.008164062500000013 0.006582031250000009
0 0.238359375 0.92677734375 0.005624999999999991 0.007421874999999911
0 0.25490234375 0.93279296875 0.007070312500000009 0.006562500000000027
0 0.2511328125 0.94421875 0.007343749999999982 0.00830078125
0 0.2498828125 0.95208984375 0.0064648437500000044 0.0072851562500000355
0 0.25376953125 0.96015625 0.006660156250000049 0.006621093749999973
0 0.26345703125 0.97455078125 0.007597656249999973 0.007792968750000018
0 0.28927734375 0.9823046875 0.008886718750000022 0.009199218750000071
0 0.300078125 0.98029296875 0.00830078125 0.010078124999999938
0 0.23978515625 0.96443359375 0.0068359375 0.008691406250000089
0 0.5257421875 0.91970703125 0.00765624999999992 0.007929687499999893
0 0.52939453125 0.91025390625 0.00667968749999992 0.007343749999999982
0 0.5346875 0.90216796875 0.006640624999999956 0.008261718750000036
0 0.559375 0.9114453125 0.007031250000000044 0.007343749999999982
0 0.4648046875 0.82078125 0.0062304687499999956 0.007871093749999947
0 0.75060546875 0.95408203125 0.008437500000000098 0.008730468750000053
0 0.7565625 0.92646484375 0.00716796874999992 0.008613281249999938
0 0.7377734375 0.93990234375 0.0078125 0.008574218749999973
0 0.84083984375 0.98544921875 0.006601562499999991 0.006953124999999893
0 0.84462890625 0.9917578125 0.006035156250000062 0.00830078125
0 0.9790234375 0.97126953125 0.007441406249999893 0.007871093749999947
0 0.985078125 0.96220703125 0.007578124999999991 0.009160156250000107
0 0.853046875 0.76552734375 0.007460937500000098 0.008925781250000098
0 0.48203125 0.563125 0.008945312499999969 0.009472656250000044
0 0.50765625 0.57017578125 0.008750000000000036 0.009667968750000089
0 0.487734375 0.59732421875 0.00886718750000004 0.008867187499999929
0 0.50076171875 0.58611328125 0.007109374999999973 0.008847656249999947
0 0.5098828125 0.58556640625 0.007792968750000018 0.008339843749999964
0 0.52103515625 0.5864453125 0.009511718750000009 0.012519531249999938
0 0.5139453125 0.6010546875 0.008046875000000009 0.007871093749999947
0 0.5093359375 0.615234375 0.0072851562500000355 0.008398437499999911
0 0.65884765625 0.75400390625 0.006718750000000107 0.007500000000000062