0 0.01732421875 0.222265625 0.011601562500000002 0.012871093750000007
0 0.01626953125 0.202890625 0.01025390625 0.012773437499999984
0 0.08755859375 0.1767578125 0.011816406249999994 0.010898437500000024
0 0.092578125 0.135703125 0.009765625 0.010410156250000024
0 0.07029296875 0.1226953125 0.008144531250000003 0.008652343749999986
0 0.02734375 0.13041015625 0.008222656250000002 0.011953125000000009
0 0.04291015625 0.12880859375 0.007304687500000004 0.007558593750000009
0 0.053828125 0.1296875 0.004921875000000006 0.005800781249999998
0 0.0116796875 0.14056640625 0.010058593749999997 0.007636718749999993
0 0.015 0.13462890625 0.009667968749999999 0.009082031250000011
0 0.0510546875 0.15212890625 0.008750000000000008 0.013984374999999993
0 0.02771484375 0.14615234375 0.008554687499999998 0.00826171874999998
0 0.05017578125 0.2073828125 0.010136718749999996 0.010039062499999973
0 0.0430859375 0.20923828125 0.008027343749999999 0.009082031250000011
0 0.04404296875 0.219609375 0.009570312499999997 0.009511718750000009
0 0.00322265625 0.16482421875 0.0064453125 0.011035156250000011
0 0.0029296875 0.18482421875 0.005859375 0.010097656249999976
0 0.001953125 0.19771484375 0.00390625 0.007753906249999998
0 0.1180078125 0.09583984375 0.009843750000000012 0.012734374999999992
0 0.04806640625 0.08375 0.0094140625 0.011601562499999996
0 0.06103515625 0.06791015625 0.009160156249999996 0.009980468749999999
0 0.067265625 0.0540234375 0.009902343749999987 0.013085937500000006
0 0.0788671875 0.05494140625 0.005781249999999988 0.009863281249999994
0 0.0858984375 0.0502734375 0.0077148437500000056 0.009863281249999994
0 0.09244140625 0.0432421875 0.01025390625 0.011425781250000003
0 0.090625 0.05771484375 0.009374999999999994 0.00990234375
0 0.12013671875 0.04306640625 0.006269531249999988 0.00794921875
0 0.14267578125 0.038984375 0.008769531250000018 0.011933593749999999
0 0.159375 0.007285156250000001 0.012890624999999989 0.01255859375
0 0.18537109375 0.0455859375 0.010566406249999993 0.009863281249999994
0 0.20708984375 0.0439453125 0.01224609375000002 0.012441406249999995
0 0.2144921875 0.02384765625 0.010644531249999978 0.011328125000000001
0 0.031953125 0.0185546875 0.010371093750000004 0.0101171875
0 0.08505859375 0.02357421875 0.008007812499999989 0.008417968749999998
0 0.02619140625 0.07373046875 0.009023437500000002 0.008378906250000012
0 0.0078125 0.0250390625 0.008984375 0.008632812500000003
0 0.01654296875 0.0199609375 0.006132812500000001 0.00666015625
0 0.01916015625 0.02783203125 0.007480468750000004 0.007558593749999995
0 0.01640625 0.06197265625 0.01056640625 0.009042968750000005
0 0.0212109375 0.06638671875 0.00962890625 0.008886718749999994
0 0.004921875 0.05896484375 0.007128906249999999 0.008105468749999997
0 0.06724609375 0.0020703125 0.01121093749999999 0.004121093750000001
0 0.23923828125 0.00236328125 0.014082031250000016 0.00470703125
0 0.2315234375 0.01314453125 0.010722656250000018 0.010234375000000004
0 0.1943359375 0.01072265625 0.009746093750000018 0.00849609375
0 0.198828125 0.01544921875 0.009765625 0.00701171875
0 0.1872265625 0.0552734375 0.007636718749999993 0.00892578125
0 0.19509765625 0.0571875 0.008554687499999991 0.008886718749999994