0 0.7522265625 0.98255859375 0.008437500000000098 0.008867187499999929
0 0.82048828125 0.9483984375 0.00894531250000008 0.010820312499999929
0 0.8381640625 0.981953125 0.00796875000000008 0.008378906249999929
0 0.8125390625 0.9952734375 0.008281250000000018 0.007695312500000107
0 0.88521484375 0.92759765625 0.008710937500000071 0.008671875000000107
0 0.89275390625 0.91466796875 0.007753906250000053 0.006640624999999956
0 0.87248046875 0.88787109375 0.005917968749999947 0.006562500000000027
0 0.8085546875 0.88876953125 0.007734375000000071 0.008359374999999947
0 0.74974609375 0.94890625 0.008066406249999991 0.007929687499999893
0 0.78927734375 0.886484375 0.007089843749999991 0.007675781249999902
0 0.782109375 0.85423828125 0.014628906250000018 0.010371093749999893
0 0.83388671875 0.94015625 0.005253906250000107 0.006425781249999929
0 0.8040625 0.94828125 0.006953124999999893 0.00667968749999992
0 0.82095703125 0.89322265625 0.006718750000000107 0.006269531250000071
0 0.31482421875 0.95408203125 0.008476562499999951 0.010000000000000009