0 0.1044921875 0.9150390625 0.013671875 0.009765625
0 0.1259765625 0.82421875 0.017578125 0.01171875
0 0.142578125 0.8154296875 0.021484375 0.017578125
0 0.15625 0.9384765625 0.015625 0.015625
0 0.4287109375 0.96875 0.01953125 0.01953125
0 0.6806640625 0.779296875 0.015625 0.01171875
0 0.716796875 0.8037109375 0.009765625 0.009765625
0 0.716796875 0.7802734375 0.015625 0.017578125
0 0.78125 0.966796875 0.0234375 0.017578125
0 0.9638671875 0.884765625 0.0234375 0.015625
0 0.982421875 0.892578125 0.0078125 0.01171875
0 0.9697265625 0.9833984375 0.0234375 0.021484375
0 0.73046875 0.7265625 0.029296875 0.01953125
0 0.7626953125 0.7216796875 0.021484375 0.013671875
0 0.771484375 0.6865234375 0.021484375 0.017578125
0 0.7890625 0.7109375 0.015625 0.015625
0 0.8046875 0.7138671875 0.015625 0.017578125
0 0.8134765625 0.6904296875 0.015625 0.01171875
0 0.8154296875 0.6689453125 0.015625 0.013671875
0 0.849609375 0.7294921875 0.025390625 0.015625
0 0.0703125 0.576171875 0.017578125 0.021484375
0 0.9453125 0.31640625 0.021484375 0.017578125
0 0.982421875 0.3486328125 0.015625 0.009765625
0 0.994140625 0.33984375 0.01171875 0.015625
0 0.365234375 0.9892578125 0.03125 0.021484375