0 0.3134765625 0.455078125 0.01171875 0.015625
0 0.3369140625 0.466796875 0.021484375 0.0234375
0 0.33203125 0.37890625 0.017578125 0.01953125
0 0.3564453125 0.3349609375 0.021484375 0.025390625
0 0.3955078125 0.373046875 0.01953125 0.01953125
0 0.4765625 0.3583984375 0.01171875 0.017578125
0 0.419921875 0.279296875 0.021484375 0.01953125
0 0.4248046875 0.298828125 0.017578125 0.01953125
0 0.59375 0.2705078125 0.01953125 0.015625
0 0.759765625 0.2119140625 0.015625 0.015625
0 0.78515625 0.2177734375 0.01953125 0.015625
0 0.7119140625 0.83203125 0.017578125 0.0234375
0 0.7587890625 0.8291015625 0.015625 0.017578125
0 0.7744140625 0.8154296875 0.013671875 0.015625
0 0.740234375 0.810546875 0.025390625 0.017578125
0 0.853515625 0.8037109375 0.017578125 0.01953125
0 0.8935546875 0.8173828125 0.01953125 0.015625
0 0.8623046875 0.8662109375 0.01953125 0.01953125
0 0.7802734375 0.9033203125 0.009765625 0.013671875
0 0.892578125 0.8759765625 0.013671875 0.01171875
0 0.9638671875 0.8505859375 0.015625 0.01171875
0 0.9765625 0.8701171875 0.015625 0.013671875
0 0.9423828125 0.8828125 0.017578125 0.0234375
0 0.958984375 0.92578125 0.025390625 0.021484375
0 0.93359375 0.984375 0.01953125 0.01953125
0 0.80078125 0.9208984375 0.021484375 0.01953125
0 0.8212890625 0.9013671875 0.017578125 0.013671875
0 0.978515625 0.65234375 0.017578125 0.01953125
0 0.8984375 0.2705078125 0.01953125 0.01953125
0 0.91796875 0.28125 0.01953125 0.01953125
0 0.9501953125 0.275390625 0.017578125 0.021484375
0 0.9912109375 0.265625 0.017578125 0.025390625
0 0.9794921875 0.373046875 0.01953125 0.0234375
0 0.8623046875 0.3359375 0.015625 0.017578125
0 0.8486328125 0.32421875 0.013671875 0.017578125
0 0.841796875 0.3564453125 0.02734375 0.03125
0 0.900390625 0.36328125 0.02734375 0.041015625
0 0.8828125 0.3984375 0.017578125 0.025390625
0 0.9150390625 0.396484375 0.017578125 0.021484375