0 0.38162109375 0.40833984375 0.012031250000000049 0.014433593749999973
0 0.39994140625 0.4048828125 0.010585937500000031 0.009472656250000044
0 0.410546875 0.39806640625 0.009179687499999978 0.00935546875000004
0 0.40990234375 0.43615234375 0.012363281249999969 0.012265624999999947
0 0.41810546875 0.42869140625 0.018613281249999947 0.021191406250000044
0 0.426953125 0.415390625 0.012109374999999978 0.012929687500000009
0 0.43724609375 0.42322265625 0.013144531250000036 0.011816406250000022
0 0.45140625 0.42361328125 0.0166015625 0.016503906249999978
0 0.45181640625 0.4471875 0.011074218750000031 0.01675781249999997
0 0.46048828125 0.46162109375 0.011972656249999991 0.011289062499999947
0 0.48158203125 0.4669921875 0.01587890624999999 0.01408203124999996
0 0.476328125 0.4802734375 0.012832031249999987 0.013027343750000031
0 0.4615625 0.50345703125 0.01513671875 0.020156250000000098
0 0.49125 0.510625 0.015429687499999956 0.01904296875
0 0.49236328125 0.490546875 0.013085937499999978 0.009628906250000013
0 0.4994140625 0.49677734375000004 0.01156249999999992 0.010781249999999964
0 0.50564453125 0.506953125 0.014882812500000009 0.01767578124999991
0 0.50576171875 0.4630078125 0.013476562499999956 0.013242187499999947
0 0.508359375 0.4744921875 0.008535156250000009 0.010058593749999956
0 0.51966796875 0.47892578125 0.012753906249999947 0.013437499999999991
0 0.49810546874999995 0.410234375 0.016542968750000053 0.013574218749999978
0 0.5107421875 0.4108984375 0.010546874999999956 0.011757812499999964
0 0.51236328125 0.424140625 0.014062500000000089 0.01130859375000004
0 0.33236328125 0.48791015625 0.01587890624999999 0.016953125000000013
0 0.36869140625 0.487734375 0.011972656249999991 0.016249999999999987
0 0.31166015625 0.51025390625 0.011972656249999991 0.011289062499999947
0 0.3339453125 0.51732421875 0.012441406250000009 0.011738281249999982
0 0.3435546875 0.51970703125 0.008593749999999956 0.011660156250000053
0 0.351953125 0.52576171875 0.011328125000000022 0.01767578124999991
0 0.24443359375 0.52666015625 0.012382812499999951 0.01156249999999992
0 0.27412109375 0.5226953125 0.012011718749999956 0.010683593750000053
0 0.2726171875 0.5334765625 0.011210937500000018 0.011484374999999991
0 0.27578125 0.544453125 0.014453124999999956 0.011679687500000036
0 0.2904296875 0.536484375 0.01171875 0.011757812499999964
0 0.28431640625 0.57296875 0.010898437499999969 0.010917968750000062
0 0.29001953125 0.560625 0.011660156250000053 0.012832031250000098
0 0.30046875 0.56201171875 0.014062499999999978 0.015625
0 0.31318359375 0.5665625 0.011289062499999947 0.009414062500000098
0 0.32123046875 0.5605078125 0.011621093749999978 0.008769531250000018
0 0.33228515625 0.5740625 0.015761718749999987 0.012324218749999893
0 0.31869140625 0.57322265625 0.013808593749999987 0.012187500000000018
0 0.332265625 0.552734375 0.01310546874999996 0.012871093750000062
0 0.34232421875 0.54833984375 0.010195312500000053 0.012402343750000044
0 0.35375 0.54720703125 0.011992187499999973 0.014121093750000036
0 0.330859375 0.60447265625 0.007031250000000044 0.011035156249999956
0 0.33919921875 0.606875 0.013535156250000013 0.014296875000000098
0 0.351953125 0.5991796875 0.014062499999999978 0.00863281249999992
0 0.3167578125 0.53544921875 0.013613281250000053 0.015273437500000098
0 0.301484375 0.5266015625 0.011464843750000009 0.008828124999999964
0 0.3807421875 0.55333984375 0.01724609374999997 0.019316406249999973
0 0.40224609375 0.56154296875 0.013867187500000044 0.016562500000000036
0 0.416015625 0.56048828125 0.018359374999999956 0.012910156250000027
0 0.438125 0.55962890625 0.01326171875000004 0.009218750000000053
0 0.1978515625 0.44724609375 0.014941406250000011 0.017539062500000036
0 0.19564453125 0.46205078125 0.014316406250000024 0.015273437499999987
0 0.17859375 0.4592578125 0.012773437499999984 0.012929687500000009
0 0.18291015625 0.47013671875 0.009902343749999987 0.010957031250000027
0 0.18646484375 0.4833203125 0.012148437499999998 0.013007812500000049
0 0.12650390625 0.44966796875 0.013925781249999991 0.015078125000000053
0 0.1321875 0.4853515625 0.011660156249999998 0.012636718750000053
0 0.09361328125 0.5144921875 0.010683593749999998 0.011933593750000027
0 0.10455078125 0.51359375 0.010683593749999998 0.010117187499999902
0 0.13091796875 0.51814453125 0.009511718750000009 0.012968749999999973
0 0.11998046875 0.53923828125 0.011074218750000003 0.009843749999999929
0 0.03666015625 0.5320703125 0.01158203125 0.010761718749999982
0 0.04677734375 0.5317578125 0.010351562499999994 0.01089843750000008
0 0.0625390625 0.533046875 0.009042968749999991 0.010371093749999893
0 0.03666015625 0.54587890625 0.013144531249999994 0.014921874999999973
0 0.05029296875 0.5428515625 0.018945312500000006 0.015507812500000107
0 0.05556640625 0.5611328125 0.013085937500000006 0.011093749999999902
0 0.06142578125 0.575859375 0.011523437499999997 0.011601562500000107
0 0.07421875 0.5815234375 0.013046875000000013 0.013066406250000107
0 0.06427734375 0.59220703125 0.013867187499999989 0.013749999999999929
0 0.081796875 0.58927734375 0.011484374999999991 0.01025390625
0 0.08736328125 0.59533203125 0.011269531249999992 0.0126953125
0 0.07685546875 0.60275390625 0.011269531249999992 0.01156249999999992
0 0.10798828125 0.55267578125 0.013437499999999991 0.012929687500000009
0 0.098359375 0.57076171875 0.01513671875 0.01601562500000009
0 0.10474609375 0.5817578125 0.016757812499999997 0.01634765625000001
0 0.12779296875 0.583046875 0.013964843750000011 0.013320312500000098
0 0.143984375 0.5799609375 0.011406250000000007 0.010644531250000089
0 0.16865234375 0.56134765625 0.013261718749999984 0.012519531249999938
0 0.14607421875 0.5971875 0.015605468750000018 0.014355468750000044
0 0.16341796875 0.5906640625 0.011171874999999998 0.011113281250000107
0 0.162890625 0.59951171875 0.013613281249999998 0.010644531250000089
0 0.14935546875 0.61361328125 0.012480468749999973 0.012324218749999893
0 0.17978515625 0.6202734375 0.013691406249999982 0.012597656250000089
0 0.12794921875 0.622734375 0.010937499999999989 0.015488281249999902
0 0.1313671875 0.6458203125 0.017656249999999984 0.016386718749999973
0 0.1336328125 0.6335546875 0.011914062499999989 0.009531249999999991
0 0.1569140625 0.63939453125 0.011933593750000027 0.011894531250000062
0 0.15685546875 0.63072265625 0.014238281249999984 0.010000000000000009
0 0.15583984375 0.65091796875 0.013027343749999976 0.010527343749999973
0 0.208671875 0.6741015625 0.013124999999999998 0.014140625000000018
0 0.0403125 0.587109375 0.008828124999999992 0.011152343750000071
0 0.0421484375 0.598125 0.007343749999999996 0.006914062499999929
0 0.0351953125 0.61013671875 0.0084375 0.0107421875
0 0.05388671875 0.600078125 0.010175781250000002 0.013652343750000018
0 0.037734375 0.633359375 0.008359375000000002 0.009316406249999964
0 0.05009765625 0.62474609375 0.011503906250000001 0.01089843750000008
0 0.004375 0.5934765625 0.00875 0.010292968749999964
0 0.003515625 0.60771484375 0.00703125 0.01058593749999992
0 0.005859375 0.6201171875 0.01171875 0.013671875
0 0.00171875 0.57287109375 0.0034375 0.009882812499999893
0 0.00234375 0.49142578125 0.0046875 0.00886718750000004
0 0.01623046875 0.42001953125 0.01673828125 0.011269531249999964
0 0.02548828125 0.43138671875 0.013359374999999993 0.01277343750000004
0 0.0318359375 0.4233203125 0.009511718749999995 0.015390624999999991
0 0.04517578125 0.42728515625 0.009296874999999996 0.008847656249999947
0 0.0621875 0.43130859375 0.01109375 0.011542968750000049
0 0.01978515625 0.40744140625 0.017636718749999995 0.012988281249999956
0 0.064140625 0.3950390625 0.012128906249999988 0.012148437500000053
0 0.070234375 0.37234375 0.014062500000000006 0.012324218750000004
0 0.08052734375 0.3854296875 0.009765625 0.009218750000000053
0 0.07744140625 0.400546875 0.010410156249999997 0.009218750000000053
0 0.08361328125 0.3483203125 0.009101562499999993 0.010624999999999996
0 0.09552734375 0.34298828125 0.010000000000000009 0.011191406250000036
0 0.10458984375 0.3514453125 0.012031249999999993 0.009570312499999956
0 0.11201171875 0.3644921875 0.011386718749999997 0.009375000000000022
0 0.0969921875 0.4079296875 0.014335937500000007 0.01025390625
0 0.1193359375 0.40650390625 0.011289062500000002 0.012714843749999982
0 0.14173828125 0.3853515625 0.01119140624999998 0.011874999999999969
0 0.15072265625 0.36732421875 0.00728515624999998 0.010976562500000009
0 0.1552734375 0.35748046875 0.012500000000000011 0.012734374999999964
0 0.0752734375 0.27337890625 0.01638671875 0.014414062499999991
0 0.09291015625 0.2673046875 0.011171874999999998 0.010371093750000004
0 0.097421875 0.28580078125 0.010976562500000009 0.012675781250000018
0 0.22908203125 0.38720703125 0.008632812499999976 0.012499999999999956
0 0.21001953125 0.35107421875 0.012226562499999982 0.011933593750000027
0 0.21013671875 0.33861328125 0.009589843749999993 0.008574218749999973
0 0.222421875 0.35029296875 0.010429687500000007 0.00822265624999996
0 0.22291015625 0.35958984375 0.011386718750000024 0.011679687500000036
0 0.2351953125 0.3437109375 0.016542968749999998 0.01228515625000004
0 0.25703125 0.3155078125 0.011328125000000022 0.008105468749999956
0 0.27515625 0.31873046875 0.008925781249999987 0.008691406249999978
0 0.2650390625 0.32849609375 0.010937500000000044 0.009453124999999951
0 0.26693359375 0.33681640625 0.015488281250000013 0.011269531249999964
0 0.2831640625 0.3367578125 0.009316406249999964 0.008027343750000027
0 0.19376953125 0.2148046875 0.016425781249999993 0.018164062500000022
0 0.1971484375 0.23705078125 0.014179687499999982 0.013085937499999978
0 0.22318359375 0.2451171875 0.009570312500000011 0.010566406250000049
0 0.04439453125 0.0368359375 0.0140234375 0.014746093749999994
0 0.06146484375 0.05 0.013105468749999988 0.012265625000000002
0 0.068359375 0.0087890625 0.01953125 0.017578125
0 0.003125 0.088359375 0.006230468750000001 0.013417968750000009
0 0.006289062500000001 0.09640625 0.01025390625 0.010820312500000012
0 0.015507812499999999 0.08369140625 0.01154296875 0.011855468750000014
0 0.0534765625 0.0926953125 0.013496093750000007 0.015097656250000008
0 0.04693359375 0.08037109375 0.010507812500000005 0.010703125000000008
0 0.0928125 0.07115234375 0.014277343750000004 0.012519531249999993
0 0.08021484375 0.0437890625 0.01609374999999999 0.012265625000000002
0 0.20001953125 0.00328125 0.013027343749999976 0.00654296875
0 0.02357421875 0.66634765625 0.015019531250000002 0.01041015625000008
0 0.04142578125 0.66373046875 0.013847656250000007 0.014589843750000053
0 0.010312500000000002 0.69494140625 0.01123046875 0.017441406249999902
0 0.029062499999999998 0.69861328125 0.010312500000000002 0.009082031249999956
0 0.03716796875 0.70134765625 0.010839843749999994 0.011425781250000044
0 0.05830078125 0.693203125 0.009765625 0.010859374999999893
0 0.01494140625 0.71818359375 0.009199218750000002 0.010839843749999911
0 0.07359375 0.7705078125 0.011914062499999989 0.011249999999999982
0 0.08298828125 0.77625 0.012636718749999998 0.010664062500000071
0 0.04580078125 0.82076171875 0.010624999999999996 0.013535156249999902
0 0.0881640625 0.7925390625 0.010917968750000007 0.011406250000000062
0 0.00427734375 0.92037109375 0.00853515625 0.011640625000000071
0 0.3100390625 0.68791015625 0.013789062500000004 0.011484374999999991
0 0.30205078125 0.67537109375 0.011523437499999956 0.009042968749999991
0 0.32939453125 0.7026171875 0.013125000000000053 0.009687500000000071
0 0.30869140625 0.699609375 0.011113281249999996 0.01089843750000008