0 0.3516015625 0.0719921875 0.02115234374999997 0.025058593749999997
0 0.5223046875 0.4992578125 0.021953125000000018 0.01945312500000007
0 0.56802734375 0.5966015625 0.01652343750000007 0.014531250000000107
0 0.555625 0.6140625 0.014375000000000027 0.018203125000000098
0 0.55166015625 0.65552734375 0.025566406250000062 0.03433593750000008
0 0.595625 0.71185546875 0.016230468749999893 0.018867187499999938
0 0.6391015625 0.75009765625 0.01529296875000008 0.016816406250000027
0 0.4416796875 0.75283203125 0.02279296875000003 0.02621093749999992
0 0.2635546875 0.77970703125 0.012636718750000053 0.011992187499999973
0 0.41494140625 0.8497265625 0.013476562499999956 0.02076171874999999
0 0.463828125 0.8843359375 0.019433593749999978 0.02083984374999992
0 0.7277734375 0.86875 0.01880859374999999 0.02132812499999992
0 0.4380859375 0.96564453125 0.016015624999999978 0.019394531249999902
0 0.49847656249999994 0.97568359375 0.027792968750000036 0.023066406249999893
0 0.4645703125 0.99017578125 0.024453124999999964 0.019648437499999893
0 0.54037109375 0.99203125 0.017460937500000107 0.015937499999999938
0 0.48853515625 0.99330078125 0.018847656249999956 0.013398437500000027
0 0.68498046875 0.9350390625 0.028144531249999938 0.028515625000000044
0 0.72341796875 0.93146484375 0.021035156249999964 0.02449218749999993
0 0.76896484375 0.87908203125 0.02230468749999992 0.014609375000000036
0 0.87841796875 0.83564453125 0.017773437500000044 0.02660156250000001
0 0.9184765625 0.7870703125 0.02132812499999992 0.02515624999999999
0 0.9660546875 0.78142578125 0.02197265625 0.02480468750000009
0 0.9705859375 0.974453125 0.016171874999999947 0.02060546874999991
0 0.82833984375 0.77271484375 0.015644531249999982 0.014785156250000098
0 0.86171875 0.78447265625 0.02187500000000009 0.014082031250000071
0 0.81041015625 0.75298828125 0.016132812499999982 0.02222656249999999
0 0.78158203125 0.69580078125 0.017070312500000018 0.015234374999999911
0 0.85369140625 0.7112890625 0.02027343749999999 0.02750000000000008
0 0.87806640625 0.696875 0.02173828124999999 0.020527343749999982
0 0.9062109375 0.68755859375 0.019843749999999938 0.021035156249999964
0 0.90203125 0.570546875 0.02123046875000001 0.017871093749999956
0 0.94734375 0.582109375 0.016171874999999947 0.017539062500000036
0 0.97775390625 0.550859375 0.017636718749999947 0.024218749999999956
0 0.8455859375 0.5066796875 0.016953124999999902 0.01865234374999991
0 0.8621875 0.46255859375 0.01814453124999993 0.024550781249999987
0 0.9958984375 0.52568359375 0.008203125000000089 0.02109374999999991
0 0.99482421875 0.5676953125 0.010351562499999911 0.02310546875000008
0 0.89705078125 0.41171875 0.019101562499999947 0.03263671874999996
0 0.95498046875 0.438828125 0.020878906250000107 0.03099609375000001
0 0.99404296875 0.3546484375 0.011914062500000044 0.01888671875000003