0 0.177734375 0.9951171875 0.021484375 0.009765625
0 0.15625 0.9814453125 0.017578125 0.015625
0 0.150390625 0.9091796875 0.017578125 0.015625
0 0.1474609375 0.875 0.01953125 0.013671875
0 0.193359375 0.8701171875 0.021484375 0.015625
0 0.1279296875 0.85546875 0.01953125 0.015625
0 0.173828125 0.88671875 0.017578125 0.015625
0 0.18359375 0.8935546875 0.013671875 0.015625
0 0.2509765625 0.8623046875 0.021484375 0.021484375
0 0.0322265625 0.9091796875 0.021484375 0.01953125
0 0.02734375 0.8935546875 0.0234375 0.017578125
0 0.0244140625 0.845703125 0.017578125 0.01953125
0 0.0078125 0.83203125 0.015625 0.015625
0 0.060546875 0.830078125 0.017578125 0.017578125
0 0.0859375 0.8095703125 0.021484375 0.015625
0 0.1220703125 0.7939453125 0.02734375 0.017578125
0 0.28515625 0.939453125 0.017578125 0.01953125
0 0.291015625 0.90625 0.013671875 0.015625
0 0.271484375 0.88671875 0.021484375 0.013671875
0 0.4013671875 0.8662109375 0.021484375 0.017578125
0 0.3828125 0.8486328125 0.017578125 0.01953125
0 0.4091796875 0.841796875 0.0234375 0.017578125
0 0.34375 0.8466796875 0.02734375 0.015625
0 0.3369140625 0.8193359375 0.01953125 0.013671875
0 0.3125 0.8134765625 0.01953125 0.01953125
0 0.3046875 0.791015625 0.017578125 0.017578125
0 0.400390625 0.72265625 0.017578125 0.017578125
0 0.2958984375 0.7275390625 0.021484375 0.021484375
0 0.52734375 0.8251953125 0.025390625 0.01953125
0 0.5478515625 0.8154296875 0.021484375 0.01953125
0 0.6796875 0.931640625 0.0234375 0.0234375
0 0.7880859375 0.9599609375 0.017578125 0.01953125
0 0.7607421875 0.9306640625 0.015625 0.017578125
0 0.828125 0.77734375 0.021484375 0.017578125
0 0.8505859375 0.791015625 0.01953125 0.021484375
0 0.7197265625 0.8916015625 0.02734375 0.017578125
0 0.6943359375 0.884765625 0.03515625 0.021484375
0 0.6865234375 0.84765625 0.015625 0.017578125
0 0.70703125 0.8447265625 0.01953125 0.01953125
0 0.82421875 0.6337890625 0.025390625 0.01953125
0 0.787109375 0.6357421875 0.025390625 0.021484375
0 0.7607421875 0.6181640625 0.021484375 0.01953125
0 0.71484375 0.615234375 0.01953125 0.017578125
0 0.7099609375 0.6748046875 0.021484375 0.0234375
0 0.734375 0.6943359375 0.0234375 0.0234375
0 0.7666015625 0.6962890625 0.015625 0.01953125
0 0.658203125 0.6845703125 0.017578125 0.015625
0 0.6298828125 0.634765625 0.017578125 0.015625
0 0.6201171875 0.619140625 0.01953125 0.017578125
0 0.611328125 0.5986328125 0.017578125 0.01953125
0 0.646484375 0.5732421875 0.0234375 0.01953125
0 0.498046875 0.6455078125 0.021484375 0.017578125
0 0.5283203125 0.55859375 0.01953125 0.01953125
0 0.5107421875 0.568359375 0.015625 0.013671875
0 0.3798828125 0.669921875 0.017578125 0.021484375
0 0.3984375 0.595703125 0.01953125 0.021484375
0 0.416015625 0.5341796875 0.021484375 0.015625
0 0.3955078125 0.6552734375 0.017578125 0.01953125
0 0.41015625 0.642578125 0.021484375 0.017578125
0 0.4169921875 0.619140625 0.021484375 0.021484375
0 0.4765625 0.5625 0.01953125 0.021484375
0 0.3173828125 0.685546875 0.015625 0.017578125
0 0.31640625 0.6171875 0.029296875 0.017578125
0 0.3134765625 0.6005859375 0.0234375 0.013671875
0 0.2314453125 0.6953125 0.01953125 0.013671875
0 0.203125 0.7001953125 0.01953125 0.015625
0 0.197265625 0.578125 0.025390625 0.0234375
0 0.2607421875 0.5771484375 0.01953125 0.015625
0 0.2421875 0.6044921875 0.013671875 0.01953125
0 0.2568359375 0.51953125 0.01953125 0.01953125
0 0.1220703125 0.7119140625 0.02734375 0.017578125
0 0.15234375 0.7060546875 0.013671875 0.01953125
0 0.19921875 0.5361328125 0.029296875 0.01953125
0 0.2109375 0.50390625 0.01953125 0.01953125
0 0.1337890625 0.5966796875 0.01953125 0.0234375
0 0.134765625 0.6337890625 0.0234375 0.0234375
0 0.1513671875 0.6650390625 0.015625 0.01953125
0 0.14453125 0.6513671875 0.0234375 0.0234375
0 0.0595703125 0.712890625 0.01953125 0.021484375
0 0.056640625 0.6328125 0.021484375 0.01953125
0 0.0185546875 0.7119140625 0.025390625 0.01953125
0 0.0068359375 0.693359375 0.013671875 0.01171875
0 0.0087890625 0.6240234375 0.017578125 0.015625
0 0.2314453125 0.4931640625 0.021484375 0.017578125
0 0.6162109375 0.4873046875 0.02734375 0.0234375
0 0.6279296875 0.4560546875 0.017578125 0.01953125
0 0.560546875 0.4765625 0.021484375 0.013671875
0 0.5546875 0.447265625 0.021484375 0.01953125
0 0.5361328125 0.431640625 0.0234375 0.021484375
0 0.5322265625 0.3955078125 0.01953125 0.01953125
0 0.595703125 0.435546875 0.017578125 0.013671875
0 0.5390625 0.326171875 0.02734375 0.017578125
0 0.505859375 0.400390625 0.021484375 0.01953125
0 0.251953125 0.470703125 0.025390625 0.0234375
0 0.240234375 0.4365234375 0.0234375 0.01953125
0 0.3212890625 0.4287109375 0.0234375 0.021484375
0 0.2978515625 0.375 0.0234375 0.015625
0 0.205078125 0.4716796875 0.01953125 0.017578125
0 0.205078125 0.4423828125 0.01953125 0.013671875
0 0.2314453125 0.408203125 0.015625 0.025390625
0 0.259765625 0.38671875 0.0234375 0.013671875
0 0.1689453125 0.427734375 0.01953125 0.017578125
0 0.1650390625 0.37109375 0.021484375 0.01953125
0 0.169921875 0.443359375 0.025390625 0.017578125
0 0.0302734375 0.474609375 0.021484375 0.017578125
0 0.02734375 0.435546875 0.021484375 0.021484375
0 0.0615234375 0.4677734375 0.0234375 0.01953125
0 0.0703125 0.4365234375 0.017578125 0.017578125
0 0.0751953125 0.365234375 0.015625 0.017578125
0 0.0546875 0.3203125 0.017578125 0.01953125
0 0.1005859375 0.359375 0.0234375 0.015625
0 0.107421875 0.310546875 0.01953125 0.013671875
0 0.0859375 0.3154296875 0.0234375 0.0234375
0 0.0400390625 0.2861328125 0.0234375 0.025390625
0 0.146484375 0.2822265625 0.017578125 0.015625
0 0.1259765625 0.2646484375 0.015625 0.01171875
0 0.2216796875 0.2529296875 0.021484375 0.015625
0 0.4228515625 0.4521484375 0.017578125 0.015625
0 0.4765625 0.4140625 0.017578125 0.013671875
0 0.4814453125 0.2998046875 0.01953125 0.01171875
0 0.501953125 0.298828125 0.013671875 0.009765625
0 0.65625 0.326171875 0.01953125 0.015625
0 0.8984375 0.0498046875 0.017578125 0.01953125
0 0.7822265625 0.1064453125 0.03125 0.0234375
0 0.7509765625 0.091796875 0.017578125 0.017578125
0 0.7021484375 0.130859375 0.01953125 0.015625
0 0.7158203125 0.12109375 0.017578125 0.013671875
0 0.673828125 0.083984375 0.017578125 0.01953125
0 0.669921875 0.11328125 0.021484375 0.01953125
0 0.646484375 0.12890625 0.017578125 0.017578125
0 0.6220703125 0.111328125 0.01953125 0.021484375
0 0.6025390625 0.0927734375 0.01953125 0.013671875
0 0.57421875 0.060546875 0.015625 0.013671875
0 0.5517578125 0.0517578125 0.01953125 0.009765625
0 0.57421875 0.158203125 0.021484375 0.015625
0 0.625 0.169921875 0.029296875 0.02734375
0 0.625 0.2529296875 0.0234375 0.0234375
0 0.408203125 0.158203125 0.025390625 0.01953125
0 0.01953125 0.3134765625 0.01953125 0.021484375
0 0.0380859375 0.3134765625 0.015625 0.017578125
0 0.1357421875 0.2294921875 0.021484375 0.015625
0 0.2109375 0.234375 0.015625 0.015625
0 0.2099609375 0.2138671875 0.015625 0.015625
0 0.2724609375 0.21484375 0.015625 0.013671875
0 0.34375 0.1552734375 0.01953125 0.015625
0 0.392578125 0.208984375 0.017578125 0.013671875
0 0.4052734375 0.2802734375 0.01171875 0.013671875
0 0.5029296875 0.2529296875 0.013671875 0.01171875
0 0.46875 0.2275390625 0.013671875 0.017578125
0 0.072265625 0.2001953125 0.017578125 0.015625
0 0.0341796875 0.1796875 0.015625 0.013671875
0 0.1044921875 0.4189453125 0.0234375 0.015625
0 0.095703125 0.4052734375 0.015625 0.015625
0 0.005859375 0.3037109375 0.01171875 0.021484375