0 0.0053515625 0.17763671875 0.0102734375 0.020664062500000024
0 0.018125 0.15654296875 0.01583984375 0.01689453125000001
0 0.09044921875 0.1501953125 0.015097656250000008 0.017675781250000022
0 0.125078125 0.14744140625 0.012929687500000009 0.01908203125000002
0 0.129765625 0.1934765625 0.016171875000000002 0.021757812499999973
0 0.1442578125 0.12796875 0.01615234375000002 0.019355468749999993
0 0.113203125 0.17416015625 0.016523437499999988 0.017402343749999993
0 0.1062890625 0.18328125 0.015761718749999987 0.012773437499999984
0 0.1376953125 0.25138671875 0.02222656249999999 0.021582031250000022
0 0.09060546875 0.0321875 0.018691406249999987 0.020527343749999996
0 0.10638671875 0.02697265625 0.017988281250000016 0.024394531249999997
0 0.154375 0.0240625 0.02046874999999998 0.017324218749999995
0 0.1681640625 0.0075390625 0.016210937500000022 0.01490234375
0 0.1696875 0.0601953125 0.01679687499999999 0.01734374999999999
0 0.19017578125 0.08642578125 0.015703124999999984 0.022011718749999992
0 0.2063671875 0.1219140625 0.01830078125000001 0.02685546875
0 0.06009765624999999 0.28474609375 0.020136718750000004 0.017285156250000044
0 0.09375 0.290859375 0.014804687499999997 0.013574218749999978
0 0.1129296875 0.271875 0.014355468749999989 0.02091796874999996
0 0.13359375 0.401015625 0.01851562499999998 0.022402343750000053
0 0.15177734375 0.3832421875 0.01933593750000001 0.016640624999999964
0 0.15796875 0.408984375 0.01787109375000001 0.02279296875000003
0 0.1533984375 0.3437890625 0.014863281250000027 0.02798828124999997
0 0.1803515625 0.33685546875 0.014433593749999973 0.020234375000000027
0 0.18693359375 0.3120703125 0.019023437500000018 0.020468750000000036
0 0.20947265625 0.30455078125 0.016738281249999987 0.01726562499999995
0 0.27716796875 0.40078125 0.016972656249999996 0.018261718750000044
0 0.2727734375 0.2962109375 0.022089843750000004 0.02058593750000004
0 0.17521484375 0.5274609375 0.020097656249999984 0.02498046874999993
0 0.184375 0.54826171875 0.019140625000000022 0.021210937500000027
0 0.06826171875 0.6796875 0.02421875000000001 0.02400390624999993
0 0.03974609375 0.78779296875 0.01904296875 0.018496093750000053
0 0.06955078125 0.760859375 0.018242187500000007 0.015253906249999893
0 0.22251953125 0.82802734375 0.01712890625000002 0.02138671875000009
0 0.20892578125 0.850703125 0.020976562500000018 0.01976562500000001
0 0.1087109375 0.71939453125 0.018183593750000004 0.026660156249999956
0 0.1155078125 0.69388671875 0.021132812499999987 0.034863281250000044
0 0.15216796875 0.6864453125 0.01685546874999999 0.015488281249999902
0 0.1550390625 0.70693359375 0.019355468749999993 0.019707031250000062
0 0.36630859375 0.82427734375 0.018945312499999978 0.024941406249999964
0 0.3645703125 0.786953125 0.02171875000000001 0.024921874999999982
0 0.3823046875 0.76046875 0.01927734375000001 0.021171875000000062
0 0.3845703125 0.715 0.01798828124999996 0.01888671874999992
0 0.32517578125 0.709609375 0.02261718749999997 0.021777343749999956
0 0.3059375 0.73474609375 0.02318359375000001 0.02285156250000009
0 0.303984375 0.7663671875 0.02009765625000004 0.016582031250000018
0 0.315 0.65791015625 0.015527343749999978 0.018378906249999938
0 0.36517578125 0.62966796875 0.016308593750000044 0.016972656250000107
0 0.38068359375 0.62025390625 0.017617187499999964 0.01927734375000001
0 0.4015234375 0.61087890625 0.01945312499999996 0.01806640625
0 0.4268359375 0.64626953125 0.020449218750000053 0.022832031250000107
0 0.3544921875 0.49779296875 0.01837890625000005 0.021191406250000044
0 0.441328125 0.52830078125 0.01937500000000003 0.019707031250000062
0 0.43154296875 0.51044921875 0.014257812500000022 0.015644531249999982
0 0.33017578125 0.3801171875 0.021679687500000044 0.018261718750000044
0 0.40423828125 0.39814453125 0.020976562500000018 0.019179687499999987
0 0.4655078125 0.41625 0.015410156249999973 0.02179687500000005
0 0.3451171875 0.395703125 0.019921874999999978 0.017792968750000027
0 0.3569921875 0.4105859375 0.018281250000000027 0.021015624999999982
0 0.38107421875 0.41662109375 0.021503906249999982 0.02058593750000004
0 0.437890625 0.4768359375 0.021113281250000004 0.01873046874999995
0 0.31453125 0.31759765625 0.01693359375000003 0.015117187500000018
0 0.38314453125 0.31642578125 0.016660156249999947 0.02839843750000004
0 0.3995703125 0.31337890625 0.014511718750000013 0.023085937499999987
0 0.30466796875 0.23169921875 0.013632812500000036 0.018710937500000024
0 0.29970703125 0.20345703125 0.015410156249999973 0.019648437500000004
0 0.42212890625 0.19751953125 0.023554687500000004 0.024550781249999987
0 0.42302734375 0.2607421875 0.014804687499999969 0.020156249999999987
0 0.3959765625 0.242578125 0.020078124999999947 0.013496093749999993
0 0.4808984375 0.25638671875 0.019980468750000036 0.01886718750000005
0 0.288515625 0.12220703124999999 0.018027343750000036 0.02783203125
0 0.29369140625 0.1524609375 0.018613281249999947 0.013339843750000024
0 0.4637109375 0.1994921875 0.019238281250000044 0.028886718749999984
0 0.49572265625 0.210859375 0.020332031249999938 0.019609374999999984
0 0.4034765625 0.13357421875 0.024140625000000027 0.0205078125
0 0.3665234375 0.13458984375 0.022480468749999982 0.024082031250000024
0 0.33498046875 0.1508984375 0.019960937500000053 0.016093750000000018
0 0.34818359375 0.1448828125 0.023320312499999996 0.022792968749999976
0 0.2867578125 0.05962890625 0.021542968749999947 0.019082031249999992
0 0.3673046875 0.05666015625 0.018574218749999982 0.0205859375
0 0.28798828125 0.01900390625 0.019316406249999973 0.025351562499999994
0 0.3066796875 0.006484375 0.012167968750000036 0.01296875
0 0.37587890625 0.00912109375 0.014667968749999982 0.017695312499999998
0 0.50724609375 0.23173828125 0.01798828125000007 0.022285156249999993
0 0.5129296875 0.61599609375 0.022656250000000044 0.02695312499999991
0 0.54392578125 0.62802734375 0.01927734375000001 0.017460937500000107
0 0.52359375 0.5603515625 0.013867187500000044 0.021015624999999982
0 0.5526171875 0.5544921875 0.01904296875 0.02173828124999999
0 0.56853515625 0.53615234375 0.02076171874999999 0.02333984375000009
0 0.60412109375 0.5326953125 0.019707031250000062 0.019003906250000036
0 0.56474609375 0.59537109375 0.013203124999999982 0.017519531250000053
0 0.67416015625 0.5388671875 0.017871093749999956 0.02662109374999999
0 0.59978515625 0.50603515625 0.020468750000000036 0.022441406250000018
0 0.52943359375 0.2519921875 0.023417968750000018 0.024765625000000013
0 0.56310546875 0.24072265625 0.019804687499999973 0.02375000000000005
0 0.5717578125 0.3212890625 0.021210937500000027 0.02361328124999995
0 0.62533203125 0.29798828125 0.015683593749999947 0.022597656249999987
0 0.52857421875 0.2050390625 0.016953124999999902 0.019882812500000013
0 0.55802734375 0.20556640625 0.014375000000000027 0.019628906250000022
0 0.5915234375 0.2316015625 0.025449218749999947 0.015390624999999991
0 0.613203125 0.26017578125 0.01333984375000008 0.02351562500000004
0 0.57212890625 0.16884765625 0.017636718749999947 0.01974609374999997
0 0.62921875 0.16544921875 0.019160156249999893 0.020664062500000024
0 0.55623046875 0.1696875 0.017207031249999893 0.024433593749999982
0 0.52498046875 0.02982421875 0.01750000000000007 0.02078125
0 0.5643359375 0.02685546875 0.020957031250000036 0.022128906249999997
0 0.53236328125 0.06146484375 0.01937499999999992 0.024296874999999996
0 0.56349609375 0.07048828125 0.016718749999999893 0.01779296875
0 0.63513671875 0.07515625 0.016816406250000027 0.015097656250000008
0 0.68005859375 0.05462890625 0.01937499999999992 0.017500000000000016
0 0.6404296875 0.10060546875 0.01621093749999991 0.0234375
0 0.689140625 0.10755859375 0.014277343749999893 0.01927734375000001
0 0.6847265625 0.08544921875 0.02310546875000008 0.022792968750000003
0 0.7133984375 0.03994140625 0.025410156249999982 0.024218749999999997
0 0.71798828125 0.14689453125 0.01650390625000009 0.018378906249999993
0 0.73544921875 0.125546875 0.012304687499999911 0.015253906250000004
0 0.746875 0.221875 0.015800781250000062 0.021308593749999993
0 0.548125 0.4223828125 0.015214843749999929 0.01726562499999995
0 0.5861328125 0.47611328125 0.012949218749999991 0.018046875000000018
0 0.70015625 0.48185546875 0.010937500000000044 0.018828124999999973
0 0.7014453125 0.50240234375 0.009648437500000107 0.014335937500000062
0 0.67392578125 0.6562890625 0.016542968750000053 0.01894531250000009
0 0.95052734375 0.89876953125 0.02025390625000001 0.018359374999999956
0 0.8938671875 0.78181640625 0.022519531249999947 0.031054687499999956
0 0.90826171875 0.75056640625 0.017636718749999947 0.01845703125000009
0 0.869375 0.70251953125 0.01572265624999991 0.019316406249999973
0 0.8788671875 0.71548828125 0.014375000000000027 0.018437500000000107
0 0.916328125 0.6741015625 0.01960937499999993 0.018027343750000036
0 0.88712890625 0.6698046875 0.019589843749999947 0.020800781249999956
0 0.871171875 0.64609375 0.017695312499999893 0.018027343750000036
0 0.888671875 0.62220703125 0.02107421874999993 0.019707031250000062
0 0.90689453125 0.60287109375 0.014101562500000053 0.019980468750000036
0 0.93921875 0.57384765625 0.013437499999999991 0.015058593750000071
0 0.94857421875 0.5520703125 0.010664062500000071 0.018984375000000053
0 0.842265625 0.574140625 0.0146484375 0.022167968750000044
0 0.8303125 0.6246484375 0.02669921874999992 0.029433593750000098
0 0.74744140625 0.62474609375 0.023320312500000107 0.02369140624999999
0 0.84173828125 0.40865234375 0.019960937500000053 0.025371093750000018
0 0.68640625 0.0197265625 0.02220703125000001 0.019589843749999995
0 0.68638671875 0.03779296875 0.017031250000000053 0.016171875000000002
0 0.77095703125 0.1358984375 0.015449218749999938 0.021992187499999982
0 0.7652734375 0.21123046875 0.016562500000000036 0.015800781250000007
0 0.78609375 0.2101953125 0.015996093750000107 0.016093750000000018
0 0.7851953125 0.2725390625 0.014218749999999947 0.016015624999999978
0 0.84505859375 0.34337890625 0.015117187500000018 0.018652343750000022
0 0.791171875 0.39216796875 0.014296875000000098 0.017597656249999982
0 0.71939453125 0.405703125 0.013906250000000009 0.011386718749999969
0 0.74685546875 0.50267578125 0.012382812500000062 0.012792968749999911
0 0.77228515625 0.46919921875 0.018105468749999964 0.014179687499999982
0 0.79970703125 0.07232421875 0.01529296875000008 0.017265625000000007
0 0.820234375 0.033984375 0.014179687499999982 0.015429687499999997
0 0.58103515625 0.10421875 0.014707031249999947 0.024003906249999984
0 0.59470703125 0.09556640625 0.015312500000000062 0.016210937499999994
0 0.6958203125 0.005859375 0.021347656249999902 0.01171875