0 0.474609375 0.0048828125 0.01171875 0.009765625
0 0.4892578125 0.0166015625 0.013671875 0.0078125
0 0.505859375 0.01953125 0.009765625 0.01171875
0 0.5283203125 0.0107421875 0.013671875 0.009765625
0 0.5068359375 0.001953125 0.005859375 0.00390625
0 0.5244140625 0.0029296875 0.009765625 0.005859375
0 0.5419921875 0.0029296875 0.017578125 0.005859375
0 0.4384765625 0.099609375 0.009765625 0.013671875
0 0.49609375 0.0703125 0.0078125 0.005859375
0 0.49609375 0.05859375 0.009765625 0.01171875
0 0.505859375 0.0634765625 0.009765625 0.009765625
0 0.5478515625 0.015625 0.01171875 0.009765625
0 0.525390625 0.0439453125 0.0078125 0.01171875
0 0.51171875 0.05078125 0.0078125 0.01171875
0 0.51953125 0.064453125 0.009765625 0.009765625
0 0.5087890625 0.0732421875 0.01171875 0.009765625
0 0.498046875 0.0859375 0.0078125 0.01171875
0 0.521484375 0.0927734375 0.01171875 0.015625
0 0.548828125 0.083984375 0.013671875 0.013671875
0 0.55078125 0.0693359375 0.009765625 0.01171875
0 0.4990234375 0.107421875 0.009765625 0.01171875
0 0.513671875 0.1005859375 0.009765625 0.0078125
0 0.515625 0.1142578125 0.009765625 0.017578125
0 0.505859375 0.119140625 0.0078125 0.0078125
0 0.4990234375 0.130859375 0.013671875 0.013671875
0 0.4931640625 0.138671875 0.0078125 0.0078125
0 0.5009765625 0.150390625 0.013671875 0.01171875
0 0.486328125 0.1484375 0.009765625 0.015625
0 0.4755859375 0.14453125 0.017578125 0.01171875
0 0.470703125 0.134765625 0.01171875 0.0078125
0 0.4521484375 0.1240234375 0.009765625 0.0078125
0 0.451171875 0.1357421875 0.0078125 0.009765625
0 0.447265625 0.1533203125 0.01171875 0.009765625
0 0.44140625 0.1650390625 0.01171875 0.009765625
0 0.5283203125 0.26953125 0.013671875 0.021484375
0 0.4130859375 0.2568359375 0.013671875 0.017578125
0 0.4111328125 0.240234375 0.009765625 0.01171875
0 0.4091796875 0.2109375 0.0078125 0.009765625
0 0.4267578125 0.203125 0.0078125 0.009765625
0 0.439453125 0.2080078125 0.009765625 0.013671875
0 0.4482421875 0.1943359375 0.0078125 0.0078125
0 0.458984375 0.1904296875 0.015625 0.01953125
0 0.4716796875 0.2080078125 0.009765625 0.009765625
0 0.4873046875 0.189453125 0.009765625 0.01171875