0 0.5556640625 0.0830078125 0.0234375 0.0234375
0 0.578125 0.103515625 0.0234375 0.017578125
0 0.560546875 0.111328125 0.01953125 0.017578125
0 0.6005859375 0.09765625 0.01953125 0.015625
0 0.443359375 0.09375 0.013671875 0.005859375
0 0.4228515625 0.1220703125 0.0234375 0.01953125
0 0.421875 0.23828125 0.021484375 0.017578125
0 0.5498046875 0.1865234375 0.02734375 0.021484375
0 0.544921875 0.216796875 0.021484375 0.01953125
0 0.5263671875 0.24609375 0.017578125 0.015625
0 0.5380859375 0.2568359375 0.01953125 0.017578125
0 0.6171875 0.1796875 0.017578125 0.0234375
0 0.6494140625 0.169921875 0.01953125 0.015625
0 0.73046875 0.16796875 0.01953125 0.021484375
0 0.6572265625 0.15234375 0.01953125 0.017578125
0 0.583984375 0.197265625 0.021484375 0.017578125
0 0.5859375 0.228515625 0.017578125 0.017578125
0 0.578125 0.2568359375 0.01953125 0.015625
0 0.7451171875 0.3427734375 0.017578125 0.021484375
0 0.6220703125 0.2177734375 0.025390625 0.025390625
0 0.609375 0.49609375 0.01953125 0.015625
0 0.576171875 0.50390625 0.0234375 0.015625
0 0.572265625 0.537109375 0.02734375 0.017578125
0 0.455078125 0.345703125 0.017578125 0.017578125
0 0.4736328125 0.44921875 0.01953125 0.021484375
0 0.478515625 0.49609375 0.017578125 0.01953125
0 0.4765625 0.564453125 0.017578125 0.025390625
0 0.44140625 0.373046875 0.01953125 0.021484375
0 0.2578125 0.0302734375 0.02734375 0.021484375
0 0.3037109375 0.037109375 0.021484375 0.015625
0 0.205078125 0.146484375 0.025390625 0.025390625
0 0.2548828125 0.2275390625 0.025390625 0.021484375
0 0.705078125 0.0107421875 0.021484375 0.017578125
0 0.908203125 0.67578125 0.021484375 0.017578125
0 0.908203125 0.6943359375 0.01953125 0.017578125
0 0.95703125 0.638671875 0.017578125 0.013671875
0 0.9619140625 0.70703125 0.017578125 0.017578125
0 0.94921875 0.7939453125 0.017578125 0.01953125
0 0.87109375 0.84765625 0.03125 0.021484375
0 0.92578125 0.8388671875 0.0234375 0.01953125
0 0.9501953125 0.9140625 0.021484375 0.01953125
0 0.9375 0.9521484375 0.021484375 0.021484375
0 0.92578125 0.9775390625 0.017578125 0.01171875
0 0.9423828125 0.9951171875 0.021484375 0.009765625
0 0.9921875 0.98828125 0.015625 0.021484375
0 0.7685546875 0.9287109375 0.02734375 0.021484375
0 0.7607421875 0.970703125 0.017578125 0.01953125
0 0.7958984375 0.9775390625 0.029296875 0.021484375
0 0.54296875 0.9892578125 0.021484375 0.021484375
0 0.3974609375 0.2646484375 0.01953125 0.021484375
0 0.4208984375 0.2626953125 0.0234375 0.02734375
0 0.337890625 0.2265625 0.02734375 0.021484375
0 0.3955078125 0.328125 0.02734375 0.021484375
0 0.365234375 0.244140625 0.017578125 0.01953125
0 0.3623046875 0.2744140625 0.015625 0.017578125
0 0.3779296875 0.263671875 0.017578125 0.017578125
0 0.2587890625 0.2529296875 0.017578125 0.017578125
0 0.3115234375 0.267578125 0.037109375 0.021484375
0 0.2841796875 0.2841796875 0.02734375 0.01953125
0 0.2158203125 0.2783203125 0.021484375 0.0234375
0 0.2744140625 0.3818359375 0.0234375 0.017578125
0 0.13671875 0.412109375 0.03125 0.03125
0 0.064453125 0.4248046875 0.01953125 0.017578125
0 0.2060546875 0.423828125 0.021484375 0.01171875
0 0.2255859375 0.4443359375 0.021484375 0.017578125
0 0.1591796875 0.5576171875 0.01953125 0.017578125
0 0.19140625 0.548828125 0.017578125 0.017578125
0 0.177734375 0.59765625 0.021484375 0.0234375
0 0.1787109375 0.6240234375 0.01953125 0.021484375
0 0.1640625 0.65234375 0.0234375 0.021484375
0 0.201171875 0.609375 0.01953125 0.025390625
0 0.2060546875 0.5302734375 0.015625 0.01953125
0 0.2294921875 0.533203125 0.02734375 0.0234375
0 0.2412109375 0.51953125 0.021484375 0.021484375
0 0.27734375 0.501953125 0.01953125 0.021484375
0 0.3203125 0.5009765625 0.0234375 0.021484375
0 0.3544921875 0.3505859375 0.01953125 0.01953125
0 0.3818359375 0.3466796875 0.021484375 0.015625
0 0.3759765625 0.3720703125 0.0234375 0.02734375
0 0.3798828125 0.4990234375 0.021484375 0.0234375
0 0.4384765625 0.404296875 0.029296875 0.0234375
0 0.0146484375 0.982421875 0.029296875 0.029296875
0 0.083984375 0.9580078125 0.02734375 0.017578125
0 0.19921875 0.916015625 0.02734375 0.015625
0 0.2353515625 0.8681640625 0.0234375 0.017578125
0 0.30859375 0.7890625 0.02734375 0.017578125
0 0.33984375 0.755859375 0.017578125 0.015625
0 0.365234375 0.7373046875 0.021484375 0.0234375
0 0.38671875 0.728515625 0.021484375 0.01953125
0 0.40625 0.71875 0.021484375 0.02734375
0 0.3720703125 0.765625 0.021484375 0.01953125
0 0.3994140625 0.763671875 0.0234375 0.0234375
0 0.423828125 0.765625 0.021484375 0.029296875
0 0.4130859375 0.7900390625 0.02734375 0.021484375
0 0.3896484375 0.78125 0.017578125 0.017578125
0 0.4501953125 0.8583984375 0.021484375 0.01953125
0 0.4375 0.8212890625 0.017578125 0.01953125
0 0.34375 0.9072265625 0.029296875 0.021484375
0 0.2939453125 0.9931640625 0.02734375 0.013671875
0 0.365234375 0.994140625 0.03125 0.01171875
0 0.3896484375 0.9736328125 0.0234375 0.017578125
0 0.482421875 0.943359375 0.02734375 0.01953125