0 0.7177734375 0.111328125 0.017578125 0.017578125
0 0.6875 0.1435546875 0.03125 0.03515625
0 0.755859375 0.193359375 0.017578125 0.01953125
0 0.81640625 0.2060546875 0.01953125 0.017578125
0 0.8349609375 0.3310546875 0.015625 0.021484375
0 0.7763671875 0.265625 0.015625 0.0234375
0 0.75 0.26171875 0.015625 0.01953125
0 0.978515625 0.2451171875 0.0078125 0.01171875
0 0.9853515625 0.2705078125 0.013671875 0.015625
0 0.830078125 0.255859375 0.02734375 0.033203125
0 0.79296875 0.146484375 0.03125 0.04296875
0 0.453125 0.0126953125 0.021484375 0.025390625
0 0.4228515625 0.0166015625 0.017578125 0.0234375
0 0.3740234375 0.0361328125 0.01953125 0.025390625
0 0.376953125 0.0107421875 0.01953125 0.01953125
0 0.3984375 0.0224609375 0.015625 0.015625
0 0.39453125 0.0048828125 0.009765625 0.009765625
0 0.3427734375 0.2958984375 0.013671875 0.015625
0 0.3154296875 0.2880859375 0.01953125 0.015625
0 0.302734375 0.3037109375 0.013671875 0.0078125
0 0.259765625 0.275390625 0.015625 0.01953125
0 0.2744140625 0.2265625 0.017578125 0.017578125
0 0.29296875 0.2451171875 0.015625 0.01953125
0 0.2724609375 0.2509765625 0.013671875 0.015625
0 0.2568359375 0.2421875 0.017578125 0.017578125
0 0.1123046875 0.2724609375 0.015625 0.01953125
0 0.060546875 0.3798828125 0.013671875 0.01953125
0 0.1650390625 0.052734375 0.017578125 0.017578125
0 0.2978515625 0.07421875 0.0234375 0.015625
0 0.283203125 0.1298828125 0.01953125 0.0234375