0 0.4091796875 0.8564453125 0.021484375 0.01953125
0 0.42578125 0.89453125 0.021484375 0.013671875
0 0.4384765625 0.876953125 0.021484375 0.021484375
0 0.806640625 0.822265625 0.017578125 0.017578125
0 0.8134765625 0.8984375 0.01953125 0.01953125
0 0.84765625 0.791015625 0.017578125 0.021484375
0 0.8525390625 0.7705078125 0.021484375 0.01953125
0 0.853515625 0.9140625 0.017578125 0.015625
0 0.865234375 0.8984375 0.021484375 0.021484375
0 0.9599609375 0.853515625 0.013671875 0.01171875
0 0.2421875 0.0830078125 0.017578125 0.015625
0 0.2509765625 0.09765625 0.01953125 0.017578125
0 0.2666015625 0.1181640625 0.01953125 0.01953125
0 0.279296875 0.130859375 0.013671875 0.013671875
0 0.267578125 0.15234375 0.02734375 0.021484375
0 0.28515625 0.17578125 0.021484375 0.021484375
0 0.318359375 0.1650390625 0.0234375 0.021484375
0 0.2998046875 0.1513671875 0.01953125 0.01953125
0 0.3427734375 0.1279296875 0.015625 0.017578125
0 0.3427734375 0.0634765625 0.01953125 0.015625
0 0.4599609375 0.2578125 0.0234375 0.021484375
0 0.5 0.2509765625 0.017578125 0.015625
0 0.4208984375 0.115234375 0.01953125 0.017578125
0 0.4443359375 0.08203125 0.01171875 0.009765625
0 0.439453125 0.0361328125 0.0234375 0.01953125
0 0.453125 0.0048828125 0.021484375 0.009765625
0 0.6826171875 0.3740234375 0.025390625 0.0234375
0 0.73046875 0.3984375 0.021484375 0.017578125
0 0.7578125 0.35546875 0.025390625 0.0234375
0 0.7646484375 0.1279296875 0.0234375 0.015625
0 0.7470703125 0.091796875 0.017578125 0.017578125
0 0.6923828125 0.060546875 0.01171875 0.01171875
0 0.7763671875 0.02734375 0.01953125 0.017578125
0 0.8251953125 0.10546875 0.01171875 0.017578125
0 0.990234375 0.14453125 0.01953125 0.017578125
0 0.9443359375 0.2841796875 0.0234375 0.025390625
0 0.8828125 0.3154296875 0.01953125 0.017578125
0 0.916015625 0.345703125 0.01171875 0.015625
0 0.9345703125 0.349609375 0.017578125 0.01171875
0 0.9609375 0.3515625 0.017578125 0.017578125
0 0.990234375 0.3623046875 0.01953125 0.015625