0 0.28203125 0.1112890625 0.018359374999999956 0.018105468749999992
0 0.31244140625 0.1436328125 0.03191406249999995 0.034335937500000024
0 0.2437109375 0.19328125 0.018281250000000027 0.019199218750000024
0 0.18390625 0.20609375 0.01976562500000001 0.018242187500000007
0 0.16509765625 0.33068359375 0.016503906249999978 0.02171875000000001
0 0.2241015625 0.26611328125 0.01656249999999998 0.023867187500000053
0 0.25005859375 0.26201171875 0.015351562500000027 0.019550781249999982
0 0.0217578125 0.24496093749999998 0.008359375000000002 0.010839843750000022
0 0.01498046875 0.270390625 0.013554687500000002 0.014843750000000044
0 0.17029296875 0.2560546875 0.026542968750000007 0.03263671874999996
0 0.20693359375 0.146328125 0.03183593750000002 0.04363281250000001
0 0.54671875 0.013046875 0.02091796875000007 0.02609375
0 0.57701171875 0.01654296875 0.01847656250000007 0.02392578125
0 0.62607421875 0.035703125 0.018925781250000107 0.025136718749999995
0 0.6228125 0.01033203125 0.019843749999999938 0.020078125
0 0.601328125 0.0227734375 0.016328125000000027 0.0156640625
0 0.6053125 0.00486328125 0.010234375000000018 0.009160156250000002
0 0.65763671875 0.295703125 0.013320312500000098 0.01505859374999996
0 0.6841015625 0.287734375 0.018984375000000053 0.015156249999999982
0 0.69703125 0.303359375 0.013574218750000089 0.008105468749999956
0 0.74056640625 0.27509765625 0.01626953125000008 0.019960937500000053
0 0.7259765625 0.22677734375 0.01798828125000007 0.017070312500000018
0 0.70681640625 0.24525390625 0.01634765625000001 0.01921874999999995
0 0.7280078125 0.25099609375 0.013457031249999973 0.014707031249999947
0 0.7434765625 0.242265625 0.017402343749999938 0.01679687499999999
0 0.88783203125 0.2729296875 0.015117187500000018 0.01873046874999995
0 0.93955078125 0.379453125 0.013066406250000107 0.01888671875000003
0 0.83458984375 0.05296875 0.018378906249999938 0.01748046874999999
0 0.70185546875 0.07419921875 0.024394531250000018 0.015019531249999996
0 0.71677734375 0.12974609375 0.01871093750000008 0.02298828125000002