0 0.076171875 0.4970703125 0.01953125 0.01953125
0 0.0556640625 0.55078125 0.0234375 0.015625
0 0.388671875 0.54296875 0.017578125 0.015625
0 0.73828125 0.79296875 0.0234375 0.01953125
0 0.67578125 0.8955078125 0.01953125 0.013671875
0 0.6123046875 0.8662109375 0.01953125 0.01953125
0 0.59765625 0.84765625 0.01953125 0.017578125
0 0.5634765625 0.8310546875 0.021484375 0.021484375
0 0.5390625 0.724609375 0.021484375 0.017578125
0 0.501953125 0.7880859375 0.021484375 0.017578125
0 0.501953125 0.7568359375 0.01953125 0.021484375
0 0.5205078125 0.72265625 0.013671875 0.015625
0 0.4697265625 0.7265625 0.013671875 0.01953125
0 0.4833984375 0.7470703125 0.017578125 0.01953125
0 0.466796875 0.841796875 0.01953125 0.01953125
0 0.4892578125 0.8818359375 0.021484375 0.013671875
0 0.4794921875 0.896484375 0.015625 0.015625
0 0.49609375 0.9072265625 0.021484375 0.013671875
0 0.544921875 0.90234375 0.025390625 0.01953125
0 0.46875 0.9404296875 0.021484375 0.017578125
0 0.4345703125 0.896484375 0.01953125 0.01953125
0 0.41015625 0.931640625 0.025390625 0.01953125
0 0.359375 0.87890625 0.021484375 0.0234375
0 0.177734375 0.7548828125 0.017578125 0.021484375
0 0.197265625 0.7333984375 0.017578125 0.009765625
0 0.14453125 0.806640625 0.013671875 0.015625
0 0.5400390625 0.94921875 0.0234375 0.0234375
0 0.6875 0.970703125 0.01953125 0.017578125
0 0.818359375 0.982421875 0.01953125 0.017578125
0 0.447265625 0.75 0.025390625 0.01953125
0 0.46875 0.7626953125 0.017578125 0.021484375
0 0.453125 0.771484375 0.009765625 0.013671875
0 0.17578125 0.9931640625 0.03125 0.013671875