0 0.53748046875 0.85841796875 0.017519531250000053 0.02955078124999999
0 0.53017578125 0.80572265625 0.01816406249999991 0.02611328125000001
0 0.6035546875 0.85248046875 0.01880859374999999 0.017695312499999893
0 0.6388671875 0.8017578125 0.03281249999999991 0.03964843749999991
0 0.53724609375 0.4687890625 0.019804687499999973 0.03156250000000005
0 0.6125 0.4353125 0.01718749999999991 0.020859375000000013
0 0.62416015625 0.46068359375 0.011992187499999973 0.015722656250000022
0 0.65451171875 0.52767578125 0.02660156250000001 0.024296875000000107
0 0.52236328125 0.58296875 0.019355468749999938 0.02669921874999992
0 0.51283203125 0.60619140625 0.017050781250000036 0.018867187499999938
0 0.64501953125 0.48845703125 0.022832031250000107 0.02751953124999995
0 0.64162109375 0.51052734375 0.010566406249999938 0.010332031249999929
0 0.6797265625 0.5087890625 0.013378906250000044 0.016621093749999982
0 0.6533203125 0.593671875 0.025761718750000107 0.03287109375000008
0 0.6730078125 0.58638671875 0.017519531250000053 0.021425781250000053
0 0.6856640625 0.6159765625 0.020566406249999947 0.04037109374999992
0 0.69701171875 0.56599609375 0.024863281250000036 0.028691406250000107
0 0.703359375 0.5946875 0.014921874999999973 0.022011718749999964
0 0.55615234375 0.56658203125 0.02988281249999991 0.025195312499999956
0 0.65162109375 0.71443359375 0.02123046875000001 0.0283203125
0 0.67080078125 0.71189453125 0.02009765624999993 0.02595703124999993
0 0.7828125 0.58533203125 0.025761718750000107 0.014257812499999911
0 0.81974609375 0.60287109375 0.023476562499999964 0.019648437499999893
0 0.80962890625 0.6215625 0.03722656249999989 0.03435546875000006
0 0.66779296875 0.0676953125 0.021914062500000053 0.02195312499999999
0 0.638046875 0.090625 0.026074218750000044 0.024023437499999994
0 0.8430859375 0.07140625 0.023300781249999902 0.019199218749999997
0 0.86556640625 0.11794921875 0.015097656250000036 0.015410156249999973
0 0.54724609375 0.1215234375 0.017519531250000053 0.024531250000000004
0 0.7829296875 0.29181640625 0.019003906250000036 0.02449218750000004
0 0.6418359375 0.3107421875 0.02546874999999993 0.02757812500000001
0 0.62962890625 0.28826171875 0.028007812500000062 0.020468750000000036
0 0.69572265625 0.294296875 0.026972656249999893 0.037226562500000004
0 0.6706640625 0.3033203125 0.024531249999999893 0.020546874999999964
0 0.63095703125 0.352109375 0.014667968749999982 0.014609375000000036
0 0.60568359375 0.3530859375 0.019179687500000098 0.012656250000000036
0 0.78966796875 0.0741015625 0.01529296875000008 0.014062500000000006
0 0.70607421875 0.03970703125 0.023476562499999964 0.0237890625
0 0.63013671875 0.0240234375 0.029804687499999982 0.03146484375
0 0.65201171875 0.01810546875 0.020449218750000053 0.029804687499999996
0 0.5493359375 0.00583984375 0.024453124999999964 0.01109375
0 0.5223046875 0.039453125 0.015312500000000062 0.0126953125
0 0.95916015625 0.388359375 0.019492187500000036 0.015195312499999947
0 0.846328125 0.54029296875 0.01685546874999999 0.01636718749999999
0 0.75634765625 0.55876953125 0.0224609375 0.013847656250000062
0 0.582265625 0.64943359375 0.020000000000000018 0.014296875000000098
0 0.557578125 0.6367578125 0.018261718750000044 0.03312500000000007
0 0.52484375 0.63408203125 0.02701171875000008 0.020332031249999938
0 0.65919921875 0.6577734375 0.021914062500000053 0.027851562499999982
0 0.91271484375 0.218046875 0.012910156250000027 0.015214843749999984
0 0.98935546875 0.08806640625 0.021289062499999956 0.02124999999999999
0 0.6164453125 0.087265625 0.014902343749999991 0.017714843750000014