0 0.8583984375 0.537109375 0.029296875 0.017578125
0 0.8056640625 0.5302734375 0.025390625 0.017578125
0 0.8525390625 0.603515625 0.017578125 0.01953125
0 0.8017578125 0.638671875 0.0390625 0.033203125
0 0.46875 0.537109375 0.03125 0.01953125
0 0.435546875 0.6123046875 0.021484375 0.017578125
0 0.4609375 0.6240234375 0.015625 0.01171875
0 0.52734375 0.654296875 0.0234375 0.02734375
0 0.5830078125 0.5224609375 0.02734375 0.01953125
0 0.6064453125 0.5126953125 0.01953125 0.017578125
0 0.48828125 0.64453125 0.02734375 0.0234375
0 0.5107421875 0.6416015625 0.009765625 0.009765625
0 0.5087890625 0.6796875 0.017578125 0.013671875
0 0.59375 0.6533203125 0.033203125 0.025390625
0 0.5859375 0.6728515625 0.021484375 0.017578125
0 0.6162109375 0.685546875 0.041015625 0.021484375
0 0.56640625 0.697265625 0.029296875 0.025390625
0 0.5947265625 0.703125 0.021484375 0.015625
0 0.56640625 0.556640625 0.025390625 0.029296875
0 0.71484375 0.6513671875 0.02734375 0.021484375
0 0.7119140625 0.6708984375 0.025390625 0.01953125
0 0.5849609375 0.783203125 0.013671875 0.025390625
0 0.6025390625 0.8193359375 0.01953125 0.0234375
0 0.62109375 0.8095703125 0.03515625 0.037109375
0 0.0673828125 0.66796875 0.021484375 0.021484375
0 0.0908203125 0.6376953125 0.0234375 0.025390625
0 0.0712890625 0.8427734375 0.01953125 0.0234375
0 0.1181640625 0.865234375 0.015625 0.015625
0 0.12109375 0.546875 0.025390625 0.017578125
0 0.2919921875 0.783203125 0.025390625 0.01953125
0 0.310546875 0.6416015625 0.02734375 0.025390625
0 0.2880859375 0.6298828125 0.01953125 0.02734375
0 0.2939453125 0.6953125 0.037109375 0.02734375
0 0.3037109375 0.6708984375 0.021484375 0.025390625
0 0.3525390625 0.630859375 0.013671875 0.015625
0 0.353515625 0.60546875 0.01171875 0.01953125
0 0.07421875 0.7900390625 0.013671875 0.015625
0 0.0400390625 0.7060546875 0.0234375 0.0234375
0 0.0244140625 0.6298828125 0.03125 0.029296875
0 0.0185546875 0.65234375 0.029296875 0.01953125
0 0.005859375 0.5498046875 0.01171875 0.025390625
0 0.0390625 0.5224609375 0.01171875 0.015625
0 0.388671875 0.958984375 0.015625 0.01953125
0 0.5400390625 0.8466796875 0.015625 0.017578125
0 0.55859375 0.755859375 0.013671875 0.0234375
0 0.6494140625 0.58203125 0.013671875 0.01953125
0 0.63671875 0.5576171875 0.033203125 0.017578125
0 0.6337890625 0.5244140625 0.01953125 0.02734375
0 0.658203125 0.6591796875 0.02734375 0.021484375
0 0.2177734375 0.9130859375 0.015625 0.013671875
0 0.087890625 0.9892578125 0.021484375 0.021484375
0 0.0869140625 0.6162109375 0.017578125 0.015625