0 0.873046875 0.0146484375 0.009765625 0.01171875
0 0.798828125 0.0322265625 0.0078125 0.0078125
0 0.849609375 0.03125 0.0078125 0.005859375
0 0.8623046875 0.046875 0.0078125 0.0078125
0 0.865234375 0.0693359375 0.009765625 0.013671875
0 0.8818359375 0.0927734375 0.009765625 0.0078125
0 0.9443359375 0.1298828125 0.0078125 0.005859375
0 0.9443359375 0.1474609375 0.009765625 0.0078125
0 0.951171875 0.1435546875 0.0078125 0.005859375
0 0.892578125 0.1181640625 0.0078125 0.0078125
0 0.9599609375 0.1640625 0.01171875 0.01171875
0 0.9951171875 0.2666015625 0.009765625 0.013671875
0 0.9951171875 0.3017578125 0.009765625 0.01171875
0 0.9033203125 0.3642578125 0.0078125 0.0078125
0 0.88671875 0.3681640625 0.0078125 0.009765625
0 0.9111328125 0.380859375 0.009765625 0.009765625
0 0.9296875 0.380859375 0.009765625 0.0078125
0 0.9619140625 0.408203125 0.009765625 0.0078125
0 0.966796875 0.435546875 0.0234375 0.021484375