0 0.416015625 0.2626953125 0.021484375 0.029296875
0 0.41796875 0.3076171875 0.017578125 0.025390625
0 0.5078125 0.369140625 0.021484375 0.025390625
0 0.5185546875 0.2158203125 0.01953125 0.021484375
0 0.623046875 0.4248046875 0.015625 0.021484375
0 0.654296875 0.3896484375 0.017578125 0.013671875
0 0.7119140625 0.154296875 0.021484375 0.025390625
0 0.390625 0.048828125 0.01171875 0.013671875
0 0.5859375 0.033203125 0.0234375 0.021484375
0 0.4873046875 0.11328125 0.02734375 0.029296875
0 0.552734375 0.16796875 0.025390625 0.021484375
0 0.6123046875 0.1142578125 0.015625 0.017578125
0 0.76953125 0.146484375 0.01953125 0.01953125
0 0.75 0.3310546875 0.01953125 0.02734375
0 0.6748046875 0.3740234375 0.013671875 0.021484375
0 0.94140625 0.3369140625 0.015625 0.01953125
0 0.8779296875 0.32421875 0.01171875 0.017578125
0 0.859375 0.3203125 0.015625 0.013671875
0 0.8359375 0.3271484375 0.017578125 0.021484375
0 0.8212890625 0.3271484375 0.013671875 0.017578125
0 0.806640625 0.3486328125 0.021484375 0.0234375
0 0.8046875 0.3798828125 0.01953125 0.021484375
0 0.7421875 0.3623046875 0.01953125 0.015625
0 0.708984375 0.4150390625 0.017578125 0.01953125
0 0.84765625 0.4091796875 0.029296875 0.03125
0 0.9609375 0.4052734375 0.021484375 0.015625
0 0.9013671875 0.4599609375 0.0234375 0.0234375
0 0.7294921875 0.416015625 0.01171875 0.01171875
0 0.99609375 0.49609375 0.0078125 0.021484375
0 0.994140625 0.525390625 0.01171875 0.015625
0 0.97265625 0.52734375 0.01953125 0.01953125
0 0.75 0.4189453125 0.017578125 0.029296875
0 0.7705078125 0.4345703125 0.017578125 0.0234375
0 0.8056640625 0.4521484375 0.017578125 0.013671875
0 0.8271484375 0.45703125 0.01953125 0.015625
0 0.7861328125 0.48046875 0.01953125 0.025390625
0 0.8056640625 0.4892578125 0.015625 0.017578125
0 0.53515625 0.693359375 0.015625 0.017578125
0 0.5595703125 0.6953125 0.021484375 0.021484375
0 0.580078125 0.7177734375 0.017578125 0.01953125
0 0.6220703125 0.716796875 0.017578125 0.021484375
0 0.6796875 0.7861328125 0.01953125 0.01953125
0 0.4013671875 0.8544921875 0.017578125 0.015625
0 0.3857421875 0.9111328125 0.013671875 0.01953125
0 0.43359375 0.875 0.015625 0.017578125
0 0.484375 0.873046875 0.015625 0.01953125
0 0.720703125 0.9755859375 0.021484375 0.01953125
0 0.84375 0.6943359375 0.021484375 0.021484375
0 0.740234375 0.595703125 0.01953125 0.01953125
0 0.765625 0.58984375 0.021484375 0.02734375
0 0.701171875 0.638671875 0.01953125 0.0234375
0 0.6943359375 0.6708984375 0.03125 0.037109375
0 0.74609375 0.669921875 0.0234375 0.0234375
0 0.87890625 0.619140625 0.015625 0.021484375
0 0.90234375 0.6162109375 0.017578125 0.021484375
0 0.98828125 0.634765625 0.017578125 0.017578125
0 0.9375 0.6416015625 0.017578125 0.015625
0 0.8681640625 0.71875 0.0234375 0.02734375
0 0.8466796875 0.7255859375 0.02734375 0.021484375
0 0.806640625 0.708984375 0.025390625 0.025390625
0 0.875 0.7451171875 0.013671875 0.017578125
0 0.99609375 0.802734375 0.0078125 0.021484375
0 0.9912109375 0.828125 0.015625 0.021484375
0 0.79296875 0.9296875 0.021484375 0.025390625
0 0.7939453125 0.9501953125 0.025390625 0.01171875
0 0.7822265625 0.966796875 0.01171875 0.009765625
0 0.8369140625 0.912109375 0.01953125 0.021484375
0 0.8291015625 0.9501953125 0.013671875 0.021484375
0 0.8212890625 0.974609375 0.017578125 0.0234375
0 0.9111328125 0.9140625 0.01953125 0.01953125
0 0.861328125 0.8984375 0.017578125 0.021484375
0 0.87890625 0.90234375 0.013671875 0.015625
0 0.8115234375 0.87890625 0.046875 0.029296875