0 0.85509765625 0.1500390625 0.012812499999999893 0.014453125000000011
0 0.86306640625 0.14048828125 0.009960937500000044 0.012480468749999973
0 0.8651953125 0.14931640625 0.012519531249999938 0.016464843750000013
0 0.879296875 0.1547265625 0.011679687500000036 0.011894531250000007
0 0.86220703125 0.166328125 0.009414062500000098 0.012187500000000018
0 0.84376953125 0.1917578125 0.011015624999999973 0.011367187499999987
0 0.80716796875 0.19953125 0.009316406249999964 0.009453125000000007
0 0.82 0.22669921875 0.009707031250000053 0.01273437500000002
0 0.85458984375 0.22419921875 0.011015624999999973 0.012539062499999976
0 0.87126953125 0.21109375 0.010117187499999902 0.010351562500000022
0 0.87927734375 0.1915625 0.01171875 0.009765625
0 0.91408203125 0.18310546875 0.009824218749999947 0.009062499999999973
0 0.92400390625 0.18560546875 0.01041015625000008 0.009257812500000018
0 0.91978515625 0.1990234375 0.011621093750000089 0.010859375000000004
0 0.9344140625 0.20767578125 0.013222656249999964 0.011953125000000009
0 0.90779296875 0.2206640625 0.008593749999999956 0.007500000000000007
0 0.7878125 0.23759765625 0.012636718750000053 0.013164062500000018
0 0.858203125 0.24470703125 0.010839843749999911 0.009042968749999991
0 0.8687890625 0.235234375 0.009843749999999929 0.01078125000000002
0 0.74712890625 0.27078125 0.014511718749999902 0.012734374999999964
0 0.72673828125 0.28880859375 0.009316406249999964 0.011035156249999956
0 0.78669921875 0.31255859375 0.019511718750000018 0.013515625000000031
0 0.77587890625 0.32376953125 0.010625000000000107 0.011855468749999987
0 0.778828125 0.29083984375 0.013222656249999964 0.01164062499999996
0 0.7294921875 0.320859375 0.010859374999999893 0.011699218750000018
0 0.838671875 0.30173828125 0.009687500000000071 0.009335937499999947
0 0.86970703125 0.31625 0.00992187500000008 0.009570312499999956
0 0.8280078125 0.34 0.008652343749999902 0.009863281250000022
0 0.7541015625 0.350078125 0.009980468750000027 0.011093750000000013
0 0.76291015625 0.35220703125 0.009980468750000027 0.0126953125
0 0.805625 0.36111328125 0.010488281250000009 0.016230468750000004
0 0.8146484375 0.37484375 0.013281249999999911 0.014023437500000013
0 0.825390625 0.38103515625 0.008984375000000044 0.00919921874999996
0 0.84291015625 0.37068359375 0.012753906249999947 0.012714843749999982
0 0.835 0.35134765625 0.010605468749999902 0.008437499999999987
0 0.8671484375 0.33390625 0.008535156250000009 0.01261718749999996
0 0.8669921875 0.35552734375 0.008593749999999956 0.008945312499999969
0 0.84087890625 0.40462890625 0.0063867187499999645 0.005234375000000013
0 0.8556640625 0.4037890625 0.008593749999999956 0.008242187500000053
0 0.85708984375 0.432890625 0.007558593750000009 0.010976562500000009
0 0.88662109375 0.43923828125 0.008359374999999947 0.010136718749999996
0 0.99044921875 0.3019140625 0.011328124999999911 0.011171875000000053
0 0.98474609375 0.31736328125 0.011738281249999982 0.013242187499999947
0 0.69591796875 0.35931640625 0.01220703125 0.012402343750000044
0 0.683828125 0.3891015625 0.012441406250000009 0.014550781249999978
0 0.69162109375 0.39771484375 0.010781249999999964 0.010234375000000018
0 0.73087890625 0.4075390625 0.021777343749999956 0.01693359375000003
0 0.73787109375 0.3983203125 0.010644531250000089 0.008554687499999991
0 0.74595703125 0.393125 0.011738281249999982 0.01179687500000004
0 0.75576171875 0.40513671875 0.011249999999999982 0.012148437500000053
0 0.72166015625 0.43462890625 0.014843750000000044 0.012968749999999973
0 0.73107421875 0.4478125 0.009492187500000027 0.010273437499999982
0 0.58923828125 0.33892578125 0.012421875000000027 0.011953125000000009
0 0.59333984375 0.33234375 0.014472656249999938 0.016640624999999964
0 0.6046484375 0.35810546875 0.009531249999999991 0.010996093749999991
0 0.5816796875 0.36458984375 0.009531249999999991 0.011191406250000036
0 0.59259765625 0.37744140625 0.009453125000000062 0.01033203125000004
0 0.60421875 0.3850390625 0.010722656250000018 0.011777343749999947
0 0.52162109375 0.39041015625 0.01041015625000008 0.013125000000000053
0 0.5039453125 0.42419921875 0.008261718750000036 0.008027343750000027
0 0.5232421875 0.4375390625 0.008984375000000044 0.008945312499999969
0 0.41166015625 0.47068359375 0.01310546874999996 0.014765625000000004
0 0.41912109375 0.48921875 0.009453124999999951 0.008535156250000009
0 0.52224609375 0.47578125 0.008222656250000071 0.009707031250000053
0 0.5204296875 0.4829296875 0.010957031250000027 0.010312499999999947
0 0.53587890625 0.48212890625 0.010820312499999929 0.010996093749999991
0 0.5546875 0.4818359375 0.009140624999999902 0.008554687499999991
0 0.550078125 0.50169921875 0.011347656249999893 0.013574218750000089
0 0.5491796875 0.5169921875 0.011660156250000053 0.010039062499999973
0 0.5280859375 0.5 0.010800781249999947 0.014121093750000036
0 0.46037109375 0.4776171875 0.009648437499999996 0.008398437500000022
0 0.33216796875 0.49734375 0.010078125000000049 0.012597656250000089
0 0.35853515625 0.51134765625 0.011406249999999951 0.013554687500000107
0 0.37056640625 0.5094921875 0.009980468750000027 0.009843749999999929
0 0.3845703125 0.51015625 0.010957031250000027 0.012773437499999929
0 0.39578125 0.515859375 0.009003906250000027 0.0087890625
0 0.4173046875 0.5200390625 0.01228515625000004 0.011347656249999893
0 0.36283203125 0.5260546875 0.012011718749999956 0.012753906249999947
0 0.37361328125 0.532421875 0.01025390625 0.009570312499999956
0 0.38603515625 0.5351171875 0.01123046875 0.00912109374999992
0 0.397421875 0.5698046875 0.010683593750000053 0.008691406250000089
0 0.33962890625 0.569140625 0.010683593750000053 0.011445312500000027
0 0.40498046875 0.58650390625 0.00724609374999996 0.008535156250000009
0 0.41576171875 0.5906640625 0.010781249999999964 0.013652343750000018
0 0.4156640625 0.60716796875 0.014843750000000044 0.01699218750000009
0 0.39640625 0.5957421875 0.01025390625 0.009492187500000027
0 0.401171875 0.60478515625 0.01130859375000004 0.012226562499999982
0 0.3821875 0.617109375 0.012539062500000031 0.01937499999999992
0 0.39357421875 0.62798828125 0.0077734375000000355 0.012499999999999956
0 0.40638671875 0.64353515625 0.009003906250000027 0.007539062500000027
0 0.409140625 0.6527734375 0.01130859375000004 0.010625000000000107
0 0.35576171875 0.64927734375 0.009550781249999973 0.012656250000000036
0 0.36287109375 0.65021484375 0.011582031250000013 0.01187500000000008
0 0.46529296875 0.598515625 0.009628906250000013 0.009746093750000018
0 0.4887109375 0.60720703125 0.01179687500000004 0.009863281249999911
0 0.453515625 0.5181640625 0.008691406249999978 0.014140625000000018
0 0.4559765625 0.5336328125 0.006542968750000044 0.007050781250000027
0 0.49957031249999995 0.50583984375 0.007304687500000018 0.008925781250000098
0 0.5204296875 0.571640625 0.013164062500000018 0.012304687499999911
0 0.534921875 0.5848828125 0.013164062500000018 0.018007812500000053
0 0.54587890625 0.5737890625 0.010917968750000062 0.01123046875
0 0.55134765625 0.59865234375 0.013242187499999947 0.012636718750000053
0 0.67619140625 0.5972265625 0.011640625000000071 0.015156249999999982
0 0.68330078125 0.59203125 0.01351562499999992 0.014433593749999973
0 0.68306640625 0.57134765625 0.012968749999999973 0.014863281250000027
0 0.63640625 0.485 0.014824218750000062 0.012714843749999982
0 0.6544921875 0.4798046875 0.01205078124999992 0.011582031250000013
0 0.66267578125 0.4609765625 0.00927734375 0.010976562500000009
0 0.67416015625 0.4585546875 0.009374999999999911 0.010468750000000027
0 0.6410546875 0.51765625 0.011738281249999982 0.011269531249999964
0 0.6564453125 0.50607421875 0.009785156249999982 0.010957031250000027
0 0.65166015625 0.5241796875 0.008242187500000053 0.010136718750000107
0 0.6805859375 0.51734375 0.00927734375 0.013125000000000053
0 0.7715234375 0.50693359375 0.012558593749999902 0.012089843750000107
0 0.7799609375 0.51763671875 0.008437500000000098 0.0087890625
0 0.79427734375 0.51212890625 0.011113281250000107 0.011972656249999991
0 0.80720703125 0.5133203125 0.012871093750000062 0.013730468749999947
0 0.81138671875 0.50013671875 0.011953125000000009 0.012089843750000107
0 0.76998046875 0.5626953125 0.008242187500000053 0.011152343750000071
0 0.80431640625 0.56505859375 0.010820312499999929 0.013398437500000027
0 0.80638671875 0.55048828125 0.013691406249999982 0.012070312499999902
0 0.82271484375 0.55048828125 0.013593750000000071 0.013320312500000098
0 0.8357421875 0.55470703125 0.009374999999999911 0.014335937500000062
0 0.862890625 0.4562890625 0.008281250000000018 0.010859375000000004
0 0.86744140625 0.46373046875 0.009218750000000053 0.010644531249999978
0 0.858125 0.47349609375 0.011953125000000009 0.013789062500000004
0 0.877578125 0.45197265625 0.010917968750000062 0.00919921874999996
0 0.91755859375 0.44978515625 0.01220703125 0.012539062500000031
0 0.906953125 0.4765625 0.011816406249999911 0.009824218749999947
0 0.90580078125 0.4847265625 0.012597656250000089 0.009941406249999951
0 0.8783984375 0.49322265625 0.010468750000000027 0.011367187499999987
0 0.8816015625 0.5051953125 0.007890624999999929 0.010820312499999929
0 0.9252734375 0.47322265625 0.011972656249999991 0.013828124999999969
0 0.89193359375 0.525390625 0.015507812500000107 0.01449218749999992
0 0.9390234375 0.52130859375 0.011699218750000018 0.01285156250000008
0 0.941328125 0.5068359375 0.009804687499999964 0.010820312499999929
0 0.94705078125 0.48404296875 0.013066406250000107 0.010156249999999978
0 0.95615234375 0.49492187500000007 0.014960937499999938 0.013964843749999956
0 0.97814453125 0.510234375 0.0107421875 0.011093749999999902
0 0.99515625 0.5767578125 0.009687500000000071 0.01513671875
0 0.82791015625 0.6162109375 0.01156249999999992 0.009980468750000027
0 0.83697265625 0.61955078125 0.012519531249999938 0.012558593749999902
0 0.84267578125 0.6073828125 0.012519531249999938 0.011894531250000062
0 0.861328125 0.59642578125 0.008984375000000044 0.008769531250000018
0 0.836484375 0.6359375 0.00912109374999992 0.008613281249999938
0 0.8515234375 0.6294140625 0.010605468749999902 0.00699218750000008
0 0.8499609375 0.6558984375 0.012753906249999947 0.012285156249999929
0 0.82427734375 0.6703125 0.008906249999999893 0.009257812500000018
0 0.8473046875 0.67232421875 0.009882812499999893 0.012773437499999929
0 0.7980078125 0.66931640625 0.006582031250000009 0.008027343750000027
0 0.77044921875 0.6682421875 0.00650390625000008 0.007832031249999982
0 0.78001953125 0.676796875 0.010800781249999947 0.00894531250000008
0 0.7382421875 0.62294921875 0.010996093749999991 0.013281249999999911
0 0.6762890625 0.66435546875 0.011738281249999982 0.01107421874999992
0 0.6951171875 0.65927734375 0.009765625 0.013398437500000027
0 0.69896484375 0.66826171875 0.007949218750000098 0.008613281249999938
0 0.711484375 0.67021484375 0.01025390625 0.011054687499999938
0 0.721640625 0.63546875 0.008925781250000098 0.007910156249999911
0 0.73970703125 0.6442578125 0.007949218750000098 0.009082031249999956
0 0.730078125 0.6627734375 0.009765625 0.009003906250000027
0 0.74212890625 0.6612109375 0.008066406249999991 0.010566406249999938
0 0.74935546875 0.65857421875 0.009238281250000036 0.010371093749999893
0 0.7500390625 0.6776171875 0.01138671875000008 0.010566406249999938
0 0.718359375 0.6869921875 0.009765625 0.012128906250000071
0 0.69056640625 0.70072265625 0.008066406249999991 0.00912109374999992
0 0.6681640625 0.6996875 0.012499999999999956 0.013300781249999893
0 0.67943359375 0.69392578125 0.015488281249999902 0.014667968749999982
0 0.6111328125 0.678984375 0.006640624999999956 0.008242187500000053
0 0.62123046875 0.70556640625 0.01041015625000008 0.010234375000000018
0 0.62935546875 0.70126953125 0.013417968750000009 0.014140625000000018
0 0.65318359375 0.68734375 0.007949218750000098 0.008164062499999902
0 0.64341796875 0.688203125 0.00716796874999992 0.007519531250000044
0 0.7629296875 0.70462890625 0.012968749999999973 0.011601562500000107
0 0.804375 0.71890625 0.01058593749999992 0.01318359375
0 0.8090625 0.7332421875 0.00830078125 0.012734374999999964
0 0.796953125 0.73841796875 0.009531249999999991 0.013535156249999902
0 0.7583984375 0.75482421875 0.010761718749999982 0.014589843750000053
0 0.75927734375 0.766484375 0.016777343750000062 0.014589843750000053
0 0.77591796875 0.752265625 0.014570312500000071 0.013710937499999964
0 0.70888671875 0.7763671875 0.007070312500000009 0.008417968749999893
0 0.723359375 0.79013671875 0.014824218750000062 0.011601562500000107
0 0.723359375 0.77689453125 0.012714843749999982 0.009492187500000027
0 0.74224609375 0.77134765625 0.010234375000000018 0.01107421874999992
0 0.7697265625 0.7774609375 0.012480468749999973 0.0073632812499999645
0 0.7860546875 0.77505859375 0.010976562500000009 0.01333984375000008
0 0.80537109375 0.77541015625 0.01187500000000008 0.012246093749999964
0 0.82919921875 0.72953125 0.010390625000000098 0.018124999999999947
0 0.842265625 0.7255859375 0.01138671875000008 0.012031249999999938
0 0.869375 0.7244921875 0.013476562499999956 0.011035156249999956
0 0.88984375 0.69037109375 0.011191406250000036 0.012304687499999911
0 0.8976171875 0.6977734375 0.011191406250000036 0.010332031249999929
0 0.9001953125 0.6862109375 0.012265624999999947 0.014433593749999973
0 0.9316796875 0.66283203125 0.01529296875000008 0.021269531249999973
0 0.92267578125 0.6624609375 0.014531250000000107 0.01416015625
0 0.9001171875 0.6719921875 0.014824218750000062 0.013242187499999947
0 0.92751953125 0.638359375 0.012949218749999991 0.011093749999999902
0 0.938203125 0.6369921875 0.008437500000000098 0.007792968750000018
0 0.94720703125 0.62419921875 0.012558593749999902 0.012910156250000027
0 0.9828515625 0.609296875 0.008535156250000009 0.009003906250000027
0 0.97015625 0.64232421875 0.009042968749999991 0.0087890625
0 0.98751953125 0.68208984375 0.007636718749999938 0.008808593749999982
0 0.97556640625 0.68240234375 0.006621093749999973 0.009394531249999893
0 0.9696875 0.69072265625 0.009941406250000062 0.009199218750000071
0 0.98189453125 0.7141796875 0.008437500000000098 0.009687500000000071
0 0.94283203125 0.75177734375 0.013457031249999973 0.01138671875000008
0 0.95623046875 0.7440625 0.009531249999999991 0.011601562500000107
0 0.95583984375 0.7571484375 0.011152343750000071 0.011894531250000062
0 0.9638671875 0.8244921875 0.010078124999999938 0.010820312499999929
0 0.95783203125 0.8466796875 0.013691406249999982 0.020781249999999973
0 0.924609375 0.8430078125 0.00765624999999992 0.01041015625000008
0 0.97646484375 0.85388671875 0.013496093749999938 0.011621093750000089
0 0.903046875 0.8876171875 0.008652343749999902 0.00960937499999992
0 0.9162890625 0.87884765625 0.010371093749999893 0.012636718750000053
0 0.82783203125 0.834296875 0.007382812499999947 0.009550781249999973
0 0.7481640625 0.91591796875 0.012636718750000053 0.014765624999999893
0 0.77076171875 0.87841796875 0.00912109374999992 0.009296874999999982
0 0.76501953125 0.9131640625 0.008886718749999911 0.008574218749999973
0 0.787734375 0.93109375 0.010761718749999982 0.009316406249999964
0 0.79955078125 0.93197265625 0.010527343749999973 0.011757812499999964
0 0.77923828125 0.9658984375 0.012753906249999947 0.015019531250000107
0 0.80640625 0.9483984375 0.009472656250000044 0.011640625000000071
0 0.85609375 0.8931640625 0.01123046875 0.012109375000000089
0 0.8268359375 0.92078125 0.008886718749999911 0.011171875000000053
0 0.8230859375 0.9083203125 0.007343749999999982 0.00765624999999992
0 0.8332421875 0.9012109375 0.012519531249999938 0.00796875000000008
0 0.91640625 0.91181640625 0.010488281250000009 0.009082031249999956
0 0.9825390625 0.883203125 0.012089843750000107 0.011523437499999956
0 0.9243359375 0.70306640625 0.01171875 0.010761718749999982
0 0.87171875 0.01109375 0.011289062499999947 0.011914062500000003
0 0.46845703125 0.07056640625 0.009121093750000031 0.008398437499999994