0 0.08529296875 0.104453125 0.010019531249999991 0.014335937500000007
0 0.17529296875 0.12564453125 0.0126953125 0.017265625000000007
0 0.184140625 0.14220703125 0.018417968750000013 0.021093750000000022
0 0.06125 0.1558203125 0.016249999999999987 0.01587890624999999
0 0.03158203125 0.42857421875 0.0198046875 0.01880859374999999
0 0.22076171875 0.68072265625 0.012617187500000016 0.01570312499999993
0 0.1963671875 0.7164453125 0.010683593749999998 0.009414062500000098
0 0.2196875 0.7169921875 0.01826171874999999 0.016171874999999947
0 0.03314453125 0.7812890625 0.0166796875 0.02382812500000009
0 0.11525390625 0.96404296875 0.01564453125000001 0.022578124999999893
0 0.10728515625 0.98212890625 0.011855468750000014 0.008359374999999947
0 0.01650390625 0.96978515625 0.02205078125 0.022734374999999973
0 0.27361328125 0.73052734375 0.019902343749999996 0.028593749999999973
0 0.2784765625 0.7624609375 0.014375000000000027 0.022148437500000062
0 0.31375 0.7714453125 0.01740234375000005 0.020566406249999947
0 0.2892578125 0.78916015625 0.015996093749999996 0.016542968750000053
0 0.28625 0.8050390625 0.01781250000000001 0.016132812499999982
0 0.309296875 0.81337890625 0.010781249999999964 0.01498046874999992
0 0.33130859375 0.8158203125 0.014179687499999982 0.015175781249999964
0 0.270546875 0.84966796875 0.014902343749999991 0.02466796874999999
0 0.42400390625 0.06994140625 0.020859375000000013 0.017187499999999994
0 0.68369140625 0.94544921875 0.01699218750000009 0.020800781249999956
0 0.65115234375 0.98220703125 0.010117187499999902 0.016542968750000053
0 0.66046875 0.99400390625 0.015312500000000062 0.011992187499999973
0 0.010468749999999999 0.3655078125 0.02091796875 0.03068359374999996