0 0.52759765625 0.01396484375 0.010800781249999947 0.010371093749999998
0 0.5440625 0.01298828125 0.009374999999999911 0.009140625
0 0.53525390625 0.02001953125 0.007851562499999964 0.010000000000000002
0 0.52517578125 0.02791015625 0.010039062499999973 0.013730468750000002
0 0.52712890625 0.046953125 0.008808593749999982 0.013906249999999995
0 0.5440625 0.0262890625 0.009374999999999911 0.00931640625
0 0.55455078125 0.03154296875 0.009082031249999956 0.010664062500000002
0 0.565546875 0.04048828125 0.00927734375 0.0107421875
0 0.5363671875 0.05240234375 0.011777343749999947 0.0133203125
0 0.51927734375 0.0767578125 0.008046875000000009 0.008652343750000013
0 0.5516796875 0.07890625 0.013691406249999982 0.01466796875000001
0 0.460859375 0.01951171875 0.012343749999999987 0.011835937499999998
0 0.42474609375 0.0560546875 0.009003906250000027 0.009140625
0 0.37685546875 0.037578125 0.011386718749999969 0.012402343750000003
0 0.44953125 0.08953125 0.009179687499999978 0.009492187499999999
0 0.4661328125 0.09748046875 0.009667968749999978 0.010468749999999999
0 0.44072265625 0.11919921875 0.010527343749999973 0.011445312499999999
0 0.40603515625 0.12513671875 0.010624999999999996 0.009531249999999991
0 0.39220703125 0.13615234375 0.010722656250000018 0.012031249999999993
0 0.3889453125 0.1494921875 0.010722656250000018 0.012558593750000013
0 0.42265625 0.16490234375 0.009453124999999951 0.009003906250000027
0 0.67177734375 0.03990234375 0.011347656249999893 0.012246093749999992
0 0.67 0.05482421875 0.011464843750000009 0.012109375000000006
0 0.64775390625 0.03125 0.0087890625 0.006855468749999996
0 0.60576171875 0.12701171875 0.010546874999999956 0.014414062499999991
0 0.02072265625 0.030644531250000002 0.01109375 0.010957031249999999
0 0.02544921875 0.04158203125 0.010000000000000002 0.009746093750000004
0 0.037265625 0.040546875 0.010546874999999997 0.012285156249999998
0 0.26826171875 0.00203125 0.010878906249999987 0.0040625
0 0.11091796875 0.1290234375 0.012089843749999996 0.009843749999999984
0 0.10892578125 0.13923828125 0.010781249999999992 0.010058593750000011
0 0.099375 0.148359375 0.004843750000000008 0.00630859374999998
0 0.1170703125 0.146875 0.009902343749999987 0.013242187500000002
0 0.13828125 0.15384765625 0.010117187500000013 0.009394531250000004
0 0.15849609375 0.13626953125 0.010996093749999991 0.011152343750000016
0 0.15724609375 0.14736328125 0.009121093749999976 0.009609374999999976
0 0.16828125 0.15 0.009453125000000007 0.010937499999999989
0 0.0738671875 0.1771484375 0.009902343750000014 0.013124999999999998
0 0.0125390625 0.20771484375 0.01517578125 0.012226562499999982
0 0.06572265625 0.19859375 0.010781249999999992 0.012480468749999973
0 0.05626953125 0.20744140625 0.011660156249999998 0.011035156250000011
0 0.05318359375 0.23865234375 0.008476562499999993 0.00830078125
0 0.0633203125 0.25068359375 0.007519531249999989 0.009160156249999996
0 0.4159375 0.2695703125 0.010195312500000053 0.007656250000000031
0 0.48951171875 0.2161328125 0.012441406250000009 0.010683593749999998
0 0.49880859375 0.18201171875 0.007187499999999902 0.008984374999999989
0 0.5141015625 0.1714453125 0.012656250000000036 0.010390624999999987
0 0.522890625 0.18126953125 0.012226562499999982 0.011347656250000004
0 0.5040625 0.27912109375 0.008691406250000089 0.009375000000000022
0 0.50197265625 0.29576171875 0.007734375000000071 0.010449218750000044
0 0.5109765625 0.30826171875 0.007734375000000071 0.007753906250000053
0 0.52482421875 0.29220703125 0.012226562499999982 0.012382812499999951
0 0.535234375 0.278046875 0.009882812499999893 0.012382812499999951
0 0.5471484375 0.27837890625 0.006660156249999938 0.010449218750000044
0 0.5303515625 0.22015625 0.009765625 0.01314453124999998
0 0.54189453125 0.219140625 0.007734375000000071 0.013046875000000013
0 0.529765625 0.1583984375 0.009238281250000036 0.009414062499999987
0 0.5543359375 0.164609375 0.0107421875 0.011542968749999993
0 0.568125 0.1721875 0.011914062500000044 0.01314453124999998
0 0.57044921875 0.1457421875 0.014589843750000053 0.015000000000000013
0 0.5834375 0.1444921875 0.009667968750000089 0.013164062500000018
0 0.5928125 0.14583984375 0.008476562500000062 0.011347656250000004
0 0.62234375 0.16681640625 0.008261718750000036 0.008867187499999984
0 0.41654296875 0.13876953125 0.013945312499999973 0.011992187499999973
0 0.59087890625 0.1917578125 0.012343750000000098 0.013671875
0 0.598984375 0.20302734375 0.009882812499999893 0.011738281249999982
0 0.59265625 0.20763671875 0.01009765624999992 0.010664062500000016
0 0.568515625 0.20818359375 0.012011718749999956 0.013027343749999976
0 0.55755859375 0.22697265625 0.012011718749999956 0.013886718750000027
0 0.56453125 0.2326953125 0.007949218750000098 0.00927734375
0 0.5780078125 0.23736328125 0.011054687499999938 0.007656249999999976
0 0.58857421875 0.23908203125 0.009667968750000089 0.012382812500000007
0 0.57345703125 0.25298828125 0.010312499999999947 0.011855468749999987
0 0.58513671875 0.26560546875 0.013085937500000089 0.011953125000000009
0 0.60591796875 0.288671875 0.012773437499999929 0.015585937500000036
0 0.6228125 0.29466796875 0.007304687500000018 0.009570312499999956
0 0.6463671875 0.2961328125 0.009335937499999947 0.009902343749999987
0 0.64251953125 0.24898437500000004 0.011914062500000044 0.012832031249999987
0 0.65228515625 0.2464453125 0.006328125000000018 0.006484374999999987
0 0.65244140625 0.23419921875 0.008671875000000107 0.009511718750000009
0 0.66591796875 0.24095703125 0.009589843749999938 0.011210937500000018
0 0.658359375 0.2753515625 0.0063085937500000355 0.01066406249999996
0 0.77064453125 0.15322265625 0.009453125000000062 0.009902343749999987
0 0.73595703125 0.20552734375 0.012792968749999911 0.014726562499999984
0 0.73955078125 0.190078125 0.011582031249999902 0.009023437500000009
0 0.7387109375 0.19833984375 0.009902343750000098 0.007070312500000009
0 0.74955078125 0.18392578125 0.008027343750000027 0.007910156250000022
0 0.75728515625 0.19373046875 0.012324218749999893 0.011835937500000004
0 0.76845703125 0.2024609375 0.010546874999999956 0.009687500000000016
0 0.77658203125 0.198671875 0.008867187499999929 0.009394531250000004
0 0.757109375 0.21220703125 0.011953125000000009 0.01517578125000002
0 0.74310546875 0.2316796875 0.008593749999999956 0.012089843749999996
0 0.7561328125 0.23279296875 0.010546874999999956 0.009843749999999984
0 0.76677734375 0.23091796875 0.008320312499999982 0.009472656249999989
0 0.76513671875 0.2426953125 0.010078124999999938 0.010585937499999976
0 0.74716796875 0.25650390625 0.010371093749999893 0.009082031249999956
0 0.7339453125 0.257578125 0.00765624999999992 0.007304687500000018
0 0.7475390625 0.2659375 0.007382812499999947 0.008886718750000022
0 0.77140625 0.25556640625 0.013066406250000107 0.011699218750000018
0 0.76 0.26244140625 0.008222656250000071 0.008046875000000009
0 0.78326171875 0.24595703125 0.011015624999999973 0.00927734375
0 0.8321875 0.27029296875 0.010273437499999982 0.010292968749999964
0 0.8472265625 0.27298828125 0.008964843750000062 0.01123046875
0 0.854140625 0.2879296875 0.008222656250000071 0.008613281250000049
0 0.75314453125 0.27751953125 0.00960937499999992 0.011874999999999969
0 0.80408203125 0.2865234375 0.008964843750000062 0.011425781250000044
0 0.7846484375 0.289609375 0.010468750000000027 0.010859375000000004
0 0.79244140625 0.3373828125 0.01652343750000007 0.01837890625000005
0 0.77412109375 0.33103515625 0.009648437500000107 0.012324218750000004
0 0.77619140625 0.305703125 0.00716796874999992 0.007070312500000009
0 0.711953125 0.33990234375 0.011699218750000018 0.010214843750000036
0 0.71607421875 0.35216796875 0.015019531250000107 0.011582031250000013
0 0.7580078125 0.351953125 0.010468750000000027 0.008691406249999978
0 0.7673828125 0.358359375 0.009355468749999929 0.009101562500000049
0 0.77646484375 0.3452734375 0.006894531249999947 0.011035156249999956
0 0.8275 0.3528515625 0.012265624999999947 0.01130859375000004
0 0.846640625 0.33943359375 0.010878906250000098 0.010078125000000049
0 0.86158203125 0.32896484375 0.011835937499999893 0.010644531249999978
0 0.0061328125 0.2515234375 0.01046875 0.010507812499999991
0 0.01318359375 0.2581640625 0.010058593749999997 0.010507812499999991
0 0.00935546875 0.2663671875 0.007246093749999998 0.009394531250000004
0 0.03171875 0.26783203125 0.01087890625 0.009296874999999982
0 0.029042968750000002 0.27552734375 0.014589843749999998 0.012011718749999956
0 0.02263671875 0.283515625 0.00994140625 0.011035156249999956
0 0.01287109375 0.31064453125 0.009121093750000003 0.016796875000000044
0 0.04595703125 0.3217578125 0.007070312499999995 0.006582031250000009
0 0.05048828125 0.32673828125 0.008242187499999998 0.008671874999999996
0 0.05716796875 0.33845703125 0.01025390625 0.011113281249999996
0 0.06892578125 0.33921875 0.009160156249999996 0.010156249999999978
0 0.0417578125 0.2780078125 0.007636718750000007 0.013554687499999996
0 0.08169921875 0.27369140625 0.006425781250000012 0.008535156250000009
0 0.09 0.29037109375 0.015332031249999989 0.013398437500000027
0 0.10916015625 0.296796875 0.007910156249999994 0.009667968749999978
0 0.07951171875 0.32185546875 0.009238281250000008 0.008320312499999982
0 0.08142578125 0.3330859375 0.00734375000000001 0.009082031249999956
0 0.0531640625 0.35158203125 0.0074414062500000044 0.007187500000000013
0 0.07904296875 0.35125 0.00828124999999999 0.010527343749999973
0 0.095 0.34052734375 0.00876953124999999 0.010234375000000018
0 0.111484375 0.32333984375 0.008574218750000001 0.009589843750000049
0 0.1177734375 0.31138671875 0.009726562500000008 0.011406249999999951
0 0.147890625 0.28599609375 0.010488281250000009 0.011503906249999973
0 0.053828125 0.37994140625 0.011054687500000007 0.011289062499999947
0 0.04578125 0.39236328125 0.012675781250000004 0.010429687499999951
0 0.03029296875 0.4094140625 0.0097265625 0.009082031249999956
0 0.0596484375 0.42671875 0.008964843750000007 0.012226562499999982
0 0.0180859375 0.44396484375 0.01109375 0.011035156249999956
0 0.01109375 0.455703125 0.006308593750000001 0.009414062499999987
0 0.0441796875 0.461015625 0.008027343749999999 0.00830078125
0 0.04998046875 0.44984375 0.011425781250000003 0.009511718750000009
0 0.38509765625 0.35154296875 0.00935546875000004 0.007031250000000044
0 0.3490625 0.3823828125 0.008437499999999987 0.011914062500000044
0 0.4634375 0.35849609375 0.007988281249999951 0.008632812500000031
0 0.47015625 0.367734375 0.0063867187499999645 0.010683593750000053
0 0.5040234375 0.36681640625 0.009804687499999964 0.008847656249999947
0 0.5276953125 0.39646484375 0.008554687499999991 0.006562500000000027
0 0.4820703125 0.357109375 0.014472656250000049 0.01749999999999996
0 0.48373046875 0.36931640625 0.013007812500000049 0.010410156249999969
0 0.5659375 0.333984375 0.010488281250000009 0.011582031250000013
0 0.57404296875 0.32771484375 0.01025390625 0.010000000000000009
0 0.58236328125 0.323828125 0.010488281250000009 0.009082031249999956
0 0.5819140625 0.335 0.013691406249999982 0.010898437499999969
0 0.59501953125 0.34126953125 0.015273437500000098 0.012499999999999956
0 0.588984375 0.37689453125 0.011406250000000062 0.011894531249999951
0 0.58123046875 0.398515625 0.010937500000000044 0.01066406249999996
0 0.59548828125 0.4007421875 0.009355468749999929 0.010312499999999947
0 0.56064453125 0.43568359375 0.007421874999999911 0.008359374999999947
0 0.5677734375 0.44599609375 0.008671875000000107 0.0077734375000000355
0 0.57740234375 0.4458203125 0.006718750000000107 0.010859375000000004
0 0.588515625 0.43669921875 0.010488281250000009 0.010410156249999969
0 0.58048828125 0.4654296875 0.011523437499999956 0.011757812499999964
0 0.6296875 0.35326171875 0.009355468749999929 0.009101562500000049
0 0.6382421875 0.35005859375 0.010039062499999973 0.010917968749999951
0 0.63955078125 0.37041015625 0.007871093749999947 0.008515625000000027
0 0.699140625 0.4321484375 0.012089843750000107 0.010859375000000004
0 0.70244140625 0.41966796875 0.007753906250000053 0.011210937500000018
0 0.716015625 0.37640625 0.007519531250000044 0.010214843750000036
0 0.71708984375 0.3869921875 0.009003906250000027 0.012265624999999947
0 0.71509765625 0.3969140625 0.009804687499999964 0.010214843750000036
0 0.7098046875 0.40775390625 0.013574218750000089 0.012714843749999982
0 0.723203125 0.434765625 0.009570312499999956 0.00927734375
0 0.73095703125 0.3798828125 0.015507812500000107 0.015117187500000018
0 0.72861328125 0.4080859375 0.01699218750000009 0.01886718750000005
0 0.7245703125 0.41857421875 0.015058593750000071 0.016582031250000018
0 0.74953125 0.3863671875 0.01847656250000007 0.018535156250000018
0 0.7435546875 0.36978515625 0.011289062499999947 0.012050781250000031
0 0.7655078125 0.390078125 0.012089843750000107 0.012949218749999991
0 0.99453125 0.51927734375 0.010937500000000044 0.01601562500000009
0 0.02615234375 0.56775390625 0.014492187500000003 0.011171875000000053
0 0.0146875 0.58173828125 0.009667968749999999 0.009550781249999973
0 0.0258203125 0.577265625 0.010195312499999998 0.010937500000000044
0 0.0155859375 0.5998828125 0.01548828125 0.02027343749999999
0 0.027050781249999996 0.61046875 0.009335937500000002 0.009550781249999973
0 0.041875 0.5948828125 0.011015625000000001 0.011972656249999991
0 0.03625 0.55091796875 0.010351562499999994 0.009667968750000089
0 0.061484374999999994 0.56521484375 0.010585937500000003 0.01025390625
0 0.010078125 0.6735546875 0.00896484375 0.011289062499999947
0 0.080859375 0.64921875 0.010839843749999994 0.012675781250000018
0 0.18169921875 0.5611328125 0.01509765624999998 0.014941406249999956
0 0.05599609375 0.549609375 0.008124999999999993 0.007089843749999991
0 0.065078125 0.59875 0.009082031250000011 0.007226562500000089
0 0.20658203125 0.58626953125 0.01123046875 0.014511718749999902
0 0.219765625 0.57791015625 0.009667968749999978 0.012128906250000071
0 0.0158203125 0.73421875 0.008007812499999996 0.00732421875
0 0.00298828125 0.7670703125 0.0059765625 0.009980468750000027
0 0.029609375 0.7640234375 0.010507812500000005 0.011777343749999947
0 0.029375 0.7353125 0.007167968750000003 0.009511718750000009
0 0.05349609375 0.729765625 0.012421874999999999 0.014902343749999991
0 0.0480078125 0.75296875 0.011464843749999995 0.009023437500000009
0 0.05732421875 0.74890625 0.014335937500000007 0.013808593750000098
0 0.07296875 0.7590625 0.012656250000000008 0.009746093750000018
0 0.26890625 0.8130078125 0.008925781249999987 0.011445312500000027
0 0.2836328125 0.8295703125 0.010214843750000036 0.013710937499999964
0 0.29251953125 0.831953125 0.012753906249999947 0.011035156249999956
0 0.23697265625 0.846015625 0.01029296875000002 0.009472656250000044
0 0.243515625 0.85359375 0.008925781249999987 0.010175781250000071
0 0.25220703125 0.85080078125 0.007167968750000031 0.010839843749999911
0 0.25912109375 0.84302734375 0.008457031249999969 0.011289062499999947
0 0.276171875 0.84796875 0.010546874999999956 0.014941406249999956
0 0.46375 0.78447265625 0.009316406249999964 0.009980468750000027
0 0.5129296875 0.8212890625 0.012578125000000107 0.015078125000000053
0 0.6076953125 0.82927734375 0.007695312500000107 0.009374999999999911
0 0.62482421875 0.84052734375 0.009199218750000071 0.008164062499999902
0 0.6210546875 0.87021484375 0.009062499999999973 0.009101562499999938
0 0.67921875 0.8771484375 0.010156250000000089 0.010605468749999902
0 0.6941796875 0.878515625 0.0087890625 0.008417968749999893
0 0.53298828125 0.68185546875 0.006582031250000009 0.009394531249999893
0 0.53091796875 0.66341796875 0.009062499999999973 0.009531249999999991
0 0.59265625 0.651484375 0.010703125000000036 0.010371093749999893
0 0.6052734375 0.635703125 0.00960937499999992 0.011757812499999964
0 0.63080078125 0.63056640625 0.011249999999999982 0.012167968750000036
0 0.62640625 0.68119140625 0.010761718749999982 0.010527343749999973
0 0.6475390625 0.6686328125 0.009042968749999991 0.010683593750000053
0 0.65744140625 0.6753515625 0.012949218749999991 0.012871093750000062
0 0.56248046875 0.58576171875 0.011953125000000009 0.013476562499999956
0 0.55912109375 0.57216796875 0.005859375 0.009960937500000044
0 0.5733203125 0.56986328125 0.017597656249999982 0.01880859374999999
0 0.58755859375 0.56943359375 0.007031250000000044 0.009003906250000027
0 0.590546875 0.552109375 0.007890624999999929 0.009550781249999973
0 0.59822265625 0.54736328125 0.009179687500000089 0.01220703125
0 0.69806640625 0.62416015625 0.007890624999999929 0.010917968750000062
0 0.71615234375 0.60908203125 0.008847656249999947 0.008261718750000036
0 0.7343359375 0.61126953125 0.011308593749999929 0.011992187499999973
0 0.99134765625 0.71802734375 0.00894531250000008 0.014238281249999929
0 0.99626953125 0.7664453125 0.007460937500000098 0.011699218750000018
0 0.93783203125 0.803203125 0.008437500000000098 0.009843749999999929
0 0.98767578125 0.79171875 0.015917968749999956 0.008906249999999893
0 0.99578125 0.80802734375 0.008437500000000098 0.008886718749999911
0 0.0078125 0.882109375 0.00830078125 0.009335937499999947
0 0.0438671875 0.905234375 0.008574218750000001 0.008242187500000053
0 0.05529296875 0.909921875 0.0069335937499999944 0.00863281249999992
0 0.19232421875 0.9841796875 0.006816406250000018 0.008535156250000009
0 0.19140625 0.9951171875 0.01171875 0.009765625
0 0.20533203125 0.9944140625 0.012421875000000027 0.011171875000000053
0 0.220234375 0.99416015625 0.010546875000000011 0.008613281249999938
0 0.23044921875 0.9982421875 0.011582031250000013 0.003496093749999929
0 0.25572265625 0.99416015625 0.012089843749999996 0.011679687500000036
0 0.225078125 0.96064453125 0.012089843749999996 0.010000000000000009
0 0.22615234375 0.93640625 0.009609374999999976 0.011542968749999938
0 0.23615234375 0.95341796875 0.010722656250000018 0.01187500000000008
0 0.23947265625 0.9680078125 0.009199218750000016 0.010917968750000062
0 0.2883984375 0.954140625 0.010546874999999956 0.010761718749999982
0 0.300859375 0.95953125 0.008417968750000004 0.009824218749999947
0 0.303125 0.941328125 0.008339843749999964 0.009160156250000107
0 0.31291015625 0.94388671875 0.007480468749999969 0.008124999999999938
0 0.32728515625 0.94923828125 0.008671874999999996 0.007617187499999956
0 0.32021484375 0.92814453125 0.012929687500000009 0.012402343750000044
0 0.52884765625 0.88953125 0.007910156249999911 0.009941406250000062
0 0.540546875 0.89369140625 0.009550781249999973 0.010839843749999911
0 0.53560546875 0.9064453125 0.009550781249999973 0.013632812500000036
0 0.54158203125 0.91720703125 0.008164062499999902 0.006953124999999893
0 0.52453125 0.92203125 0.00667968749999992 0.006230468750000107
0 0.5290625 0.93025390625 0.008808593749999982 0.008847656249999947
0 0.52720703125 0.93837890625 0.010546874999999956 0.008769531250000018
0 0.5221875 0.9474609375 0.007421874999999911 0.009667968750000089
0 0.5168359375 0.96361328125 0.010546874999999956 0.014277343749999893
0 0.5932421875 0.9245703125 0.009140624999999902 0.009355468749999929
0 0.584140625 0.942109375 0.009218750000000053 0.008847656249999947
0 0.5950390625 0.94369140625 0.007832031249999982 0.010000000000000009
0 0.6062890625 0.9526171875 0.007089843749999991 0.006621093749999973
0 0.61501953125 0.9519140625 0.006757812500000071 0.007695312500000107
0 0.60056640625 0.97263671875 0.010957031250000027 0.011582031249999902
0 0.62169921875 0.9835546875 0.008242187500000053 0.010175781250000071
0 0.6276171875 0.997265625 0.009218750000000053 0.005468749999999911
0 0.82650390625 0.96236328125 0.009804687499999964 0.011054687499999938
0 0.837890625 0.99548828125 0.011914062500000044 0.009003906250000027
0 0.8765625 0.986640625 0.009003906250000027 0.009589843749999938
0 0.8794140625 0.99728515625 0.010722656250000018 0.005429687499999947
0 0.834453125 0.9358203125 0.009003906250000027 0.009628906249999902
0 0.88888671875 0.96818359375 0.01138671875000008 0.010000000000000009
0 0.88849609375 0.980234375 0.009003906250000027 0.008671875000000107
0 0.91412109375 0.98486328125 0.011777343749999947 0.014746093749999911
0 0.92609375 0.98439453125 0.009531249999999991 0.01302734374999992
0 0.92021484375 0.99609375 0.011249999999999982 0.0078125
0 0.93828125 0.97685546875 0.010058593749999956 0.012246093749999964
0 0.2805859375 0.46638671875 0.013359374999999951 0.009980468750000027
0 0.11130859375 0.50421875 0.013906250000000009 0.016542968750000053
0 0.78640625 0.4456640625 0.010273437499999982 0.009667968749999978
0 0.01837890625 0.22193359375 0.013242187500000002 0.011386718750000024