0 0.04296875 0.033203125 0.01953125 0.021484375
0 0.0732421875 0.0537109375 0.017578125 0.013671875
0 0.0322265625 0.138671875 0.025390625 0.015625
0 0.0224609375 0.1650390625 0.015625 0.013671875
0 0.025390625 0.177734375 0.017578125 0.013671875
0 0.0087890625 0.15234375 0.017578125 0.013671875
0 0.380859375 0.18359375 0.009765625 0.013671875
0 0.3974609375 0.248046875 0.015625 0.01953125
0 0.673828125 0.201171875 0.025390625 0.017578125
0 0.716796875 0.28125 0.013671875 0.015625
0 0.8525390625 0.0458984375 0.01953125 0.0234375
0 0.658203125 0.3046875 0.021484375 0.015625
0 0.6796875 0.3173828125 0.015625 0.021484375
0 0.7783203125 0.35546875 0.01953125 0.015625
0 0.73828125 0.33203125 0.017578125 0.01171875
0 0.8427734375 0.2958984375 0.021484375 0.01171875
0 0.9248046875 0.3486328125 0.017578125 0.01171875
0 0.5263671875 0.1318359375 0.015625 0.015625
0 0.90625 0.4111328125 0.033203125 0.01953125
0 0.9375 0.5400390625 0.009765625 0.017578125
0 0.744140625 0.494140625 0.01953125 0.01171875
0 0.9658203125 0.55859375 0.0234375 0.021484375
0 0.931640625 0.564453125 0.01953125 0.01171875
0 0.8837890625 0.568359375 0.015625 0.01171875
0 0.044921875 0.3291015625 0.025390625 0.017578125
0 0.8955078125 0.6298828125 0.029296875 0.0234375
0 0.8251953125 0.671875 0.025390625 0.017578125
0 0.87109375 0.6708984375 0.021484375 0.017578125
0 0.8828125 0.6484375 0.025390625 0.02734375
0 0.8896484375 0.7216796875 0.03515625 0.02734375
0 0.9267578125 0.6923828125 0.015625 0.01953125
0 0.9658203125 0.794921875 0.02734375 0.01953125
0 0.9833984375 0.759765625 0.025390625 0.013671875
0 0.974609375 0.7392578125 0.0234375 0.015625
0 0.84765625 0.5234375 0.01171875 0.0234375
0 0.796875 0.4521484375 0.017578125 0.0234375
0 0.595703125 0.439453125 0.01171875 0.021484375
0 0.591796875 0.287109375 0.013671875 0.009765625
0 0.59765625 0.5595703125 0.015625 0.017578125
0 0.5986328125 0.80078125 0.0078125 0.0078125
0 0.6201171875 0.8662109375 0.021484375 0.01953125
0 0.6103515625 0.9140625 0.01171875 0.015625
0 0.6328125 0.8115234375 0.013671875 0.009765625
0 0.3193359375 0.759765625 0.01953125 0.017578125
0 0.3046875 0.76953125 0.01171875 0.013671875
0 0.326171875 0.8369140625 0.013671875 0.015625
0 0.4638671875 0.8359375 0.01171875 0.0078125
0 0.509765625 0.8515625 0.015625 0.013671875
0 0.615234375 0.9833984375 0.009765625 0.013671875
0 0.625 0.91796875 0.01171875 0.009765625
0 0.611328125 0.8984375 0.009765625 0.01171875
0 0.7509765625 0.9853515625 0.01953125 0.015625
0 0.7333984375 0.9501953125 0.01171875 0.009765625
0 0.7919921875 0.99609375 0.01171875 0.0078125
0 0.697265625 0.9287109375 0.009765625 0.01171875
0 0.6533203125 0.947265625 0.0078125 0.005859375
0 0.853515625 0.48828125 0.015625 0.009765625
0 0.970703125 0.60546875 0.015625 0.009765625
0 0.896484375 0.5078125 0.0234375 0.01171875
0 0.94921875 0.6328125 0.01171875 0.01171875
0 0.9365234375 0.658203125 0.017578125 0.017578125
0 0.91796875 0.6484375 0.017578125 0.017578125
0 0.994140625 0.548828125 0.01171875 0.02734375
0 0.8056640625 0.4267578125 0.021484375 0.021484375
0 0.6298828125 0.4365234375 0.03125 0.017578125
0 0.6123046875 0.5029296875 0.029296875 0.0234375
0 0.2822265625 0.763671875 0.01171875 0.0078125
0 0.6650390625 0.0732421875 0.0234375 0.02734375