0 0.3134765625 0.96875 0.025390625 0.01953125
0 0.375 0.9072265625 0.021484375 0.015625
0 0.4091796875 0.94921875 0.01953125 0.015625
0 0.4189453125 0.916015625 0.025390625 0.02734375
0 0.4541015625 0.935546875 0.021484375 0.0234375
0 0.4921875 0.8994140625 0.0234375 0.01953125
0 0.521484375 0.91015625 0.01953125 0.01953125
0 0.51953125 0.9814453125 0.0234375 0.0234375
0 0.5400390625 0.9931640625 0.017578125 0.013671875
0 0.5498046875 0.974609375 0.01953125 0.015625
0 0.55859375 0.94140625 0.01171875 0.015625
0 0.5322265625 0.875 0.021484375 0.015625
0 0.5498046875 0.845703125 0.029296875 0.025390625
0 0.7177734375 0.978515625 0.01953125 0.015625
0 0.669921875 0.791015625 0.013671875 0.01953125
0 0.7333984375 0.7421875 0.0234375 0.021484375
0 0.724609375 0.716796875 0.01953125 0.021484375
0 0.708984375 0.6796875 0.021484375 0.01953125
0 0.6328125 0.6806640625 0.017578125 0.01171875
0 0.8359375 0.8349609375 0.017578125 0.015625
0 0.9619140625 0.9189453125 0.02734375 0.021484375
0 0.955078125 0.671875 0.021484375 0.01953125
0 0.9921875 0.666015625 0.015625 0.01953125
0 0.8916015625 0.5654296875 0.017578125 0.009765625
0 0.8037109375 0.546875 0.01953125 0.015625
0 0.8916015625 0.38671875 0.025390625 0.015625
0 0.8291015625 0.34765625 0.02734375 0.021484375
0 0.96875 0.3671875 0.015625 0.015625
0 0.9736328125 0.328125 0.021484375 0.021484375
0 0.9482421875 0.31640625 0.01953125 0.0234375
0 0.951171875 0.2890625 0.021484375 0.01953125
0 0.97265625 0.283203125 0.021484375 0.01953125
0 0.99609375 0.30859375 0.0078125 0.017578125
0 0.8125 0.1630859375 0.021484375 0.01953125
0 0.8291015625 0.1376953125 0.025390625 0.01953125
0 0.798828125 0.115234375 0.0234375 0.021484375
0 0.77734375 0.5576171875 0.01953125 0.0234375
0 0.685546875 0.427734375 0.029296875 0.01953125
0 0.6806640625 0.3720703125 0.0234375 0.021484375
0 0.65234375 0.37890625 0.025390625 0.01953125
0 0.7578125 0.3125 0.029296875 0.029296875
0 0.734375 0.283203125 0.021484375 0.01953125
0 0.6025390625 0.3330078125 0.017578125 0.021484375
0 0.6240234375 0.3310546875 0.021484375 0.015625
0 0.6376953125 0.3583984375 0.025390625 0.013671875
0 0.6298828125 0.2880859375 0.0234375 0.015625
0 0.595703125 0.4892578125 0.01953125 0.017578125
0 0.572265625 0.525390625 0.017578125 0.01953125
0 0.53515625 0.494140625 0.025390625 0.01953125
0 0.6552734375 0.275390625 0.029296875 0.017578125
0 0.7353515625 0.1845703125 0.009765625 0.015625
0 0.724609375 0.2451171875 0.025390625 0.017578125