0 0.044921875 0.244140625 0.015625 0.009765625
0 0.1103515625 0.232421875 0.015625 0.015625
0 0.2109375 0.1279296875 0.01171875 0.01171875
0 0.2119140625 0.1689453125 0.013671875 0.01171875
0 0.20703125 0.18359375 0.013671875 0.013671875
0 0.2021484375 0.2431640625 0.013671875 0.01171875
0 0.2236328125 0.267578125 0.01171875 0.013671875
0 0.2060546875 0.2890625 0.01171875 0.013671875
0 0.23046875 0.17578125 0.01171875 0.009765625
0 0.2451171875 0.2197265625 0.009765625 0.013671875
0 0.2490234375 0.2470703125 0.013671875 0.009765625
0 0.2421875 0.306640625 0.01171875 0.01171875
0 0.228515625 0.2783203125 0.01953125 0.01171875
0 0.220703125 0.2998046875 0.013671875 0.01171875
0 0.19140625 0.2841796875 0.01171875 0.009765625
0 0.1875 0.3330078125 0.01171875 0.0078125
0 0.2978515625 0.1376953125 0.013671875 0.015625
0 0.3056640625 0.1474609375 0.01953125 0.021484375
0 0.318359375 0.107421875 0.015625 0.013671875
0 0.2646484375 0.1748046875 0.01171875 0.01171875
0 0.2841796875 0.2001953125 0.017578125 0.017578125
0 0.2509765625 0.265625 0.01171875 0.01171875
0 0.265625 0.259765625 0.009765625 0.009765625
0 0.279296875 0.26171875 0.0078125 0.013671875
0 0.28515625 0.2744140625 0.015625 0.017578125
0 0.2880859375 0.25 0.013671875 0.015625
0 0.283203125 0.302734375 0.009765625 0.009765625
0 0.2890625 0.3134765625 0.013671875 0.009765625
0 0.2998046875 0.3125 0.01171875 0.013671875
0 0.28515625 0.328125 0.01171875 0.01171875
0 0.330078125 0.3291015625 0.01171875 0.01171875
0 0.330078125 0.2529296875 0.009765625 0.01171875
0 0.341796875 0.2998046875 0.009765625 0.009765625
0 0.3916015625 0.296875 0.01171875 0.015625
0 0.390625 0.3095703125 0.015625 0.013671875
0 0.4091796875 0.302734375 0.017578125 0.015625
0 0.353515625 0.3125 0.009765625 0.009765625
0 0.33984375 0.3486328125 0.01171875 0.01171875
0 0.3837890625 0.326171875 0.013671875 0.01171875
0 0.37109375 0.33203125 0.009765625 0.017578125
0 0.3818359375 0.3642578125 0.017578125 0.01171875
0 0.4150390625 0.3671875 0.009765625 0.009765625
0 0.3984375 0.408203125 0.01953125 0.01171875
0 0.4052734375 0.416015625 0.009765625 0.017578125
0 0.4208984375 0.4140625 0.015625 0.01171875
0 0.416015625 0.4033203125 0.01171875 0.01171875
0 0.3740234375 0.29296875 0.02734375 0.013671875
0 0.4345703125 0.3955078125 0.009765625 0.013671875
0 0.443359375 0.400390625 0.009765625 0.0078125
0 0.439453125 0.427734375 0.015625 0.017578125
0 0.4404296875 0.4423828125 0.01171875 0.009765625
0 0.4306640625 0.4384765625 0.01171875 0.009765625
0 0.4189453125 0.4375 0.015625 0.013671875
0 0.396484375 0.4609375 0.01171875 0.015625
0 0.4228515625 0.494140625 0.01171875 0.015625
0 0.4482421875 0.4736328125 0.009765625 0.01171875
0 0.45703125 0.484375 0.009765625 0.017578125
0 0.4658203125 0.4765625 0.015625 0.01171875
0 0.4638671875 0.4951171875 0.0078125 0.01171875
0 0.4482421875 0.4921875 0.01171875 0.015625
0 0.4296875 0.517578125 0.015625 0.017578125
0 0.453125 0.53515625 0.01171875 0.017578125
0 0.435546875 0.5556640625 0.017578125 0.015625
0 0.44140625 0.56640625 0.015625 0.015625
0 0.466796875 0.556640625 0.009765625 0.01171875
0 0.4873046875 0.5693359375 0.009765625 0.015625
0 0.4814453125 0.5830078125 0.015625 0.015625
0 0.498046875 0.591796875 0.01171875 0.0234375
0 0.4912109375 0.431640625 0.017578125 0.015625
0 0.525390625 0.376953125 0.01171875 0.013671875
0 0.341796875 0.1513671875 0.009765625 0.009765625
0 0.3623046875 0.1337890625 0.009765625 0.01171875
0 0.4609375 0.05078125 0.013671875 0.013671875
0 0.4541015625 0.1611328125 0.009765625 0.013671875
0 0.4638671875 0.166015625 0.013671875 0.015625
0 0.4755859375 0.1474609375 0.01171875 0.01171875
0 0.5009765625 0.134765625 0.01171875 0.01171875
0 0.5068359375 0.123046875 0.01171875 0.01171875
0 0.521484375 0.056640625 0.01171875 0.01171875
0 0.5166015625 0.1376953125 0.015625 0.01171875
0 0.572265625 0.17578125 0.01171875 0.01171875
0 0.580078125 0.2255859375 0.009765625 0.01171875
0 0.5595703125 0.2421875 0.0078125 0.009765625
0 0.5537109375 0.265625 0.009765625 0.009765625
0 0.54296875 0.26953125 0.013671875 0.01171875
0 0.572265625 0.2919921875 0.009765625 0.009765625
0 0.5810546875 0.2919921875 0.01171875 0.01171875
0 0.583984375 0.3037109375 0.01171875 0.01171875
0 0.60546875 0.142578125 0.01171875 0.009765625
0 0.6083984375 0.1650390625 0.009765625 0.01171875
0 0.5234375 0.013671875 0.009765625 0.013671875
0 0.6162109375 0.0712890625 0.013671875 0.01171875
0 0.6513671875 0.033203125 0.009765625 0.01171875
0 0.6787109375 0.005859375 0.013671875 0.01171875
0 0.6513671875 0.0732421875 0.015625 0.013671875
0 0.634765625 0.1005859375 0.013671875 0.01171875
0 0.6533203125 0.1044921875 0.009765625 0.0078125
0 0.6640625 0.1591796875 0.009765625 0.0078125
0 0.658203125 0.1748046875 0.0078125 0.009765625
0 0.65234375 0.2158203125 0.009765625 0.009765625
0 0.66015625 0.2294921875 0.0078125 0.009765625
0 0.576171875 0.357421875 0.009765625 0.01171875
0 0.611328125 0.24609375 0.01171875 0.01171875
0 0.6904296875 0.2412109375 0.0234375 0.015625
0 0.712890625 0.216796875 0.009765625 0.01171875
0 0.7294921875 0.2587890625 0.01171875 0.01171875
0 0.6845703125 0.3681640625 0.013671875 0.015625
0 0.765625 0.5234375 0.01171875 0.01171875
0 0.666015625 0.08203125 0.009765625 0.0078125
0 0.68359375 0.029296875 0.01171875 0.01171875
0 0.728515625 0.1279296875 0.017578125 0.01171875
0 0.724609375 0.140625 0.0234375 0.01171875
0 0.70703125 0.03125 0.0078125 0.009765625
0 0.7216796875 0.0126953125 0.009765625 0.009765625
0 0.744140625 0.005859375 0.009765625 0.009765625
0 0.7646484375 0.001953125 0.013671875 0.00390625
0 0.77734375 0.0166015625 0.009765625 0.01171875
0 0.79296875 0.0048828125 0.01171875 0.009765625
0 0.806640625 0.0048828125 0.013671875 0.009765625
0 0.7783203125 0.0966796875 0.009765625 0.01171875
0 0.7890625 0.0771484375 0.009765625 0.01171875
0 0.8212890625 0.0634765625 0.009765625 0.009765625
0 0.853515625 0.1064453125 0.01171875 0.009765625
0 0.857421875 0.1279296875 0.009765625 0.01171875
0 0.6552734375 0.2509765625 0.0078125 0.0078125
0 0.638671875 0.2421875 0.009765625 0.009765625
0 0.6474609375 0.2314453125 0.0078125 0.009765625
0 0.771484375 0.1591796875 0.01171875 0.009765625
0 0.76953125 0.173828125 0.013671875 0.01171875
0 0.80078125 0.240234375 0.015625 0.013671875
0 0.8056640625 0.189453125 0.017578125 0.015625
0 0.794921875 0.2060546875 0.01171875 0.013671875
0 0.80859375 0.2041015625 0.013671875 0.013671875
0 0.822265625 0.1494140625 0.013671875 0.009765625
0 0.8330078125 0.1328125 0.015625 0.009765625
0 0.8642578125 0.166015625 0.009765625 0.009765625
0 0.865234375 0.17578125 0.01953125 0.015625
0 0.8486328125 0.17578125 0.013671875 0.013671875
0 0.85546875 0.1865234375 0.01171875 0.01171875
0 0.86328125 0.2001953125 0.009765625 0.01171875
0 0.8671875 0.224609375 0.01171875 0.01171875
0 0.8623046875 0.24609375 0.009765625 0.009765625
0 0.8759765625 0.244140625 0.01171875 0.01171875
0 0.8876953125 0.2490234375 0.0078125 0.0078125
0 0.880859375 0.25390625 0.013671875 0.009765625
0 0.8828125 0.2646484375 0.01171875 0.01171875
0 0.8955078125 0.255859375 0.01171875 0.0078125
0 0.908203125 0.2587890625 0.009765625 0.013671875
0 0.87890625 0.2841796875 0.009765625 0.009765625
0 0.880859375 0.1982421875 0.005859375 0.013671875
0 0.9072265625 0.2109375 0.01171875 0.01171875
0 0.8720703125 0.142578125 0.017578125 0.013671875
0 0.896484375 0.080078125 0.009765625 0.0078125
0 0.912109375 0.0458984375 0.009765625 0.009765625
0 0.9921875 0.0322265625 0.009765625 0.009765625
0 0.935546875 0.0537109375 0.009765625 0.009765625
0 0.9150390625 0.0703125 0.0078125 0.009765625
0 0.978515625 0.0498046875 0.01171875 0.009765625
0 0.9111328125 0.10546875 0.009765625 0.0078125
0 0.9013671875 0.1220703125 0.01171875 0.009765625
0 0.9345703125 0.138671875 0.015625 0.015625
0 0.95703125 0.1591796875 0.013671875 0.0234375
0 0.9140625 0.1640625 0.013671875 0.01171875
0 0.9970703125 0.0712890625 0.005859375 0.013671875
0 0.9970703125 0.197265625 0.005859375 0.009765625
0 0.9814453125 0.275390625 0.01171875 0.013671875
0 0.955078125 0.302734375 0.0078125 0.01171875
0 0.9404296875 0.478515625 0.009765625 0.009765625
0 0.8916015625 0.1591796875 0.021484375 0.013671875
0 0.1767578125 0.2470703125 0.017578125 0.013671875
0 0.1982421875 0.5458984375 0.017578125 0.01171875
0 0.1455078125 0.5068359375 0.015625 0.01171875
0 0.2431640625 0.580078125 0.015625 0.013671875
0 0.2626953125 0.5673828125 0.01171875 0.0078125
0 0.275390625 0.5771484375 0.009765625 0.01171875
0 0.2978515625 0.580078125 0.01171875 0.013671875
0 0.26953125 0.611328125 0.015625 0.013671875
0 0.2900390625 0.625 0.013671875 0.01171875
0 0.3154296875 0.6103515625 0.01171875 0.01953125
0 0.322265625 0.6396484375 0.013671875 0.01953125
0 0.7412109375 0.2060546875 0.0078125 0.0078125
0 0.826171875 0.0986328125 0.0078125 0.0078125