0 0.7101171875 0.43041015625 0.023144531250000044 0.02130859375000005
0 0.69455078125 0.4533203125 0.015800781250000062 0.01716796875000004
0 0.9619140625 0.88779296875 0.018437500000000107 0.03488281250000003
0 0.9188671875 0.889375 0.015664062499999964 0.017265625000000062
0 0.68046875 0.46888671875 0.018847656249999956 0.01791015625000003
0 0.0056640625 0.45427734375 0.01130859375 0.02261718749999997
0 0.13052734375 0.401484375 0.016015624999999978 0.016972656249999996
0 0.86283203125 0.30158203125 0.014140625000000018 0.016972656249999996
0 0.93775390625 0.20640625 0.018847656249999956 0.02074218750000001
0 0.9259765625 0.3039453125 0.021679687500000044 0.023554687500000004
0 0.91279296875 0.3166796875 0.014140625000000018 0.016972656249999996
0 0.76953125 0.399609375 0.01791015624999992 0.015078125000000053
0 0.902890625 0.5687890625 0.02451171874999991 0.02921875000000007
0 0.82890625 0.63240234375 0.01978515624999999 0.016972656250000107
0 0.96697265625 0.66115234375 0.018847656249999956 0.025449218749999947
0 0.994140625 0.6318359375 0.01171875 0.021484375
0 0.96556640625 0.7756640625 0.021679687500000044 0.02261718750000008
0 0.79025390625 0.8208984375 0.01978515624999999 0.02261718750000008
0 0.90572265625 0.93587890625 0.018847656249999956 0.018847656249999956
0 0.99005859375 0.92740234375 0.01791015624999992 0.02451171874999991
0 0.94248046875 0.82890625 0.013203124999999982 0.012246093749999964
0 0.933515625 0.7940234375 0.014140625000000018 0.014140625000000018
0 0.95001953125 0.86046875 0.00943359375000008 0.013203124999999982
0 0.9971484375 0.901953125 0.005683593749999938 0.02074218750000001
0 0.01791015625 0.80298828125 0.02451171875 0.02261718750000008
0 0.03345703125 0.88734375 0.017910156250000003 0.023554687499999893
0 0.84115234375 0.69271484375 0.01978515624999999 0.02074218750000001
0 0.78271484375 0.90853515625 0.010371093749999893 0.02074218750000001