0 0.025390625 0.0517578125 0.015625 0.01171875
0 0.0771484375 0.05859375 0.021484375 0.025390625
0 0.0419921875 0.1103515625 0.029296875 0.01953125
0 0.0087890625 0.130859375 0.015625 0.015625
0 0.005859375 0.16796875 0.01171875 0.0234375
0 0.0029296875 0.23828125 0.005859375 0.013671875
0 0.0732421875 0.9306640625 0.017578125 0.017578125
0 0.099609375 0.9287109375 0.01953125 0.0234375
0 0.10546875 0.966796875 0.0234375 0.0234375
0 0.09765625 0.994140625 0.025390625 0.01171875
0 0.1875 0.978515625 0.01953125 0.01953125
0 0.2822265625 0.7509765625 0.015625 0.017578125
0 0.3076171875 0.689453125 0.01953125 0.01953125
0 0.4287109375 0.693359375 0.01953125 0.021484375
0 0.4267578125 0.787109375 0.015625 0.013671875
0 0.4111328125 0.8818359375 0.01171875 0.009765625
0 0.4072265625 0.89453125 0.015625 0.009765625
0 0.607421875 0.8837890625 0.021484375 0.015625
0 0.5615234375 0.853515625 0.009765625 0.009765625
0 0.6376953125 0.783203125 0.01953125 0.01953125
0 0.65234375 0.86328125 0.01953125 0.021484375
0 0.732421875 0.6943359375 0.021484375 0.021484375
0 0.7275390625 0.7841796875 0.017578125 0.017578125
0 0.7958984375 0.76953125 0.021484375 0.017578125
0 0.7578125 0.8046875 0.01171875 0.009765625
0 0.75390625 0.728515625 0.015625 0.009765625
0 0.7607421875 0.7421875 0.017578125 0.0078125
0 0.78515625 0.7880859375 0.013671875 0.013671875
0 0.75 0.951171875 0.025390625 0.021484375
0 0.697265625 0.9765625 0.013671875 0.017578125
0 0.7060546875 0.9111328125 0.01953125 0.017578125
0 0.9326171875 0.9765625 0.0234375 0.017578125
0 0.9921875 0.9853515625 0.015625 0.013671875
0 0.9501953125 0.958984375 0.01953125 0.0234375
0 0.966796875 0.955078125 0.021484375 0.021484375
0 0.82421875 0.9951171875 0.01171875 0.009765625
0 0.654296875 0.83984375 0.021484375 0.015625
0 0.6328125 0.849609375 0.009765625 0.013671875