0 0.08294921875 0.5555078125 0.023554687500000004 0.022499999999999964
0 0.10388671875 0.5780078125 0.01832031249999999 0.023554687499999893
0 0.11173828125 0.56021484375 0.01832031249999999 0.019355468749999938
0 0.098125 0.60025390625 0.015175781249999992 0.019882812499999902
0 0.09341796875 0.44298828125 0.006796875000000008 0.013085937499999978
0 0.12193359375 0.42310546875 0.019882812499999986 0.022499999999999964
0 0.23837890625 0.42205078125 0.017265625000000007 0.021464843750000018
0 0.18630859375 0.55001953125 0.020937499999999998 0.027207031249999902
0 0.2171875 0.54478515625 0.019882812500000013 0.02197265625
0 0.24623046875 0.52671875 0.016230468750000004 0.017265625000000062
0 0.256953125 0.53849609375 0.016738281249999987 0.019882812499999902
0 0.18001953125 0.6169921875 0.024082031250000024 0.017792968750000027
0 0.170078125 0.64970703125 0.015703124999999984 0.02041015625000009
0 0.16771484375 0.73056640625 0.021464843750000018 0.018847656249999956
0 0.15228515625 0.65703125 0.016738281249999987 0.019355468749999938
0 0.19677734375 0.5840234375 0.016738281249999987 0.020937500000000053
0 0.2289453125 0.58560546875 0.01832031249999999 0.016738281250000098
0 0.25642578125 0.5780078125 0.01570312500000004 0.019355468749999938
0 0.3427734375 0.7446875 0.020937500000000053 0.016738281250000098
0 0.21796875 0.62197265625 0.024589843750000007 0.024589843750000062
0 0.4963671875 0.609140625 0.015175781249999964 0.018847656249999956
0 0.5034375 0.5764453125 0.0146484375 0.023554687499999893
0 0.53693359375 0.5719921875 0.016738281250000098 0.027207031249999902
0 0.34591796875 0.454765625 0.017792968750000027 0.017792968750000027
0 0.44875 0.47361328125 0.021464843750000018 0.018847656249999956
0 0.49583984375 0.47857421875 0.019355468749999938 0.01832031249999999
0 0.564140625 0.476484375 0.025117187500000027 0.01832031249999999
0 0.37259765625 0.44142578125 0.02197265625 0.01935546875000005
0 0.03 0.25740234375 0.02091796875 0.026503906249999987
0 0.03697265625 0.30412109375 0.015351562499999999 0.022324218750000013
0 0.146484375 0.205078125 0.025117187500000027 0.025117187500000027
0 0.22740234375 0.25529296875 0.022324218750000013 0.025117187500000027
0 0.010468749999999999 0.70521484375 0.01814453125 0.02091796875000007
0 0.67591796875 0.908203125 0.01814453124999993 0.022324218749999902
0 0.69474609375 0.908203125 0.016738281250000098 0.01953125
0 0.6389453125 0.95703125 0.013945312499999973 0.016738281250000098
0 0.7073046875 0.9619140625 0.016738281250000098 0.01814453124999993
0 0.79380859375 0.94935546875 0.01953125 0.01814453124999993
0 0.84751953125 0.87123046875 0.02091796875000007 0.0320898437499999
0 0.83845703125 0.92564453125 0.01953125 0.023710937499999973
0 0.9137890625 0.95005859375 0.01953125 0.022324218749999902
0 0.9521484375 0.9375 0.02091796875000007 0.022324218749999902
0 0.977265625 0.92564453125 0.012558593749999902 0.01814453124999993
0 0.99525390625 0.9423828125 0.009492187500000027 0.02091796875000007
0 0.98841796875 0.9924609375 0.02091796875000007 0.015058593750000071
0 0.92912109375 0.76869140625 0.022324218749999902 0.02791015624999993
0 0.9709765625 0.761015625 0.01953125 0.01814453124999993
0 0.97794921875 0.7958984375 0.022324218749999902 0.029296875
0 0.98966796875 0.5426953125 0.020644531250000098 0.022324218749999902
0 0.26505859375 0.39759765625 0.022324218750000013 0.01953125
0 0.26296875 0.420625 0.026503906249999987 0.023710937499999973
0 0.22669921875 0.3376171875 0.020917968750000016 0.02791015625000004
0 0.32853515625 0.3955078125 0.02091796874999996 0.026503906249999987
0 0.244140625 0.3655078125 0.01953125 0.016738281249999987
0 0.27482421875 0.36203125 0.016738281249999987 0.015351562500000027
0 0.263671875 0.37806640625 0.016738281249999987 0.016738281249999987
0 0.25251953125 0.2587890625 0.016738281249999987 0.01814453125000004
0 0.26716796875 0.31111328125 0.02091796874999996 0.03626953124999999
0 0.28458984375 0.28390625 0.01953125 0.026503906249999987
0 0.2783203125 0.215546875 0.023710937499999973 0.020917968750000016
0 0.3815625 0.274140625 0.01814453125000004 0.023710937499999973
0 0.41224609375 0.13671875 0.03208984375000001 0.030683593750000016
0 0.4248046875 0.0641796875 0.01814453125000004 0.01953125
0 0.42341796875 0.20578125 0.012558593750000013 0.020917968750000016
0 0.4443359375 0.22599609375 0.01814453125000004 0.022324218750000013
0 0.55734375 0.15904296875 0.01814453124999993 0.01953125
0 0.54896484375 0.1911328125 0.01814453124999993 0.016738281249999987
0 0.59779296875 0.17787109375 0.023710937499999973 0.020917968750000016
0 0.624296875 0.17857421875 0.02091796875000007 0.01953125
0 0.65220703125 0.16392578125 0.02091796875000007 0.023710937499999973
0 0.6096484375 0.2008984375 0.025117187500000027 0.01953125
0 0.53013671875 0.20578125 0.01953125 0.015351562500000027
0 0.53361328125 0.2294921875 0.023710937499999973 0.026503906249999987
0 0.51966796875 0.24134765625 0.02091796875000007 0.022324218750000013
0 0.50154296875 0.2776171875 0.02091796875000007 0.01953125
0 0.50083984375 0.32017578125 0.022324218749999902 0.023710937499999973
0 0.35017578125 0.35435546875 0.01953125 0.01953125
0 0.3466796875 0.3815625 0.015351562500000027 0.02091796874999996
0 0.371796875 0.3759765625 0.026503906249999987 0.023710937499999973
0 0.49875 0.37947265625 0.023710937499999973 0.022324218750000013
0 0.40388671875 0.43875 0.023710937499999973 0.029296875
0 0.98283203125 0.0146484375 0.029296875 0.029296875
0 0.95841796875 0.08439453125 0.016738281250000098 0.026503906250000014
0 0.91587890625 0.19880859375 0.015351562500000027 0.026503906249999987
0 0.8684375 0.235078125 0.01814453124999993 0.02371093750000003
0 0.78892578125 0.30900390625 0.01814453124999993 0.026503906249999987
0 0.75544921875 0.33970703125 0.015351562500000027 0.01814453125000004
0 0.7373046875 0.3655078125 0.023710937499999973 0.022324218750000013
0 0.7282421875 0.38712890625 0.01953125 0.02091796874999996
0 0.7184765625 0.4059765625 0.02791015624999993 0.022324218750000013
0 0.7658984375 0.371796875 0.01953125 0.02091796874999996
0 0.76380859375 0.3996875 0.023710937499999973 0.023710937499999973
0 0.76521484375 0.42341796875 0.029296875 0.02091796874999996
0 0.7903125 0.41294921875 0.02091796875000007 0.02791015625000004
0 0.78125 0.38923828125 0.016738281250000098 0.016738281249999987
0 0.85798828125 0.449921875 0.01953125 0.02091796874999996
0 0.82169921875 0.43736328125 0.01953125 0.01814453125000004
0 0.90681640625 0.34388671875 0.022324218749999902 0.029296875
0 0.9931640625 0.293671875 0.013671875 0.026503906249999987
0 0.99455078125 0.3655078125 0.010878906250000098 0.03068359374999996
0 0.97376953125 0.389921875 0.016738281250000098 0.023710937499999973
0 0.9430859375 0.4826953125 0.01953125 0.02791015625000004