0 0.41623046875 0.26314453125 0.021054687499999947 0.028945312499999987
0 0.41841796875 0.30765625 0.016660156249999947 0.02472656250000005
0 0.50732421875 0.36865234375 0.02109374999999991 0.025253906250000013
0 0.51880859375 0.2160546875 0.0185546875 0.02103515625000002
0 0.623359375 0.42521484375 0.01644531249999992 0.02222656249999999
0 0.65435546875 0.3895703125 0.017695312499999893 0.013417968750000009
0 0.71146484375 0.15478515625 0.021777343749999956 0.026249999999999996
0 0.3905859375 0.0489453125 0.0126953125 0.014492187500000003
0 0.58587890625 0.0330859375 0.022656250000000044 0.020839843750000003
0 0.48708984375 0.11373046874999998 0.02808593749999999 0.029902343750000004
0 0.55234375 0.16765625 0.02628906250000007 0.021757812499999973
0 0.61259765625 0.1141796875 0.016308593750000044 0.018125000000000002
0 0.769375 0.14634765625 0.01994140625000007 0.019023437500000018
0 0.74990234375 0.33123046875 0.019023437500000018 0.02808593749999999
0 0.6746875 0.37380859375 0.013593750000000071 0.02083984375000003
0 0.9415625 0.33666015625 0.016308593750000044 0.019023437500000018
0 0.878125 0.323984375 0.0126953125 0.017226562499999987
0 0.8591015625 0.31990234375 0.016308593750000044 0.014492187500000031
0 0.83599609375 0.3271484375 0.017226562500000098 0.021757812499999973
0 0.82103515625 0.3271484375 0.01449218749999992 0.018124999999999947
0 0.80654296875 0.34888671875 0.021757812499999973 0.023554687500000004
0 0.80427734375 0.38015625 0.019023437500000018 0.02083984375000003
0 0.7421875 0.36248046875 0.01994140625000007 0.016308593750000044
0 0.70912109375 0.4155078125 0.017226562500000098 0.019023437500000018
0 0.84732421875 0.4087109375 0.029003906250000044 0.030820312499999947
0 0.9610546875 0.405078125 0.02083984374999992 0.016308593750000044
0 0.90169921875 0.45990234375 0.023554687499999893 0.022656250000000044
0 0.72951171875 0.41640625 0.0126953125 0.011777343749999947
0 0.99615234375 0.49615234375 0.007675781249999902 0.02083984375000003
0 0.9943359375 0.52515625 0.011308593749999929 0.015410156249999973
0 0.97283203125 0.52697265625 0.019023437500000018 0.019023437500000018
0 0.74990234375 0.418671875 0.017226562500000098 0.029003906250000044
0 0.77029296875 0.43498046875 0.018124999999999947 0.023554687500000004
0 0.805625 0.4517578125 0.018124999999999947 0.01359374999999996
0 0.82693359375 0.45673828125 0.019023437500000018 0.016308593750000044
0 0.78615234375 0.4807421875 0.019023437500000018 0.024472656249999947
0 0.80609375 0.48935546875 0.015410156249999973 0.018124999999999947
0 0.5355859375 0.69326171875 0.016308593750000044 0.018124999999999947
0 0.55958984375 0.695078125 0.02083984374999992 0.021757812499999973
0 0.5804296875 0.717734375 0.017226562500000098 0.01994140625000007
0 0.62166015625 0.7163671875 0.018124999999999947 0.02083984374999992
0 0.67921875 0.78615234375 0.019023437500000018 0.019023437500000018
0 0.40146484375 0.8545703125 0.018124999999999947 0.016308593750000044
0 0.3860546875 0.91076171875 0.014492187500000031 0.01994140625000007
0 0.43408203125 0.87541015625 0.016308593750000044 0.018124999999999947
0 0.48392578125 0.8726953125 0.016308593750000044 0.01994140625000007
0 0.7208984375 0.97599609375 0.02083984374999992 0.01994140625000007
0 0.844140625 0.69416015625 0.02083984374999992 0.021757812499999973
0 0.740390625 0.59583984375 0.01994140625000007 0.019023437500000018
0 0.7653125 0.5899609375 0.02083984374999992 0.02718749999999992
0 0.70142578125 0.6384375 0.01994140625000007 0.022656250000000044
0 0.69416015625 0.6710546875 0.030820312499999947 0.037148437499999964
0 0.7458203125 0.67015625 0.023554687499999893 0.022656250000000044
0 0.87904296875 0.61939453125 0.016308593750000044 0.02083984374999992
0 0.9021484375 0.61623046875 0.017226562500000098 0.021757812499999973
0 0.9882421875 0.63525390625 0.017226562500000098 0.018124999999999947
0 0.93794921875 0.64115234375 0.018124999999999947 0.015410156249999973
0 0.86861328125 0.7186328125 0.022656250000000044 0.02718749999999992
0 0.84640625 0.7254296875 0.02718749999999992 0.02083984374999992
0 0.8069921875 0.70912109375 0.02628906250000007 0.024472656249999947
0 0.8749609375 0.744921875 0.013593750000000071 0.018124999999999947
0 0.99615234375 0.8024609375 0.007675781249999902 0.02083984374999992
0 0.99095703125 0.82828125 0.015410156249999973 0.021757812499999973
0 0.79294921875 0.9293359375 0.021757812499999973 0.02628906250000007
0 0.794296875 0.9497265625 0.02628906250000007 0.010878906250000098
0 0.7820703125 0.966484375 0.010878906250000098 0.009960937500000044
0 0.83689453125 0.912109375 0.019023437500000018 0.02083984374999992
0 0.82919921875 0.95017578125 0.01449218749999992 0.02083984374999992
0 0.82103515625 0.9746484375 0.018124999999999947 0.022656250000000044
0 0.91076171875 0.914375 0.01994140625000007 0.01994140625000007
0 0.86091796875 0.89806640625 0.018124999999999947 0.021757812499999973
0 0.87857421875 0.9021484375 0.013593750000000071 0.015410156249999973
0 0.81107421875 0.87857421875 0.04712890624999999 0.029902343749999893