0 0.168515625 0.8946484375 0.022480468749999982 0.025195312499999956
0 0.1132421875 0.9057421875 0.015351562499999999 0.017363281249999973
0 0.0083984375 0.85701171875 0.016796875 0.018359374999999956
0 0.00564453125 0.805859375 0.0112890625 0.02189453125000007
0 0.01087890625 0.58744140625 0.016328125 0.017460937500000107
0 0.02751953125 0.518125 0.018300781249999995 0.015117187500000018
0 0.00388671875 0.49541015625 0.00775390625 0.01824218749999995
0 0.00283203125 0.5240625 0.00564453125 0.014472656249999938
0 0.04677734375 0.57412109375 0.019238281250000003 0.01587890624999999
0 0.10642578125 0.93732421875 0.022617187499999997 0.031054687499999956
0 0.1677734375 0.9564453125 0.016914062499999993 0.02384765625000007
0 0.165546875 0.91935546875 0.02513671875000001 0.018984375000000053
0 0.20619140625 0.9439453125 0.023261718749999993 0.019238281250000044
0 0.1825390625 0.9425390625 0.01980468750000003 0.016406249999999956
0 0.12658203125 0.867734375 0.01753906249999998 0.025039062500000098
0 0.1328515625 0.84869140625 0.019101562500000002 0.015156249999999982
0 0.15552734375 0.8381640625 0.017460937499999996 0.020722656250000027
0 0.135 0.8241015625 0.020449218749999998 0.023066406249999893
0 0.18638671875 0.8096875 0.014960937499999993 0.017050781250000036
0 0.4790234375 0.9150390625 0.017597656249999982 0.01783203124999999
0 0.52205078125 0.931015625 0.017539062500000036 0.016874999999999973
0 0.53912109375 0.90203125 0.017226562500000098 0.01845703125000009
0 0.11111328125 0.71037109375 0.014980468750000003 0.015527343750000089
0 0.118984375 0.73234375 0.01802734374999998 0.018593749999999964
0 0.13453125 0.7493359375 0.016699218750000022 0.015917968749999956
0 0.147421875 0.759453125 0.012851562500000024 0.019218750000000062
0 0.17244140625 0.75728515625 0.019199218750000024 0.021953125000000018
0 0.20662109375 0.77208984375 0.02099609375 0.021757812499999973
0 0.19060546875 0.78248046875 0.03296874999999999 0.03425781249999993
0 0.20240234375 0.70587890625 0.01566406250000002 0.013574218750000089
0 0.23396484375 0.6551953125 0.016757812500000024 0.019355468749999938
0 0.23763671875 0.689296875 0.015644531249999982 0.018496093750000053
0 0.2741796875 0.685 0.0224609375 0.023984374999999947
0 0.2633203125 0.656328125 0.019101562499999947 0.020234375000000027
0 0.2313671875 0.63462890625 0.017226562499999987 0.013496093749999938
0 0.29171875 0.64630859375 0.02025390625000001 0.01992187500000009
0 0.262109375 0.63419921875 0.015253906250000004 0.011210937500000018
0 0.36083984375 0.6704296875 0.016718750000000004 0.020234375000000027
0 0.31490234375 0.63146484375 0.019316406249999973 0.019824218749999956
0 0.32900390625 0.67849609375 0.019316406249999973 0.016621093749999982
0 0.436171875 0.64712890625 0.017968749999999978 0.022968749999999982
0 0.483515625 0.66380859375 0.026640624999999973 0.022499999999999964
0 0.49337890625 0.69646484375 0.021015624999999982 0.022968749999999982
0 0.31197265625 0.55880859375 0.020488281250000018 0.022578124999999893
0 0.26927734375 0.54431640625 0.019726562500000044 0.021777343749999956
0 0.214375 0.5201171875 0.019882812500000013 0.018496093750000053
0 0.216640625 0.503046875 0.021601562500000004 0.018183593749999893
0 0.2481640625 0.5235546875 0.021210937500000027 0.02255859374999991
0 0.2733203125 0.523046875 0.01791015625000003 0.01732421875000001
0 0.19130859375 0.45216796875 0.017460937499999996 0.01652343749999996
0 0.1781640625 0.3997265625 0.024980468749999984 0.023046875000000022
0 0.20228515625 0.43509765625 0.025292968749999978 0.02749999999999997
0 0.2109765625 0.38712890625 0.01730468749999997 0.02320312499999999
0 0.1951171875 0.40947265625 0.021464843750000018 0.015253906250000004
0 0.23275390625 0.412421875 0.027011718750000024 0.025859375000000018
0 0.28748046875 0.41900390625 0.020898437499999978 0.022109374999999987
0 0.31271484375 0.40826171875 0.020566406249999947 0.02320312499999999
0 0.24656249999999996 0.46833984375 0.016582031250000018 0.022109374999999987
0 0.2744921875 0.4706640625 0.02027343749999999 0.02531249999999996
0 0.30146484375 0.476484375 0.01642578125000005 0.021484375