0 0.1433203125 0.40935546875 0.018925781249999996 0.020527343749999982
0 0.1054296875 0.42572265625 0.012988281250000011 0.021386718749999978
0 0.12341796875 0.43873046875 0.020937499999999998 0.021582031250000022
0 0.17734375 0.80658203125 0.016621093749999982 0.01742187499999992
0 0.10412109375 0.86947265625 0.0022851562500000033 0.00023437500000000888
0 0.10119140625 0.81314453125 0.01878906250000001 0.019003906250000036
0 0.2091015625 0.84751953125 0.02080078125000001 0.017949218750000107
0 0.22916015625 0.85291015625 0.019687500000000024 0.02212890625000008
0 0.0855859375 0.85326171875 0.016152343749999992 0.016796875000000044
0 0.10154296875 0.865546875 0.021171875000000007 0.021289062499999956
0 0.14693359375 0.960390625 0.012441406250000009 0.01449218749999992
0 0.916953125 0.24189453125 0.014882812500000009 0.017929687500000013
0 0.90228515625 0.25095703125 0.01669921874999991 0.01919921874999997
0 0.88189453125 0.2665234375 0.01871093750000008 0.020488281250000018
0 0.8695703125 0.278984375 0.013535156249999902 0.012949218749999991
0 0.8474609375 0.26724609375 0.02124999999999999 0.02775390624999996
0 0.82384765625 0.285625 0.020703125000000044 0.02107421875000004
0 0.83517578125 0.31869140625 0.020644531250000098 0.022968749999999982
0 0.848671875 0.30017578125 0.01912109374999993 0.02033203125000005
0 0.87197265625 0.3432421875 0.017695312499999893 0.014980468750000031
0 0.9361328125 0.34234375 0.015625 0.019667968749999987
0 0.7422265625 0.45974609375 0.020937500000000053 0.023535156250000022
0 0.74912109375 0.49992187500000007 0.015273437500000098 0.017597656249999982
0 0.88498046875 0.421328125 0.017148437499999947 0.019335937499999956
0 0.91763671875 0.44447265625 0.009765625 0.012421875000000027
0 0.96373046875 0.4391015625 0.018906249999999902 0.02375000000000005
0 0.9953125 0.4530859375 0.009355468749999929 0.021914062500000053
0 0.62638671875 0.6826953125 0.02255859374999991 0.02548828124999991
0 0.60125 0.73041015625 0.017070312500000018 0.020703125000000044
0 0.6446484375 0.75830078125 0.023652343750000027 0.026347656250000018
0 0.87234375 0.7645703125 0.015312500000000062 0.024218749999999956
0 0.908203125 0.74662109375 0.017539062500000036 0.018378906249999938
0 0.939453125 0.69232421875 0.01187500000000008 0.011347656249999893
0 0.9724609375 0.7762109375 0.017753906250000062 0.020078124999999947
0 0.894296875 0.824765625 0.017792968750000027 0.010937500000000044
0 0.85533203125 0.9906640625 0.01669921874999991 0.01865234374999991
0 0.716171875 0.94421875 0.02572265624999992 0.022656250000000044
0 0.68498046875 0.8832421875 0.016796875000000044 0.019648437499999893
0 0.65474609375 0.91634765625 0.01644531249999992 0.011015624999999973
0 0.6505078125 0.9348046875 0.012675781250000018 0.018515625000000036
0 0.64888671875 0.96103515625 0.017441406249999902 0.01822265625000008
0 0.63791015625 0.9906640625 0.014863281250000027 0.01865234374999991