0 0.21080078125 0.6104296875 0.02587890625 0.026171874999999956
0 0.1406640625 0.58533203125 0.01687500000000003 0.015019531250000107
0 0.07525390625 0.5449609375 0.018886718750000003 0.03623046874999991
0 0.0778515625 0.51783203125 0.017421875000000003 0.022578124999999893
0 0.12638671875 0.49749999999999994 0.013339843750000024 0.014375000000000027
0 0.11806640625 0.479921875 0.01931640625000003 0.022578125000000004
0 0.06875 0.48275390625 0.012851562499999997 0.01457031249999996
0 0.020625 0.52048828125 0.017031250000000005 0.01816406249999991
0 0.0253515625 0.50375 0.015937500000000007 0.011640625000000071
0 0.0059765625 0.4700390625 0.01193359375 0.022343749999999996
0 0.03662109375 0.464375 0.023632812500000003 0.023906250000000018
0 0.05630859375 0.420546875 0.02003906250000001 0.026464843750000022
0 0.1065234375 0.43125 0.022402343749999998 0.023652343750000027
0 0.059453124999999996 0.45490234375 0.023984375000000002 0.023320312499999996
0 0.41333984375 0.6051953125 0.01416015625 0.012949218749999991
0 0.12259765624999999 0.3686328125 0.018613281250000002 0.023808593749999996
0 0.00990234375 0.38826171875 0.019414062499999996 0.025937499999999947
0 0.30484375 0.23306640625 0.016328125000000027 0.018691406249999987
0 0.31845703125 0.26001953125 0.0244140625 0.021035156249999964
0 0.346953125 0.24783203125 0.03255859375000003 0.03144531249999999
0 0.3774609375 0.23767578125 0.02173828124999999 0.027128906249999973
0 0.47478515625 0.24818359375 0.01634765625000001 0.024707031249999956
0 0.519921875 0.26765625 0.024199218749999973 0.033203125
0 0.247265625 0.2551171875 0.032421875000000044 0.030371093750000022
0 0.36697265625 0.289296875 0.015761718749999987 0.020625000000000004
0 0.42638671875 0.34626953125 0.018769531250000027 0.015039062499999978
0 0.42115234375 0.3075390625 0.01806640625 0.022734374999999973
0 0.47078125 0.353515625 0.014589843750000053 0.015449218750000049
0 0.03546875 0.20115234375 0.016640625000000006 0.020878906249999996
0 0.005488281250000001 0.24078125 0.01056640625 0.016933593749999976
0 0.043828125 0.3676953125 0.018515624999999994 0.018027343750000036
0 0.1105078125 0.3469921875 0.013964843750000011 0.01570312500000004
0 0.0527734375 0.2577734375 0.019218749999999993 0.014589843750000053
0 0.0228125 0.227734375 0.025683593749999997 0.022109374999999987
0 0.13384765625 0.16107421875 0.013769531250000022 0.022363281249999978
0 0.1200390625 0.1108203125 0.016269531249999997 0.028906249999999994
0 0.55244140625 0.18337890625 0.018183593749999893 0.020078125000000002
0 0.4653515625 0.17525390625 0.026386718749999982 0.02611328125000001
0 0.48806640625 0.21462890625 0.011660156250000053 0.011523437500000011
0 0.47587890625 0.20208984375 0.009960937500000044 0.013359375000000007
0 0.08685546875 0.006289062500000001 0.019414062499999996 0.01203125
0 0.31408203125 0.21845703125 0.013398437500000027 0.017734375000000024
0 0.4387890625 0.63744140625 0.01935546875000005 0.010664062500000071
0 0.47759765625 0.6672265625 0.011464843750000009 0.019023437500000018
0 0.54154296875 0.62283203125 0.0072851562500000355 0.013847656250000062
0 0.6731640625 0.4178515625 0.015097656250000036 0.012109374999999978
0 0.537734375 0.33658203125 0.010234375000000018 0.012812500000000004
0 0.4038671875 0.33595703125 0.017109374999999982 0.017050781250000036
0 0.341796875 0.295 0.019902343749999996 0.025000000000000022
0 0.3544921875 0.3189453125 0.009375000000000022 0.013886718750000027
0 0.42529296875 0.2355078125 0.009160156249999996 0.011464843750000009
0 0.63091796875 0.04943359375 0.01962890624999991 0.014316406249999997
0 0.65349609375 0.04609375 0.009335937499999947 0.010761718749999996
0 0.70298828125 0.0430078125 0.017304687500000027 0.020625000000000004
0 0.7101953125 0.0603515625 0.014511718749999902 0.009199218749999988
0 0.72974609375 0.10626953125 0.010273437499999982 0.01316406249999999
0 0.7945703125 0.273203125 0.018828124999999973 0.016562500000000036
0 0.8044140625 0.186953125 0.01585937500000001 0.022558593750000022
0 0.83986328125 0.1978125 0.02074218750000001 0.013417968750000009
0 0.85994140625 0.2181640625 0.01871093750000008 0.020136718750000004
0 0.82521484375 0.18271484375 0.01798828125000007 0.018007812499999998
0 0.81439453125 0.16083984375 0.020566406249999947 0.025019531250000004
0 0.8043359375 0.127734375 0.016484375000000107 0.02054687500000002
0 0.864921875 0.15546875 0.015761718750000098 0.025996093750000004
0 0.883828125 0.17404296875 0.013749999999999929 0.02095703124999998
0 0.88845703125 0.1502734375 0.017519531250000053 0.023828124999999978
0 0.8520703125 0.11884765625 0.01585937500000001 0.016445312500000003
0 0.85080078125 0.13240234375 0.010976562500000009 0.0107421875
0 0.74462890625 0.11859375 0.015019531250000107 0.014746093750000022
0 0.85474609375 0.0434375 0.013789062499999893 0.014824218749999993
0 0.8721484375 0.0461328125 0.01382812500000008 0.018261718750000003
0 0.8376953125 0.014765624999999998 0.01718749999999991 0.01451171875
0 0.86486328125 0.01705078125 0.014472656249999938 0.0136328125
0 0.69181640625 0.4214453125 0.014882812500000009 0.016953125000000013
0 0.71162109375 0.42267578125 0.021289062499999956 0.01822265624999997