0 0.49671875 0.07626953125 0.020371093749999902 0.020410156250000006
0 0.55115234375 0.055410156249999995 0.015410156249999973 0.022578125000000004
0 0.5428125 0.38841796875 0.016562500000000036 0.017460937499999996
0 0.7931640625 0.7381640625 0.01943359375000009 0.02318359375000001
0 0.895234375 0.6760546875 0.014199218749999964 0.019746093750000027
0 0.8658203125 0.612109375 0.02009765624999993 0.018691406250000098
0 0.84728515625 0.59798828125 0.018203125000000098 0.019980468750000036
0 0.83130859375 0.56384765625 0.021445312500000036 0.022089843749999893
0 0.72490234375 0.53953125 0.016718749999999893 0.021679687500000044
0 0.78791015625 0.50185546875 0.01847656250000007 0.021015624999999982
0 0.7569140625 0.50203125 0.022109375000000098 0.020078124999999947
0 0.722578125 0.52078125 0.01595703124999992 0.01416015625
0 0.7265625 0.46966796875 0.02001953125 0.014433593749999973
0 0.7470703125 0.48384765625 0.019335937499999956 0.016718750000000004
0 0.84185546875 0.46681640625 0.01994140625000007 0.019160156250000004
0 0.88212890625 0.48917968750000007 0.014042968750000107 0.02173828124999999
0 0.89646484375 0.47984375 0.01621093749999991 0.014824218749999951
0 0.9073828125 0.49646484375 0.014140625000000018 0.021542968749999947
0 0.90224609375 0.54453125 0.019960937500000053 0.02603515625000008
0 0.94044921875 0.46923828125 0.018183593749999893 0.022265624999999956
0 0.89646484375 0.434296875 0.01968750000000008 0.018828124999999973
0 0.9317578125 0.40990234375 0.019472656250000053 0.024785156249999996
0 0.8790234375 0.35921875 0.02392578125 0.02117187499999995
0 0.7550390625 0.17814453125 0.02138671875000009 0.01783203124999999
0 0.73375 0.197109375 0.010488281250000009 0.017109374999999982
0 0.80662109375 0.144453125 0.01636718749999999 0.013437499999999991
0 0.9492578125 0.53994140625 0.023886718750000036 0.022812499999999902
0 0.97052734375 0.68724609375 0.01724609375000008 0.020156250000000098
0 0.9819921875 0.8182421875 0.017871093749999956 0.02041015625000009
0 0.74978515625 0.446953125 0.01953125 0.024863281250000036
0 0.7628125 0.46841796875 0.021933593750000036 0.017675781250000022
0 0.7713671875 0.45322265625 0.012949218749999991 0.009394531250000004
0 0.9931640625 0.17578125 0.013671875 0.03125