0 0.14453125 0.150390625 0.013671875 0.013671875
0 0.13671875 0.140625 0.009765625 0.01171875
0 0.134765625 0.1494140625 0.01171875 0.015625
0 0.12109375 0.154296875 0.01171875 0.01171875
0 0.1376953125 0.166015625 0.009765625 0.01171875
0 0.15625 0.19140625 0.01171875 0.01171875
0 0.1923828125 0.19921875 0.009765625 0.009765625
0 0.1796875 0.2265625 0.009765625 0.013671875
0 0.1455078125 0.224609375 0.01171875 0.01171875
0 0.12890625 0.2109375 0.009765625 0.009765625
0 0.12109375 0.19140625 0.01171875 0.009765625
0 0.0859375 0.18359375 0.009765625 0.009765625
0 0.076171875 0.185546875 0.009765625 0.009765625
0 0.080078125 0.19921875 0.01171875 0.01171875
0 0.0654296875 0.2080078125 0.013671875 0.01171875
0 0.091796875 0.220703125 0.0078125 0.0078125
0 0.2119140625 0.2373046875 0.01171875 0.013671875
0 0.1416015625 0.2451171875 0.01171875 0.009765625
0 0.130859375 0.2353515625 0.009765625 0.01171875
0 0.2529296875 0.2705078125 0.013671875 0.013671875
0 0.2734375 0.2890625 0.009765625 0.01171875
0 0.212890625 0.3125 0.01953125 0.013671875
0 0.224609375 0.32421875 0.009765625 0.01171875
0 0.220703125 0.291015625 0.013671875 0.01171875
0 0.2705078125 0.3212890625 0.01171875 0.01171875
0 0.1611328125 0.3017578125 0.009765625 0.009765625
0 0.1298828125 0.31640625 0.009765625 0.009765625
0 0.171875 0.33984375 0.0078125 0.009765625
0 0.24609375 0.349609375 0.009765625 0.01171875
0 0.2373046875 0.3525390625 0.009765625 0.01171875
0 0.1943359375 0.361328125 0.009765625 0.015625
0 0.185546875 0.375 0.013671875 0.013671875
0 0.1748046875 0.380859375 0.009765625 0.009765625
0 0.1572265625 0.37109375 0.013671875 0.013671875
0 0.1650390625 0.3515625 0.009765625 0.0078125
0 0.1328125 0.333984375 0.0078125 0.01171875
0 0.1328125 0.35546875 0.0078125 0.009765625
0 0.1591796875 0.404296875 0.005859375 0.005859375
0 0.14453125 0.4033203125 0.0078125 0.0078125
0 0.142578125 0.4326171875 0.0078125 0.01171875
0 0.11328125 0.439453125 0.0078125 0.009765625
0 0.009765625 0.3017578125 0.01171875 0.01171875
0 0.015625 0.3173828125 0.01171875 0.013671875
0 0.3037109375 0.359375 0.01171875 0.01171875
0 0.31640625 0.388671875 0.01171875 0.013671875
0 0.30859375 0.3974609375 0.01171875 0.009765625
0 0.26953125 0.4072265625 0.021484375 0.017578125
0 0.26171875 0.3984375 0.009765625 0.0078125
0 0.25390625 0.3935546875 0.01171875 0.01171875
0 0.244140625 0.4052734375 0.01171875 0.01171875
0 0.2783203125 0.4345703125 0.015625 0.013671875
0 0.2685546875 0.4482421875 0.009765625 0.009765625
0 0.4111328125 0.3388671875 0.01171875 0.01171875
0 0.40625 0.33203125 0.013671875 0.017578125
0 0.3955078125 0.3583984375 0.009765625 0.01171875
0 0.41796875 0.3642578125 0.009765625 0.01171875
0 0.4072265625 0.376953125 0.009765625 0.009765625
0 0.3955078125 0.384765625 0.009765625 0.01171875
0 0.478515625 0.390625 0.009765625 0.013671875
0 0.49609375 0.423828125 0.0078125 0.0078125
0 0.4765625 0.4375 0.009765625 0.009765625
0 0.587890625 0.470703125 0.013671875 0.015625
0 0.5810546875 0.4892578125 0.009765625 0.0078125
0 0.4775390625 0.4755859375 0.0078125 0.009765625
0 0.4794921875 0.4833984375 0.01171875 0.009765625
0 0.4638671875 0.482421875 0.01171875 0.01171875
0 0.4453125 0.4814453125 0.009765625 0.0078125
0 0.4501953125 0.501953125 0.01171875 0.013671875
0 0.451171875 0.5166015625 0.01171875 0.009765625
0 0.4716796875 0.5 0.01171875 0.013671875
0 0.5400390625 0.4775390625 0.009765625 0.0078125
0 0.66796875 0.4970703125 0.009765625 0.01171875
0 0.6416015625 0.51171875 0.01171875 0.013671875
0 0.6298828125 0.509765625 0.009765625 0.009765625
0 0.615234375 0.509765625 0.01171875 0.013671875
0 0.6044921875 0.515625 0.009765625 0.0078125
0 0.5830078125 0.5205078125 0.01171875 0.01171875
0 0.63671875 0.5263671875 0.01171875 0.013671875
0 0.6259765625 0.5322265625 0.009765625 0.009765625
0 0.6142578125 0.53515625 0.01171875 0.009765625
0 0.6025390625 0.5693359375 0.009765625 0.0078125
0 0.66015625 0.5693359375 0.009765625 0.01171875
0 0.5947265625 0.5869140625 0.0078125 0.0078125
0 0.583984375 0.5908203125 0.01171875 0.013671875
0 0.583984375 0.607421875 0.015625 0.017578125
0 0.603515625 0.595703125 0.009765625 0.009765625
0 0.5986328125 0.6044921875 0.01171875 0.01171875
0 0.6181640625 0.6171875 0.01171875 0.01953125
0 0.6064453125 0.6279296875 0.0078125 0.01171875
0 0.59375 0.6435546875 0.009765625 0.0078125
0 0.5908203125 0.65234375 0.01171875 0.009765625
0 0.64453125 0.6494140625 0.009765625 0.01171875
0 0.63671875 0.650390625 0.01171875 0.01171875
0 0.53515625 0.5986328125 0.009765625 0.009765625
0 0.51171875 0.607421875 0.01171875 0.009765625
0 0.546875 0.5185546875 0.0078125 0.013671875
0 0.5439453125 0.533203125 0.005859375 0.0078125
0 0.5 0.505859375 0.0078125 0.009765625
0 0.4794921875 0.5712890625 0.013671875 0.01171875
0 0.46484375 0.5849609375 0.013671875 0.017578125
0 0.4541015625 0.57421875 0.01171875 0.01171875
0 0.4482421875 0.5986328125 0.013671875 0.01171875
0 0.32421875 0.59765625 0.01171875 0.015625
0 0.31640625 0.591796875 0.013671875 0.013671875
0 0.3173828125 0.5712890625 0.013671875 0.015625
0 0.36328125 0.4853515625 0.015625 0.013671875
0 0.345703125 0.4794921875 0.01171875 0.01171875
0 0.3369140625 0.4609375 0.009765625 0.01171875
0 0.326171875 0.458984375 0.009765625 0.009765625
0 0.359375 0.517578125 0.01171875 0.01171875
0 0.34375 0.505859375 0.009765625 0.01171875
0 0.3486328125 0.5244140625 0.0078125 0.009765625
0 0.3193359375 0.517578125 0.009765625 0.013671875
0 0.228515625 0.5068359375 0.01171875 0.01171875
0 0.2197265625 0.517578125 0.0078125 0.0078125
0 0.2060546875 0.51171875 0.01171875 0.01171875
0 0.1923828125 0.513671875 0.013671875 0.013671875
0 0.1884765625 0.5 0.01171875 0.01171875
0 0.23046875 0.5625 0.0078125 0.01171875
0 0.1953125 0.5654296875 0.01171875 0.013671875
0 0.193359375 0.55078125 0.013671875 0.01171875
0 0.177734375 0.55078125 0.013671875 0.013671875
0 0.1640625 0.5546875 0.009765625 0.013671875
0 0.13671875 0.4560546875 0.0078125 0.01171875
0 0.1328125 0.4638671875 0.009765625 0.009765625
0 0.1416015625 0.4736328125 0.01171875 0.013671875
0 0.1220703125 0.4521484375 0.01171875 0.009765625
0 0.08203125 0.4501953125 0.01171875 0.01171875
0 0.0927734375 0.4765625 0.01171875 0.009765625
0 0.09375 0.484375 0.01171875 0.009765625
0 0.1220703125 0.4931640625 0.009765625 0.01171875
0 0.1181640625 0.5048828125 0.0078125 0.01171875
0 0.0751953125 0.4736328125 0.01171875 0.013671875
0 0.1083984375 0.525390625 0.015625 0.013671875
0 0.060546875 0.521484375 0.01171875 0.013671875
0 0.05859375 0.5068359375 0.009765625 0.01171875
0 0.052734375 0.484375 0.013671875 0.009765625
0 0.0439453125 0.4951171875 0.015625 0.013671875
0 0.021484375 0.509765625 0.01171875 0.01171875
0 0.0048828125 0.5771484375 0.009765625 0.015625
0 0.171875 0.6162109375 0.01171875 0.009765625
0 0.1630859375 0.619140625 0.01171875 0.01171875
0 0.1572265625 0.607421875 0.01171875 0.01171875
0 0.138671875 0.5966796875 0.009765625 0.0078125
0 0.1630859375 0.6357421875 0.009765625 0.0078125
0 0.1484375 0.6298828125 0.009765625 0.0078125
0 0.150390625 0.65625 0.013671875 0.01171875
0 0.17578125 0.669921875 0.009765625 0.009765625
0 0.15234375 0.671875 0.009765625 0.013671875
0 0.2021484375 0.6689453125 0.005859375 0.0078125
0 0.2294921875 0.66796875 0.005859375 0.0078125
0 0.2197265625 0.6767578125 0.01171875 0.009765625
0 0.26171875 0.623046875 0.01171875 0.013671875
0 0.3232421875 0.6640625 0.01171875 0.01171875
0 0.3046875 0.6591796875 0.009765625 0.013671875
0 0.30078125 0.66796875 0.0078125 0.0078125
0 0.2880859375 0.669921875 0.009765625 0.01171875
0 0.2783203125 0.6357421875 0.009765625 0.0078125
0 0.2607421875 0.64453125 0.0078125 0.009765625
0 0.26953125 0.6630859375 0.009765625 0.009765625
0 0.2578125 0.6611328125 0.0078125 0.009765625
0 0.2509765625 0.658203125 0.009765625 0.009765625
0 0.25 0.677734375 0.01171875 0.009765625
0 0.28125 0.6865234375 0.009765625 0.01171875
0 0.3095703125 0.701171875 0.0078125 0.009765625
0 0.33203125 0.69921875 0.01171875 0.013671875
0 0.3203125 0.6943359375 0.015625 0.015625
0 0.388671875 0.6787109375 0.005859375 0.0078125
0 0.37890625 0.705078125 0.009765625 0.009765625
0 0.37109375 0.701171875 0.013671875 0.013671875
0 0.3466796875 0.6875 0.0078125 0.0078125
0 0.3564453125 0.6884765625 0.0078125 0.0078125
0 0.2373046875 0.705078125 0.013671875 0.01171875
0 0.1953125 0.71875 0.009765625 0.013671875
0 0.19140625 0.7333984375 0.0078125 0.013671875
0 0.203125 0.73828125 0.009765625 0.013671875
0 0.2412109375 0.7548828125 0.01171875 0.013671875
0 0.240234375 0.7666015625 0.017578125 0.013671875
0 0.2236328125 0.751953125 0.013671875 0.013671875
0 0.291015625 0.7763671875 0.0078125 0.0078125
0 0.2763671875 0.7900390625 0.015625 0.01171875
0 0.2763671875 0.77734375 0.013671875 0.009765625
0 0.2578125 0.771484375 0.009765625 0.01171875
0 0.23046875 0.77734375 0.01171875 0.0078125
0 0.2138671875 0.775390625 0.01171875 0.013671875
0 0.1943359375 0.775390625 0.01171875 0.01171875
0 0.1708984375 0.7294921875 0.009765625 0.017578125
0 0.158203125 0.7255859375 0.01171875 0.01171875
0 0.130859375 0.724609375 0.013671875 0.01171875
0 0.1103515625 0.6904296875 0.01171875 0.01171875
0 0.1025390625 0.6982421875 0.01171875 0.009765625
0 0.099609375 0.6865234375 0.01171875 0.013671875
0 0.068359375 0.6630859375 0.015625 0.021484375
0 0.0771484375 0.662109375 0.013671875 0.013671875
0 0.099609375 0.671875 0.015625 0.013671875
0 0.072265625 0.638671875 0.013671875 0.01171875
0 0.0615234375 0.63671875 0.0078125 0.0078125
0 0.052734375 0.6240234375 0.01171875 0.013671875
0 0.017578125 0.609375 0.0078125 0.009765625
0 0.0302734375 0.642578125 0.009765625 0.0078125
0 0.0126953125 0.681640625 0.0078125 0.009765625
0 0.0244140625 0.6826171875 0.005859375 0.009765625
0 0.0302734375 0.6904296875 0.009765625 0.009765625
0 0.0185546875 0.7138671875 0.0078125 0.009765625
0 0.0576171875 0.751953125 0.013671875 0.01171875
0 0.0439453125 0.744140625 0.009765625 0.01171875
0 0.0439453125 0.7568359375 0.01171875 0.01171875
0 0.0361328125 0.82421875 0.009765625 0.01171875
0 0.0419921875 0.8466796875 0.013671875 0.021484375
0 0.0751953125 0.8427734375 0.0078125 0.009765625
0 0.0234375 0.853515625 0.013671875 0.01171875
0 0.0966796875 0.8876953125 0.0078125 0.009765625
0 0.083984375 0.87890625 0.009765625 0.01171875
0 0.171875 0.833984375 0.0078125 0.009765625
0 0.251953125 0.916015625 0.01171875 0.015625
0 0.2294921875 0.87890625 0.009765625 0.009765625
0 0.2353515625 0.9130859375 0.009765625 0.0078125
0 0.2119140625 0.9306640625 0.01171875 0.009765625
0 0.2001953125 0.931640625 0.009765625 0.01171875
0 0.220703125 0.9658203125 0.013671875 0.015625
0 0.193359375 0.9482421875 0.009765625 0.01171875
0 0.1435546875 0.8935546875 0.01171875 0.01171875
0 0.1728515625 0.9208984375 0.009765625 0.01171875
0 0.1767578125 0.908203125 0.0078125 0.0078125
0 0.1669921875 0.9013671875 0.01171875 0.0078125
0 0.083984375 0.912109375 0.009765625 0.009765625
0 0.017578125 0.8828125 0.01171875 0.01171875
0 0.0751953125 0.703125 0.01171875 0.01171875
0 0.1279296875 0.0107421875 0.01171875 0.01171875
0 0.53125 0.0703125 0.009765625 0.0078125