0 0.6376953125 0.0771484375 0.01953125 0.017578125
0 0.720703125 0.09765625 0.017578125 0.013671875
0 0.578125 0.1611328125 0.01953125 0.017578125
0 0.5693359375 0.2138671875 0.015625 0.013671875
0 0.546875 0.2197265625 0.021484375 0.013671875
0 0.55859375 0.236328125 0.01171875 0.013671875
0 0.5693359375 0.3125 0.017578125 0.017578125
0 0.591796875 0.2861328125 0.021484375 0.021484375
0 0.599609375 0.30859375 0.021484375 0.015625
0 0.5576171875 0.337890625 0.02734375 0.015625
0 0.599609375 0.33984375 0.029296875 0.021484375
0 0.625 0.3505859375 0.01171875 0.017578125
0 0.6796875 0.3212890625 0.017578125 0.015625
0 0.541015625 0.5869140625 0.0234375 0.017578125
0 0.6044921875 0.544921875 0.015625 0.0078125
0 0.7978515625 0.0966796875 0.01171875 0.013671875
0 0.8115234375 0.0712890625 0.017578125 0.009765625
0 0.83984375 0.2666015625 0.021484375 0.015625
0 0.8134765625 0.314453125 0.021484375 0.01953125
0 0.87890625 0.5068359375 0.017578125 0.021484375
0 0.8955078125 0.509765625 0.015625 0.01953125
0 0.90625 0.5400390625 0.021484375 0.0234375
0 0.9951171875 0.28515625 0.009765625 0.01953125
0 0.7841796875 0.837890625 0.02734375 0.017578125
0 0.7607421875 0.8447265625 0.029296875 0.025390625
0 0.7333984375 0.8173828125 0.025390625 0.021484375
0 0.7587890625 0.7958984375 0.04296875 0.025390625
0 0.6259765625 0.75390625 0.0234375 0.021484375
0 0.611328125 0.7021484375 0.01953125 0.015625
0 0.55078125 0.640625 0.029296875 0.021484375
0 0.4892578125 0.5361328125 0.021484375 0.015625
0 0.482421875 0.607421875 0.021484375 0.017578125
0 0.447265625 0.5380859375 0.017578125 0.015625
0 0.431640625 0.4833984375 0.029296875 0.021484375
0 0.46875 0.2861328125 0.021484375 0.017578125