0 0.7890625 0.6103515625 0.025390625 0.025390625
0 0.859375 0.5849609375 0.017578125 0.015625
0 0.9248046875 0.544921875 0.01953125 0.037109375
0 0.921875 0.517578125 0.017578125 0.0234375
0 0.8740234375 0.4970703125 0.013671875 0.013671875
0 0.8818359375 0.4794921875 0.01953125 0.0234375
0 0.931640625 0.482421875 0.013671875 0.013671875
0 0.9794921875 0.5205078125 0.017578125 0.017578125
0 0.974609375 0.50390625 0.015625 0.01171875
0 0.994140625 0.4697265625 0.01171875 0.021484375
0 0.962890625 0.46484375 0.0234375 0.0234375
0 0.943359375 0.4208984375 0.01953125 0.02734375
0 0.8935546875 0.431640625 0.021484375 0.0234375
0 0.9404296875 0.455078125 0.0234375 0.0234375
0 0.5869140625 0.60546875 0.013671875 0.013671875
0 0.876953125 0.3681640625 0.01953125 0.0234375
0 0.990234375 0.388671875 0.01953125 0.025390625
0 0.6953125 0.2333984375 0.015625 0.01953125
0 0.681640625 0.259765625 0.0234375 0.021484375
0 0.6533203125 0.248046875 0.033203125 0.03125
0 0.6220703125 0.2373046875 0.021484375 0.02734375
0 0.525390625 0.248046875 0.015625 0.025390625
0 0.48046875 0.267578125 0.0234375 0.033203125
0 0.7529296875 0.2548828125 0.033203125 0.03125
0 0.6328125 0.2890625 0.015625 0.021484375
0 0.5732421875 0.3466796875 0.01953125 0.015625
0 0.5791015625 0.3076171875 0.017578125 0.0234375
0 0.529296875 0.353515625 0.013671875 0.015625
0 0.96484375 0.201171875 0.017578125 0.021484375
0 0.994140625 0.2412109375 0.009765625 0.017578125
0 0.9560546875 0.3681640625 0.017578125 0.017578125
0 0.8896484375 0.3466796875 0.013671875 0.015625
0 0.947265625 0.2578125 0.01953125 0.013671875
0 0.9775390625 0.2275390625 0.025390625 0.021484375
0 0.8662109375 0.1611328125 0.013671875 0.021484375
0 0.8798828125 0.1103515625 0.015625 0.029296875
0 0.447265625 0.18359375 0.017578125 0.01953125
0 0.5341796875 0.1748046875 0.02734375 0.025390625
0 0.51171875 0.21484375 0.01171875 0.01171875
0 0.5244140625 0.2021484375 0.009765625 0.013671875
0 0.9130859375 0.005859375 0.01953125 0.01171875
0 0.685546875 0.21875 0.013671875 0.017578125
0 0.5615234375 0.6376953125 0.01953125 0.009765625
0 0.5224609375 0.6669921875 0.01171875 0.01953125
0 0.4580078125 0.623046875 0.0078125 0.013671875
0 0.3271484375 0.41796875 0.015625 0.01171875
0 0.4619140625 0.3369140625 0.009765625 0.013671875
0 0.595703125 0.3359375 0.017578125 0.017578125
0 0.658203125 0.294921875 0.01953125 0.025390625
0 0.6455078125 0.3193359375 0.009765625 0.013671875
0 0.57421875 0.2353515625 0.009765625 0.01171875
0 0.369140625 0.0498046875 0.01953125 0.013671875
0 0.3466796875 0.0458984375 0.009765625 0.01171875
0 0.296875 0.04296875 0.017578125 0.021484375
0 0.2900390625 0.060546875 0.013671875 0.009765625
0 0.2705078125 0.1064453125 0.009765625 0.013671875
0 0.205078125 0.2734375 0.01953125 0.015625
0 0.1953125 0.1865234375 0.015625 0.0234375
0 0.16015625 0.1982421875 0.021484375 0.013671875
0 0.1396484375 0.2177734375 0.01953125 0.01953125
0 0.1748046875 0.1826171875 0.017578125 0.017578125
0 0.185546875 0.1611328125 0.021484375 0.025390625
0 0.1953125 0.1279296875 0.015625 0.021484375
0 0.134765625 0.1552734375 0.015625 0.025390625
0 0.1162109375 0.173828125 0.013671875 0.021484375
0 0.111328125 0.150390625 0.017578125 0.0234375
0 0.1474609375 0.119140625 0.015625 0.015625
0 0.1494140625 0.1328125 0.01171875 0.01171875
0 0.255859375 0.1181640625 0.015625 0.015625
0 0.1455078125 0.04296875 0.013671875 0.015625
0 0.1279296875 0.0458984375 0.013671875 0.017578125
0 0.162109375 0.0146484375 0.017578125 0.013671875
0 0.134765625 0.0166015625 0.013671875 0.013671875
0 0.30859375 0.421875 0.015625 0.017578125
0 0.2880859375 0.4228515625 0.021484375 0.017578125