0 0.89453125 0.1689453125 0.025390625 0.0234375
0 0.9052734375 0.11328125 0.017578125 0.015625
0 0.857421875 0.0087890625 0.017578125 0.017578125
0 0.8056640625 0.005859375 0.021484375 0.01171875
0 0.587890625 0.0107421875 0.017578125 0.015625
0 0.5185546875 0.02734375 0.015625 0.017578125
0 0.4951171875 0.00390625 0.017578125 0.0078125
0 0.5244140625 0.0029296875 0.013671875 0.005859375
0 0.57421875 0.046875 0.015625 0.01953125
0 0.9375 0.1064453125 0.03125 0.0234375
0 0.9560546875 0.16796875 0.0234375 0.017578125
0 0.9189453125 0.166015625 0.01953125 0.025390625
0 0.9443359375 0.2060546875 0.01953125 0.0234375
0 0.9423828125 0.1826171875 0.015625 0.01953125
0 0.8681640625 0.126953125 0.025390625 0.017578125
0 0.8486328125 0.1328125 0.015625 0.01953125
0 0.837890625 0.1552734375 0.021484375 0.017578125
0 0.82421875 0.134765625 0.0234375 0.01953125
0 0.8095703125 0.1865234375 0.017578125 0.015625
0 0.9150390625 0.4794921875 0.017578125 0.017578125
0 0.9306640625 0.5224609375 0.017578125 0.017578125
0 0.90234375 0.5390625 0.017578125 0.017578125
0 0.7099609375 0.111328125 0.015625 0.015625
0 0.732421875 0.119140625 0.01953125 0.017578125
0 0.7490234375 0.134765625 0.015625 0.017578125
0 0.759765625 0.1474609375 0.01953125 0.013671875
0 0.7568359375 0.1728515625 0.021484375 0.01953125
0 0.7724609375 0.20703125 0.021484375 0.021484375
0 0.7822265625 0.1904296875 0.03515625 0.033203125
0 0.7060546875 0.2021484375 0.013671875 0.015625
0 0.6552734375 0.234375 0.01953125 0.017578125
0 0.689453125 0.2373046875 0.017578125 0.015625
0 0.6845703125 0.2744140625 0.0234375 0.0234375
0 0.65625 0.263671875 0.01953125 0.01953125
0 0.634765625 0.2314453125 0.013671875 0.017578125
0 0.646484375 0.2919921875 0.01953125 0.01953125
0 0.6337890625 0.26171875 0.01171875 0.015625
0 0.6708984375 0.361328125 0.01953125 0.017578125
0 0.6318359375 0.314453125 0.01953125 0.01953125
0 0.6787109375 0.3291015625 0.017578125 0.01953125
0 0.6474609375 0.4365234375 0.0234375 0.017578125
0 0.6640625 0.4833984375 0.0234375 0.02734375
0 0.6962890625 0.4931640625 0.0234375 0.021484375
0 0.55859375 0.3115234375 0.0234375 0.01953125
0 0.5439453125 0.26953125 0.021484375 0.01953125
0 0.5205078125 0.21484375 0.017578125 0.01953125
0 0.5029296875 0.216796875 0.017578125 0.021484375
0 0.5234375 0.248046875 0.0234375 0.021484375
0 0.5234375 0.2734375 0.017578125 0.017578125
0 0.4521484375 0.19140625 0.015625 0.017578125
0 0.3994140625 0.177734375 0.0234375 0.025390625
0 0.435546875 0.2021484375 0.02734375 0.025390625
0 0.38671875 0.2109375 0.0234375 0.017578125
0 0.4091796875 0.1953125 0.015625 0.021484375
0 0.412109375 0.232421875 0.025390625 0.02734375
0 0.4189453125 0.287109375 0.021484375 0.021484375
0 0.408203125 0.3125 0.0234375 0.021484375
0 0.46875 0.24609375 0.021484375 0.015625
0 0.470703125 0.2744140625 0.025390625 0.01953125
0 0.4765625 0.3017578125 0.021484375 0.015625