0 0.03291015625 0.0427734375 0.021367187499999996 0.020253906249999995
0 0.05419921875 0.07318359375 0.01451171875 0.01832031249999999
0 0.1391015625 0.031953125 0.01630859374999999 0.02580078125
0 0.1653515625 0.02224609375 0.012988281250000011 0.01478515625
0 0.17759765625 0.025625 0.012753906250000002 0.017070312499999997
0 0.15279296875 0.00908203125 0.014531249999999996 0.0181640625
0 0.1840625 0.380703125 0.013300781250000004 0.009746093750000018
0 0.2478125 0.3979296875 0.019238281250000044 0.01652343749999996
0 0.20103515625 0.67408203125 0.016621093749999982 0.024765624999999902
0 0.280859375 0.71712890625 0.01619140625000004 0.013671875
0 0.04599609375 0.8524609375 0.022792968750000003 0.01880859374999999
0 0.3046875 0.65798828125 0.01521484375000004 0.02060546874999991
0 0.3175390625 0.67970703125 0.02140624999999996 0.016386718749999973
0 0.35580078125 0.7780859375 0.015507812499999996 0.018613281249999947
0 0.332265625 0.73869140625 0.011816406250000022 0.017578125
0 0.29626953125 0.84283203125 0.011289062499999947 0.021171875000000062
0 0.34818359375 0.924921875 0.010839843750000022 0.018124999999999947
0 0.13197265625 0.5264453125 0.015273437499999987 0.015058593750000071
0 0.41091796875 0.90607421875 0.019257812500000027 0.03351562499999994
0 0.5403515625 0.9371484375 0.01675781250000008 0.00894531250000008
0 0.49421874999999993 0.74443359375 0.012421875000000027 0.020195312500000062
0 0.558359375 0.96587890625 0.020820312499999938 0.023964843749999964
0 0.5644140625 0.93158203125 0.012011718749999956 0.019316406249999973
0 0.568046875 0.88337890625 0.01187500000000008 0.01578125000000008
0 0.32921875 0.04458984375 0.01824218749999995 0.0257421875
0 0.62958984375 0.89578125 0.024140625000000027 0.02871093750000009
0 0.6721484375 0.8255078125 0.017031250000000053 0.024765624999999902
0 0.67130859375 0.8712109375 0.018105468749999964 0.021855468750000107
0 0.6488671875 0.88248046875 0.0283203125 0.02499999999999991
0 0.72140625 0.88994140625 0.027460937499999893 0.03576171874999989
0 0.6923828125 0.92666015625 0.01865234374999991 0.015546875000000071
0 0.79490234375 0.96615234375 0.01912109374999993 0.027285156250000053
0 0.75982421875 0.98337890625 0.013457031249999973 0.02499999999999991
0 0.73970703125 0.97501953125 0.016230468749999893 0.02285156250000009
0 0.52341796875 0.84775390625 0.02328124999999992 0.012402343750000044
0 0.451875 0.7966796875 0.023046875000000022 0.017031250000000053
0 0.439921875 0.59591796875 0.020976562500000018 0.011914062500000044
0 0.287421875 0.59201171875 0.010273437499999982 0.013457031249999973
0 0.559609375 0.59765625 0.01748046875000009 0.014707031249999947
0 0.8006640625 0.59859375 0.008691406250000089 0.008027343750000027
0 0.86619140625 0.6202734375 0.018730468750000062 0.020957031250000036
0 0.9141015625 0.6102734375 0.015097656250000036 0.012382812500000062
0 0.81119140625 0.6332421875 0.008847656249999947 0.013945312499999973
0 0.75970703125 0.31892578125 0.017382812499999956 0.020117187500000022
0 0.76982421875 0.30451171875 0.013535156249999902 0.012187500000000018
0 0.83662109375 0.32634765625 0.015371093750000009 0.014042968749999996
0 0.83578125 0.4636328125 0.008671875000000107 0.011582031250000013
0 0.8514453125 0.51009765625 0.012773437499999929 0.015351562500000027
0 0.98384765625 0.61556640625 0.014296875000000098 0.009531249999999991
0 0.91783203125 0.624921875 0.009746093750000018 0.011015624999999973
0 0.89869140625 0.611328125 0.011621093750000089 0.010605468749999902
0 0.9853125 0.75091796875 0.014707031249999947 0.019257812500000027
0 0.9505859375 0.73310546875 0.009082031249999956 0.011210937500000018
0 0.99615234375 0.79244140625 0.007695312500000107 0.012499999999999956
0 0.9287109375 0.6976953125 0.010781249999999964 0.010214843750000036
0 0.94734375 0.653671875 0.0063867187499999645 0.008710937500000071
0 0.48873046875 0.85333984375 0.010234375000000018 0.015664062499999964
0 0.605 0.97091796875 0.010117187499999902 0.015058593750000071
0 0.5080078125 0.89662109375 0.012089843750000107 0.022597656250000098
0 0.6328125 0.94955078125 0.012656250000000036 0.012148437500000053
0 0.65826171875 0.9361328125 0.01750000000000007 0.018105468749999964
0 0.64794921875 0.91828125 0.017929687499999902 0.018281250000000027
0 0.54890625 0.9941015625 0.027519531250000062 0.011796874999999929
0 0.42638671875 0.8060546875 0.021347656250000013 0.021015624999999982
0 0.436953125 0.63005859375 0.01832031249999999 0.030488281250000027
0 0.50283203125 0.61212890625 0.022812499999999902 0.029765625000000018
0 0.763828125 0.28205078125 0.008476562500000062 0.012089843749999996
0 0.07310546875 0.66546875 0.027695312499999986 0.022753906249999956