0 0.0068359375 0.44921875 0.013671875 0.0234375
0 0.04296875 0.42578125 0.021484375 0.025390625
0 0.234375 0.388671875 0.017578125 0.021484375
0 0.23828125 0.36328125 0.01953125 0.0234375
0 0.26171875 0.361328125 0.01953125 0.025390625
0 0.2109375 0.3505859375 0.015625 0.017578125
0 0.130859375 0.5009765625 0.017578125 0.025390625
0 0.1162109375 0.5146484375 0.013671875 0.021484375
0 0.1328125 0.52734375 0.013671875 0.013671875
0 0.1142578125 0.4931640625 0.01171875 0.01171875
0 0.1494140625 0.861328125 0.025390625 0.021484375
0 0.0537109375 0.958984375 0.021484375 0.025390625
0 0.1787109375 0.9052734375 0.017578125 0.009765625
0 0.2607421875 0.884765625 0.01953125 0.01953125
0 0.20703125 0.296875 0.01953125 0.01953125
0 0.2275390625 0.29296875 0.013671875 0.01171875
0 0.2109375 0.3212890625 0.013671875 0.015625
0 0.3828125 0.2158203125 0.021484375 0.021484375
0 0.4013671875 0.212890625 0.01171875 0.021484375
0 0.55078125 0.21484375 0.01953125 0.0234375
0 0.6083984375 0.09375 0.01953125 0.017578125
0 0.47265625 0.0751953125 0.017578125 0.021484375
0 0.646484375 0.2841796875 0.01953125 0.017578125
0 0.3935546875 0.9384765625 0.03125 0.0234375