0 0.2734375 0.0068359375 0.01953125 0.013671875
0 0.2431640625 0.0029296875 0.01171875 0.005859375
0 0.3583984375 0.0810546875 0.01953125 0.025390625
0 0.3818359375 0.068359375 0.021484375 0.0234375
0 0.4130859375 0.07421875 0.01953125 0.01953125
0 0.380859375 0.1083984375 0.017578125 0.021484375
0 0.515625 0.0205078125 0.01953125 0.01953125
0 0.57421875 0.0634765625 0.021484375 0.0234375
0 0.5830078125 0.0224609375 0.01953125 0.0234375
0 0.3046875 0.943359375 0.017578125 0.02734375
0 0.3203125 0.953125 0.013671875 0.015625
0 0.3134765625 0.970703125 0.017578125 0.01953125
0 0.68359375 0.927734375 0.01953125 0.021484375
0 0.7138671875 0.91015625 0.015625 0.01953125
0 0.6845703125 0.8916015625 0.01953125 0.021484375
0 0.6650390625 0.912109375 0.013671875 0.015625
0 0.6669921875 0.8857421875 0.015625 0.0234375
0 0.7021484375 0.859375 0.01953125 0.021484375
0 0.7734375 0.8349609375 0.017578125 0.021484375
0 0.806640625 0.837890625 0.01953125 0.025390625
0 0.8779296875 0.759765625 0.017578125 0.01953125
0 0.8837890625 0.740234375 0.01953125 0.021484375
0 0.9296875 0.755859375 0.017578125 0.017578125
0 0.6884765625 0.19921875 0.013671875 0.021484375
0 0.689453125 0.228515625 0.013671875 0.017578125
0 0.6748046875 0.2109375 0.01171875 0.01171875
0 0.673828125 0.1806640625 0.017578125 0.037109375
0 0.6572265625 0.1796875 0.013671875 0.033203125