0 0.228515625 0.0595703125 0.021484375 0.0234375
0 0.302734375 0.0390625 0.01953125 0.017578125
0 0.3232421875 0.0859375 0.025390625 0.033203125
0 0.32421875 0.2548828125 0.025390625 0.017578125
0 0.6865234375 0.1591796875 0.021484375 0.01953125
0 0.677734375 0.189453125 0.01953125 0.01953125
0 0.7138671875 0.1826171875 0.0234375 0.01953125
0 0.751953125 0.1123046875 0.021484375 0.0234375
0 0.7578125 0.0234375 0.017578125 0.0234375
0 0.8642578125 0.0068359375 0.01953125 0.013671875
0 0.8935546875 0.02734375 0.01953125 0.017578125
0 0.908203125 0.0390625 0.017578125 0.01953125
0 0.830078125 0.076171875 0.025390625 0.025390625
0 0.96484375 0.1767578125 0.029296875 0.03125
0 0.9501953125 0.2373046875 0.01953125 0.025390625
0 0.96484375 0.26171875 0.0234375 0.01953125
0 0.7958984375 0.064453125 0.015625 0.013671875
0 0.79296875 0.0263671875 0.025390625 0.01953125
0 0.884765625 0.0869140625 0.021484375 0.03125
0 0.8671875 0.0693359375 0.0234375 0.0234375
0 0.5380859375 0.3994140625 0.0234375 0.0234375
0 0.5595703125 0.396484375 0.017578125 0.021484375
0 0.53515625 0.455078125 0.0234375 0.01953125
0 0.5859375 0.388671875 0.017578125 0.015625
0 0.5791015625 0.4033203125 0.01953125 0.017578125
0 0.5849609375 0.443359375 0.0234375 0.01953125
0 0.5703125 0.5126953125 0.017578125 0.015625
0 0.59765625 0.4990234375 0.01953125 0.017578125
0 0.689453125 0.4619140625 0.021484375 0.01953125
0 0.6416015625 0.3359375 0.021484375 0.017578125
0 0.671875 0.34375 0.01953125 0.021484375
0 0.6396484375 0.369140625 0.01953125 0.021484375
0 0.662109375 0.36328125 0.021484375 0.01953125
0 0.6875 0.380859375 0.01953125 0.01953125
0 0.615234375 0.3994140625 0.017578125 0.01953125
0 0.708984375 0.427734375 0.021484375 0.01953125
0 0.7255859375 0.4033203125 0.01953125 0.01953125
0 0.7041015625 0.390625 0.013671875 0.021484375
0 0.19921875 0.4619140625 0.021484375 0.0234375
0 0.146484375 0.51953125 0.021484375 0.021484375
0 0.130859375 0.681640625 0.02734375 0.021484375
0 0.1328125 0.634765625 0.021484375 0.01953125
0 0.1142578125 0.587890625 0.0234375 0.021484375
0 0.1953125 0.6787109375 0.02734375 0.021484375
0 0.3427734375 0.63671875 0.0234375 0.021484375
0 0.296875 0.6533203125 0.021484375 0.017578125
0 0.298828125 0.671875 0.021484375 0.01953125
0 0.3076171875 0.724609375 0.01953125 0.017578125
0 0.376953125 0.7080078125 0.01953125 0.01953125
0 0.392578125 0.7451171875 0.01953125 0.021484375
0 0.349609375 0.5908203125 0.025390625 0.01953125
0 0.37109375 0.58203125 0.01953125 0.01953125
0 0.2802734375 0.4990234375 0.015625 0.01953125
0 0.2724609375 0.53515625 0.01953125 0.017578125
0 0.2666015625 0.5537109375 0.025390625 0.01953125
0 0.2724609375 0.5859375 0.021484375 0.021484375
0 0.240234375 0.6123046875 0.01953125 0.01953125
0 0.259765625 0.4951171875 0.013671875 0.017578125
0 0.244140625 0.498046875 0.01953125 0.01953125
0 0.2275390625 0.49609375 0.017578125 0.017578125
0 0.2451171875 0.587890625 0.025390625 0.017578125
0 0.228515625 0.6552734375 0.0234375 0.01953125
0 0.1689453125 0.58203125 0.01953125 0.01953125
0 0.537109375 0.720703125 0.021484375 0.01953125
0 0.5302734375 0.740234375 0.01953125 0.017578125
0 0.501953125 0.716796875 0.01953125 0.017578125
0 0.4599609375 0.76171875 0.01953125 0.017578125
0 0.4765625 0.7666015625 0.013671875 0.02734375
0 0.5576171875 0.4765625 0.025390625 0.0234375
0 0.7109375 0.720703125 0.01953125 0.01953125
0 0.69140625 0.7216796875 0.021484375 0.03125
0 0.67578125 0.75390625 0.021484375 0.025390625
0 0.6396484375 0.736328125 0.021484375 0.017578125
0 0.9658203125 0.7197265625 0.017578125 0.015625
0 0.412109375 0.9580078125 0.021484375 0.017578125
0 0.580078125 0.8671875 0.021484375 0.0234375
0 0.6357421875 0.8232421875 0.01953125 0.0234375
0 0.6337890625 0.8017578125 0.017578125 0.01953125
0 0.611328125 0.8056640625 0.0234375 0.015625
0 0.65234375 0.8330078125 0.017578125 0.017578125
0 0.6123046875 0.7509765625 0.013671875 0.01953125
0 0.6279296875 0.7578125 0.01953125 0.021484375
0 0.8388671875 0.9775390625 0.017578125 0.01953125
0 0.908203125 0.966796875 0.03515625 0.03125
0 0.5908203125 0.8369140625 0.0234375 0.033203125
0 0.5654296875 0.8427734375 0.01953125 0.025390625
0 0.5576171875 0.869140625 0.025390625 0.029296875
0 0.537109375 0.8544921875 0.017578125 0.01953125
0 0.6875 0.8017578125 0.029296875 0.01953125
0 0.6728515625 0.818359375 0.021484375 0.01953125
0 0.7158203125 0.8291015625 0.03125 0.01953125
0 0.6455078125 0.7783203125 0.041015625 0.033203125
0 0.6435546875 0.408203125 0.025390625 0.033203125
0 0.6669921875 0.4345703125 0.0390625 0.02734375
0 0.625 0.4580078125 0.037109375 0.03125
0 0.287109375 0.6240234375 0.033203125 0.03125
0 0.376953125 0.5087890625 0.021484375 0.01953125
0 0.375 0.5302734375 0.029296875 0.025390625
0 0.1875 0.580078125 0.021484375 0.037109375
0 0.53515625 0.478515625 0.021484375 0.01953125
0 0.3203125 0.6015625 0.01953125 0.013671875
0 0.291015625 0.453125 0.015625 0.0234375
0 0.3017578125 0.5712890625 0.01171875 0.0234375
0 0.3232421875 0.5673828125 0.021484375 0.02734375
0 0.357421875 0.5595703125 0.017578125 0.02734375
0 0.20703125 0.60546875 0.015625 0.01953125
0 0.22265625 0.51171875 0.0078125 0.01171875
0 0.212890625 0.51953125 0.013671875 0.01171875
0 0.2216796875 0.6064453125 0.013671875 0.017578125
0 0.32421875 0.513671875 0.021484375 0.021484375
0 0.3076171875 0.537109375 0.015625 0.017578125
0 0.333984375 0.4873046875 0.017578125 0.017578125
0 0.3125 0.4892578125 0.01953125 0.021484375
0 0.349609375 0.5458984375 0.029296875 0.015625