0 0.03498046875 0.400703125 0.020253906249999995 0.02035156250000003
0 0.0102734375 0.37529296875 0.011347656249999998 0.018671875000000004
0 0.10158203125 0.5071484375 0.013359375000000007 0.017792968750000027
0 0.1615234375 0.48798828125 0.019355468749999993 0.020878906249999996
0 0.1330078125 0.48130859375 0.02099609375 0.0224609375
0 0.1416015625 0.39716796875 0.01976562500000001 0.024453124999999964
0 0.08283203125 0.41236328125 0.0198046875 0.013417968750000009
0 0.1041796875 0.38775390625 0.017402343749999993 0.02400390625000004
0 0.05822265624999999 0.37916015625 0.018671875000000004 0.02523437500000003
0 0.03794921875 0.37265625 0.017246093749999997 0.021425781250000053
0 0.2591015625 0.36298828125 0.015527343749999978 0.014746093750000022
0 0.1778125 0.07224609375 0.022031250000000002 0.021074218750000012
0 0.00314453125 0.04240234375 0.0062890625 0.017753906250000007
0 0.15916015625 0.22556640625 0.012324218750000004 0.012539062499999976
0 0.32537109375 0.275546875 0.021484375 0.02507812499999995
0 0.40849609375 0.16080078125 0.01634765625000001 0.015273437499999987
0 0.39876953125 0.09787109375 0.016484374999999996 0.015976562500000013
0 0.31203125 0.208046875 0.021289062499999956 0.022363281249999978
0 0.26890625 0.27962890625 0.02361328124999995 0.019433593749999978
0 0.35064453125 0.8612890625 0.014550781249999978 0.01400390624999992
0 0.49693359375 0.92291015625 0.01839843749999992 0.022285156249999938
0 0.50861328125 0.866796875 0.012871093750000062 0.017050781250000036
0 0.47287109375 0.6983984375 0.013027343750000031 0.01798828125000007
0 0.71423828125 0.9925390625 0.014667968749999982 0.014921874999999973
0 0.6192578125 0.42275390625 0.009199218750000071 0.010273437499999982
0 0.4795703125 0.25548828125 0.014863281250000027 0.019550781249999982
0 0.494375 0.24595703125 0.01634765625000001 0.01677734374999995
0 0.502578125 0.1548046875 0.016464843749999902 0.028398437499999984
0 0.4977148437500001 0.1130859375 0.017597656249999982 0.023828125000000006
0 0.55013671875 0.13212890625 0.014589843750000053 0.017519531249999998
0 0.55470703125 0.101640625 0.0126953125 0.016328125
0 0.4408984375 0.1106640625 0.018164062500000022 0.01808593750000001
0 0.46380859375 0.1040234375 0.018652343750000022 0.020175781249999997
0 0.458671875 0.12873046875 0.01636718749999999 0.01705078124999998
0 0.45732421875 0.1462109375 0.01837890625000005 0.018476562500000016
0 0.49185546875 0.17904296875 0.01675781249999997 0.014355468749999989
0 0.46470703125 0.16072265625 0.018164062500000022 0.02121093749999997
0 0.48091796875 0.16095703125 0.007558593750000009 0.010820312499999984
0 0.90658203125 0.9903515625 0.013847656250000062 0.01929687499999999
0 0.9469921875 0.98634765625 0.01765624999999993 0.020058593749999964
0 0.9646875 0.993515625 0.012128906250000071 0.012968749999999973
0 0.7871484375 0.76869140625 0.013789062499999893 0.018496093750000053
0 0.81958984375 0.7499609375 0.014335937500000062 0.016132812499999982
0 0.83765625 0.70248046875 0.01732421875000001 0.01572265624999991
0 0.94365234375 0.6661328125 0.012949218749999991 0.01513671875
0 0.9692578125 0.7069140625 0.011523437499999956 0.016816406250000027
0 0.98703125 0.76396484375 0.012949218749999991 0.01585937500000001
0 0.82099609375 0.64541015625 0.009374999999999911 0.011738281249999982
0 0.8007421875 0.66314453125 0.010761718749999982 0.011132812500000089
0 0.7798046875 0.645625 0.007871093749999947 0.009218750000000053
0 0.8740234375 0.56029296875 0.01498046874999992 0.016953124999999902
0 0.88814453125 0.5688671875 0.013046874999999902 0.01830078125000001
0 0.855703125 0.4617578125 0.012499999999999956 0.014804687499999969
0 0.954765625 0.45453125 0.012753906249999947 0.015000000000000013
0 0.896484375 0.5108203125 0.014121093750000036 0.01839843749999992
0 0.9073046875 0.54205078125 0.023085937500000098 0.02140625000000007
0 0.930078125 0.52869140625 0.02089843750000009 0.01611328125
0 0.73203125 0.0287109375 0.016640624999999964 0.01716796875
0 0.7946484375 0.04125 0.016562500000000036 0.019824218749999997
0 0.9175390625 0.02583984375 0.010429687500000062 0.014355468750000003
0 0.76349609375 0.14810546875 0.01912109374999993 0.018144531249999984
0 0.7906640625 0.1453515625 0.011054687499999938 0.016523437500000016
0 0.8852734375 0.784921875 0.009335937499999947 0.014999999999999902
0 0.9408203125 0.78685546875 0.009707031250000053 0.013417968750000009
0 0.97890625 0.79681640625 0.012597656250000089 0.009980468750000027
0 0.94033203125 0.82634765625 0.011835937499999893 0.008984375000000044