0 0.92462890625 0.11193359375 0.022910156250000036 0.01906250000000001
0 0.89447265625 0.1753125 0.025097656250000044 0.02078125000000003
0 0.73513671875 0.32974609375 0.02261718750000008 0.025332031250000053
0 0.7503125 0.30314453125 0.021464843750000018 0.025351562500000036
0 0.7737890625 0.29732421875 0.0234375 0.025605468750000027
0 0.77939453125 0.2704296875 0.023300781249999902 0.018847656249999956
0 0.75419921875 0.27607421875 0.016796875000000044 0.016171874999999947
0 0.75232421875 0.2371484375 0.02701171875000008 0.023046875000000022
0 0.76177734375 0.2055859375 0.01699218750000009 0.01728515624999999
0 0.77986328125 0.246796875 0.022675781250000027 0.02373046875000001
0 0.8920703125 0.27474609375 0.01976562500000001 0.017617187499999964
0 0.8824609375 0.25611328125 0.01865234374999991 0.026894531249999964
0 0.85681640625 0.22689453125 0.01796875000000009 0.016484374999999996
0 0.830859375 0.23171875 0.029589843749999956 0.03080078125000002
0 0.8521484375 0.25958984375 0.02515624999999999 0.027636718749999956
0 0.80267578125 0.29775390625 0.02750000000000008 0.02230468750000003
0 0.83455078125 0.2695703125 0.020976562500000018 0.029492187500000044
0 0.81083984375 0.246171875 0.016425781249999938 0.02095703124999998
0 0.9434375 0.81328125 0.01750000000000007 0.01914062499999991
0 0.92357421875 0.8404296875 0.013554687500000107 0.015488281249999902
0 0.9595703125 0.8426953125 0.014902343749999991 0.015507812500000107
0 0.99609375 0.8623046875 0.0078125 0.017578125
0 0.8182421875 0.32296875 0.032031249999999956 0.02751953124999995