0 0.067890625 0.10806640625 0.030820312500000002 0.02855468750000001
0 0.1518359375 0.0365234375 0.014511718750000013 0.019355468750000007
0 0.3452734375 0.2396875 0.016054687500000053 0.016484374999999996
0 0.35458984375 0.28390625 0.018359374999999956 0.023828124999999978
0 0.39654296875 0.300078125 0.022421875000000036 0.028515625000000044
0 0.39048828125 0.43951171875 0.012812500000000004 0.02009765625000004
0 0.38451171875 0.5291796875 0.026640624999999973 0.020292968749999973
0 0.421640625 0.78349609375 0.018593749999999964 0.021679687500000044
0 0.5216796875 0.9338671875 0.018730468750000062 0.016542968750000053
0 0.48361328125 0.07771484375 0.024843750000000053 0.022890624999999998
0 0.73015625 0.01482421875 0.023125000000000062 0.02498046875
0 0.53048828125 0.00728515625 0.01976562500000001 0.01455078125
0 0.55025390625 0.00984375 0.01570312499999993 0.015039062500000002
0 0.46185546875 0.22787109375 0.018593749999999964 0.024062499999999987
0 0.4775390625 0.21380859375 0.015585937500000036 0.01802734374999998
0 0.462734375 0.17013671875 0.015410156249999973 0.0185546875
0 0.91201171875 0.567265625 0.017050781250000036 0.01978515624999999
0 0.8937890625 0.24947265625000004 0.018261718750000044 0.0234375
0 0.5222265625 0.9153515625 0.017441406249999902 0.019824218749999956