0 0.4212109375 0.00970703125 0.01708984375 0.01923828125
0 0.33708984375 0.04060546875 0.017949218749999996 0.017539062500000008
0 0.2952734375 0.11732421875 0.015390624999999991 0.020117187499999994
0 0.3134375 0.1062890625 0.010234375000000018 0.01878906250000001
0 0.3781640625 0.12626953125 0.013320312499999987 0.01738281250000001
0 0.38794921875 0.09087890625 0.010273437499999982 0.022539062499999984
0 0.365390625 0.0984765625 0.01228515625000004 0.01511718749999999
0 0.356953125 0.10251953125 0.009882812500000004 0.014394531250000009
0 0.17841796875 0.97080078125 0.015019531249999996 0.016660156249999947
0 0.25513671875 0.9833984375 0.017148437499999947 0.018339843749999973
0 0.25302734375 0.894921875 0.016816406250000027 0.022480468749999982
0 0.21876953125 0.846015625 0.008671874999999996 0.013261718749999929
0 0.22490234375 0.94158203125 0.023300781250000013 0.020156250000000098
0 0.2375390625 0.92302734375 0.018007812499999998 0.018339843749999973
0 0.19546875 0.87796875 0.016953125000000013 0.019160156249999893
0 0.208359375 0.89029296875 0.01689453125000001 0.01742187499999992
0 0.213671875 0.86525390625 0.018867187499999993 0.012558593749999902
0 0.5596875 0.97552734375 0.018339843749999973 0.018437500000000107
0 0.53623046875 0.92775390625 0.017851562499999973 0.023808593750000107
0 0.5129296875 0.92185546875 0.018769531250000027 0.01953125
0 0.67748046875 0.02076171875 0.023730468749999956 0.019023437499999997
0 0.64759765625 0.02537109375 0.01798828125000007 0.024296875000000002
0 0.6274609375 0.01720703125 0.018261718750000044 0.015117187499999997
0 0.80478515625 0.134609375 0.012089843750000107 0.014667968749999982
0 0.7844921875 0.16669921875 0.014414062499999991 0.016054687499999998
0 0.77330078125 0.1855078125 0.008359374999999947 0.009179687499999978
0 0.626640625 0.11513671875 0.015839843750000027 0.017050781250000008
0 0.641875 0.12955078125 0.018417968749999902 0.02363281249999999
0 0.7593359375 0.27951171875 0.016562500000000036 0.02074218750000001
0 0.7456640625 0.26716796875 0.01783203124999999 0.019902343749999996
0 0.73423828125 0.289765625 0.02041015625000009 0.018203124999999987
0 0.69703125 0.320078125 0.015937499999999938 0.02082031250000005
0 0.673984375 0.30998046875 0.01912109374999993 0.021289062499999956
0 0.87591796875 0.53205078125 0.014257812499999911 0.01814453124999993
0 0.65630859375 0.63046875 0.02392578125 0.01986328124999992
0 0.654453125 0.596640625 0.012343750000000098 0.014414062499999991
0 0.66896484375 0.59359375 0.013886718750000027 0.01619140624999993
0 0.69072265625 0.58498046875 0.018124999999999947 0.018593749999999964
0 0.7268359375 0.59880859375 0.015664062499999964 0.022011718749999964
0 0.7248046875 0.62615234375 0.01685546874999999 0.01845703125000009
0 0.71017578125 0.61708984375 0.025585937500000044 0.02847656250000008
0 0.83009765625 0.736796875 0.012656250000000036 0.01513671875
0 0.82154296875 0.8260546875 0.010625000000000107 0.016816406250000027
0 0.82765625 0.88162109375 0.013691406249999982 0.014667968749999982
0 0.8396875 0.89619140625 0.020703125000000044 0.02089843750000009
0 0.97873046875 0.87306640625 0.016562500000000036 0.021054687499999947
0 0.94337890625 0.8527734375 0.012558593749999902 0.014843750000000044
0 0.927578125 0.8534765625 0.016660156249999947 0.020195312500000062
0 0.946171875 0.8164453125 0.014199218749999964 0.016152343749999964
0 0.9931640625 0.841796875 0.013671875 0.01953125
0 0.9667578125 0.75677734375 0.016386718749999973 0.014433593749999973
0 0.9777734375 0.73935546875 0.01796875000000009 0.019882812499999902
0 0.97845703125 0.83115234375 0.009394531249999893 0.007929687499999893
0 0.09771484375 0.03283203125 0.019589843750000002 0.028281249999999994