0 0.4010546875 0.33091796875 0.021210937500000027 0.018203124999999987
0 0.00400390625 0.0296875 0.007617187500000001 0.015625
0 0.033984375 0.02734375 0.014062500000000006 0.028124999999999997
0 0.0837890625 0.0419921875 0.019921875000000006 0.017968750000000006
0 0.11142578125 0.02392578125 0.011914062499999989 0.013085937499999999
0 0.0240234375 0.06162109375 0.02578124999999999 0.01816406250000001
0 0.04990234375 0.087890625 0.021289062499999997 0.02070312499999999
0 0.0345703125 0.14658203125 0.02109375000000001 0.01933593750000001
0 0.00302734375 0.13408203125 0.0060546875 0.014257812500000022
0 0.07626953125 0.1478515625 0.020117187499999994 0.021484375
0 0.10771484375 0.162109375 0.008398437499999994 0.013281250000000022
0 0.1134765625 0.123828125 0.02031250000000001 0.021875000000000006
0 0.02958984375 0.11015625 0.0162109375 0.02265624999999999
0 0.0126953125 0.0986328125 0.017578125 0.03007812500000001
0 0.16240234375 0.0974609375 0.01933593750000001 0.019921875000000006
0 0.18857421875 0.0861328125 0.0185546875 0.02031250000000001
0 0.1845703125 0.13720703125 0.01874999999999999 0.0146484375
0 0.0890625 0.279296875 0.01835937500000001 0.016406249999999956
0 0.01015625 0.2677734375 0.0203125 0.020039062499999982
0 0.01560546875 0.19921875 0.0234765625 0.023710937499999973
0 0.03498046875 0.21119140625 0.0152734375 0.016191406249999984
0 0.02337890625 0.1755078125 0.0116796875 0.013320312499999987
0 0.05748046875 0.18263671875 0.007792968750000004 0.01460937499999998
0 0.02255859375 0.21787109375 0.0133203125 0.01753906249999998
0 0.0032421875 0.23150390625 0.006484375 0.01363281249999998
0 0.07744140625 0.1798828125 0.011367187500000014 0.012343749999999987
0 0.18376953125 0.1735546875 0.01167968749999998 0.01591796875000001
0 0.20017578125 0.19140625 0.01460937499999998 0.017851562499999973
0 0.20796875 0.16591796875 0.013964843750000011 0.027929687500000022
0 0.17875 0.05632812499999999 0.01460937499999998 0.0198046875
0 0.19611328125 0.05552734375 0.014277343750000004 0.018828125
0 0.16267578125 0.0071484375 0.019472656249999998 0.0136328125
0 0.2656640625 0.11917968750000002 0.01585937500000001 0.019960937499999998
0 0.26521484375 0.06384765625 0.01732421875000001 0.018496093749999998
0 0.24599609375 0.08 0.02054687500000002 0.027304687500000008
0 0.23279296875 0.095703125 0.01585937500000001 0.019375000000000003
0 0.3249609375 0.08953125 0.014667968749999982 0.016445312500000003
0 0.30779296875 0.117265625 0.018496093750000053 0.023769531250000003
0 0.30587890625 0.14384765625 0.009980468750000027 0.014082031250000016
0 0.3105859375 0.0635546875 0.021132812499999987 0.017910156250000003
0 0.335390625 0.01466796875 0.014375000000000027 0.021718750000000002
0 0.340078125 0.051953125 0.019667968749999987 0.022304687500000003
0 0.32041015625 0.03404296875 0.027890624999999947 0.026425781250000002
0 0.39833984375 0.05107421875 0.012324218750000004 0.012910156249999999
0 0.38380859375 0.13150390625 0.014980468750000031 0.01878906250000001
0 0.41861328125 0.1580859375 0.011738281249999982 0.012617187500000016
0 0.4133203125 0.11375 0.018203124999999987 0.016152343749999992
0 0.3916015625 0.09921875 0.019960937500000053 0.024062499999999987
0 0.2120703125 0.08119140625 0.018085937499999982 0.02560546875
0 0.2085546875 0.12994140625 0.013398437500000027 0.014570312500000016
0 0.2225390625 0.122890625 0.02021484374999999 0.023496093750000002
0 0.20431640625 0.11291015625 0.017148437500000002 0.020449218749999998
0 0.30568359375 0.2951953125 0.017773437500000044 0.020976562500000018
0 0.334296875 0.3247265625 0.015273437499999987 0.01619140625000004
0 0.3480859375 0.36244140625 0.011406249999999951 0.010937500000000044
0 0.39685546875 0.40439453125 0.01595703125000003 0.01732421875000001
0 0.390703125 0.34865234375 0.02416015625000001 0.018007812500000053
0 0.4268359375 0.33599609375 0.017558593750000018 0.016874999999999973
0 0.39458984375 0.30544921875 0.01595703125000003 0.021874999999999978
0 0.41693359375 0.30396484375 0.014589843750000053 0.018457031249999978
0 0.47880859375 0.2551953125 0.01937500000000003 0.018457031249999978
0 0.450546875 0.263515625 0.00935546875000004 0.01595703125000003
0 0.42662109375 0.27935546875 0.016640624999999964 0.020292968749999973
0 0.39705078125 0.56681640625 0.017773437500000044 0.019550781249999982
0 0.41015625 0.57603515625 0.01554687499999996 0.019335937499999956
0 0.46568359375 0.1603125 0.015664062499999964 0.016484374999999996
0 0.5355078125 0.31283203125 0.016171874999999947 0.016464843750000013
0 0.558125 0.2509765625 0.014667968749999982 0.017968749999999978
0 0.60529296875 0.2096484375 0.01318359375 0.015566406249999998
0 0.567265625 0.1969140625 0.01498046874999992 0.017675781250000022
0 0.6687890625 0.140625 0.01796875000000009 0.020664062500000024
0 0.51978515625 0.0046484375 0.015273437500000098 0.008691406250000002
0 0.59255859375 0.02919921875 0.018261718750000044 0.02126953125
0 0.57234375 0.039375 0.011972656249999991 0.014667968749999996
0 0.55318359375 0.0368359375 0.02695312499999991 0.016777343750000007
0 0.58373046875 0.1648828125 0.027558593750000027 0.019472656249999998
0 0.58177734375 0.14451171875 0.02425781249999992 0.02126953125000003
0 0.9912109375 0.6318359375 0.017578125 0.017578125
0 0.82873046875 0.38302734375 0.01914062499999991 0.016542968750000053
0 0.9055859375 0.42060546875 0.03771484374999989 0.03597656250000003
0 0.81697265625 0.32720703125 0.01943359375000009 0.019140625000000022
0 0.87267578125 0.27919921875 0.014218749999999947 0.013046875000000013
0 0.8876171875 0.23654296875 0.015078125000000053 0.01828124999999997
0 0.92923828125 0.15431640625 0.011894531250000062 0.01566406250000002
0 0.8632421875 0.04509765625 0.020312499999999956 0.0205859375
0 0.84583984375 0.098046875 0.016250000000000098 0.02146484374999999
0 0.89384765625 0.09775390625 0.017695312499999893 0.016249999999999987
0 0.9338671875 0.03916015625 0.028144531249999938 0.024374999999999994
0 0.9299609375 0.0933984375 0.016250000000000098 0.025527343750000014
0 0.9551953125 0.10283203125 0.015664062499999964 0.013632812500000008
0 0.9976171875 0.0781640625 0.004765625000000107 0.01710937500000001
0 0.80828125 0.06802734375 0.017109374999999982 0.013632812500000008
0 0.910234375 0.02306640625 0.012187500000000018 0.008984374999999996
0 0.900234375 0.0121875 0.01595703124999992 0.01625
0 0.8896484375 0.001953125 0.013671875 0.00390625
0 0.81560546875 0.108125 0.021113281249999893 0.013789062500000004
0 0.80052734375 0.1094140625 0.012070312499999902 0.020683593750000007
0 0.77943359375 0.1074609375 0.012929687500000009 0.015937499999999993
0 0.9053125 0.03791015625 0.010117187499999902 0.011621093750000006
0 0.9119921875 0.07720703125 0.019160156249999893 0.03423828125