0 0.0283203125 0.1748046875 0.015625 0.013671875
0 0.05859375 0.2099609375 0.01953125 0.015625
0 0.08203125 0.1201171875 0.017578125 0.01953125
0 0.1005859375 0.1572265625 0.01953125 0.009765625
0 0.0751953125 0.1943359375 0.01171875 0.009765625
0 0.0654296875 0.1328125 0.01953125 0.013671875
0 0.1162109375 0.0888671875 0.01953125 0.015625
0 0.1259765625 0.1064453125 0.01953125 0.013671875
0 0.12890625 0.146484375 0.017578125 0.015625
0 0.1416015625 0.2109375 0.021484375 0.01953125
0 0.1591796875 0.150390625 0.02734375 0.015625
0 0.1162109375 0.3154296875 0.029296875 0.01953125
0 0.23828125 0.2138671875 0.01953125 0.01953125
0 0.212890625 0.240234375 0.01953125 0.015625
0 0.3359375 0.25 0.01953125 0.015625
0 0.3916015625 0.109375 0.021484375 0.013671875
0 0.662109375 0.310546875 0.029296875 0.025390625
0 0.6376953125 0.3212890625 0.017578125 0.01953125
0 0.5751953125 0.3212890625 0.015625 0.013671875
0 0.7021484375 0.330078125 0.017578125 0.021484375
0 0.8212890625 0.072265625 0.0234375 0.0234375
0 0.806640625 0.140625 0.021484375 0.021484375
0 0.9375 0.1025390625 0.021484375 0.015625
0 0.90625 0.1025390625 0.021484375 0.021484375
0 0.8857421875 0.12109375 0.021484375 0.021484375
0 0.8837890625 0.1728515625 0.021484375 0.017578125
0 0.9091796875 0.169921875 0.01953125 0.01953125
0 0.9150390625 0.1552734375 0.01171875 0.013671875
0 0.9248046875 0.18359375 0.01953125 0.021484375
0 0.89453125 0.1416015625 0.0234375 0.01953125
0 0.90234375 0.1240234375 0.013671875 0.015625
0 0.8681640625 0.1435546875 0.033203125 0.017578125
0 0.845703125 0.1474609375 0.01953125 0.015625
0 0.861328125 0.162109375 0.01953125 0.017578125
0 0.8232421875 0.1640625 0.013671875 0.01171875
0 0.8955078125 0.2626953125 0.015625 0.01953125
0 0.849609375 0.328125 0.01953125 0.017578125
0 0.9111328125 0.3251953125 0.029296875 0.021484375
0 0.94921875 0.2080078125 0.017578125 0.015625
0 0.9775390625 0.2626953125 0.015625 0.013671875
0 0.990234375 0.2724609375 0.013671875 0.017578125
0 0.9892578125 0.3076171875 0.017578125 0.017578125
0 0.9560546875 0.2587890625 0.0234375 0.013671875
0 0.9599609375 0.2724609375 0.01953125 0.013671875
0 0.9443359375 0.279296875 0.01953125 0.01953125
0 0.9169921875 0.205078125 0.03515625 0.0234375
0 0.8994140625 0.2138671875 0.013671875 0.01171875
0 0.8701171875 0.2216796875 0.01953125 0.021484375
0 0.859375 0.203125 0.025390625 0.03515625
0 0.744140625 0.328125 0.029296875 0.025390625
0 0.5771484375 0.4072265625 0.01953125 0.01953125
0 0.5966796875 0.375 0.021484375 0.01953125
0 0.6318359375 0.3544921875 0.01953125 0.01953125
0 0.6279296875 0.373046875 0.025390625 0.0234375
0 0.6611328125 0.3447265625 0.025390625 0.02734375
0 0.7099609375 0.3603515625 0.015625 0.015625
0 0.7578125 0.3662109375 0.021484375 0.01953125
0 0.7421875 0.376953125 0.0234375 0.021484375
0 0.783203125 0.4189453125 0.025390625 0.01953125
0 0.736328125 0.404296875 0.0234375 0.021484375
0 0.7109375 0.3916015625 0.0234375 0.02734375
0 0.72265625 0.4833984375 0.029296875 0.0234375
0 0.8212890625 0.4697265625 0.037109375 0.0234375
0 0.83984375 0.4404296875 0.037109375 0.029296875
0 0.63671875 0.427734375 0.017578125 0.015625
0 0.66015625 0.3818359375 0.03515625 0.029296875
0 0.693359375 0.3837890625 0.01171875 0.015625
0 0.642578125 0.453125 0.0234375 0.021484375
0 0.4052734375 0.359375 0.021484375 0.021484375
0 0.3603515625 0.451171875 0.0234375 0.021484375
0 0.2978515625 0.390625 0.021484375 0.017578125
0 0.27734375 0.4306640625 0.021484375 0.017578125
0 0.205078125 0.443359375 0.017578125 0.017578125
0 0.23046875 0.39453125 0.03125 0.03125
0 0.2822265625 0.365234375 0.02734375 0.025390625
0 0.0078125 0.279296875 0.015625 0.013671875
0 0.1015625 0.4296875 0.013671875 0.013671875
0 0.044921875 0.4619140625 0.015625 0.015625
0 0.0703125 0.4912109375 0.021484375 0.01953125
0 0.0498046875 0.5390625 0.01953125 0.017578125
0 0.0751953125 0.52734375 0.015625 0.013671875
0 0.09375 0.533203125 0.01953125 0.017578125
0 0.115234375 0.53125 0.01953125 0.021484375
0 0.138671875 0.53125 0.02734375 0.02734375
0 0.08984375 0.556640625 0.017578125 0.025390625
0 0.11328125 0.56640625 0.021484375 0.013671875
0 0.90625 0.2275390625 0.021484375 0.015625
0 0.9638671875 0.7763671875 0.021484375 0.0234375
0 0.9404296875 0.7578125 0.0234375 0.025390625
0 0.7421875 0.673828125 0.029296875 0.017578125
0 0.607421875 0.673828125 0.01953125 0.017578125
0 0.7080078125 0.9033203125 0.01953125 0.017578125
0 0.0830078125 0.607421875 0.013671875 0.017578125
0 0.0439453125 0.673828125 0.017578125 0.021484375
0 0.052734375 0.7109375 0.0234375 0.021484375
0 0.0927734375 0.7041015625 0.021484375 0.017578125
0 0.21875 0.98828125 0.01953125 0.021484375
0 0.3046875 0.9951171875 0.013671875 0.009765625
0 0.677734375 0.9912109375 0.01953125 0.017578125
0 0.3212890625 0.076171875 0.03125 0.02734375
0 0.66015625 0.6396484375 0.025390625 0.029296875
0 0.017578125 0.857421875 0.01953125 0.017578125
0 0.6865234375 0.443359375 0.021484375 0.021484375
0 0.6552734375 0.4052734375 0.013671875 0.017578125
0 0.666015625 0.4140625 0.015625 0.015625
0 0.677734375 0.421875 0.015625 0.01953125
0 0.63671875 0.4677734375 0.015625 0.005859375
0 0.177734375 0.99609375 0.0234375 0.0078125