0 0.5673828125 0.912109375 0.017578125 0.017578125
0 0.5390625 0.921875 0.0234375 0.01953125
0 0.4970703125 0.8896484375 0.021484375 0.025390625
0 0.478515625 0.8759765625 0.017578125 0.021484375
0 0.439453125 0.9267578125 0.01953125 0.01953125
0 0.455078125 0.9501953125 0.037109375 0.04296875
0 0.431640625 0.75 0.021484375 0.025390625
0 0.236328125 0.748046875 0.02734375 0.025390625
0 0.091796875 0.9482421875 0.013671875 0.017578125
0 0.0419921875 0.9130859375 0.01953125 0.0234375
0 0.7060546875 0.361328125 0.0234375 0.025390625
0 0.6591796875 0.3583984375 0.01953125 0.02734375
0 0.6943359375 0.4052734375 0.046875 0.02734375
0 0.5869140625 0.0234375 0.015625 0.01953125