0 0.06191406249999999 0.42283203125 0.02126953125 0.018984375000000053
0 0.19830078125 0.2777734375 0.025957031249999984 0.02302734375000004
0 0.209609375 0.29880859375 0.027324218750000018 0.025449218749999947
0 0.2334765625 0.30677734375 0.019863281249999976 0.030722656250000036
0 0.39115234375 0.24673828125 0.02074218750000001 0.02291015624999998
0 0.41666015625 0.25359375 0.015625 0.024042968750000004
0 0.4345703125 0.273125 0.015117187500000018 0.018164062500000022
0 0.10408203125 0.033515625 0.014609375000000008 0.01353515625
0 0.271328125 0.1380078125 0.02107421875000004 0.01929687499999999
0 0.304765625 0.10744140625 0.01634765625000001 0.021074218750000012
0 0.33310546875 0.10671875 0.024628906250000027 0.022539062499999984
0 0.35640625 0.10984375 0.02179687500000005 0.019101562500000002
0 0.340546875 0.1349609375 0.027382812499999964 0.029648437500000013
0 0.30712890625 0.16345703125 0.02009765625000004 0.022792968749999976
0 0.2958984375 0.14955078125 0.02279296875000003 0.023046875000000022
0 0.30705078125 0.13330078125 0.031542968749999956 0.02730468749999998
0 0.32916015625 0.85537109375 0.017695312500000004 0.017031250000000053
0 0.30958984375 0.78693359375 0.017285156250000044 0.017578125
0 0.27447265625 0.72423828125 0.014785156249999987 0.017949218750000107
0 0.39703125 0.8303125 0.016054687500000053 0.01914062499999991
0 0.4581640625 0.77302734375 0.019492187500000036 0.022499999999999964
0 0.44091796875 0.75412109375 0.017949218749999996 0.02109374999999991
0 0.504765625 0.78318359375 0.014785156250000098 0.01675781250000008
0 0.53205078125 0.73076171875 0.016484375000000107 0.01595703124999992
0 0.4053515625 0.7466015625 0.019570312499999964 0.019062499999999982
0 0.40744140625 0.78169921875 0.0185546875 0.019062499999999982
0 0.41927734375 0.76248046875 0.021425781250000053 0.026542968750000062
0 0.3504296875 0.7033984375 0.013710937499999964 0.017558593750000018
0 0.368046875 0.76775390625 0.015156249999999982 0.01976562500000001
0 0.3847265625 0.77236328125 0.019062499999999982 0.01943359375000009
0 0.3041796875 0.74720703125 0.013925781249999991 0.018515625000000036
0 0.37341796875 0.81748046875 0.016386718749999973 0.015214843749999929
0 0.35412109375 0.83330078125 0.02718750000000003 0.020878906250000107
0 0.35712890625 0.7214453125 0.016738281249999987 0.018124999999999947
0 0.35044921875 0.7432421875 0.025039062499999987 0.027050781250000044
0 0.5924609375 0.67623046875 0.01513671875 0.021289062499999956
0 0.4490234375 0.613203125 0.019433593749999978 0.020859374999999902
0 0.4466015625 0.64728515625 0.016699218750000022 0.019726562500000044
0 0.4900390625 0.6615625 0.020859375000000013 0.019667968750000098
0 0.506953125 0.64373046875 0.014843750000000044 0.016074218750000036
0 0.560390625 0.669453125 0.011660156250000053 0.012070312499999902
0 0.5916796875 0.5766015625 0.0205078125 0.021308593749999938
0 0.61142578125 0.629453125 0.013222656249999964 0.025664062499999973
0 0.6172265625 0.55150390625 0.016171874999999947 0.019648437499999893
0 0.5161328125 0.0434765625 0.024863281250000036 0.03767578125
0 0.4787109375 0.33185546875 0.016132812499999982 0.015527343749999978
0 0.62599609375 0.93466796875 0.01767578124999991 0.02017578125000008
0 0.64740234375 0.93166015625 0.018574218749999982 0.021015624999999982
0 0.65421875 0.91302734375 0.019648437499999893 0.016953124999999902
0 0.69322265625 0.91849609375 0.020332031249999938 0.015156249999999982
0 0.67580078125 0.95953125 0.019804687499999973 0.02173828124999999
0 0.73064453125 0.932578125 0.00748046875000008 0.010839843749999911
0 0.65251953125 0.85423828125 0.016289062500000062 0.01919921875000008
0 0.7274609375 0.881015625 0.014199218749999964 0.016132812499999982
0 0.81283203125 0.99298828125 0.019902343750000107 0.014023437499999902
0 0.67216796875 0.82115234375 0.01634765625000001 0.01896484375000007
0 0.678359375 0.75001953125 0.017851562499999973 0.01611328125
0 0.67515625 0.717265625 0.025507812499999893 0.013808593750000098
0 0.6781640625 0.73150390625 0.031289062499999964 0.014785156250000098
0 0.6786328125 0.639921875 0.013652343750000018 0.01107421874999992
0 0.6815625 0.5872265625 0.016640624999999964 0.022988281249999964
0 0.876953125 0.9912109375 0.015625 0.017578125
0 0.89833984375 0.958515625 0.02001953125 0.020976562500000018
0 0.8998828125 0.98037109375 0.020058593749999964 0.020566406249999947
0 0.924921875 0.979453125 0.02115234375000008 0.017539062500000036
0 0.91423828125 0.99291015625 0.01914062499999991 0.014179687499999982
0 0.84318359375 0.97208984375 0.028847656249999964 0.026992187500000098
0 0.91404296875 0.5392578125 0.0087890625 0.013300781249999893
0 0.92 0.55732421875 0.017031250000000053 0.01750000000000007
0 0.933125 0.57708984375 0.018105468749999964 0.025078125000000062
0 0.89576171875 0.2004296875 0.01400390624999992 0.01802734374999998
0 0.8905859375 0.0758203125 0.012246093749999964 0.015722656249999994
0 0.7733984375 0.0669921875 0.01693359374999992 0.014199218749999992
0 0.651953125 0.51787109375 0.02230468749999992 0.024394531250000018
0 0.76482421875 0.3675390625 0.02017578125000008 0.022597656249999987
0 0.78146484375 0.41486328125 0.03197265625000001 0.02595703125000004