0 0.15625 0.1875 0.015625 0.015625
0 0.0966796875 0.1826171875 0.01171875 0.01171875
0 0.08203125 0.2275390625 0.015625 0.009765625
0 0.0751953125 0.2470703125 0.01953125 0.017578125
0 0.9931640625 0.41015625 0.009765625 0.009765625
0 0.9833984375 0.4990234375 0.02734375 0.017578125
0 0.216796875 0.650390625 0.015625 0.01171875
0 0.1767578125 0.689453125 0.013671875 0.017578125
0 0.5576171875 0.810546875 0.013671875 0.01953125
0 0.3671875 0.837890625 0.01171875 0.01171875
0 0.3994140625 0.8359375 0.017578125 0.015625
0 0.328125 0.8818359375 0.015625 0.017578125
0 0.31640625 0.9375 0.01171875 0.015625
0 0.365234375 0.9072265625 0.01171875 0.009765625
0 0.3984375 0.8896484375 0.00390625 0.009765625
0 0.376953125 0.935546875 0.015625 0.015625
0 0.400390625 0.9423828125 0.01171875 0.013671875
0 0.37890625 0.986328125 0.01171875 0.01171875
0 0.3447265625 0.958984375 0.017578125 0.015625
0 0.2919921875 0.92578125 0.009765625 0.015625
0 0.2294921875 0.875 0.021484375 0.02734375
0 0.09765625 0.8974609375 0.01953125 0.017578125
0 0.0693359375 0.91796875 0.017578125 0.015625
0 0.0390625 0.9228515625 0.015625 0.017578125
0 0.0498046875 0.9140625 0.021484375 0.015625
0 0.0078125 0.9375 0.015625 0.01953125