0 0.6085546875 0.34974609375 0.02701171875000008 0.030957031250000044
0 0.01953125 0.1025390625 0.0251171875 0.0237109375
0 0.01185546875 0.1318359375 0.02091796875 0.026503906249999987
0 0.0348828125 0.12556640625 0.02232421875 0.027910156249999984
0 0.0048828125 0.166015625 0.009765625 0.027910156249999984
0 0.059296875 0.1611328125 0.0237109375 0.023710937499999973
0 0.01744140625 0.1618359375 0.0237109375 0.022324218750000013
0 0.02091796875 0.2099609375 0.0251171875 0.023710937499999973
0 0.32853515625 0.1708984375 0.029296875 0.026503906249999987
0 0.6501171875 0.293671875 0.025117187500000027 0.029296875
0 0.82240234375 0.12904296875 0.0320898437499999 0.020917968750000016
0 0.68568359375 0.47501953125 0.0320898437499999 0.03208984375000001
0 0.63197265625 0.49943359375 0.025117187500000027 0.02791015625000004
0 0.60896484375 0.61873046875 0.02091796875000007 0.023710937499999973
0 0.6396484375 0.62220703125 0.029296875 0.03068359375000007
0 0.6494140625 0.663359375 0.026503906250000098 0.023710937499999973
0 0.68359375 0.74357421875 0.02791015624999993 0.03068359375000007
0 0.68498046875 0.67591796875 0.025117187500000027 0.02091796875000007
0 0.7073046875 0.5803515625 0.025117187500000027 0.022324218749999902
0 0.76869140625 0.56640625 0.025117187500000027 0.03068359375000007
0 0.75962890625 0.595 0.01814453124999993 0.01814453124999993
0 0.8454296875 0.52107421875 0.02791015624999993 0.023710937499999973
0 0.80705078125 0.5817578125 0.029296875 0.025117187500000027
0 0.8147265625 0.66615234375 0.01953125 0.026503906250000098
0 0.80078125 0.95109375 0.027890624999999947 0.02353515624999991
0 0.8879296875 0.85263671875 0.015683593749999947 0.025273437500000107
0 0.8796484375 0.65744140625 0.020039062499999982 0.01830078125000001
0 0.90142578125 0.64830078125 0.020039062499999982 0.02091796875000007
0 0.89837890625 0.31326171875 0.019179687500000098 0.020039062499999982
0 0.931484375 0.17427734375 0.02091796875000007 0.024394531250000018
0 0.98552734375 0.0562109375 0.022656250000000044 0.03048828125
0 0.9876953125 0.11109375000000002 0.020039062499999982 0.028749999999999998
0 0.98421875 0.15640625 0.02701171875000008 0.02177734375000001
0 0.9883984375 0.18080078125 0.02320312499999999 0.025273437499999996
0 0.98970703125 0.20521484375 0.02058593749999993 0.01830078125000001