0 0.70703125 0.08984375 0.0234375 0.021484375
0 0.71484375 0.1337890625 0.021484375 0.029296875
0 0.767578125 0.11328125 0.02734375 0.0234375
0 0.779296875 0.138671875 0.029296875 0.021484375
0 0.8330078125 0.0966796875 0.021484375 0.01953125
0 0.79296875 0.0732421875 0.01953125 0.01953125
0 0.8095703125 0.0869140625 0.015625 0.017578125
0 0.8251953125 0.0712890625 0.021484375 0.0234375
0 0.8388671875 0.1337890625 0.0234375 0.01171875
0 0.8603515625 0.08203125 0.017578125 0.0234375
0 0.7265625 0.0615234375 0.029296875 0.02734375
0 0.7412109375 0.0419921875 0.025390625 0.0390625
0 0.8779296875 0.1640625 0.021484375 0.01953125
0 0.892578125 0.1220703125 0.021484375 0.017578125
0 0.9296875 0.0712890625 0.01171875 0.013671875
0 0.9716796875 0.0439453125 0.01171875 0.015625
0 0.984375 0.037109375 0.01171875 0.017578125
0 0.8330078125 0.236328125 0.01953125 0.02734375
0 0.8544921875 0.2255859375 0.02734375 0.01953125
0 0.875 0.2099609375 0.015625 0.015625
0 0.9267578125 0.21484375 0.01953125 0.017578125
0 0.9208984375 0.2373046875 0.021484375 0.01953125
0 0.908203125 0.2783203125 0.017578125 0.015625
0 0.9443359375 0.3173828125 0.01953125 0.015625
0 0.8984375 0.306640625 0.017578125 0.01953125
0 0.77734375 0.2783203125 0.013671875 0.013671875
0 0.9814453125 0.267578125 0.015625 0.017578125
0 0.9912109375 0.2490234375 0.017578125 0.017578125
0 0.9970703125 0.2666015625 0.005859375 0.01171875
0 0.8916015625 0.365234375 0.013671875 0.013671875
0 0.8837890625 0.31640625 0.017578125 0.015625
0 0.74609375 0.2392578125 0.009765625 0.01171875
0 0.962890625 0.154296875 0.013671875 0.013671875
0 0.9697265625 0.125 0.009765625 0.01171875
0 0.9931640625 0.13671875 0.013671875 0.021484375