0 0.05958984375 0.228359375 0.023886718749999994 0.02193359374999998
0 0.0391796875 0.3026171875 0.01716796875 0.020214843750000044
0 0.08640625 0.32296875 0.032324218749999994 0.024785156249999996
0 0.255 0.3239453125 0.018261718750000044 0.025332031250000053
0 0.15958984375 0.6866796875 0.019414062499999996 0.020546874999999964
0 0.18896484375 0.6776171875 0.01904296875 0.01978515624999999
0 0.18271484375 0.71365234375 0.01974609374999997 0.023710937499999973
0 0.112421875 0.7519921875 0.023125000000000007 0.02181640624999992
0 0.02341796875 0.75802734375 0.02388671875 0.017851562499999973
0 0.00658203125 0.8644140625 0.0131640625 0.01992187500000009
0 0.02720703125 0.8933984375 0.017539062500000008 0.018750000000000044
0 0.03857421875 0.90833984375 0.018710937499999997 0.018027343750000036
0 0.07603515625 0.830078125 0.024804687500000006 0.025664062499999973
0 0.17666015625 0.964765625 0.030605468749999976 0.02937499999999993
0 0.2371484375 0.95013671875 0.025703124999999993 0.019550781249999982
0 0.2616015625 0.96447265625 0.019648437500000004 0.022519531249999947
0 0.06439453125 0.79556640625 0.013320312499999987 0.016425781249999938
0 0.02607421875 0.79283203125 0.020136718749999998 0.025585937500000044
0 0.08669921875 0.8846875 0.030800781249999992 0.02220703125000001
0 0.06916015625 0.866953125 0.024257812500000003 0.022910156250000036
0 0.399296875 0.53833984375 0.022656250000000044 0.023632812500000044
0 0.3963671875 0.55966796875 0.021210937500000027 0.018535156250000018
0 0.45474609375 0.5350390625 0.018593749999999964 0.022675781250000027
0 0.38873046875 0.585703125 0.015996093749999996 0.01781250000000001
0 0.40330078125 0.57888671875 0.016874999999999973 0.0205078125
0 0.44369140625 0.5853125 0.019101562499999947 0.023320312500000107
0 0.51244140625 0.570234375 0.016484375000000107 0.017050781250000036
0 0.49916015625 0.5980078125 0.016953124999999902 0.019804687499999973
0 0.4623046875 0.68974609375 0.018613281249999947 0.02107421874999993
0 0.33587890625 0.6413671875 0.017714843749999987 0.021699218750000027
0 0.34400390625 0.67150390625 0.020781249999999973 0.019160156249999893
0 0.3691015625 0.6396875 0.021347656250000013 0.02025390625000001
0 0.36365234375 0.66171875 0.020488281250000018 0.022187500000000027
0 0.3808984375 0.68703125 0.020449218750000053 0.020058593749999964
0 0.39931640625 0.6148828125 0.018945312499999978 0.01773437500000008
0 0.427578125 0.70892578125 0.02019531249999995 0.021757812499999973
0 0.4028515625 0.72560546875 0.019726562500000044 0.018671874999999893
0 0.3909375 0.70423828125 0.021679687500000044 0.014277343749999893
0 0.46193359375 0.19900390625 0.02253906250000004 0.02126953125000003
0 0.51966796875 0.146484375 0.02123046875000001 0.021835937500000013
0 0.6816015625 0.13078125 0.020546874999999964 0.02656249999999999
0 0.63501953125 0.13296875 0.01912109374999993 0.02124999999999999
0 0.58755859375 0.1144140625 0.02220703125000001 0.023027343749999984
0 0.67830078125 0.1953125 0.020937500000000053 0.02708984375000001
0 0.636484375 0.3426953125 0.02207031249999991 0.023007812499999947
0 0.6533203125 0.29638671875 0.018183593749999893 0.02074218750000001
0 0.67197265625 0.29908203125 0.018691406250000098 0.02124999999999999
0 0.72470703125 0.3072265625 0.017148437499999947 0.019511718750000018
0 0.70826171875 0.3765234375 0.019667968750000098 0.020468750000000036
0 0.7447265625 0.3921875 0.022402343750000053 0.01984375000000005
0 0.5911328125 0.3496484375 0.020332031249999938 0.025820312500000053
0 0.5818359375 0.37119140625 0.019101562499999947 0.02025390625000001
0 0.49908203124999995 0.2803125 0.018984375000000053 0.015683593749999947
0 0.53484375 0.27240234375 0.017539062500000036 0.02001953125
0 0.55390625 0.26662109375 0.018828124999999973 0.024453124999999964
0 0.58544921875 0.2728515625 0.021464843750000018 0.021621093749999987
0 0.61263671875 0.24052734375 0.01953125 0.020214843750000044
0 0.4955859375 0.25927734375 0.017578125 0.014628906250000018
0 0.49791015625 0.24455078125000002 0.01943359375000009 0.019921874999999978
0 0.49650390624999996 0.2275 0.017304687500000027 0.017109374999999982
0 0.58775390625 0.24527343749999997 0.018417968749999902 0.026230468750000013
0 0.65501953125 0.22890625 0.020214843750000044 0.02269531250000001
0 0.58234375 0.1686328125 0.02009765624999993 0.018906250000000013
0 0.72041015625 0.5370703125 0.020332031249999938 0.02189453125000007
0 0.73990234375 0.53056640625 0.017636718749999947 0.020000000000000018
0 0.717109375 0.50228515625 0.01791015624999992 0.02042968750000007
0 0.7616796875 0.45962890625 0.018105468749999964 0.01921874999999995
0 0.7668359375 0.4766796875 0.027031250000000062 0.013027343750000031
0 0.4766796875 0.55791015625 0.024218749999999956 0.02464843750000001
0 0.7210546875 0.71111328125 0.02025390625000001 0.019746093750000027
0 0.72197265625 0.69158203125 0.031132812500000107 0.020976562500000018
0 0.75353515625 0.67607421875 0.024765624999999902 0.021914062500000053
0 0.73654296875 0.6398046875 0.01718749999999991 0.020976562500000018
0 0.719453125 0.96619140625 0.01634765625000001 0.01773437500000008
0 0.95767578125 0.41212890625 0.018437500000000107 0.02181640625000003
0 0.8671875 0.58044921875 0.02261718750000008 0.02089843750000009
0 0.8231640625 0.6355078125 0.02271484374999999 0.019550781249999982
0 0.80193359375 0.63416015625 0.01992187500000009 0.01748046875000009
0 0.8061328125 0.611796875 0.015742187499999893 0.023144531250000044
0 0.83265625 0.651953125 0.017773437500000044 0.018437500000000107
0 0.751171875 0.6119140625 0.0185546875 0.014550781250000089
0 0.75763671875 0.628203125 0.020800781249999956 0.01878906250000001
0 0.97740234375 0.83861328125 0.019472656250000053 0.017636718749999947
0 0.96712890625 0.90779296875 0.031035156249999973 0.03507812500000007
0 0.83720703125 0.5910546875 0.0340429687499999 0.023457031249999982
0 0.84275390625 0.56509765625 0.025585937500000044 0.019550781249999982
0 0.86912109375 0.55734375 0.029726562500000053 0.024765624999999902
0 0.85474609375 0.53720703125 0.019335937499999956 0.017695312499999893
0 0.8013671875 0.6875390625 0.019238281250000044 0.029160156249999902
0 0.81861328125 0.672734375 0.01994140625000007 0.021484375
0 0.8289453125 0.71583984375 0.019882812499999902 0.03125
0 0.778671875 0.64580078125 0.03312500000000007 0.04015624999999989
0 0.40802734375 0.64357421875 0.03236328124999999 0.024550781250000098
0 0.43455078125 0.667265625 0.02662109374999999 0.03816406249999993
0 0.45802734375 0.62484375 0.03052734374999999 0.03708984375000002
0 0.6237109375 0.2867578125 0.030566406249999956 0.03392578125000001
0 0.50890625 0.37681640625 0.01871093750000008 0.021914062500000053
0 0.5298828125 0.3752734375 0.025214843749999938 0.029355468749999947
0 0.57990234375 0.18798828125 0.03712890624999998 0.02099609375
0 0.4781640625 0.53466796875 0.019003906250000036 0.021132812500000098
0 0.6019921875 0.32056640625 0.013476562499999956 0.019414062499999996
0 0.45328125 0.29083984375 0.02271484374999999 0.014980468750000031
0 0.5711328125 0.30205078125 0.02408203125000008 0.011757812499999964
0 0.5678125 0.32318359375 0.028007812500000062 0.020898437499999978
0 0.55916015625 0.3571484375 0.026503906250000098 0.017207031250000004
0 0.6051953125 0.20677734375 0.020039062499999982 0.014707031250000002
0 0.5121484375 0.2226953125 0.011015624999999973 0.008691406249999978
0 0.52 0.2130078125 0.012246093749999964 0.013808593749999987
0 0.60630859375 0.2219140625 0.01781250000000001 0.013808593749999987
0 0.5135546875 0.3246484375 0.021601562499999893 0.022167968750000044
0 0.537265625 0.30765625 0.01781250000000001 0.01603515624999996
0 0.486953125 0.3344140625 0.01822265624999997 0.01830078125000001
0 0.4892968750000001 0.3128515625 0.021992187499999982 0.019179687499999987
0 0.54595703125 0.3498046875 0.015664062499999964 0.029746093750000036