0 0.03515625 0.400390625 0.01953125 0.01953125
0 0.0107421875 0.375 0.01171875 0.01953125
0 0.1015625 0.5068359375 0.013671875 0.017578125
0 0.1611328125 0.48828125 0.01953125 0.021484375
0 0.1328125 0.4814453125 0.021484375 0.0234375
0 0.1416015625 0.3974609375 0.01953125 0.025390625
0 0.0830078125 0.412109375 0.01953125 0.013671875
0 0.1044921875 0.3876953125 0.017578125 0.0234375
0 0.05859375 0.37890625 0.01953125 0.025390625
0 0.0380859375 0.373046875 0.017578125 0.021484375
0 0.2587890625 0.36328125 0.015625 0.015625
0 0.177734375 0.072265625 0.021484375 0.021484375
0 0.0029296875 0.0419921875 0.005859375 0.017578125
0 0.1591796875 0.2255859375 0.01171875 0.01171875
0 0.3251953125 0.275390625 0.021484375 0.025390625
0 0.408203125 0.1611328125 0.015625 0.015625
0 0.3984375 0.09765625 0.015625 0.015625
0 0.3125 0.2080078125 0.021484375 0.021484375
0 0.2685546875 0.279296875 0.0234375 0.01953125
0 0.3505859375 0.861328125 0.013671875 0.013671875
0 0.4970703125 0.9228515625 0.017578125 0.021484375
0 0.5087890625 0.8671875 0.013671875 0.017578125
0 0.47265625 0.6982421875 0.013671875 0.017578125
0 0.7138671875 0.9921875 0.015625 0.015625
0 0.619140625 0.4228515625 0.009765625 0.009765625
0 0.4794921875 0.255859375 0.015625 0.01953125
0 0.494140625 0.24609375 0.015625 0.017578125
0 0.5029296875 0.1552734375 0.015625 0.029296875
0 0.498046875 0.11328125 0.017578125 0.0234375
0 0.5498046875 0.1318359375 0.013671875 0.017578125
0 0.5546875 0.1015625 0.01171875 0.015625
0 0.4404296875 0.1103515625 0.017578125 0.017578125
0 0.4638671875 0.1044921875 0.01953125 0.01953125
0 0.458984375 0.12890625 0.015625 0.017578125
0 0.45703125 0.146484375 0.017578125 0.017578125
0 0.4921875 0.1787109375 0.017578125 0.013671875
0 0.46484375 0.1611328125 0.017578125 0.021484375
0 0.48046875 0.1611328125 0.0078125 0.01171875
0 0.90625 0.990234375 0.013671875 0.01953125
0 0.947265625 0.986328125 0.017578125 0.01953125
0 0.96484375 0.9931640625 0.01171875 0.013671875
0 0.787109375 0.7685546875 0.013671875 0.017578125
0 0.8193359375 0.75 0.013671875 0.015625
0 0.837890625 0.7021484375 0.017578125 0.015625
0 0.943359375 0.666015625 0.013671875 0.015625
0 0.9697265625 0.70703125 0.01171875 0.017578125
0 0.9873046875 0.763671875 0.013671875 0.015625
0 0.8212890625 0.6455078125 0.009765625 0.01171875
0 0.80078125 0.6630859375 0.01171875 0.01171875
0 0.7802734375 0.6455078125 0.0078125 0.009765625
0 0.8740234375 0.560546875 0.015625 0.017578125
0 0.8876953125 0.5693359375 0.013671875 0.017578125
0 0.85546875 0.4619140625 0.01171875 0.015625
0 0.955078125 0.4541015625 0.013671875 0.015625
0 0.896484375 0.5107421875 0.013671875 0.017578125
0 0.9072265625 0.5419921875 0.0234375 0.021484375
0 0.9296875 0.5283203125 0.021484375 0.015625
0 0.732421875 0.0283203125 0.017578125 0.017578125
0 0.794921875 0.041015625 0.015625 0.01953125
0 0.91796875 0.025390625 0.009765625 0.013671875
0 0.763671875 0.1484375 0.01953125 0.017578125
0 0.791015625 0.1455078125 0.01171875 0.015625
0 0.8857421875 0.78515625 0.009765625 0.015625
0 0.9404296875 0.787109375 0.009765625 0.013671875
0 0.978515625 0.796875 0.01171875 0.009765625
0 0.9404296875 0.826171875 0.01171875 0.009765625