0 0.0244140625 0.7919921875 0.01953125 0.017578125
0 0.0576171875 0.7109375 0.021484375 0.025390625
0 0.041015625 0.6337890625 0.01953125 0.01953125
0 0.0625 0.6181640625 0.01953125 0.0234375
0 0.1767578125 0.8359375 0.0234375 0.025390625
0 0.236328125 0.8515625 0.01953125 0.017578125
0 0.2666015625 0.8203125 0.025390625 0.0234375
0 0.443359375 0.830078125 0.0234375 0.017578125
0 0.4208984375 0.7900390625 0.02734375 0.021484375
0 0.453125 0.7373046875 0.01953125 0.017578125
0 0.591796875 0.861328125 0.01953125 0.021484375
0 0.6337890625 0.703125 0.017578125 0.017578125
0 0.083984375 0.1689453125 0.01953125 0.0234375
0 0.4052734375 0.4267578125 0.015625 0.015625
0 0.46484375 0.384765625 0.021484375 0.017578125
0 0.470703125 0.3544921875 0.017578125 0.017578125
0 0.505859375 0.1953125 0.025390625 0.025390625
0 0.44140625 0.169921875 0.037109375 0.021484375
0 0.4521484375 0.4580078125 0.01953125 0.021484375
0 0.552734375 0.4052734375 0.01953125 0.017578125
0 0.6142578125 0.513671875 0.0234375 0.01953125
0 0.63671875 0.162109375 0.0234375 0.01953125
0 0.669921875 0.4462890625 0.017578125 0.021484375
0 0.525390625 0.50390625 0.01953125 0.017578125
0 0.5166015625 0.4677734375 0.01953125 0.015625
0 0.6328125 0.4111328125 0.03125 0.03515625
0 0.654296875 0.474609375 0.013671875 0.01953125
0 0.66015625 0.5009765625 0.025390625 0.029296875
0 0.65625 0.5498046875 0.029296875 0.01953125
0 0.6484375 0.529296875 0.013671875 0.017578125
0 0.7568359375 0.490234375 0.01953125 0.017578125
0 0.7451171875 0.353515625 0.01953125 0.015625
0 0.9638671875 0.314453125 0.021484375 0.021484375
0 0.5419921875 0.4453125 0.01953125 0.01953125
0 0.5751953125 0.4384765625 0.0234375 0.017578125
0 0.5517578125 0.6025390625 0.015625 0.017578125
0 0.5947265625 0.484375 0.017578125 0.01953125
0 0.5771484375 0.474609375 0.017578125 0.015625
0 0.560546875 0.4697265625 0.017578125 0.01953125
0 0.541015625 0.4716796875 0.015625 0.015625
0 0.548828125 0.4599609375 0.015625 0.009765625