0 0.005625 0.00625 0.01125 0.0125
0 0.0891015625 0.13490234375 0.020683593750000007 0.020566406250000002
0 0.09392578125 0.091328125 0.014257812499999994 0.016992187500000006
0 0.07568359375 0.03720703125 0.012343749999999987 0.017265624999999993
0 0.17837890625 0.0201953125 0.02324218750000001 0.02259765625
0 0.22314453125 0.06078125 0.025175781249999973 0.021796875000000007
0 0.21779296875 0.1747265625 0.020097656249999984 0.023847656250000016
0 0.015546875 0.21521484375 0.01822265625 0.033320312500000004
0 0.0478125 0.304375 0.020058593750000006 0.023574218749999987
0 0.027578125000000002 0.345703125 0.02140625 0.023457031249999982
0 0.223984375 0.375 0.012382812500000007 0.01693359375000003
0 0.19986328125 0.4008984375 0.014746093750000022 0.018925781249999996
0 0.21212890625 0.433125 0.02320312499999999 0.025507812500000004
0 0.1987109375 0.5165234375 0.03818359375000002 0.02914062499999992
0 0.24740234375 0.5269921875 0.01900390624999998 0.024355468750000053
0 0.29181640625 0.51087890625 0.01945312499999996 0.021054687499999947
0 0.27587890625 0.48193359375 0.023730468749999956 0.025859375000000018
0 0.2408984375 0.45939453125 0.03093749999999995 0.03220703125000002
0 0.32626953125 0.54517578125 0.020859375000000013 0.024550781250000098
0 0.371640625 0.5699609375 0.018359374999999956 0.0323632812500001