0 0.00703125 0.44876953125 0.0140625 0.02359374999999997
0 0.04322265625 0.4254296875 0.022265624999999997 0.02466796874999999
0 0.23390625 0.3884375 0.017988281250000016 0.021347656250000013
0 0.23873046875 0.3636328125 0.018691406249999987 0.022988281249999964
0 0.26134765625 0.36173828125 0.019667968749999987 0.024687499999999973
0 0.21130859375 0.35103515625 0.016093750000000018 0.017695312500000004
0 0.13076171875 0.50119140625 0.017207031250000004 0.025937499999999947
0 0.1165234375 0.514296875 0.014609375000000008 0.020781249999999973
0 0.13263671875 0.527421875 0.013476562500000011 0.01318359375
0 0.11466796875 0.4931640625 0.010898437499999997 0.010878906249999987
0 0.1498046875 0.8612890625 0.025937500000000002 0.022148437500000062
0 0.0534375 0.9591796875 0.02080078125000001 0.025371093750000018
0 0.1787109375 0.90501953125 0.017578125 0.009589843749999938
0 0.2603125 0.88478515625 0.019082031249999964 0.01986328124999992
0 0.20693359375 0.29734375 0.01978515624999999 0.01978515624999999
0 0.22796875 0.29263671875 0.013574218749999978 0.012343749999999987
0 0.21076171875 0.3212890625 0.014511718750000013 0.015429687499999956
0 0.38298828125 0.2158984375 0.020546874999999964 0.02226562500000001
0 0.40166015625 0.21275390625 0.012109374999999978 0.021562499999999984
0 0.55095703125 0.21453125 0.020332031249999938 0.024003906249999984
0 0.608359375 0.09376953125 0.019550781249999982 0.01755859374999999
0 0.47294921875 0.07494140625 0.01677734374999995 0.020664062499999997
0 0.646171875 0.28373046875 0.018691406250000098 0.016660156249999947
0 0.39353515625 0.93865234375 0.031035156249999973 0.02328124999999992