0 0.240234375 0.91015625 0.021484375 0.021484375
0 0.6318359375 0.806640625 0.021484375 0.029296875
0 0.76953125 0.5927734375 0.015625 0.01953125
0 0.775390625 0.6240234375 0.025390625 0.013671875
0 0.607421875 0.5224609375 0.025390625 0.017578125
0 0.767578125 0.408203125 0.017578125 0.021484375
0 0.689453125 0.4111328125 0.017578125 0.0234375
0 0.712890625 0.4404296875 0.01953125 0.02734375
0 0.7080078125 0.458984375 0.0234375 0.037109375
0 0.6982421875 0.62890625 0.021484375 0.021484375
0 0.76953125 0.3046875 0.017578125 0.01953125
0 0.75 0.32421875 0.021484375 0.0234375
0 0.759765625 0.275390625 0.013671875 0.017578125
0 0.6953125 0.5546875 0.017578125 0.017578125
0 0.677734375 0.4921875 0.021484375 0.021484375