0 0.35619140625 0.1492578125 0.031855468750000004 0.03935546875000001
0 0.40015625 0.1559765625 0.02955078124999999 0.016191406249999984
0 0.4364453125 0.099609375 0.02042968749999996 0.030937500000000007
0 0.474765625 0.1500390625 0.02513671875000001 0.024570312500000024
0 0.525078125 0.19021484375 0.02181640624999992 0.01927734375000001
0 0.5153515625 0.21220703125 0.01480468750000008 0.02470703125000001
0 0.58306640625 0.30666015625 0.017539062500000036 0.024687499999999973
0 0.44400390625 0.631015625 0.03292968750000003 0.03863281249999995
0 0.4028125 0.61533203125 0.049921875000000004 0.04125000000000001
0 0.3538671875 0.6280078125 0.03765624999999995 0.026738281250000107
0 0.38216796875 0.68814453125 0.030859375000000022 0.03130859374999995
0 0.54564453125 0.7888671875 0.02701171875000008 0.024843750000000053
0 0.31248046875 0.766640625 0.02351562500000004 0.01832031249999999
0 0.50095703125 0.81875 0.012832031250000098 0.011406250000000062
0 0.828046875 0.99275390625 0.023320312500000107 0.014472656249999938
0 0.79177734375 0.95689453125 0.030410156250000098 0.029589843749999956
0 0.94767578125 0.91490234375 0.021132812500000098 0.02677734375000007
0 0.88203125 0.829609375 0.012617187500000071 0.01595703124999992
0 0.2040625 0.73208984375 0.029941406250000024 0.03656250000000005
0 0.2166015625 0.64388671875 0.024316406249999978 0.02392578125
0 0.30373046875 0.4509375 0.017773437500000044 0.01570312500000004
0 0.3049609375 0.5078515625 0.020234375000000027 0.02132812499999992
0 0.93453125 0.083671875 0.01896484375000007 0.02072265625
0 0.22978515625 0.5520703125 0.026796874999999998 0.027460937499999893
0 0.26361328125 0.58427734375 0.03498046875000005 0.01994140625000007
0 0.2693359375 0.53212890625 0.02417968749999999 0.030078124999999956