0 0.4208984375 0.009765625 0.017578125 0.01953125
0 0.3369140625 0.041015625 0.017578125 0.017578125
0 0.294921875 0.1171875 0.015625 0.01953125
0 0.3134765625 0.1064453125 0.009765625 0.01953125
0 0.3779296875 0.1259765625 0.013671875 0.017578125
0 0.3876953125 0.0908203125 0.009765625 0.0234375
0 0.365234375 0.0986328125 0.01171875 0.015625
0 0.357421875 0.1025390625 0.009765625 0.013671875
0 0.1787109375 0.970703125 0.015625 0.017578125
0 0.2548828125 0.9833984375 0.017578125 0.017578125
0 0.2529296875 0.89453125 0.017578125 0.0234375
0 0.21875 0.845703125 0.0078125 0.013671875
0 0.224609375 0.94140625 0.0234375 0.01953125
0 0.2373046875 0.9228515625 0.017578125 0.017578125
0 0.1953125 0.8779296875 0.017578125 0.01953125
0 0.2080078125 0.890625 0.017578125 0.017578125
0 0.2138671875 0.865234375 0.01953125 0.01171875
0 0.5595703125 0.9755859375 0.017578125 0.017578125
0 0.5361328125 0.927734375 0.017578125 0.0234375
0 0.5126953125 0.921875 0.01953125 0.01953125
0 0.677734375 0.0205078125 0.0234375 0.01953125
0 0.6474609375 0.025390625 0.017578125 0.0234375
0 0.6279296875 0.017578125 0.017578125 0.015625
0 0.8046875 0.134765625 0.01171875 0.015625
0 0.7841796875 0.1669921875 0.013671875 0.015625
0 0.7734375 0.185546875 0.0078125 0.009765625
0 0.626953125 0.115234375 0.015625 0.017578125
0 0.6416015625 0.1298828125 0.017578125 0.0234375
0 0.759765625 0.279296875 0.015625 0.021484375
0 0.74609375 0.267578125 0.017578125 0.01953125
0 0.734375 0.2900390625 0.01953125 0.017578125
0 0.697265625 0.3203125 0.015625 0.021484375
0 0.673828125 0.3095703125 0.01953125 0.021484375
0 0.8759765625 0.5322265625 0.013671875 0.017578125
0 0.65625 0.630859375 0.0234375 0.01953125
0 0.654296875 0.5966796875 0.01171875 0.013671875
0 0.6689453125 0.59375 0.013671875 0.015625
0 0.6904296875 0.5849609375 0.017578125 0.01953125
0 0.7265625 0.5986328125 0.015625 0.021484375
0 0.724609375 0.6259765625 0.017578125 0.017578125
0 0.7099609375 0.6171875 0.025390625 0.029296875
0 0.830078125 0.736328125 0.01171875 0.015625
0 0.8212890625 0.826171875 0.009765625 0.017578125
0 0.828125 0.8818359375 0.013671875 0.015625
0 0.83984375 0.896484375 0.021484375 0.021484375
0 0.978515625 0.873046875 0.015625 0.021484375
0 0.943359375 0.8525390625 0.01171875 0.015625
0 0.927734375 0.853515625 0.017578125 0.01953125
0 0.9462890625 0.81640625 0.013671875 0.015625
0 0.9931640625 0.841796875 0.013671875 0.01953125
0 0.966796875 0.7568359375 0.015625 0.013671875
0 0.9775390625 0.7392578125 0.017578125 0.01953125
0 0.978515625 0.8310546875 0.009765625 0.0078125
0 0.09765625 0.033203125 0.01953125 0.02734375