0 0.9072265625 0.994140625 0.0234375 0.01171875
0 0.7802734375 0.931640625 0.021484375 0.01953125
0 0.82421875 0.8818359375 0.021484375 0.015625
0 0.837890625 0.857421875 0.009765625 0.015625
0 0.740234375 0.982421875 0.01953125 0.01953125
0 0.765625 0.865234375 0.01953125 0.015625
0 0.7275390625 0.873046875 0.015625 0.013671875
0 0.7392578125 0.7978515625 0.021484375 0.015625
0 0.7216796875 0.8076171875 0.01953125 0.01953125
0 0.70703125 0.779296875 0.017578125 0.01953125
0 0.3720703125 0.953125 0.0234375 0.029296875
0 0.435546875 0.7783203125 0.013671875 0.015625
0 0.298828125 0.9609375 0.01171875 0.01171875
0 0.30859375 0.9072265625 0.01171875 0.01171875
0 0.3515625 0.802734375 0.017578125 0.013671875
0 0.33984375 0.7841796875 0.017578125 0.013671875
0 0.439453125 0.2021484375 0.021484375 0.017578125
0 0.361328125 0.146484375 0.017578125 0.01953125
0 0.330078125 0.1064453125 0.017578125 0.01171875
0 0.3408203125 0.0673828125 0.017578125 0.017578125
0 0.2890625 0.072265625 0.015625 0.01171875
0 0.30859375 0.05859375 0.017578125 0.013671875
0 0.322265625 0.0400390625 0.015625 0.015625
0 0.2470703125 0.0625 0.01953125 0.015625
0 0.2373046875 0.0390625 0.017578125 0.015625
0 0.275390625 0.044921875 0.017578125 0.015625
0 0.2607421875 0.015625 0.0234375 0.03125
0 0.34375 0.013671875 0.015625 0.017578125
0 0.314453125 0.0048828125 0.01171875 0.009765625