0 0.059609375 0.14453125 0.019277343749999995 0.02123046875000001
0 0.06423828125 0.12296875 0.01832031249999999 0.01736328125
0 0.20427734375 0.1337109375 0.023300781250000013 0.024335937500000016
0 0.249140625 0.14490234375 0.018984375000000053 0.018242187500000007
0 0.2790234375 0.116640625 0.022890625000000053 0.022968749999999982
0 0.35783203125 0.060234375 0.0166015625 0.01816406250000001
0 0.17201171875 0.251328125 0.02001953125 0.01830078125000001
0 0.22005859375 0.3355078125 0.01830078125000001 0.023886718750000036
0 0.2652734375 0.66935546875 0.019023437500000018 0.01937499999999992
0 0.2701953125 0.8668359375 0.019746093750000027 0.016738281250000098
0 0.1765625 0.9780078125 0.022128906250000024 0.025214843749999938
0 0.49115234375 0.59517578125 0.014980468750000031 0.015898437499999973
0 0.64365234375 0.6091015625 0.017851562499999973 0.01675781250000008
0 0.71408203125 0.546875 0.020488281250000018 0.017285156250000044
0 0.73578125 0.58130859375 0.016542968750000053 0.016582031250000018
0 0.76783203125 0.58212890625 0.019550781249999982 0.023398437500000036
0 0.686015625 0.8608203125 0.024472656249999947 0.018281250000000027
0 0.7544140625 0.8412109375 0.0244140625 0.015527343750000089
0 0.7882421875 0.52869140625 0.01929687499999999 0.02041015625000009
0 0.75220703125 0.34408203125 0.016894531249999956 0.01837890625000005
0 0.76396484375 0.3543359375 0.012714843749999982 0.013808593749999987
0 0.78837890625 0.34291015625 0.014375000000000027 0.014785156249999987
0 0.9048828125 0.252578125 0.018574218749999982 0.018359374999999956
0 0.706875 0.1440625 0.020527343749999982 0.018906250000000013
0 0.59365234375 0.0300390625 0.019023437500000018 0.01482421875
0 0.62453125 0.15994140625 0.01796875000000009 0.016953125000000013
0 0.5516796875 0.171015625 0.01976562500000001 0.015390624999999991
0 0.566484375 0.1347265625 0.02431640625000009 0.018378906249999993
0 0.55462890625 0.108359375 0.02173828124999999 0.028867187500000002
0 0.368984375 0.0159375 0.02083984375000003 0.017246093749999997
0 0.38857421875 0.00828125 0.01824218749999995 0.0165625