0 0.00583984375 0.60255859375 0.0116796875 0.01416015625
0 0.02619140625 0.60650390625 0.014570312500000002 0.013847656250000062
0 0.05833984375 0.60705078125 0.008203125000000006 0.012753906249999947
0 0.017734375 0.58404296875 0.0162890625 0.02041015625000009
0 0.1347265625 0.57744140625 0.015273437499999987 0.015996093750000107
0 0.1728515625 0.5540234375 0.013749999999999984 0.014062500000000089
0 0.1484765625 0.45021484375 0.012128906250000016 0.01457031249999996
0 0.09484375 0.0820703125 0.01369140625000001 0.017128906249999992
0 0.021796875 0.11599609375 0.008984375000000003 0.010429687500000007
0 0.0440625 0.1127734375 0.006503906249999997 0.007871093750000002
0 0.07197265625 0.1101171875 0.005624999999999991 0.007578124999999991
0 0.23060546875 0.3145703125 0.012402343749999989 0.021054687499999947
0 0.28630859375 0.31986328125 0.017031250000000053 0.015527343749999978
0 0.2784375 0.57724609375 0.013710937499999964 0.01847656250000007
0 0.33033203125 0.72939453125 0.015820312500000044 0.022519531249999947
0 0.35837890625 0.758046875 0.01359374999999996 0.01960937499999993
0 0.37025390625 0.73697265625 0.014316406249999969 0.01781250000000001
0 0.4519140625 0.69783203125 0.017597656249999982 0.017714843750000098
0 0.4790234375 0.96775390625 0.01408203124999996 0.015156249999999982
0 0.4455859375 0.59447265625 0.00789062500000004 0.0107421875
0 0.32400390625 0.5201953125 0.015898437499999973 0.018750000000000044
0 0.45708984375 0.4474609375 0.016660156249999947 0.013906250000000009
0 0.377890625 0.395625 0.01318359375 0.014902343749999991
0 0.446015625 0.42076171875 0.011289062499999947 0.014121093750000036
0 0.45857421875 0.383828125 0.017968749999999978 0.018945312499999978
0 0.52251953125 0.4210546875 0.007343749999999982 0.010488281250000009
0 0.58087890625 0.35171875 0.01644531249999992 0.01164062499999996
0 0.61328125 0.33166015625 0.017617187499999964 0.015078125000000053
0 0.62876953125 0.32408203125 0.015937499999999938 0.014980468750000031
0 0.4394921875 0.0312890625 0.01580078124999995 0.016308593750000003
0 0.50626953125 0.004453125 0.015410156249999973 0.00888671875
0 0.51513671875 0.0303125 0.008046875000000009 0.008496093750000003
0 0.27373046875 0.0118359375 0.009179687499999978 0.0164453125
0 0.65373046875 0.38873046875 0.013847656250000062 0.017031250000000053
0 0.62197265625 0.37396484375 0.009355468749999929 0.014824218749999951
0 0.6063671875 0.36244140625 0.02603515625000008 0.01791015625000003
0 0.626640625 0.39330078125 0.024941406249999964 0.017460937499999996
0 0.6615234375 0.36052734375 0.006718750000000107 0.007675781250000013