0 0.10048828125 0.189453125 0.01585937500000001 0.017460937499999996
0 0.12001953125 0.17869140625 0.01832031249999999 0.02265624999999999
0 0.17759765625 0.15966796875 0.01761718750000002 0.022246093749999973
0 0.25451171875 0.8873828125 0.013085937499999978 0.010625000000000107
0 0.26669921875 0.92890625 0.015664062499999964 0.01546874999999992
0 0.258984375 0.9516796875 0.016074218750000036 0.014511718749999902
0 0.47166015625 0.530703125 0.022499999999999964 0.0234375
0 0.428515625 0.50755859375 0.016054687500000053 0.01708984375
0 0.43625 0.43333984375 0.015175781249999964 0.01740234375000005
0 0.46169921875 0.40517578125 0.01164062499999996 0.014609375000000036
0 0.46048828125 0.34216796875 0.016484374999999996 0.01742187500000003
0 0.51658203125 0.233515625 0.01888671874999992 0.019687500000000024
0 0.51927734375 0.19544921875 0.010664062500000071 0.012460937499999991
0 0.50779296875 0.17373046875 0.015820312500000044 0.016210937500000022
0 0.74228515625 0.2877734375 0.012636718750000053 0.013652343750000018
0 0.7085546875 0.07353515625 0.01285156250000008 0.014863281249999999
0 0.82078125 0.4498828125 0.015312500000000062 0.013906250000000009
0 0.8000390625 0.47603515625 0.01716796874999993 0.019160156250000004
0 0.7250390625 0.56048828125 0.023066406249999893 0.015234374999999911
0 0.7183203125 0.60984375 0.01123046875 0.016718749999999893
0 0.6973046875 0.6816796875 0.016230468749999893 0.019804687499999973
0 0.6655078125 0.68365234375 0.01449218749999992 0.02320312499999999
0 0.84083984375 0.65787109375 0.013652343750000018 0.01603515625000007
0 0.8126953125 0.7104296875 0.008124999999999938 0.012812499999999893
0 0.849921875 0.686953125 0.011757812499999964 0.01871093750000008
0 0.74376953125 0.6341015625 0.008222656250000071 0.012382812500000062
0 0.8252734375 0.80720703125 0.014921874999999973 0.014023437499999902
0 0.83033203125 0.6855859375 0.010039062499999973 0.02417968749999999
0 0.808984375 0.68623046875 0.0078125 0.012871093750000062
0 0.87830078125 0.68763671875 0.007148437499999938 0.008476562500000062