0 0.005625 0.18353515625 0.01123046875 0.0390625
0 0.10337890625 0.26248046875 0.02124999999999999 0.018769531250000027
0 0.31361328125 0.0171484375 0.01945312499999996 0.021992187500000003
0 0.35623046875 0.05474609375 0.029003906250000044 0.023125000000000007
0 0.2462109375 0.245390625 0.021347656250000013 0.019589843750000002
0 0.19623046875 0.2866796875 0.008398437500000022 0.011835937500000004
0 0.181953125 0.2619921875 0.021347656250000013 0.02269531250000001
0 0.154453125 0.26619140625 0.012753906250000002 0.013203124999999982
0 0.16568359375 0.215859375 0.01974609374999997 0.019121093749999984
0 0.18580078125 0.22447265625 0.020898437499999978 0.026582031250000027
0 0.163359375 0.246484375 0.024023437500000022 0.02177734375000001
0 0.1380078125 0.2410546875 0.02787109375000002 0.027187499999999976
0 0.120234375 0.21474609375 0.011835937500000004 0.01119140624999998
0 0.11833984375 0.243359375 0.011289062500000002 0.017148437499999947
0 0.19828125 0.31837890625 0.027167968749999993 0.019921874999999978
0 0.2234375 0.32798828125 0.016445312499999976 0.01634765625000001
0 0.2329296875 0.30396484375 0.012675781250000018 0.013886718750000027
0 0.25626953125 0.2825 0.028515625000000044 0.027714843749999996
0 0.23666015625 0.3742578125 0.017226562499999987 0.014902343749999991
0 0.2696484375 0.38458984375 0.021191406250000044 0.021914062500000053
0 0.30689453125 0.361171875 0.017304687500000027 0.022812500000000013
0 0.34951171875 0.377734375 0.017285156250000044 0.019804687499999973
0 0.38587890625 0.385859375 0.018457031249999978 0.016953125000000013
0 0.39412109375 0.33892578125 0.017207031250000004 0.016503906249999978
0 0.35142578125 0.35349609375 0.017714843749999987 0.012910156250000027
0 0.10486328125 0.49302734375 0.01884765625000001 0.019316406249999973
0 0.2784375 0.522421875 0.02310546874999997 0.03171875000000002
0 0.3712890625 0.53876953125 0.019960937500000053 0.022148437500000062
0 0.33767578125 0.47216796875 0.020234375000000027 0.021191406250000044
0 0.316796875 0.43048828125 0.020039062499999982 0.016249999999999987
0 0.29138671875 0.44716796875 0.023066406250000004 0.02914062500000003
0 0.39408203125 0.474609375 0.018496093750000053 0.022011718749999964
0 0.3541796875 0.66837890625 0.013691406249999982 0.021621093750000098
0 0.23859375 0.86529296875 0.01363281249999998 0.01732421875000001
0 0.1966796875 0.9395703125 0.023847656250000016 0.02613281249999999
0 0.238359375 0.95119140625 0.02812500000000001 0.021445312500000036
0 0.26490234375 0.95525390625 0.013066406249999996 0.014550781250000089
0 0.296328125 0.9365625 0.015917968749999956 0.01603515625000007
0 0.30861328125 0.91537109375 0.01935546875000005 0.017949218750000107
0 0.292265625 0.81484375 0.01416015625 0.01845703125000009
0 0.2835546875 0.96705078125 0.008925781249999987 0.010546874999999956
0 0.41380859375 0.50046875 0.018828124999999973 0.021601562499999893
0 0.43171875 0.455859375 0.024863281250000036 0.02742187500000004
0 0.5106640625 0.43453125 0.026835937500000018 0.027890624999999947
0 0.58892578125 0.18064453125 0.015410156249999973 0.01640625000000001
0 0.92953125 0.04322265625 0.02230468749999992 0.022636718749999993
0 0.88791015625 0.10865234375 0.03429687499999989 0.030390625000000004
0 0.81802734375 0.19330078125 0.019062499999999982 0.022363281249999978
0 0.7559375 0.2316796875 0.01798828125000007 0.027324218750000018
0 0.16876953125 0.17294921875 0.01078125000000002 0.017714843749999987
0 0.1924609375 0.09654296875 0.015312500000000007 0.014999999999999986
0 0.1484375 0.118671875 0.017578125 0.018593749999999992
0 0.1412109375 0.172890625 0.02001953125 0.018925781249999996
0 0.174296875 0.08998046875 0.017441406250000013 0.025546874999999997
0 0.16125 0.1580859375 0.012578124999999996 0.018691406249999987
0 0.14658203125 0.15318359375 0.017636718750000002 0.015117187500000018
0 0.14697265625 0.13701171875 0.019648437500000004 0.01591796875000001