0 0.29740234375 0.0531640625 0.01960937500000004 0.02658203125
0 0.25876953125 0.01615234375 0.014296874999999987 0.012968750000000001
0 0.27630859375 0.04017578125 0.01880859374999999 0.023554687500000004
0 0.24546875 0.04890625 0.015234375000000022 0.017265625000000007
0 0.27529296875 0.13298828125 0.017519531250000053 0.02103515625000002
0 0.2673828125 0.114296875 0.015468750000000031 0.01880859374999999
0 0.22890625 0.061015625000000004 0.016542968749999998 0.017031249999999998
0 0.21298828125 0.0633984375 0.016035156250000016 0.02177734375000001
0 0.1017578125 0.41529296875 0.015957031250000003 0.01945312499999996
0 0.07869140625 0.3994921875 0.013867187499999989 0.014433593749999973
0 0.0785546875 0.37244140625 0.013593749999999988 0.01423828125000004
0 0.179765625 0.37708984375 0.015566406249999998 0.020468750000000036
0 0.1766796875 0.3516015625 0.022304687499999976 0.022656250000000044
0 0.05880859375 0.64310546875 0.012089843749999996 0.014941406249999956
0 0.11615234375 0.79388671875 0.018164062500000022 0.022656250000000044
0 0.18810546875 0.90423828125 0.014980468749999976 0.020878906250000107
0 0.059804687499999995 0.80322265625 0.0178515625 0.023886718750000036
0 0.0713671875 0.79201171875 0.017441406249999986 0.021953125000000018
0 0.07169921875 0.8475390625 0.01734374999999999 0.020624999999999893
0 0.05380859375000001 0.84548828125 0.01876953125 0.020312499999999956
0 0.16193359375 0.97037109375 0.01634765625000001 0.021054687499999947
0 0.1689453125 0.9931640625 0.013671875 0.013671875
0 0.15234375 0.99396484375 0.016132812499999982 0.01205078124999992
0 0.15435546875 0.94693359375 0.02095703124999998 0.025820312500000053
0 0.22705078125 0.989609375 0.01904296875 0.014726562499999929
0 0.37685546875 0.3463671875 0.012324218750000004 0.01115234374999996
0 0.3992578125 0.35484375 0.018925781249999996 0.014902343749999991
0 0.41921875 0.37693359375 0.017968749999999978 0.024140625000000027
0 0.43154296875 0.3620703125 0.027460937500000004 0.022109374999999987
0 0.4730859375 0.4009765625 0.011699218750000018 0.01886718750000005
0 0.48953125 0.4062890625 0.01822265624999997 0.02027343749999999
0 0.50814453125 0.39939453125 0.016582031250000018 0.017695312500000004
0 0.3485546875 0.7334375 0.01505859374999996 0.018203125000000098
0 0.50732421875 0.75126953125 0.01822265625000008 0.019589843749999947
0 0.59255859375 0.95041015625 0.014082031250000071 0.017207031249999893
0 0.68279296875 0.80728515625 0.01968750000000008 0.02099609375
0 0.7139453125 0.8257421875 0.013398437500000027 0.01626953125000008
0 0.640234375 0.85685546875 0.008886718749999911 0.010683593750000053
0 0.737578125 0.83732421875 0.017363281249999973 0.024707031249999956
0 0.7331640625 0.91564453125 0.014277343749999893 0.021289062499999956
0 0.84232421875 0.93244140625 0.01699218750000009 0.018105468749999964
0 0.870234375 0.9426953125 0.01480468750000008 0.01904296875
0 0.8456640625 0.96181640625 0.016289062500000062 0.01480468750000008
0 0.83583984375 0.9857421875 0.01626953125000008 0.021171875000000062
0 0.80138671875 0.98609375 0.02083984374999992 0.01927734375000001
0 0.67001953125 0.381015625 0.016640624999999964 0.02107421875000004
0 0.95203125 0.501171875 0.014863281250000027 0.015253906249999893
0 0.59185546875 0.5587890625 0.012011718749999956 0.016289062500000062
0 0.66380859375 0.55884765625 0.009179687500000089 0.009550781249999973
0 0.5737109375 0.57220703125 0.00927734375 0.008964843750000062