0 0.18359375 0.994140625 0.0390625 0.01171875
0 0.2626953125 0.896484375 0.01953125 0.021484375
0 0.017578125 0.6865234375 0.021484375 0.01953125
0 0.0546875 0.6435546875 0.0234375 0.029296875
0 0.2451171875 0.75390625 0.01953125 0.021484375
0 0.287109375 0.8037109375 0.01171875 0.0078125
0 0.26171875 0.818359375 0.0234375 0.021484375
0 0.2666015625 0.845703125 0.013671875 0.013671875
0 0.2158203125 0.833984375 0.01953125 0.01953125
0 0.224609375 0.814453125 0.02734375 0.021484375
0 0.24609375 0.8369140625 0.021484375 0.0234375
0 0.2412109375 0.8623046875 0.02734375 0.02734375
0 0.21484375 0.8798828125 0.01171875 0.01171875
0 0.2431640625 0.8818359375 0.017578125 0.01171875
0 0.318359375 0.8017578125 0.01953125 0.02734375
0 0.328125 0.7763671875 0.015625 0.015625
0 0.3037109375 0.7666015625 0.013671875 0.01171875
0 0.2822265625 0.744140625 0.02734375 0.029296875
0 0.3740234375 0.763671875 0.015625 0.017578125
0 0.384765625 0.73046875 0.021484375 0.021484375
0 0.361328125 0.693359375 0.0234375 0.017578125
0 0.3779296875 0.650390625 0.01953125 0.017578125
0 0.3857421875 0.6142578125 0.017578125 0.017578125
0 0.3388671875 0.60546875 0.015625 0.017578125
0 0.353515625 0.6484375 0.013671875 0.017578125
0 0.4931640625 0.8955078125 0.01953125 0.01953125
0 0.5224609375 0.7216796875 0.03125 0.0234375
0 0.5390625 0.62890625 0.021484375 0.01953125
0 0.47265625 0.662109375 0.021484375 0.01953125
0 0.4306640625 0.68359375 0.015625 0.01953125
0 0.447265625 0.708984375 0.029296875 0.0234375
0 0.474609375 0.60546875 0.021484375 0.017578125
0 0.66796875 0.6455078125 0.021484375 0.013671875
0 0.865234375 0.76171875 0.017578125 0.013671875
0 0.939453125 0.8037109375 0.025390625 0.0234375
0 0.951171875 0.76171875 0.021484375 0.02734375
0 0.955078125 0.7353515625 0.013671875 0.013671875
0 0.9365234375 0.7041015625 0.015625 0.015625
0 0.9150390625 0.69140625 0.017578125 0.01953125
0 0.814453125 0.7080078125 0.017578125 0.013671875
0 0.966796875 0.716796875 0.009765625 0.009765625
0 0.5 0.5859375 0.021484375 0.01953125
0 0.4560546875 0.568359375 0.02734375 0.025390625
0 0.4345703125 0.4892578125 0.02734375 0.02734375
0 0.1806640625 0.4111328125 0.015625 0.015625
0 0.04296875 0.0703125 0.0234375 0.021484375
0 0.1083984375 0.1123046875 0.03125 0.03515625
0 0.193359375 0.181640625 0.021484375 0.01953125
0 0.2314453125 0.244140625 0.02734375 0.017578125
0 0.1728515625 0.8310546875 0.017578125 0.01171875
0 0.0966796875 0.8076171875 0.015625 0.015625
0 0.119140625 0.8515625 0.01953125 0.017578125
0 0.1728515625 0.8583984375 0.01953125 0.01953125
0 0.08984375 0.826171875 0.025390625 0.017578125
0 0.158203125 0.8388671875 0.01953125 0.01171875
0 0.1533203125 0.853515625 0.015625 0.017578125
0 0.13671875 0.853515625 0.015625 0.01953125