0 0.2398828125 0.9103125 0.02166015624999995 0.02091796875000007
0 0.63189453125 0.80712890625 0.020703125000000044 0.029609374999999938
0 0.76958984375 0.59296875 0.016562500000000036 0.01894531250000009
0 0.774921875 0.62419921875 0.024863281250000036 0.014433593749999973
0 0.6073828125 0.5222265625 0.02457031250000008 0.01839843749999992
0 0.76751953125 0.40859375 0.01708984375 0.022441406250000018
0 0.68927734375 0.41119140625 0.017460937500000107 0.023398437500000036
0 0.713359375 0.44009765625 0.019746093750000027 0.027402343749999947
0 0.70779296875 0.45861328125 0.02310546875000008 0.036328125000000044
0 0.69828125 0.62845703125 0.02107421874999993 0.020957031250000036
0 0.7695703125 0.304609375 0.018437500000000107 0.019726562500000044
0 0.75025390625 0.32416015625 0.020800781249999956 0.02328125000000003
0 0.75955078125 0.275546875 0.014062500000000089 0.017636718749999947
0 0.69576171875 0.5546484375 0.01822265625000008 0.01783203124999999
0 0.67783203125 0.4918359375 0.02220703125000001 0.021484375