0 0.29271484375 0.01994140625 0.023496093749999947 0.02677734375
0 0.21658203125 0.429140625 0.02513671875000001 0.026328125000000036
0 0.36322265625 0.94361328125 0.021777343749999956 0.024277343749999902
0 0.3828515625 0.97091796875 0.02351562500000004 0.024609375000000044
0 0.3875 0.9315625 0.020527343749999982 0.027050781250000044
0 0.4955078125 0.92015625 0.02382812500000009 0.02158203124999991
0 0.446171875 0.92681640625 0.015839843750000027 0.022578124999999893
0 0.42779296875 0.9209375 0.021621093749999987 0.018671874999999893
0 0.46478515625 0.85083984375 0.020488281250000018 0.013906250000000009
0 0.57474609375 0.766484375 0.022519531249999947 0.032265624999999964
0 0.619765625 0.7316796875 0.021992187499999982 0.02302734374999993
0 0.42650390625 0.97546875 0.02863281250000005 0.020292968749999973