0 0.013671875 0.0078125 0.025390625 0.015625
0 0.0302734375 0.0712890625 0.021484375 0.017578125
0 0.0078125 0.1015625 0.015625 0.02734375
0 0.02734375 0.1171875 0.01953125 0.017578125
0 0.068359375 0.09375 0.021484375 0.01953125
0 0.0791015625 0.16796875 0.01953125 0.013671875
0 0.0205078125 0.1494140625 0.033203125 0.0234375
0 0.1318359375 0.140625 0.0234375 0.021484375
0 0.1474609375 0.123046875 0.0234375 0.017578125
0 0.19140625 0.0732421875 0.021484375 0.01953125
0 0.2001953125 0.09375 0.015625 0.021484375
0 0.1904296875 0.107421875 0.0234375 0.0234375
0 0.177734375 0.138671875 0.01953125 0.017578125
0 0.0771484375 0.0146484375 0.029296875 0.029296875
0 0.31640625 0.0107421875 0.025390625 0.01953125
0 0.26171875 0.0068359375 0.015625 0.013671875
0 0.251953125 0.03125 0.017578125 0.013671875
0 0.2607421875 0.0224609375 0.01953125 0.01953125
0 0.275390625 0.0546875 0.017578125 0.01953125
0 0.29296875 0.06640625 0.021484375 0.01953125
0 0.279296875 0.076171875 0.017578125 0.021484375
0 0.306640625 0.1357421875 0.021484375 0.017578125
0 0.244140625 0.185546875 0.02734375 0.021484375
0 0.2802734375 0.2255859375 0.015625 0.021484375
0 0.2412109375 0.224609375 0.01953125 0.017578125
0 0.220703125 0.2060546875 0.017578125 0.017578125
0 0.2119140625 0.1708984375 0.015625 0.013671875
0 0.3623046875 0.0859375 0.01953125 0.017578125
0 0.392578125 0.1240234375 0.021484375 0.01953125
0 0.4345703125 0.0517578125 0.015625 0.021484375
0 0.44921875 0.0673828125 0.015625 0.01953125
0 0.4677734375 0.060546875 0.015625 0.01171875
0 0.4384765625 0.091796875 0.01953125 0.015625
0 0.482421875 0.01953125 0.015625 0.013671875
0 0.46875 0.119140625 0.021484375 0.017578125
0 0.4951171875 0.13671875 0.0234375 0.021484375
0 0.4970703125 0.201171875 0.017578125 0.02734375
0 0.4462890625 0.119140625 0.017578125 0.015625
0 0.4345703125 0.1103515625 0.017578125 0.017578125
0 0.517578125 0.0439453125 0.013671875 0.015625
0 0.625 0.0693359375 0.025390625 0.01953125
0 0.59375 0.021484375 0.021484375 0.01953125
0 0.568359375 0.005859375 0.0234375 0.01171875
0 0.576171875 0.0537109375 0.021484375 0.01953125
0 0.603515625 0.109375 0.013671875 0.017578125
0 0.546875 0.2265625 0.017578125 0.015625
0 0.5439453125 0.048828125 0.01953125 0.017578125
0 0.681640625 0.1572265625 0.021484375 0.01953125
0 0.69921875 0.1396484375 0.021484375 0.01953125
0 0.7373046875 0.138671875 0.01953125 0.017578125
0 0.732421875 0.0107421875 0.017578125 0.015625
0 0.67578125 0.0087890625 0.017578125 0.017578125
0 0.7099609375 0.166015625 0.01953125 0.021484375
0 0.734375 0.1640625 0.017578125 0.017578125
0 0.7548828125 0.1728515625 0.0234375 0.02734375
0 0.78515625 0.0859375 0.021484375 0.025390625
0 0.7763671875 0.00390625 0.021484375 0.0078125
0 0.826171875 0.1611328125 0.029296875 0.0234375
0 0.9775390625 0.1484375 0.017578125 0.017578125
0 0.9775390625 0.1806640625 0.03125 0.03125
0 0.9521484375 0.162109375 0.021484375 0.021484375
0 0.916015625 0.23046875 0.017578125 0.015625
0 0.900390625 0.220703125 0.017578125 0.01953125
0 0.896484375 0.029296875 0.021484375 0.017578125
0 0.904296875 0.1220703125 0.013671875 0.013671875
0 0.8994140625 0.09375 0.0234375 0.017578125
0 0.9384765625 0.09375 0.01953125 0.03125
0 0.923828125 0.1025390625 0.0234375 0.017578125
0 0.8740234375 0.1484375 0.021484375 0.0234375
0 0.880859375 0.1630859375 0.01953125 0.015625
0 0.865234375 0.1806640625 0.013671875 0.017578125
0 0.8779296875 0.1943359375 0.015625 0.015625
0 0.8447265625 0.185546875 0.02734375 0.02734375
0 0.966796875 0.021484375 0.025390625 0.01953125
0 0.95703125 0.046875 0.015625 0.01953125
0 0.9892578125 0.0126953125 0.021484375 0.013671875
0 0.90625 0.04296875 0.021484375 0.013671875
0 0.9384765625 0.03515625 0.015625 0.013671875
0 0.943359375 0.0107421875 0.03125 0.021484375
0 0.9033203125 0.142578125 0.015625 0.017578125
0 0.919921875 0.142578125 0.015625 0.009765625
0 0.9365234375 0.146484375 0.01953125 0.017578125
0 0.927734375 0.158203125 0.021484375 0.021484375
0 0.9970703125 0.16015625 0.005859375 0.017578125
0 0.8115234375 0.0205078125 0.015625 0.025390625
0 0.572265625 0.15625 0.021484375 0.0234375
0 0.5498046875 0.146484375 0.01953125 0.01953125
0 0.5791015625 0.091796875 0.013671875 0.01953125
0 0.56640625 0.109375 0.01953125 0.015625
0 0.083984375 0.2177734375 0.0234375 0.025390625
0 0.0771484375 0.2314453125 0.017578125 0.01953125
0 0.05859375 0.23046875 0.017578125 0.0234375
0 0.1171875 0.255859375 0.01953125 0.021484375
0 0.0986328125 0.255859375 0.01953125 0.021484375
0 0.03125 0.3203125 0.029296875 0.01953125
0 0.0458984375 0.3984375 0.01953125 0.017578125
0 0.0263671875 0.1806640625 0.033203125 0.025390625
0 0.16796875 0.25 0.017578125 0.017578125
0 0.2158203125 0.2685546875 0.01953125 0.017578125
0 0.197265625 0.3154296875 0.021484375 0.01171875
0 0.158203125 0.3505859375 0.017578125 0.009765625
0 0.203125 0.2138671875 0.0234375 0.025390625
0 0.2958984375 0.3349609375 0.013671875 0.01171875
0 0.310546875 0.3505859375 0.013671875 0.017578125
0 0.51171875 0.232421875 0.01953125 0.017578125
0 0.46875 0.2734375 0.015625 0.017578125
0 0.453125 0.328125 0.015625 0.017578125
0 0.4912109375 0.3173828125 0.015625 0.013671875
0 0.5166015625 0.33203125 0.017578125 0.013671875
0 0.400390625 0.2802734375 0.025390625 0.025390625
0 0.4423828125 0.296875 0.015625 0.017578125
0 0.5830078125 0.267578125 0.021484375 0.021484375
0 0.5458984375 0.3759765625 0.01953125 0.01953125
0 0.7041015625 0.2421875 0.021484375 0.01953125
0 0.7158203125 0.3017578125 0.015625 0.015625
0 0.7041015625 0.29296875 0.015625 0.01953125
0 0.76171875 0.2958984375 0.015625 0.015625
0 0.7607421875 0.3681640625 0.013671875 0.015625
0 0.806640625 0.314453125 0.01953125 0.013671875
0 0.876953125 0.30859375 0.017578125 0.01953125
0 0.853515625 0.21875 0.015625 0.017578125
0 0.90234375 0.248046875 0.021484375 0.017578125
0 0.9189453125 0.2763671875 0.017578125 0.01953125
0 0.9365234375 0.29296875 0.017578125 0.017578125
0 0.9482421875 0.2099609375 0.01953125 0.013671875
0 0.8564453125 0.3046875 0.009765625 0.009765625
0 0.349609375 0.279296875 0.021484375 0.017578125
0 0.3828125 0.25390625 0.015625 0.01171875
0 0.3564453125 0.189453125 0.01171875 0.017578125
0 0.357421875 0.1669921875 0.013671875 0.0234375
0 0.9033203125 0.55078125 0.03125 0.025390625
0 0.927734375 0.4873046875 0.01171875 0.017578125
0 0.994140625 0.5185546875 0.01171875 0.021484375
0 0.9453125 0.6298828125 0.015625 0.013671875
0 0.9599609375 0.63671875 0.015625 0.013671875
0 0.8720703125 0.6923828125 0.021484375 0.02734375
0 0.853515625 0.689453125 0.013671875 0.017578125
0 0.859375 0.7119140625 0.021484375 0.01953125
0 0.8046875 0.705078125 0.017578125 0.013671875
0 0.7060546875 0.62109375 0.015625 0.017578125
0 0.6669921875 0.646484375 0.015625 0.015625
0 0.59765625 0.6845703125 0.021484375 0.01953125
0 0.6337890625 0.69140625 0.033203125 0.017578125
0 0.505859375 0.6142578125 0.021484375 0.021484375
0 0.49609375 0.52734375 0.021484375 0.025390625
0 0.4990234375 0.4501953125 0.015625 0.013671875
0 0.701171875 0.529296875 0.013671875 0.01171875
0 0.7470703125 0.611328125 0.013671875 0.0078125
0 0.71875 0.6142578125 0.013671875 0.017578125
0 0.4189453125 0.552734375 0.0234375 0.01953125
0 0.4609375 0.4951171875 0.021484375 0.017578125
0 0.45703125 0.4775390625 0.025390625 0.01953125
0 0.4580078125 0.427734375 0.021484375 0.021484375
0 0.4296875 0.4501953125 0.021484375 0.017578125
0 0.416015625 0.435546875 0.017578125 0.017578125
0 0.380859375 0.494140625 0.0234375 0.021484375
0 0.3662109375 0.44921875 0.017578125 0.015625
0 0.3955078125 0.4384765625 0.0234375 0.025390625
0 0.38671875 0.4140625 0.01953125 0.017578125
0 0.3017578125 0.474609375 0.021484375 0.015625
0 0.2705078125 0.484375 0.01171875 0.01171875
0 0.337890625 0.5576171875 0.0234375 0.015625
0 0.306640625 0.572265625 0.01953125 0.025390625
0 0.3271484375 0.578125 0.015625 0.01171875
0 0.302734375 0.6171875 0.021484375 0.013671875
0 0.3193359375 0.6318359375 0.01953125 0.01953125
0 0.2353515625 0.4736328125 0.01953125 0.015625
0 0.2236328125 0.4931640625 0.017578125 0.01171875
0 0.2578125 0.568359375 0.021484375 0.021484375
0 0.2509765625 0.5888671875 0.017578125 0.01953125
0 0.1865234375 0.544921875 0.021484375 0.017578125
0 0.1689453125 0.4921875 0.01953125 0.017578125
0 0.1904296875 0.4912109375 0.01953125 0.013671875
0 0.1796875 0.458984375 0.015625 0.013671875
0 0.1337890625 0.4873046875 0.01171875 0.009765625
0 0.1318359375 0.4208984375 0.015625 0.01953125
0 0.173828125 0.5888671875 0.01953125 0.01953125
0 0.1708984375 0.69140625 0.015625 0.017578125
0 0.1787109375 0.6650390625 0.0234375 0.01953125
0 0.1962890625 0.6484375 0.01953125 0.017578125
0 0.0703125 0.5166015625 0.017578125 0.017578125
0 0.041015625 0.4775390625 0.017578125 0.021484375
0 0.017578125 0.4873046875 0.01953125 0.021484375
0 0.0859375 0.4267578125 0.01953125 0.015625
0 0.0068359375 0.5888671875 0.01171875 0.017578125
0 0.0693359375 0.458984375 0.01171875 0.01171875
0 0.107421875 0.4287109375 0.025390625 0.03125
0 0.1083984375 0.4013671875 0.017578125 0.015625
0 0.0859375 0.400390625 0.021484375 0.033203125
0 0.3876953125 0.392578125 0.013671875 0.017578125
0 0.373046875 0.3720703125 0.013671875 0.013671875
0 0.375 0.3447265625 0.03125 0.0234375
0 0.3779296875 0.326171875 0.025390625 0.01171875
0 0.8603515625 0.734375 0.01953125 0.01953125
0 0.923828125 0.7431640625 0.01953125 0.017578125
0 0.8701171875 0.8359375 0.0234375 0.021484375
0 0.8701171875 0.8623046875 0.017578125 0.01953125
0 0.849609375 0.87890625 0.017578125 0.015625
0 0.8701171875 0.77734375 0.01953125 0.013671875
0 0.8564453125 0.7607421875 0.0234375 0.017578125
0 0.8466796875 0.9638671875 0.03125 0.02734375
0 0.9384765625 0.8896484375 0.01953125 0.01953125
0 0.9716796875 0.859375 0.01953125 0.021484375
0 0.990234375 0.8837890625 0.01953125 0.021484375
0 0.982421875 0.794921875 0.015625 0.013671875
0 0.94921875 0.9638671875 0.013671875 0.021484375
0 0.775390625 0.734375 0.015625 0.01953125
0 0.7958984375 0.7294921875 0.0234375 0.029296875
0 0.74609375 0.75390625 0.021484375 0.021484375
0 0.73046875 0.7333984375 0.017578125 0.025390625
0 0.5400390625 0.8212890625 0.021484375 0.017578125
0 0.5087890625 0.826171875 0.01953125 0.013671875
0 0.4853515625 0.8388671875 0.01953125 0.0234375
0 0.4609375 0.830078125 0.029296875 0.025390625
0 0.533203125 0.853515625 0.037109375 0.029296875
0 0.435546875 0.9853515625 0.0234375 0.017578125
0 0.3896484375 0.876953125 0.015625 0.017578125
0 0.419921875 0.7666015625 0.017578125 0.015625
0 0.37109375 0.8388671875 0.025390625 0.01953125
0 0.369140625 0.9296875 0.015625 0.015625
0 0.3525390625 0.9345703125 0.015625 0.015625
0 0.3505859375 0.970703125 0.01953125 0.017578125
0 0.33203125 0.9921875 0.021484375 0.015625
0 0.3037109375 0.9833984375 0.01953125 0.01953125
0 0.328125 0.9208984375 0.01953125 0.01953125
0 0.32421875 0.859375 0.017578125 0.021484375
0 0.2958984375 0.87890625 0.015625 0.021484375
0 0.388671875 0.755859375 0.015625 0.01953125
0 0.3681640625 0.75390625 0.015625 0.017578125
0 0.341796875 0.7392578125 0.021484375 0.01953125
0 0.3427734375 0.763671875 0.01953125 0.017578125
0 0.3037109375 0.76171875 0.025390625 0.017578125
0 0.2626953125 0.8076171875 0.02734375 0.0234375
0 0.2529296875 0.892578125 0.01953125 0.017578125
0 0.25390625 0.94921875 0.015625 0.017578125
0 0.2119140625 0.83984375 0.015625 0.017578125
0 0.2255859375 0.8642578125 0.01953125 0.021484375
0 0.2333984375 0.9365234375 0.01953125 0.01953125
0 0.1865234375 0.962890625 0.017578125 0.01171875
0 0.3271484375 0.7861328125 0.017578125 0.0234375
0 0.2060546875 0.9951171875 0.017578125 0.009765625
0 0.263671875 0.99609375 0.01953125 0.0078125
0 0.0791015625 0.7900390625 0.01953125 0.01953125
0 0.0458984375 0.875 0.033203125 0.021484375
0 0.0263671875 0.9287109375 0.01953125 0.015625
0 0.1494140625 0.90234375 0.01953125 0.021484375
0 0.6328125 0.0283203125 0.015625 0.013671875
0 0.0341796875 0.6279296875 0.013671875 0.015625
0 0.1533203125 0.6005859375 0.01171875 0.017578125
0 0.283203125 0.7509765625 0.009765625 0.009765625