0 0.1494140625 0.6435546875 0.0390625 0.03125
0 0.15625 0.599609375 0.015625 0.029296875
0 0.099609375 0.5634765625 0.03125 0.01953125
0 0.150390625 0.525390625 0.025390625 0.025390625
0 0.1904296875 0.474609375 0.01953125 0.021484375
0 0.2119140625 0.484375 0.025390625 0.015625
0 0.306640625 0.4169921875 0.025390625 0.017578125
0 0.630859375 0.5556640625 0.0390625 0.033203125
0 0.615234375 0.59765625 0.041015625 0.05078125
0 0.6279296875 0.646484375 0.02734375 0.037109375
0 0.6884765625 0.6181640625 0.03125 0.03125
0 0.7890625 0.4541015625 0.025390625 0.02734375
0 0.7666015625 0.6875 0.017578125 0.0234375
0 0.818359375 0.4990234375 0.01171875 0.013671875
0 0.9931640625 0.171875 0.013671875 0.0234375
0 0.95703125 0.2080078125 0.029296875 0.03125
0 0.9150390625 0.052734375 0.02734375 0.021484375
0 0.830078125 0.1181640625 0.015625 0.01171875
0 0.732421875 0.7958984375 0.037109375 0.029296875
0 0.6435546875 0.783203125 0.0234375 0.0234375
0 0.451171875 0.6962890625 0.015625 0.017578125
0 0.5078125 0.6953125 0.021484375 0.01953125
0 0.083984375 0.0654296875 0.021484375 0.01953125
0 0.5517578125 0.7705078125 0.02734375 0.02734375
0 0.583984375 0.736328125 0.01953125 0.03515625
0 0.5322265625 0.73046875 0.029296875 0.0234375