0 0.078125 0.0068359375 0.01953125 0.013671875
0 0.7880859375 0.4267578125 0.017578125 0.017578125
0 0.982421875 0.6669921875 0.021484375 0.021484375
0 0.423828125 0.546875 0.021484375 0.021484375
0 0.4521484375 0.552734375 0.01953125 0.021484375
0 0.4658203125 0.5341796875 0.01953125 0.01953125
0 0.396484375 0.619140625 0.017578125 0.017578125
0 0.3291015625 0.7099609375 0.01953125 0.017578125
0 0.3173828125 0.7412109375 0.015625 0.015625
0 0.2978515625 0.7236328125 0.015625 0.017578125
0 0.287109375 0.673828125 0.021484375 0.021484375
0 0.2509765625 0.546875 0.01171875 0.013671875
0 0.251953125 0.580078125 0.015625 0.017578125
0 0.205078125 0.56640625 0.017578125 0.01171875
0 0.1865234375 0.5966796875 0.01953125 0.01953125
0 0.2490234375 0.6025390625 0.021484375 0.015625
0 0.15234375 0.6162109375 0.021484375 0.01953125
0 0.150390625 0.6806640625 0.01953125 0.021484375
0 0.2470703125 0.6181640625 0.017578125 0.015625
0 0.0576171875 0.609375 0.015625 0.017578125
0 0.0322265625 0.474609375 0.021484375 0.021484375
0 0.0185546875 0.515625 0.021484375 0.021484375
0 0.0078125 0.6240234375 0.015625 0.017578125
0 0.013671875 0.671875 0.015625 0.017578125
0 0.4296875 0.37890625 0.021484375 0.021484375