0 0.273125 0.0071484375 0.020468750000000036 0.013925781249999998
0 0.24330078125 0.003203125 0.012460937499999991 0.00638671875
0 0.3580859375 0.0806640625 0.019589843749999947 0.024531250000000004
0 0.3817578125 0.0679296875 0.020566406249999947 0.022910156250000008
0 0.41328125 0.07375 0.020292968749999973 0.019980468750000008
0 0.380546875 0.108515625 0.01814453125000004 0.02197265625
0 0.51587890625 0.02033203125 0.019960937500000053 0.0204296875
0 0.574140625 0.06392578125 0.021289062499999956 0.02416015625000001
0 0.582734375 0.02203125 0.018593749999999964 0.023828125
0 0.30498046875 0.94375 0.016640624999999964 0.02775390625000007
0 0.3205859375 0.95337890625 0.013437499999999991 0.015234374999999911
0 0.3136328125 0.9704296875 0.016738281249999987 0.018867187499999938
0 0.68326171875 0.92818359375 0.01863281249999993 0.021113281249999893
0 0.71359375 0.91001953125 0.014785156250000098 0.02009765624999993
0 0.68466796875 0.89162109375 0.020234375000000027 0.022246093749999973
0 0.66458984375 0.91193359375 0.014179687499999982 0.015390624999999991
0 0.6669921875 0.88560546875 0.01652343750000007 0.023613281250000062
0 0.70193359375 0.8595703125 0.01945312500000007 0.021464843750000018
0 0.7734765625 0.83486328125 0.017636718749999947 0.02197265625
0 0.806171875 0.8376171875 0.019726562500000044 0.02626953125000009
0 0.8780078125 0.7595703125 0.017285156250000044 0.019707031250000062
0 0.8835546875 0.7403515625 0.01863281249999993 0.021679687500000044
0 0.93009765625 0.7562890625 0.017949218750000107 0.018242187500000062
0 0.68853515625 0.1994140625 0.013378906250000044 0.02103515625000002
0 0.6897265625 0.22841796875 0.014550781250000089 0.018144531249999984
0 0.674609375 0.2108984375 0.011054687499999938 0.012324218750000004
0 0.673359375 0.18046875 0.01708984375 0.03671875000000002
0 0.6573828125 0.17998046875 0.014394531250000009 0.033281249999999984