0 0.8994140625 0.189453125 0.015625 0.017578125
0 0.8798828125 0.1787109375 0.017578125 0.0234375
0 0.822265625 0.16015625 0.017578125 0.021484375
0 0.7451171875 0.8876953125 0.013671875 0.009765625
0 0.7333984375 0.9287109375 0.015625 0.015625
0 0.7412109375 0.9521484375 0.015625 0.013671875
0 0.5283203125 0.5302734375 0.0234375 0.0234375
0 0.5712890625 0.5078125 0.015625 0.017578125
0 0.5634765625 0.43359375 0.015625 0.017578125
0 0.5380859375 0.4052734375 0.01171875 0.013671875
0 0.5390625 0.341796875 0.015625 0.017578125
0 0.4833984375 0.2333984375 0.01953125 0.01953125
0 0.48046875 0.1953125 0.009765625 0.01171875
0 0.4921875 0.173828125 0.015625 0.015625
0 0.2578125 0.2880859375 0.01171875 0.013671875
0 0.291015625 0.0732421875 0.013671875 0.015625
0 0.1796875 0.4501953125 0.015625 0.013671875
0 0.2001953125 0.4755859375 0.017578125 0.01953125
0 0.275390625 0.560546875 0.0234375 0.015625
0 0.28125 0.609375 0.01171875 0.017578125
0 0.302734375 0.681640625 0.015625 0.01953125
0 0.3349609375 0.68359375 0.013671875 0.0234375
0 0.1591796875 0.658203125 0.013671875 0.015625
0 0.1875 0.7099609375 0.0078125 0.013671875
0 0.150390625 0.6865234375 0.01171875 0.01953125
0 0.255859375 0.6337890625 0.0078125 0.01171875
0 0.1748046875 0.8076171875 0.015625 0.013671875
0 0.169921875 0.685546875 0.009765625 0.0234375
0 0.19140625 0.6865234375 0.0078125 0.013671875
0 0.1220703125 0.6875 0.0078125 0.0078125