0 0.4013671875 0.3310546875 0.021484375 0.017578125
0 0.00390625 0.029296875 0.0078125 0.015625
0 0.0341796875 0.02734375 0.013671875 0.02734375
0 0.083984375 0.0419921875 0.01953125 0.017578125
0 0.111328125 0.0234375 0.01171875 0.013671875
0 0.0244140625 0.0615234375 0.025390625 0.017578125
0 0.0498046875 0.087890625 0.021484375 0.021484375
0 0.0341796875 0.146484375 0.021484375 0.01953125
0 0.0029296875 0.1337890625 0.005859375 0.013671875
0 0.076171875 0.1474609375 0.01953125 0.021484375
0 0.107421875 0.162109375 0.0078125 0.013671875
0 0.11328125 0.1240234375 0.01953125 0.021484375
0 0.029296875 0.1103515625 0.015625 0.0234375
0 0.0126953125 0.0986328125 0.017578125 0.029296875
0 0.162109375 0.09765625 0.01953125 0.01953125
0 0.1884765625 0.0859375 0.01953125 0.01953125
0 0.1845703125 0.13671875 0.01953125 0.015625
0 0.0888671875 0.279296875 0.017578125 0.015625
0 0.009765625 0.267578125 0.01953125 0.01953125
0 0.015625 0.19921875 0.0234375 0.0234375
0 0.03515625 0.2109375 0.015625 0.015625
0 0.0234375 0.17578125 0.01171875 0.013671875
0 0.0576171875 0.1826171875 0.0078125 0.013671875
0 0.0224609375 0.2177734375 0.013671875 0.017578125
0 0.0029296875 0.2314453125 0.005859375 0.013671875
0 0.0771484375 0.1796875 0.01171875 0.01171875
0 0.18359375 0.173828125 0.01171875 0.015625
0 0.2001953125 0.19140625 0.013671875 0.017578125
0 0.2080078125 0.166015625 0.013671875 0.02734375
0 0.1787109375 0.056640625 0.013671875 0.01953125
0 0.1962890625 0.0556640625 0.013671875 0.01953125
0 0.1630859375 0.0068359375 0.01953125 0.013671875
0 0.265625 0.119140625 0.015625 0.01953125
0 0.265625 0.0634765625 0.017578125 0.017578125
0 0.24609375 0.080078125 0.021484375 0.02734375
0 0.232421875 0.095703125 0.015625 0.01953125
0 0.3251953125 0.08984375 0.015625 0.015625
0 0.3076171875 0.1171875 0.017578125 0.0234375
0 0.3056640625 0.1435546875 0.009765625 0.013671875
0 0.310546875 0.0634765625 0.021484375 0.017578125
0 0.3349609375 0.0146484375 0.013671875 0.021484375
0 0.33984375 0.0517578125 0.01953125 0.021484375
0 0.3203125 0.0341796875 0.02734375 0.02734375
0 0.3984375 0.05078125 0.01171875 0.013671875
0 0.3837890625 0.1318359375 0.015625 0.01953125
0 0.4189453125 0.158203125 0.01171875 0.01171875
0 0.4130859375 0.11328125 0.017578125 0.015625
0 0.3916015625 0.099609375 0.01953125 0.0234375
0 0.2119140625 0.0810546875 0.017578125 0.025390625
0 0.208984375 0.1298828125 0.013671875 0.013671875
0 0.22265625 0.123046875 0.01953125 0.0234375
0 0.2041015625 0.11328125 0.017578125 0.01953125
0 0.3056640625 0.294921875 0.017578125 0.021484375
0 0.333984375 0.3251953125 0.015625 0.015625
0 0.34765625 0.3623046875 0.01171875 0.01171875
0 0.396484375 0.404296875 0.015625 0.017578125
0 0.390625 0.3486328125 0.0234375 0.017578125
0 0.4267578125 0.3359375 0.017578125 0.017578125
0 0.39453125 0.3056640625 0.015625 0.021484375
0 0.4169921875 0.3037109375 0.013671875 0.017578125
0 0.478515625 0.2548828125 0.01953125 0.017578125
0 0.4501953125 0.263671875 0.009765625 0.015625
0 0.4267578125 0.279296875 0.017578125 0.01953125
0 0.3974609375 0.56640625 0.017578125 0.01953125
0 0.41015625 0.576171875 0.015625 0.01953125
0 0.4658203125 0.16015625 0.015625 0.015625
0 0.53515625 0.3125 0.015625 0.015625
0 0.55859375 0.2509765625 0.015625 0.017578125
0 0.60546875 0.2099609375 0.013671875 0.015625
0 0.5673828125 0.197265625 0.015625 0.017578125
0 0.6689453125 0.140625 0.017578125 0.021484375
0 0.51953125 0.0048828125 0.015625 0.0078125
0 0.5927734375 0.029296875 0.017578125 0.021484375
0 0.572265625 0.0390625 0.01171875 0.015625
0 0.552734375 0.037109375 0.02734375 0.017578125
0 0.583984375 0.1650390625 0.02734375 0.01953125
0 0.58203125 0.14453125 0.0234375 0.021484375
0 0.9912109375 0.6318359375 0.017578125 0.017578125
0 0.8291015625 0.3828125 0.01953125 0.015625
0 0.9052734375 0.4208984375 0.037109375 0.03515625
0 0.8173828125 0.3271484375 0.01953125 0.01953125
0 0.873046875 0.279296875 0.013671875 0.013671875
0 0.8876953125 0.236328125 0.015625 0.017578125
0 0.9296875 0.154296875 0.01171875 0.015625
0 0.86328125 0.044921875 0.01953125 0.021484375
0 0.845703125 0.09765625 0.015625 0.021484375
0 0.8935546875 0.09765625 0.017578125 0.015625
0 0.93359375 0.0390625 0.02734375 0.0234375
0 0.9296875 0.09375 0.015625 0.025390625
0 0.955078125 0.1025390625 0.015625 0.013671875
0 0.998046875 0.078125 0.00390625 0.017578125
0 0.80859375 0.068359375 0.017578125 0.013671875
0 0.91015625 0.0234375 0.01171875 0.009765625
0 0.900390625 0.01171875 0.015625 0.015625
0 0.8896484375 0.001953125 0.013671875 0.00390625
0 0.8154296875 0.1083984375 0.021484375 0.013671875
0 0.80078125 0.109375 0.01171875 0.021484375
0 0.779296875 0.107421875 0.013671875 0.015625
0 0.9052734375 0.0380859375 0.009765625 0.01171875
0 0.912109375 0.0771484375 0.01953125 0.03515625