0 0.2822265625 0.33203125 0.01953125 0.017578125
0 0.505859375 0.357421875 0.017578125 0.021484375
0 0.53515625 0.3232421875 0.017578125 0.0234375
0 0.484375 0.23828125 0.01953125 0.01953125
0 0.4609375 0.2587890625 0.013671875 0.017578125
0 0.4697265625 0.3115234375 0.01953125 0.01953125
0 0.4521484375 0.29296875 0.013671875 0.013671875
0 0.482421875 0.2626953125 0.015625 0.01171875
0 0.5546875 0.3046875 0.0234375 0.0234375
0 0.4892578125 0.3037109375 0.017578125 0.01953125
0 0.4912109375 0.28515625 0.015625 0.017578125
0 0.591796875 0.244140625 0.017578125 0.01953125
0 0.53125 0.271484375 0.00390625 0.013671875
0 0.47265625 0.93359375 0.017578125 0.025390625
0 0.4892578125 0.9658203125 0.017578125 0.0234375
0 0.4736328125 0.9794921875 0.0234375 0.03125
0 0.7236328125 0.8076171875 0.01953125 0.015625
0 0.7197265625 0.3642578125 0.009765625 0.01953125
0 0.64453125 0.330078125 0.01953125 0.01953125
0 0.73046875 0.33984375 0.015625 0.01953125
0 0.7431640625 0.3203125 0.017578125 0.017578125
0 0.7578125 0.265625 0.021484375 0.0234375
0 0.79296875 0.2958984375 0.01953125 0.01953125
0 0.8193359375 0.2841796875 0.017578125 0.01953125
0 0.6484375 0.263671875 0.015625 0.017578125
0 0.6171875 0.2978515625 0.01171875 0.01171875
0 0.9326171875 0.4873046875 0.01953125 0.015625
0 0.6171875 0.2578125 0.01953125 0.01953125
0 0.693359375 0.1875 0.021484375 0.021484375
0 0.72265625 0.169921875 0.013671875 0.01171875
0 0.6982421875 0.1044921875 0.017578125 0.017578125
0 0.7548828125 0.1025390625 0.017578125 0.015625
0 0.7421875 0.0830078125 0.015625 0.015625
0 0.77734375 0.087890625 0.017578125 0.015625
0 0.8955078125 0.27734375 0.017578125 0.0234375
0 0.9052734375 0.2607421875 0.01953125 0.0234375
0 0.8818359375 0.1826171875 0.01953125 0.0234375
0 0.8203125 0.1708984375 0.021484375 0.0234375
0 0.83984375 0.162109375 0.021484375 0.03125
0 0.8193359375 0.1279296875 0.01953125 0.021484375
0 0.8818359375 0.0673828125 0.015625 0.017578125
0 0.9443359375 0.1240234375 0.017578125 0.015625
0 0.931640625 0.10546875 0.01953125 0.021484375
0 0.8740234375 0.0146484375 0.013671875 0.017578125
0 0.8916015625 0.0146484375 0.01953125 0.017578125
0 0.87890625 0.0029296875 0.015625 0.005859375
0 0.9150390625 0.00390625 0.01953125 0.0078125
0 0.7763671875 0.0556640625 0.01953125 0.013671875
0 0.9443359375 0.294921875 0.01171875 0.017578125
0 0.9384765625 0.259765625 0.015625 0.021484375
0 0.9345703125 0.2802734375 0.01953125 0.01953125
0 0.9248046875 0.3974609375 0.01953125 0.01953125
0 0.9501953125 0.076171875 0.015625 0.01953125
0 0.9111328125 0.0703125 0.01953125 0.01953125
0 0.9296875 0.0673828125 0.017578125 0.015625
0 0.9443359375 0.05859375 0.015625 0.01953125
0 0.9658203125 0.0654296875 0.0234375 0.021484375
0 0.9833984375 0.0517578125 0.015625 0.013671875
0 0.9912109375 0.0380859375 0.017578125 0.025390625
0 0.9931640625 0.392578125 0.01171875 0.013671875
0 0.81640625 0.0048828125 0.01953125 0.009765625
0 0.7958984375 0.009765625 0.017578125 0.01953125