0 0.9111328125 0.6181640625 0.017578125 0.021484375
0 0.880859375 0.5986328125 0.025390625 0.01953125
0 0.837890625 0.6484375 0.0234375 0.017578125
0 0.818359375 0.666015625 0.01953125 0.017578125
0 0.849609375 0.6220703125 0.009765625 0.01171875
0 0.865234375 0.615234375 0.021484375 0.021484375
0 0.8037109375 0.6455078125 0.01953125 0.015625
0 0.8037109375 0.5263671875 0.021484375 0.017578125
0 0.7607421875 0.5400390625 0.017578125 0.015625
0 0.826171875 0.541015625 0.021484375 0.021484375
0 0.796875 0.5654296875 0.01953125 0.021484375
0 0.779296875 0.5732421875 0.01171875 0.021484375
0 0.916015625 0.701171875 0.015625 0.01171875
0 0.849609375 0.7666015625 0.01953125 0.01953125
0 0.798828125 0.5869140625 0.01171875 0.015625
0 0.744140625 0.4423828125 0.009765625 0.015625
0 0.703125 0.4462890625 0.01171875 0.015625
0 0.8056640625 0.6181640625 0.021484375 0.029296875
0 0.826171875 0.6015625 0.013671875 0.013671875
0 0.8232421875 0.5810546875 0.015625 0.03515625
0 0.15234375 0.6767578125 0.021484375 0.01953125
0 0.1787109375 0.7568359375 0.015625 0.021484375
0 0.287109375 0.8759765625 0.017578125 0.01953125