0 0.966796875 0.7490234375 0.025390625 0.0234375
0 0.9150390625 0.7431640625 0.0234375 0.017578125
0 0.919921875 0.7119140625 0.021484375 0.0234375
0 0.8828125 0.7607421875 0.01953125 0.029296875
0 0.87109375 0.70703125 0.017578125 0.017578125
0 0.884765625 0.6796875 0.029296875 0.03125
0 0.84375 0.775390625 0.021484375 0.021484375
0 0.833984375 0.7587890625 0.025390625 0.01953125
0 0.7822265625 0.7607421875 0.01953125 0.021484375
0 0.8125 0.6748046875 0.025390625 0.017578125
0 0.798828125 0.724609375 0.017578125 0.021484375
0 0.8525390625 0.65234375 0.015625 0.015625
0 0.8193359375 0.6962890625 0.02734375 0.0234375
0 0.828125 0.71875 0.02734375 0.029296875
0 0.8173828125 0.7470703125 0.037109375 0.025390625
0 0.89453125 0.455078125 0.01953125 0.017578125
0 0.2158203125 0.0439453125 0.0234375 0.03125