0 0.068359375 0.1083984375 0.03125 0.029296875
0 0.1513671875 0.0361328125 0.013671875 0.01953125
0 0.345703125 0.2392578125 0.015625 0.015625
0 0.3544921875 0.2841796875 0.017578125 0.0234375
0 0.396484375 0.2998046875 0.021484375 0.029296875
0 0.390625 0.439453125 0.013671875 0.01953125
0 0.384765625 0.529296875 0.02734375 0.01953125
0 0.421875 0.783203125 0.01953125 0.021484375
0 0.521484375 0.93359375 0.01953125 0.015625
0 0.4833984375 0.078125 0.025390625 0.0234375
0 0.73046875 0.0146484375 0.0234375 0.025390625
0 0.5302734375 0.0068359375 0.01953125 0.013671875
0 0.5498046875 0.009765625 0.015625 0.015625
0 0.4619140625 0.2275390625 0.01953125 0.0234375
0 0.4775390625 0.2138671875 0.015625 0.017578125
0 0.462890625 0.169921875 0.015625 0.01953125
0 0.912109375 0.5673828125 0.017578125 0.01953125
0 0.8935546875 0.2490234375 0.017578125 0.0234375
0 0.5224609375 0.9150390625 0.017578125 0.01953125