0 0.6025390625 0.994140625 0.013671875 0.01171875
0 0.6064453125 0.9736328125 0.013671875 0.013671875
0 0.607421875 0.94140625 0.013671875 0.0078125
0 0.583984375 0.982421875 0.01953125 0.015625
0 0.5771484375 0.865234375 0.015625 0.015625
0 0.5537109375 0.8271484375 0.013671875 0.013671875
0 0.4501953125 0.8515625 0.013671875 0.01171875
0 0.08203125 0.9052734375 0.017578125 0.013671875
0 0.1162109375 0.978515625 0.009765625 0.009765625
0 0.1123046875 0.9560546875 0.0078125 0.005859375
0 0.1103515625 0.927734375 0.0078125 0.005859375
0 0.314453125 0.76953125 0.021484375 0.01171875
0 0.3203125 0.7138671875 0.015625 0.017578125
0 0.5771484375 0.7216796875 0.017578125 0.013671875
0 0.7294921875 0.669921875 0.0234375 0.015625
0 0.7578125 0.6416015625 0.01953125 0.013671875
0 0.7373046875 0.6298828125 0.017578125 0.013671875
0 0.6982421875 0.5478515625 0.017578125 0.017578125
0 0.9677734375 0.5205078125 0.015625 0.013671875
0 0.5947265625 0.5546875 0.01171875 0.0078125
0 0.5205078125 0.67578125 0.01953125 0.015625
0 0.447265625 0.54296875 0.013671875 0.017578125
0 0.3955078125 0.6220703125 0.015625 0.013671875
0 0.4208984375 0.5537109375 0.013671875 0.01171875
0 0.3837890625 0.541015625 0.01953125 0.017578125
0 0.4208984375 0.4775390625 0.009765625 0.0078125
0 0.3515625 0.4189453125 0.01171875 0.015625
0 0.33203125 0.38671875 0.015625 0.017578125
0 0.32421875 0.37109375 0.015625 0.015625
0 0.03125 0.560546875 0.015625 0.015625
0 0.0048828125 0.494140625 0.009765625 0.015625
0 0.0302734375 0.484375 0.0078125 0.0078125
0 0.01171875 0.7265625 0.015625 0.009765625
0 0.388671875 0.3466796875 0.017578125 0.013671875
0 0.3740234375 0.3779296875 0.015625 0.009765625
0 0.3623046875 0.3935546875 0.017578125 0.025390625
0 0.3935546875 0.373046875 0.017578125 0.025390625
0 0.3603515625 0.3388671875 0.0078125 0.005859375