0 0.5927734375 0.4443359375 0.029296875 0.02734375
0 0.9072265625 0.990234375 0.025390625 0.01953125
0 0.431640625 0.681640625 0.02734375 0.025390625
0 0.392578125 0.7265625 0.025390625 0.01953125
0 0.4208984375 0.7578125 0.021484375 0.0234375
0 0.4482421875 0.7763671875 0.025390625 0.01953125
0 0.3818359375 0.7880859375 0.0234375 0.01953125
0 0.0068359375 0.8291015625 0.013671875 0.02734375
0 0.0966796875 0.814453125 0.02734375 0.033203125
0 0.1123046875 0.8857421875 0.0234375 0.025390625
0 0.0859375 0.9189453125 0.021484375 0.0234375
0 0.0859375 0.986328125 0.025390625 0.01953125