0 0.17458984375 0.02828125 0.01363281249999998 0.015097656249999994
0 0.2103125 0.058984375 0.015937499999999993 0.01869140625
0 0.12035156250000001 0.08169921875 0.01923828124999999 0.018417968750000013
0 0.15712890625 0.10033203125 0.010722656250000018 0.018964843749999988
0 0.1944921875 0.0751171875 0.010078124999999993 0.011894531250000007
0 0.1332421875 0.06568359375 0.012968749999999973 0.019589843750000002
0 0.0889453125 0.11666015625 0.016171875000000002 0.01999999999999999
0 0.10669921875 0.12607421875 0.013417968750000009 0.019667968749999987
0 0.14689453125 0.12904296875 0.016035156250000016 0.017402343749999993
0 0.21046875 0.14125 0.01978515624999999 0.022285156249999993
0 0.15033203125 0.158984375 0.016289062500000007 0.026523437500000024
0 0.3153515625 0.1166796875 0.01986328125000003 0.029882812499999994
0 0.21408203125 0.23830078125 0.018632812499999984 0.018574218749999982
0 0.24021484375 0.2129296875 0.014863281250000027 0.01900390624999998
0 0.2495703125 0.33572265625 0.015585937500000036 0.020410156249999978
0 0.10892578125 0.39189453125 0.013769531249999994 0.021386718749999978
0 0.3108984375 0.662421875 0.024785156249999996 0.029746093750000036
0 0.3215625 0.63759765625 0.019160156250000004 0.01675781250000008
0 0.3209375 0.57541015625 0.013027343750000031 0.014843750000000044
0 0.329921875 0.7020703125 0.02066406249999997 0.01845703125000009
0 0.0726171875 0.82169921875 0.023593749999999997 0.0224609375
0 0.14041015625 0.80623046875 0.02126953125000003 0.021289062499999956
0 0.102578125 0.93751953125 0.015214843750000012 0.020546874999999964
0 0.102578125 0.90580078125 0.020839843750000003 0.021054687499999947
0 0.12060546875 0.8861328125 0.021152343750000024 0.021210937500000027
0 0.17302734375 0.8834765625 0.018164062500000022 0.02091796875000007
0 0.16943359375 0.90884765625 0.019746093750000027 0.02025390625000001
0 0.155703125 0.91494140625 0.01363281249999998 0.011738281249999982
0 0.183671875 0.92482421875 0.020644531249999987 0.020214843750000044
0 0.14142578125 0.8945703125 0.01953125 0.023652343750000027
0 0.1241796875 0.90259765625 0.01513671875 0.014023437499999902
0 0.1432421875 0.86810546875 0.018144531249999984 0.03406250000000011
0 0.147734375 0.84611328125 0.01585937500000001 0.020156250000000098
0 0.162265625 0.86126953125 0.016718750000000004 0.01976562500000001
0 0.1641015625 0.82359375 0.012226562499999982 0.013984374999999938
0 0.26224609375 0.8955859375 0.020449218750000053 0.016308593750000044
0 0.328046875 0.84998046875 0.017285156250000044 0.01912109374999993
0 0.32517578125 0.9107421875 0.022187500000000027 0.02906249999999999
0 0.2084375 0.94919921875 0.015039062499999978 0.018203125000000098
0 0.26287109375 0.97744140625 0.014179687499999982 0.01513671875
0 0.27216796875 0.990546875 0.017714843749999987 0.014394531250000009
0 0.3077734375 0.98880859375 0.018105468749999964 0.018417968749999902
0 0.25873046875 0.95572265625 0.014062499999999978 0.022480468749999982
0 0.27263671875 0.96037109375 0.013652343750000018 0.020488281250000018
0 0.2796484375 0.94390625 0.019511718750000018 0.019550781249999982
0 0.20546875 0.91693359375 0.023496093750000002 0.03517578124999998
0 0.2134375 0.89904296875 0.011210937500000018 0.014453124999999956
0 0.2221484375 0.8704296875 0.02175781250000003 0.01929687499999999
0 0.20279296875 0.85962890625 0.03445312500000003 0.025253906249999902
0 0.3280859375 0.7441796875 0.025351562500000036 0.029433593750000098
0 0.40720703125 0.5775 0.019082031249999964 0.02009765624999993
0 0.37509765625 0.5970703125 0.02033203125000005 0.022167968750000044
0 0.35462890625 0.63185546875 0.020078124999999947 0.019746093750000027
0 0.37263671875 0.62818359375 0.022656250000000044 0.02548828124999991
0 0.34474609375 0.6614453125 0.02718750000000003 0.02513671875000001
0 0.3605078125 0.71005859375 0.015117187500000018 0.015488281249999902
0 0.36611328125 0.75779296875 0.019804687499999973 0.022265624999999956
0 0.3770703125 0.74205078125 0.020605468750000022 0.024238281249999938
0 0.41884765625 0.78271484375 0.01912109375000004 0.025605468750000027
0 0.40478515625 0.73625 0.022265624999999956 0.022832031250000107
0 0.39154296875 0.71123046875 0.02703124999999995 0.022929687500000018
0 0.48380859375 0.72271484375 0.022558593750000022 0.029179687500000107
0 0.47013671875 0.82158203125 0.024277343750000013 0.03718749999999993
0 0.4403515625 0.83935546875 0.028691406249999996 0.03638671874999999
0 0.4278515625 0.636640625 0.016054687500000053 0.017695312499999893
0 0.38185546875 0.6605859375 0.03019531249999996 0.03433593750000008
0 0.38353515625 0.69302734375 0.01611328125 0.011953125000000009
0 0.45298828125 0.642890625 0.02124999999999999 0.023652343750000027
0 0.359296875 0.40515625 0.021425781250000053 0.020722656250000027
0 0.4512109375 0.36037109375 0.020605468750000022 0.022734374999999973
0 0.3901953125 0.29830078125 0.017070312500000018 0.022187500000000027
0 0.43044921875 0.276875 0.01832031249999999 0.021523437499999964
0 0.44357421875 0.20490234375 0.017695312500000004 0.017890624999999993
0 0.39470703125 0.23091796875 0.03044921874999995 0.03138671874999999
0 0.36572265625 0.28201171875 0.02482421874999996 0.02814453125000005
0 0.27884765625 0.00798828125 0.013925781249999991 0.01515625
0 0.4300390625 0.10134765625 0.014609375000000036 0.014316406249999997
0 0.461640625 0.04482421875 0.015996093749999996 0.015429687499999997
0 0.49154296875 0.07064453125 0.01912109375000004 0.02123046875000001
0 0.53953125 0.0501171875 0.01693359374999992 0.019453125
0 0.52751953125 0.0755859375 0.01400390624999992 0.01585937500000001
0 0.532734375 0.09349609375 0.01718749999999991 0.018964843749999988
0 0.531171875 0.11525390624999998 0.021308593749999938 0.019589843750000002
0 0.53142578125 0.138359375 0.027617187499999973 0.02656249999999999
0 0.556171875 0.08935546875 0.02548828124999991 0.017207031250000004
0 0.5666796875 0.11306640625 0.014531250000000107 0.021035156249999992
0 0.22736328125 0.90666015625 0.01634765625000001 0.02123046875000001
0 0.77681640625 0.9637890625 0.023906250000000018 0.020644531250000098
0 0.75748046875 0.94044921875 0.026093750000000027 0.024218749999999956
0 0.67349609375 0.742578125 0.01839843749999992 0.029179687500000107
0 0.6734375 0.60767578125 0.016738281250000098 0.02025390625000001
0 0.90333984375 0.707734375 0.017695312499999893 0.020000000000000018
0 0.607578125 0.08314453125 0.01699218750000009 0.014531249999999996
0 0.6734375 0.04412109375 0.020624999999999893 0.018242187499999993
0 0.71138671875 0.0531640625 0.021132812500000098 0.02294921875
0 0.70365234375 0.09287109375 0.016640624999999964 0.020664062499999997
0 0.98875 0.2190625 0.021757812499999973 0.018984374999999998
0 0.99490234375 0.305078125 0.010195312500000053 0.014609375000000036
0 0.9915234375 0.67822265625 0.016953124999999902 0.0205078125
0 0.076484375 0.3216796875 0.026796874999999998 0.03091796874999997
0 0.640078125 0.66021484375 0.030156250000000107 0.026328125000000036
0 0.85765625 0.01763671875 0.018261718750000044 0.01865234375
0 0.44287109375 0.68681640625 0.020957031250000036 0.02058593749999993
0 0.40517578125 0.65556640625 0.01765625000000004 0.013242187499999947
0 0.414375 0.66568359375 0.015449218750000049 0.015800781250000062
0 0.42228515625 0.6778125 0.019492187500000036 0.016542968750000053
0 0.4676953125 0.63681640625 0.006621093749999973 0.016171874999999947
0 0.995703125 0.17744140625 0.008593749999999956 0.024199218749999973