0 0.2763671875 0.4013671875 0.013671875 0.013671875
0 0.4130859375 0.341796875 0.01171875 0.015625
0 0.4716796875 0.5078125 0.009765625 0.015625
0 0.7412109375 0.5810546875 0.01953125 0.01953125
0 0.7080078125 0.6396484375 0.01953125 0.021484375
0 0.6845703125 0.626953125 0.017578125 0.0234375
0 0.6669921875 0.587890625 0.01171875 0.017578125
0 0.5634765625 0.607421875 0.017578125 0.01953125
0 0.5869140625 0.560546875 0.015625 0.013671875
0 0.6513671875 0.7314453125 0.01953125 0.0234375
0 0.671875 0.7578125 0.017578125 0.021484375
0 0.654296875 0.7568359375 0.015625 0.01953125
0 0.662109375 0.796875 0.013671875 0.015625
0 0.623046875 0.75390625 0.013671875 0.013671875
0 0.6181640625 0.7666015625 0.01953125 0.017578125
0 0.634765625 0.7646484375 0.013671875 0.01171875
0 0.556640625 0.4560546875 0.013671875 0.013671875
0 0.541015625 0.40625 0.015625 0.013671875
0 0.6923828125 0.33984375 0.01171875 0.013671875
0 0.7041015625 0.3642578125 0.01171875 0.01171875
0 0.724609375 0.595703125 0.025390625 0.033203125
0 0.228515625 0.203125 0.009765625 0.017578125
0 0.216796875 0.1767578125 0.0078125 0.009765625