0 0.1650390625 0.9541015625 0.0234375 0.021484375
0 0.18359375 0.9423828125 0.01953125 0.021484375
0 0.16015625 0.9140625 0.0234375 0.01953125
0 0.1494140625 0.98828125 0.033203125 0.021484375
0 0.2451171875 0.9609375 0.021484375 0.01953125
0 0.236328125 0.9404296875 0.0234375 0.01953125
0 0.255859375 0.845703125 0.021484375 0.01953125
0 0.26171875 0.87109375 0.017578125 0.017578125
0 0.30078125 0.8369140625 0.015625 0.01953125
0 0.2998046875 0.806640625 0.0234375 0.01953125
0 0.2353515625 0.8583984375 0.0234375 0.0234375
0 0.5771484375 0.8935546875 0.021484375 0.017578125
0 0.6083984375 0.9111328125 0.0234375 0.01953125
0 0.919921875 0.8017578125 0.021484375 0.01953125
0 0.9736328125 0.74609375 0.0234375 0.021484375
0 0.9921875 0.74609375 0.015625 0.0234375
0 0.935546875 0.6728515625 0.021484375 0.021484375
0 0.8623046875 0.650390625 0.021484375 0.021484375
0 0.70703125 0.7080078125 0.021484375 0.01953125
0 0.14453125 0.7607421875 0.02734375 0.0234375
0 0.1572265625 0.7353515625 0.017578125 0.013671875
0 0.1748046875 0.740234375 0.021484375 0.025390625
0 0.2021484375 0.755859375 0.0234375 0.01953125
0 0.2060546875 0.64453125 0.01953125 0.0234375
0 0.2265625 0.638671875 0.01953125 0.0234375
0 0.259765625 0.658203125 0.021484375 0.021484375
0 0.3193359375 0.6455078125 0.01953125 0.01953125
0 0.4345703125 0.7509765625 0.0234375 0.0234375
0 0.3876953125 0.6767578125 0.015625 0.01171875
0 0.4013671875 0.6806640625 0.01953125 0.017578125
0 0.5390625 0.7744140625 0.021484375 0.017578125
0 0.5849609375 0.724609375 0.0234375 0.013671875
0 0.2548828125 0.5751953125 0.017578125 0.015625
0 0.30078125 0.54296875 0.01953125 0.01953125
0 0.3544921875 0.5810546875 0.0234375 0.01953125
0 0.3974609375 0.58984375 0.0234375 0.021484375
0 0.3271484375 0.4931640625 0.01953125 0.017578125
0 0.353515625 0.4462890625 0.021484375 0.017578125
0 0.0458984375 0.5126953125 0.01953125 0.013671875
0 0.0830078125 0.3466796875 0.0234375 0.015625
0 0.1279296875 0.3642578125 0.01953125 0.01953125
0 0.1455078125 0.375 0.0234375 0.021484375
0 0.115234375 0.1923828125 0.021484375 0.0234375
0 0.4345703125 0.376953125 0.01953125 0.01953125
0 0.451171875 0.3837890625 0.0234375 0.01953125
0 0.4873046875 0.3681640625 0.021484375 0.01953125
0 0.4560546875 0.330078125 0.0234375 0.017578125
0 0.4423828125 0.3212890625 0.025390625 0.021484375
0 0.615234375 0.5126953125 0.01953125 0.046875
0 0.6337890625 0.5087890625 0.015625 0.0234375