0 0.4228515625 0.9384765625 0.01953125 0.021484375
0 0.27734375 0.8017578125 0.0234375 0.025390625
0 0.298828125 0.7900390625 0.025390625 0.02734375
0 0.306640625 0.7666015625 0.03125 0.01953125
0 0.2470703125 0.6083984375 0.0234375 0.021484375
0 0.25390625 0.5830078125 0.0234375 0.015625
0 0.2734375 0.5654296875 0.017578125 0.015625
0 0.033203125 0.8955078125 0.013671875 0.013671875
0 0.1376953125 0.728515625 0.01953125 0.021484375
0 0.107421875 0.6953125 0.021484375 0.015625
0 0.1064453125 0.6669921875 0.0234375 0.025390625
0 0.109375 0.6435546875 0.01953125 0.021484375
0 0.134765625 0.6591796875 0.029296875 0.02734375
0 0.1630859375 0.693359375 0.0234375 0.01953125
0 0.1494140625 0.7041015625 0.0234375 0.0234375
0 0.1328125 0.693359375 0.02734375 0.03125
0 0.85546875 0.6708984375 0.017578125 0.017578125
0 0.787109375 0.6904296875 0.017578125 0.017578125
0 0.724609375 0.7255859375 0.017578125 0.015625
0 0.830078125 0.6025390625 0.01953125 0.015625
0 0.7734375 0.5419921875 0.0234375 0.01953125
0 0.75390625 0.55859375 0.021484375 0.017578125
0 0.783203125 0.4951171875 0.017578125 0.015625
0 0.73046875 0.4677734375 0.015625 0.015625
0 0.7470703125 0.5947265625 0.01953125 0.01953125
0 0.78125 0.5927734375 0.01953125 0.01953125
0 0.7626953125 0.5810546875 0.02734375 0.021484375
0 0.703125 0.6494140625 0.017578125 0.013671875
0 0.767578125 0.6318359375 0.01953125 0.015625
0 0.7724609375 0.615234375 0.01953125 0.01953125
0 0.7470703125 0.6962890625 0.017578125 0.013671875
0 0.8173828125 0.626953125 0.015625 0.015625
0 0.8330078125 0.6455078125 0.021484375 0.02734375
0 0.7216796875 0.642578125 0.017578125 0.017578125
0 0.7431640625 0.6494140625 0.02734375 0.025390625
0 0.67578125 0.4072265625 0.021484375 0.015625
0 0.61328125 0.55078125 0.021484375 0.01953125
0 0.6474609375 0.5537109375 0.01953125 0.017578125
0 0.6611328125 0.509765625 0.01953125 0.021484375
0 0.6435546875 0.4931640625 0.015625 0.015625
0 0.669921875 0.439453125 0.01171875 0.01171875
0 0.576171875 0.408203125 0.021484375 0.01953125
0 0.6298828125 0.388671875 0.025390625 0.013671875
0 0.5517578125 0.3828125 0.01953125 0.015625
0 0.0439453125 0.4833984375 0.037109375 0.025390625
0 0.33203125 0.521484375 0.015625 0.015625
0 0.9345703125 0.3740234375 0.01953125 0.017578125
0 0.931640625 0.3525390625 0.021484375 0.01953125
0 0.9130859375 0.345703125 0.017578125 0.01953125
0 0.9189453125 0.306640625 0.015625 0.01953125
0 0.9599609375 0.32421875 0.021484375 0.01953125
0 0.9326171875 0.26953125 0.01171875 0.0078125
0 0.8544921875 0.34765625 0.01953125 0.015625
0 0.880859375 0.2724609375 0.015625 0.013671875
0 0.9931640625 0.1875 0.013671875 0.01953125
0 0.8212890625 0.328125 0.01953125 0.015625
0 0.75 0.3212890625 0.015625 0.017578125
0 0.716796875 0.3251953125 0.013671875 0.025390625
0 0.7314453125 0.322265625 0.015625 0.03125
0 0.6396484375 0.3212890625 0.01171875 0.013671875
0 0.5869140625 0.318359375 0.0234375 0.017578125
0 0.9912109375 0.123046875 0.017578125 0.015625
0 0.958984375 0.1015625 0.021484375 0.01953125
0 0.98046875 0.1005859375 0.021484375 0.01953125
0 0.9794921875 0.0751953125 0.017578125 0.021484375
0 0.9931640625 0.0859375 0.013671875 0.01953125
0 0.9716796875 0.1572265625 0.02734375 0.029296875
0 0.5390625 0.0859375 0.013671875 0.0078125
0 0.5576171875 0.080078125 0.017578125 0.017578125
0 0.5771484375 0.06640625 0.025390625 0.017578125
0 0.2001953125 0.1044921875 0.017578125 0.013671875
0 0.076171875 0.109375 0.015625 0.01171875
0 0.0673828125 0.2265625 0.013671875 0.017578125
0 0.517578125 0.34765625 0.0234375 0.021484375
0 0.3671875 0.2353515625 0.0234375 0.01953125
0 0.4150390625 0.21875 0.025390625 0.03125