0 0.14833984375 0.006796875 0.016289062500000007 0.01357421875
0 0.161171875 0.05568359375 0.013984374999999993 0.0179296875
0 0.2422265625 0.07890625 0.008124999999999993 0.01365234374999999
0 0.27822265625 0.0625390625 0.013476562499999956 0.019453124999999988
0 0.3477734375 0.01859375 0.015371093750000009 0.013984375
0 0.37900390625 0.014375 0.015820312500000044 0.02125
0 0.40626953125 0.0743359375 0.012050781250000031 0.015800781250000007
0 0.45908203125 0.05078125 0.015839843750000027 0.016015625000000006
0 0.4451953125 0.0516015625 0.011503906249999973 0.01765625
0 0.5692578125 0.02931640625 0.01732421875000001 0.019902343750000002
0 0.5440234375 0.064375 0.013906250000000009 0.015761718750000014
0 0.53025390625 0.09162109375 0.013613281250000053 0.01955078125000001
0 0.56548828125 0.1045703125 0.009628906249999902 0.013750000000000012
0 0.56740234375 0.1163671875 0.006230468750000107 0.005917968750000002
0 0.57619140625 0.1494140625 0.01546874999999992 0.013749999999999984
0 0.6298046875 0.1424609375 0.013769531249999911 0.015507812499999996
0 0.49896484375 0.09068359375 0.013554687499999996 0.017460937499999996
0 0.4855859375 0.07916015625 0.010078125000000049 0.013574218750000006
0 0.4893359375 0.05177734375 0.009511718750000009 0.005839843750000004
0 0.47181640625 0.1328515625 0.013945312499999973 0.015527343749999978
0 0.4578125 0.13087890625 0.0054101562499999645 0.00777343749999998
0 0.4619921875 0.135859375 0.005703125000000031 0.009531249999999991
0 0.31373046875 0.1766796875 0.013789062500000004 0.018125000000000002
0 0.28822265625 0.18255859375 0.013808593749999987 0.009863281250000022
0 0.2283984375 0.26162109375 0.011894531250000007 0.015820312500000044
0 0.33689453125 0.29296875 0.01017578124999996 0.015917968749999956
0 0.205 0.22078125 0.01583984374999997 0.01587890624999999
0 0.17564453125 0.20017578125 0.007929687500000004 0.01371093750000002
0 0.37685546875 0.31150390625 0.008007812500000044 0.009824218749999947
0 0.4072265625 0.27341796875 0.017382812499999956 0.023632812500000044
0 0.49890625 0.20517578125 0.013886718750000027 0.01582031249999999
0 0.52630859375 0.2177734375 0.013398437500000027 0.013691406249999982
0 0.45029296875 0.20375 0.014023437500000013 0.021582031250000022
0 0.41791015625 0.174765625 0.011835937500000004 0.009824218750000002
0 0.42396484375 0.1836328125 0.00789062500000004 0.007343749999999982
0 0.4043359375 0.36896484375 0.012031250000000049 0.015976562500000013
0 0.37609375 0.4786328125 0.013535156250000013 0.016171874999999947
0 0.3654296875 0.4471875 0.023808593749999996 0.01578124999999997
0 0.28208984375 0.472578125 0.013789062500000004 0.011874999999999969
0 0.24722656250000002 0.46767578125 0.017480468749999978 0.017773437500000044
0 0.22654296875 0.486328125 0.012050781249999976 0.01171875
0 0.1944921875 0.4745703125 0.01412109374999998 0.01570312500000004
0 0.2423828125 0.4959375 0.0076953124999999956 0.011621093749999978
0 0.16197265625 0.51861328125 0.01611328125 0.013964843749999956
0 0.104453125 0.532109375 0.013984374999999993 0.017792968750000027
0 0.15234375 0.554609375 0.016015624999999978 0.019707031250000062
0 0.1905078125 0.5134375 0.01783203124999999 0.01595703124999992
0 0.0634765625 0.51380859375 0.013671875 0.015742187499999893
0 0.019375 0.531171875 0.015703125 0.01578125000000008
0 0.10634765625 0.5985546875 0.013476562500000011 0.01773437500000008
0 0.03609375 0.589921875 0.013710937500000006 0.01585937500000001
0 0.04 0.60474609375 0.010214843749999994 0.01318359375
0 0.032421875 0.635859375 0.013828124999999997 0.014238281249999929
0 0.076953125 0.59353515625 0.01365234374999999 0.007851562499999964
0 0.0733984375 0.6023828125 0.009843750000000012 0.009687500000000071
0 0.19611328125 0.661015625 0.013730468750000002 0.013535156249999902
0 0.24216796875 0.735234375 0.011953125000000009 0.013808593750000098
0 0.2637109375 0.73724609375 0.01593750000000005 0.013789062499999893
0 0.24720703125 0.7898046875 0.013925781249999991 0.010078124999999938
0 0.0076953125 0.76560546875 0.007578125 0.01138671875000008
0 0.10751953125 0.8643359375 0.01582031249999999 0.013906250000000009
0 0.0546875 0.86611328125 0.012128906250000002 0.009960937500000044
0 0.12791015625 0.90029296875 0.01802734374999998 0.011933593750000027
0 0.02822265625 0.87609375 0.009589843750000007 0.00992187500000008
0 0.24908203125 0.84943359375 0.01783203124999999 0.011660156250000053
0 0.33103515625 0.9040625 0.018007812500000053 0.015683593749999947
0 0.33408203125 0.925625 0.01580078124999995 0.011660156250000053
0 0.39369140625 0.93638671875 0.018085937499999982 0.013945312499999973
0 0.39759765625 0.951171875 0.017695312500000004 0.012089843750000107
0 0.38369140625 0.09755859375 0.013496093750000049 0.011894531250000007
0 0.4071484375 0.1191015625 0.009941406249999951 0.007871093750000002
0 0.05462890625 0.226484375 0.011816406249999994 0.011503906249999973
0 0.13783203125 0.24699218749999996 0.010019531249999991 0.010000000000000009
0 0.13275390625 0.24322265625 0.011972656249999991 0.013789062500000004
0 0.2540234375 0.34759765625 0.011894531249999951 0.015722656250000022
0 0.49228515625 0.16287109375 0.015761718750000098 0.01761718750000002
0 0.132890625 0.679765625 0.027519531250000007 0.019394531249999902
0 0.33708984375 0.94431640625 0.02994140624999997 0.017382812499999956
0 0.2724609375 0.9394921875 0.021914062500000053 0.01595703124999992
0 0.95224609375 0.471484375 0.013867187500000044 0.017968749999999978
0 0.885859375 0.555703125 0.013906250000000009 0.01748046875000009
0 0.8701171875 0.58208984375 0.017949218750000107 0.023320312500000107
0 0.943515625 0.5409765625 0.007500000000000062 0.007890624999999929
0 0.95134765625 0.54380859375 0.007832031249999982 0.010039062499999973
0 0.96111328125 0.558671875 0.015664062499999964 0.01976562500000001
0 0.99609375 0.57412109375 0.0078125 0.015839843750000027
0 0.94650390625 0.60244140625 0.013652343750000018 0.013867187500000044
0 0.96689453125 0.6425390625 0.015839843750000027 0.01962890624999991
0 0.84083984375 0.65216796875 0.014101562500000053 0.015585937500000036
0 0.7186328125 0.6727734375 0.008046875000000009 0.009531249999999991
0 0.7267578125 0.67068359375 0.0078125 0.013691406249999982
0 0.68533203125 0.71283203125 0.007851562499999964 0.011835937499999893
0 0.692421875 0.71501953125 0.005781250000000071 0.015664062499999964
0 0.79208984375 0.74603515625 0.018281250000000027 0.019824218749999956
0 0.74125 0.77615234375 0.017871093749999956 0.01791015624999992
0 0.77546875 0.77755859375 0.01968750000000008 0.023789062499999902
0 0.761484375 0.7775 0.007753906250000053 0.015917968749999956
0 0.814453125 0.7703125 0.01171875 0.017558593750000018
0 0.80173828125 0.774453125 0.013652343750000018 0.01765624999999993
0 0.6153515625 0.7646875 0.01156249999999992 0.00943359375000008
0 0.64958984375 0.7853125 0.017636718749999947 0.022753906249999956
0 0.7403515625 0.837890625 0.01978515624999999 0.019550781249999982
0 0.71984375 0.86703125 0.01382812500000008 0.015917968749999956
0 0.5812109375 0.84373046875 0.013964843749999956 0.012167968750000036
0 0.69830078125 0.8109375 0.006367187499999982 0.012011718749999956
0 0.68955078125 0.803671875 0.019746093750000027 0.021425781250000053
0 0.68083984375 0.8721875 0.01009765624999992 0.01382812500000008
0 0.97279296875 0.78595703125 0.01572265624999991 0.017929687499999902
0 0.99501953125 0.8105078125 0.009960937500000044 0.015566406250000053
0 0.9366015625 0.76478515625 0.010390625000000098 0.013417968750000009
0 0.9951171875 0.8955859375 0.009765625 0.02554687500000008
0 0.588046875 0.81521484375 0.01570312499999993 0.013710937499999964
0 0.62306640625 0.91779296875 0.012089843750000107 0.015976562499999902
0 0.645546875 0.91814453125 0.013984374999999938 0.019570312499999964
0 0.71388671875 0.95123046875 0.009687500000000071 0.011542968749999938
0 0.6455078125 0.9386328125 0.006074218750000027 0.009863281249999911
0 0.654375 0.94048828125 0.008066406249999991 0.010019531249999991
0 0.5841015625 0.95005859375 0.01156249999999992 0.013535156249999902
0 0.5809765625 0.97173828125 0.010332031249999929 0.013925781249999991
0 0.56640625 0.9510546875 0.01587890624999999 0.01546874999999992
0 0.60845703125 0.96587890625 0.010039062499999973 0.006367187499999982
0 0.61349609375 0.9617578125 0.015585937500000036 0.010078124999999938
0 0.27166015625 0.13669921875 0.0077734375000000355 0.015996093749999996
0 0.12701171875 0.14841796875 0.016054687499999998 0.01585937500000001
0 0.12580078125 0.17673828125 0.013828125000000024 0.025820312499999998