0 0.05474609375 0.0183203125 0.016074218750000008 0.017597656250000003
0 0.32716796875 0.03419921875 0.010214843750000036 0.014882812499999995
0 0.24808593749999996 0.16212890625 0.007910156250000022 0.011894531250000007
0 0.09478515625 0.380703125 0.010449218749999989 0.012031250000000049
0 0.1189453125 0.37697265625 0.016035156249999988 0.015605468750000018
0 0.1505078125 0.40216796875 0.008066406249999991 0.008164062500000013
0 0.0929296875 0.42484375 0.014121093750000008 0.013984375000000049
0 0.12201171875 0.4345703125 0.014179687499999982 0.017578125
0 0.025332031249999998 0.40318359375 0.0158984375 0.013925781249999991
0 0.00400390625 0.46189453125 0.0080078125 0.010195312500000053
0 0.20705078125 0.49115234375 0.012070312500000013 0.010273437499999982
0 0.1826171875 0.4961328125 0.010566406249999993 0.008125000000000049
0 0.09287109375 0.8641015625 0.010175781249999988 0.010078124999999938
0 0.22359375 0.5040625 0.017636718750000002 0.015683593749999947
0 0.1269921875 0.67470703125 0.015527343749999978 0.013867187500000044
0 0.15916015625 0.71572265625 0.017988281250000016 0.013867187500000044
0 0.18875 0.54876953125 0.02953125000000001 0.027460937499999893
0 0.150390625 0.78724609375 0.03984375000000001 0.027851562499999982
0 0.156484375 0.524453125 0.020390624999999996 0.02173828124999999