0 0.0771484375 0.4912109375 0.013671875 0.017578125
0 0.0380859375 0.3720703125 0.009765625 0.013671875
0 0.02734375 0.2421875 0.015625 0.015625
0 0.0517578125 0.2734375 0.017578125 0.015625
0 0.0771484375 0.26953125 0.017578125 0.015625
0 0.107421875 0.2529296875 0.01953125 0.021484375
0 0.080078125 0.16796875 0.015625 0.0234375
0 0.0556640625 0.1435546875 0.009765625 0.009765625
0 0.037109375 0.0712890625 0.01171875 0.013671875
0 0.0634765625 0.1220703125 0.025390625 0.021484375
0 0.0986328125 0.134765625 0.017578125 0.01953125
0 0.1591796875 0.291015625 0.013671875 0.01171875
0 0.177734375 0.0595703125 0.015625 0.013671875
0 0.2109375 0.109375 0.015625 0.01171875
0 0.208984375 0.1533203125 0.01953125 0.021484375
0 0.169921875 0.1904296875 0.015625 0.017578125
0 0.044921875 0.1796875 0.01171875 0.01171875
0 0.0654296875 0.2392578125 0.013671875 0.009765625
0 0.2119140625 0.240234375 0.013671875 0.01171875
0 0.2265625 0.255859375 0.015625 0.01953125
0 0.296875 0.0078125 0.01953125 0.015625
0 0.3056640625 0.1455078125 0.017578125 0.013671875
0 0.3388671875 0.2412109375 0.013671875 0.017578125
0 0.3642578125 0.24609375 0.017578125 0.015625
0 0.4052734375 0.2822265625 0.013671875 0.013671875
0 0.408203125 0.216796875 0.015625 0.01171875
0 0.392578125 0.2236328125 0.015625 0.021484375
0 0.4775390625 0.03125 0.021484375 0.015625
0 0.4716796875 0.0556640625 0.009765625 0.009765625
0 0.5166015625 0.12109375 0.017578125 0.015625
0 0.5458984375 0.2333984375 0.017578125 0.017578125
0 0.5595703125 0.2216796875 0.013671875 0.017578125
0 0.5654296875 0.2685546875 0.017578125 0.013671875
0 0.6357421875 0.2275390625 0.017578125 0.017578125
0 0.5927734375 0.0439453125 0.017578125 0.013671875
0 0.5654296875 0.064453125 0.013671875 0.0234375
0 0.5166015625 0.0615234375 0.013671875 0.013671875
0 0.6962890625 0.20703125 0.017578125 0.01953125
0 0.6806640625 0.05859375 0.013671875 0.01171875
0 0.7109375 0.0615234375 0.015625 0.013671875
0 0.666015625 0.021484375 0.015625 0.01171875
0 0.7646484375 0.1513671875 0.021484375 0.013671875
0 0.8037109375 0.1142578125 0.017578125 0.017578125
0 0.796875 0.1767578125 0.01953125 0.017578125
0 0.7822265625 0.2177734375 0.017578125 0.017578125
0 0.8115234375 0.240234375 0.017578125 0.01953125
0 0.7509765625 0.25390625 0.017578125 0.015625
0 0.859375 0.00390625 0.01953125 0.0078125
0 0.8818359375 0.109375 0.017578125 0.01171875
0 0.91015625 0.1064453125 0.01953125 0.017578125
0 0.923828125 0.1611328125 0.015625 0.013671875
0 0.94140625 0.1728515625 0.015625 0.013671875
0 0.9931640625 0.15625 0.013671875 0.01953125
0 0.697265625 0.259765625 0.01953125 0.01171875
0 0.677734375 0.2412109375 0.03125 0.025390625
0 0.455078125 0.111328125 0.01953125 0.01171875
0 0.4560546875 0.09765625 0.017578125 0.01171875
0 0.529296875 0.0869140625 0.02734375 0.025390625
0 0.5341796875 0.06640625 0.021484375 0.015625
0 0.4990234375 0.1025390625 0.013671875 0.013671875
0 0.42578125 0.2802734375 0.015625 0.029296875
0 0.427734375 0.3037109375 0.01953125 0.009765625
0 0.2568359375 0.1162109375 0.021484375 0.029296875
0 0.265625 0.1318359375 0.0078125 0.009765625
0 0.2236328125 0.0810546875 0.013671875 0.013671875
0 0.162109375 0.0458984375 0.02734375 0.025390625
0 0.158203125 0.00390625 0.01171875 0.0078125
0 0.4541015625 0.291015625 0.021484375 0.01953125
0 0.4482421875 0.2666015625 0.029296875 0.037109375
0 0.1962890625 0.2998046875 0.017578125 0.009765625
0 0.1767578125 0.306640625 0.009765625 0.01171875
0 0.158203125 0.2119140625 0.01171875 0.013671875
0 0.1484375 0.220703125 0.01171875 0.0078125
0 0.1611328125 0.2373046875 0.009765625 0.013671875
0 0.5498046875 0.0927734375 0.013671875 0.013671875
0 0.248046875 0.0654296875 0.03515625 0.041015625
0 0.662109375 0.1572265625 0.015625 0.021484375
0 0.0478515625 0.037109375 0.017578125 0.01171875