0 0.0438671875 0.012480468750000001 0.013984374999999993 0.01380859375
0 0.0302734375 0.08482421875 0.017597656249999996 0.017441406249999986
0 0.0390234375 0.103359375 0.01220703125 0.011660156249999998
0 0.0614453125 0.11998046875000001 0.025546874999999997 0.013554687499999996
0 0.1883984375 0.15810546875 0.02982421875000002 0.01582031249999999
0 0.19921875 0.10732421875 0.019902343749999996 0.011933593749999999
0 0.02931640625 0.62388671875 0.0233984375 0.021347656249999902
0 0.05384765625 0.61513671875 0.021816406250000003 0.019726562500000044
0 0.06837890625 0.7382421875 0.023749999999999993 0.019824218749999956
0 0.01859375 0.77630859375 0.013964843749999997 0.013847656250000062
0 0.005859375 0.79095703125 0.01171875 0.019804687499999973
0 0.0448828125 0.7859375 0.019785156250000005 0.021503906249999982
0 0.06576171875 0.7821875 0.021582031249999994 0.010058593749999956
0 0.1914453125 0.84373046875 0.01982421875000001 0.02310546875000008
0 0.18359375 0.86513671875 0.012089843749999996 0.015800781250000062
0 0.16787109375 0.87494140625 0.015800781250000007 0.01572265624999991
0 0.08125 0.9598828125 0.017988281249999988 0.017753906250000062
0 0.099609375 0.90224609375 0.012128906249999988 0.011914062500000044
0 0.2275 0.8103515625 0.013769531250000022 0.019902343750000107
0 0.00498046875 0.75009765625 0.0099609375 0.007617187499999956
0 0.275390625 0.9042578125 0.027734374999999978 0.02742187499999993
0 0.2899609375 0.208984375 0.013886718750000027 0.012031249999999993
0 0.33587890625 0.292890625 0.015996093749999996 0.007968749999999969
0 0.00986328125 0.36607421875 0.0197265625 0.013925781249999991
0 0.13076171875 0.8828125 0.015800781250000007 0.011699218750000018
0 0.08896484375 0.49591796875 0.010371093750000004 0.007753906250000053
0 0.015625 0.20681640625 0.03125 0.01957031250000002