0 0.00888671875 0.00869140625 0.0177734375 0.0173828125
0 0.15626953125 0.0263671875 0.015996093749999996 0.013671875
0 0.176640625 0.07599609375 0.017792968750000027 0.015585937500000008
0 0.21888671875 0.0780859375 0.016132812499999982 0.011816406249999994
0 0.21876953125 0.1152734375 0.01607421874999998 0.015800781250000007
0 0.32640625 0.1102734375 0.007753906250000053 0.013457031250000001
0 0.55474609375 0.01646484375 0.015898437499999973 0.013925781249999998
0 0.56544921875 0.04193359375 0.01400390624999992 0.017675781249999994
0 0.43373046875 0.233046875 0.015527343749999978 0.013574218749999978
0 0.4434375 0.2606640625 0.015917968749999956 0.013828124999999969
0 0.43642578125 0.296640625 0.009902343749999987 0.01570312500000004
0 0.445390625 0.3152734375 0.01580078124999995 0.01749999999999996
0 0.33205078125 0.31328125 0.01212890624999996 0.009765625
0 0.25765625 0.3221484375 0.01554687499999996 0.01578124999999997
0 0.187578125 0.24306640625 0.01607421874999998 0.009570312500000011
0 0.22171875 0.27322265625 0.013984374999999993 0.011757812499999964
0 0.28421875 0.2616015625 0.013964843749999956 0.011562500000000031
0 0.24904296875 0.25875 0.017753906250000007 0.009453124999999951
0 0.23638671875 0.40626953125 0.019628906250000022 0.01595703125000003
0 0.22166015625 0.403203125 0.006191406249999976 0.013515625000000031
0 0.18955078125 0.3544921875 0.011914062499999989 0.013281250000000022
0 0.062578125 0.44916015625 0.03146484375 0.015742187500000004
0 0.43646484375 0.50578125 0.01791015625000003 0.015839843750000027
0 0.44337890625 0.54861328125 0.011972656249999991 0.011757812499999964
0 0.69341796875 0.524296875 0.015898437499999973 0.013847656250000062
0 0.78421875 0.4843359375 0.013984374999999938 0.01179687500000004
0 0.77935546875 0.44615234375 0.011816406249999911 0.017714843749999987
0 0.7607421875 0.426796875 0.014062500000000089 0.029765625000000018
0 0.85263671875 0.27234375 0.017363281249999973 0.013515625000000031
0 0.84369140625 0.29576171875 0.015742187499999893 0.013574218749999978
0 0.9373828125 0.30353515625 0.015839843750000027 0.017558593750000018
0 0.987265625 0.33591796875 0.013769531249999911 0.015605468750000018
0 0.814453125 0.53703125 0.01601562500000009 0.011796874999999929
0 0.89650390625 0.1805859375 0.00814453124999992 0.006113281249999991
0 0.88390625 0.16376953125 0.010332031249999929 0.008007812499999989
0 0.99115234375 0.1114453125 0.010273437499999982 0.007871093750000002
0 0.99814453125 0.1044921875 0.0037109374999999556 0.009765625
0 0.915078125 0.1483203125 0.01009765624999992 0.007949218749999987
0 0.890546875 0.173671875 0.007949218750000098 0.008046875000000009
0 0.92572265625 0.33587890625 0.01595703124999992 0.023457031249999982
0 0.17779296875 0.34751953125 0.007988281250000007 0.007910156250000022