0 0.048828125 0.9921875 0.0234375 0.015625
0 0.0029296875 0.9921875 0.005859375 0.0078125
0 0.072265625 0.951171875 0.0234375 0.015625
0 0.0322265625 0.9541015625 0.013671875 0.009765625
0 0.0439453125 0.9345703125 0.009765625 0.009765625
0 0.1005859375 0.9482421875 0.009765625 0.013671875
0 0.162109375 0.7431640625 0.015625 0.013671875
0 0.208984375 0.6884765625 0.015625 0.017578125
0 0.2509765625 0.8251953125 0.017578125 0.017578125
0 0.27734375 0.7822265625 0.015625 0.013671875
0 0.2763671875 0.8984375 0.009765625 0.01171875
0 0.3046875 0.7294921875 0.01171875 0.013671875
0 0.3212890625 0.728515625 0.013671875 0.01171875
0 0.3125 0.7109375 0.01171875 0.0078125
0 0.3134765625 0.7041015625 0.009765625 0.005859375
0 0.3427734375 0.697265625 0.017578125 0.015625
0 0.2744140625 0.59375 0.013671875 0.015625
0 0.0087890625 0.318359375 0.013671875 0.01171875
0 0.00390625 0.283203125 0.0078125 0.01171875
0 0.0244140625 0.27734375 0.013671875 0.01171875
0 0.0107421875 0.0654296875 0.013671875 0.013671875
0 0.0576171875 0.0029296875 0.013671875 0.005859375
0 0.1357421875 0.123046875 0.017578125 0.015625
0 0.125 0.0986328125 0.0078125 0.005859375
0 0.1328125 0.0498046875 0.01171875 0.009765625
0 0.126953125 0.015625 0.01171875 0.0078125
0 0.12890625 0.0068359375 0.0078125 0.005859375
0 0.1845703125 0.0185546875 0.009765625 0.005859375
0 0.1787109375 0.0234375 0.009765625 0.0078125
0 0.2509765625 0.083984375 0.017578125 0.01171875
0 0.2099609375 0.3291015625 0.013671875 0.017578125
0 0.193359375 0.4267578125 0.01171875 0.013671875
0 0.2744140625 0.2890625 0.017578125 0.01171875
0 0.2890625 0.2705078125 0.01953125 0.017578125
0 0.30859375 0.3232421875 0.01171875 0.013671875
0 0.3388671875 0.2763671875 0.017578125 0.017578125
0 0.271484375 0.3095703125 0.015625 0.013671875
0 0.3056640625 0.0439453125 0.009765625 0.005859375
0 0.306640625 0.037109375 0.01171875 0.0078125
0 0.2958984375 0.0322265625 0.013671875 0.009765625
0 0.2939453125 0.0185546875 0.013671875 0.013671875
0 0.2587890625 0.1748046875 0.013671875 0.013671875
0 0.390625 0.400390625 0.01171875 0.015625
0 0.4208984375 0.3720703125 0.013671875 0.013671875
0 0.4140625 0.3583984375 0.015625 0.013671875
0 0.470703125 0.322265625 0.015625 0.0078125
0 0.4990234375 0.3291015625 0.009765625 0.009765625
0 0.5 0.2900390625 0.015625 0.009765625
0 0.4892578125 0.275390625 0.013671875 0.015625
0 0.544921875 0.5517578125 0.015625 0.013671875
0 0.5615234375 0.587890625 0.017578125 0.015625
0 0.5693359375 0.5615234375 0.013671875 0.013671875
0 0.607421875 0.517578125 0.01171875 0.0078125
0 0.6123046875 0.51171875 0.005859375 0.00390625
0 0.5068359375 0.74609375 0.017578125 0.015625
0 0.509765625 0.767578125 0.015625 0.015625
0 0.5361328125 0.8349609375 0.013671875 0.009765625
0 0.5380859375 0.8271484375 0.009765625 0.005859375
0 0.556640625 0.8251953125 0.01171875 0.013671875
0 0.5849609375 0.791015625 0.017578125 0.015625
0 0.560546875 0.8544921875 0.015625 0.013671875
0 0.5751953125 0.8935546875 0.017578125 0.013671875
0 0.6494140625 0.9697265625 0.017578125 0.013671875
0 0.6728515625 0.9775390625 0.017578125 0.013671875
0 0.19140625 0.3056640625 0.015625 0.013671875
0 0.6904296875 0.4130859375 0.013671875 0.013671875
0 0.732421875 0.880859375 0.015625 0.01171875
0 0.876953125 0.81640625 0.015625 0.015625
0 0.9228515625 0.955078125 0.013671875 0.01171875
0 0.8603515625 0.73828125 0.017578125 0.01953125
0 0.86328125 0.7001953125 0.0234375 0.017578125
0 0.876953125 0.65234375 0.015625 0.015625
0 0.875 0.6279296875 0.015625 0.013671875
0 0.900390625 0.66015625 0.01171875 0.0078125
0 0.6533203125 0.1728515625 0.017578125 0.017578125
0 0.650390625 0.158203125 0.01171875 0.01171875
0 0.7412109375 0.150390625 0.017578125 0.015625
0 0.78515625 0.1357421875 0.015625 0.013671875
0 0.8408203125 0.095703125 0.017578125 0.015625
0 0.8486328125 0.060546875 0.017578125 0.015625
0 0.826171875 0.138671875 0.015625 0.0078125
0 0.822265625 0.130859375 0.01171875 0.0078125
0 0.9140625 0.0224609375 0.015625 0.013671875
0 0.93359375 0.1416015625 0.01171875 0.009765625
0 0.9287109375 0.2177734375 0.017578125 0.009765625
0 0.9365234375 0.2451171875 0.013671875 0.017578125
0 0.9287109375 0.1005859375 0.017578125 0.013671875
0 0.8935546875 0.341796875 0.017578125 0.015625
0 0.865234375 0.3671875 0.015625 0.015625
0 0.8154296875 0.4599609375 0.017578125 0.013671875
0 0.78515625 0.4384765625 0.015625 0.013671875
0 0.92578125 0.4638671875 0.015625 0.021484375
0 0.9794921875 0.08984375 0.009765625 0.0078125
0 0.978515625 0.08203125 0.01171875 0.0078125
0 0.9560546875 0.7626953125 0.021484375 0.017578125
0 0.9921875 0.78515625 0.015625 0.01171875
0 0.9658203125 0.7919921875 0.013671875 0.009765625
0 0.9599609375 0.8154296875 0.013671875 0.009765625
0 0.3125 0.80078125 0.01171875 0.0078125
0 0.64453125 0.1240234375 0.01171875 0.005859375
0 0.6455078125 0.1171875 0.013671875 0.0078125
0 0.69140625 0.06640625 0.0078125 0.01171875
0 0.6982421875 0.064453125 0.005859375 0.0078125
0 0.3984375 0.6943359375 0.01171875 0.005859375