0 0.00478515625 0.077109375 0.0095703125 0.021367187499999996
0 0.03404296875 0.0555078125 0.013554687499999996 0.013593750000000002
0 0.09978515625 0.0029296875 0.012128906249999988 0.005859375
0 0.08697265625 0.0398828125 0.014023437500000013 0.0175
0 0.1071875 0.035078125 0.016015625000000006 0.019824218749999997
0 0.0741015625 0.1162109375 0.01583984375 0.017988281250000016
0 0.46587890625 0.0312109375 0.01033203125000004 0.012187500000000004
0 0.56935546875 0.02048828125 0.01009765624999992 0.010175781250000002
0 0.85056640625 0.03306640625 0.018007812500000053 0.015878906250000005
0 0.84861328125 0.069453125 0.01798828125000007 0.017753906250000007
0 0.96390625 0.08388671875 0.01400390624999992 0.015800781250000007
0 0.955078125 0.13958984375 0.012109375000000089 0.013808593749999987
0 0.93759765625 0.15236328125 0.01619140624999993 0.015976562500000013
0 0.79482421875 0.3319140625 0.019824218749999956 0.01937500000000003
0 0.80474609375 0.25591796875 0.012011718749999956 0.008085937499999973
0 0.94716796875 0.3271875 0.011914062500000044 0.013984375000000049
0 0.87890625 0.3798828125 0.019511718750000018 0.017578125
0 0.9736328125 0.41880859375 0.014042968750000107 0.013574218749999978
0 0.99794921875 0.46185546875 0.004101562500000044 0.010292968749999964
0 0.89857421875 0.440234375 0.012226562499999982 0.009765625
0 0.79892578125 0.3983984375 0.02009765624999993 0.01570312500000004
0 0.65923828125 0.32923828125 0.010039062499999973 0.013789062500000004
0 0.71005859375 0.3673046875 0.017792968750000027 0.01578124999999997
0 0.62884765625 0.39833984375 0.019824218749999956 0.01580078124999995
0 0.8730859375 0.09263671875 0.012402343750000044 0.010019531249999991
0 0.72365234375 0.06828125 0.006230468750000107 0.007968749999999997
0 0.54595703125 0.39845703125 0.014062500000000089 0.012148437500000053
0 0.50869140625 0.447421875 0.01816406249999991 0.016074218750000036
0 0.48052734375 0.40625 0.015742187500000004 0.015644531249999982
0 0.4717578125 0.3876953125 0.014296874999999987 0.014042968749999996
0 0.42966796875 0.3837109375 0.016054687500000053 0.009941406249999951
0 0.41109375 0.36619140625 0.010078125000000049 0.014101562500000053
0 0.61625 0.29189453125 0.013984374999999938 0.009941406249999951
0 0.0888671875 0.3544140625 0.01759765625000001 0.01773437499999997
0 0.19138671875 0.4001953125 0.01566406250000002 0.011738281249999982
0 0.201171875 0.98634765625 0.01972656249999999 0.020214843750000044
0 0.16513671875 0.99685546875 0.005917968750000002 0.006289062500000053
0 0.2508984375 0.81626953125 0.014179687499999982 0.016093750000000018
0 0.332109375 0.81134765625 0.011972656249999991 0.01400390624999992
0 0.36833984375 0.82130859375 0.013984375000000049 0.010117187499999902
0 0.23919921875 0.55955078125 0.01416015625 0.014101562500000053
0 0.2558203125 0.6435546875 0.016054687500000053 0.014082031250000071
0 0.39064453125 0.61416015625 0.012070312500000013 0.009960937500000044
0 0.72173828125 0.50857421875 0.010058593749999956 0.013710937499999964
0 0.6151953125 0.501953125 0.011601562500000107 0.011816406249999911
0 0.8290234375 0.49796875 0.021660156250000062 0.007968749999999969
0 0.7344140625 0.4666796875 0.016328125000000027 0.008046875000000009
0 0.66103515625 0.75775390625 0.017792968750000027 0.007929687499999893
0 0.90328125 0.92375 0.014140625000000018 0.01187500000000008
0 0.7509765625 0.00578125 0.006230468750000107 0.00796875
0 0.74583984375 0.0078515625 0.0037695312499999023 0.007890624999999998
0 0.76271484375 0.651484375 0.009726562500000036 0.017753906250000062