0 0.6689453125 0.0546875 0.013671875 0.015625
0 0.6435546875 0.080078125 0.013671875 0.015625
0 0.638671875 0.109375 0.015625 0.015625
0 0.58984375 0.1220703125 0.015625 0.017578125
0 0.689453125 0.0703125 0.015625 0.015625
0 0.689453125 0.1435546875 0.015625 0.017578125
0 0.6484375 0.1455078125 0.015625 0.017578125
0 0.6025390625 0.1494140625 0.013671875 0.017578125
0 0.6728515625 0.1689453125 0.013671875 0.017578125
0 0.689453125 0.1640625 0.015625 0.015625
0 0.7158203125 0.1962890625 0.013671875 0.017578125
0 0.7265625 0.26171875 0.01171875 0.015625
0 0.6689453125 0.2490234375 0.013671875 0.017578125
0 0.650390625 0.2548828125 0.015625 0.017578125
0 0.4091796875 0.1201171875 0.017578125 0.017578125
0 0.357421875 0.0595703125 0.015625 0.017578125
0 0.2958984375 0.033203125 0.013671875 0.015625
0 0.267578125 0.0517578125 0.01171875 0.017578125
0 0.201171875 0.041015625 0.0078125 0.01171875
0 0.298828125 0.09765625 0.015625 0.015625
0 0.2783203125 0.1142578125 0.013671875 0.017578125
0 0.0927734375 0.181640625 0.017578125 0.01953125
0 0.3935546875 0.1787109375 0.013671875 0.013671875
0 0.3779296875 0.2080078125 0.017578125 0.017578125
0 0.408203125 0.1962890625 0.015625 0.017578125
0 0.4921875 0.208984375 0.01171875 0.01171875
0 0.5224609375 0.2265625 0.013671875 0.015625
0 0.4833984375 0.234375 0.009765625 0.01171875
0 0.482421875 0.2451171875 0.0078125 0.009765625
0 0.400390625 0.232421875 0.01171875 0.015625
0 0.3974609375 0.2509765625 0.013671875 0.017578125
0 0.5361328125 0.2470703125 0.009765625 0.017578125
0 0.1787109375 0.306640625 0.013671875 0.015625
0 0.19921875 0.36328125 0.015625 0.015625
0 0.224609375 0.345703125 0.015625 0.015625
0 0.154296875 0.3935546875 0.015625 0.017578125
0 0.0048828125 0.3740234375 0.009765625 0.017578125
0 0.34765625 0.3173828125 0.01171875 0.013671875
0 0.404296875 0.333984375 0.01953125 0.0234375
0 0.2958984375 0.396484375 0.013671875 0.015625
0 0.2958984375 0.4150390625 0.013671875 0.013671875
0 0.2822265625 0.4462890625 0.013671875 0.013671875
0 0.2451171875 0.435546875 0.013671875 0.015625
0 0.216796875 0.4375 0.01953125 0.01953125
0 0.029296875 0.5654296875 0.015625 0.017578125
0 0.3076171875 0.5361328125 0.013671875 0.017578125
0 0.3310546875 0.64453125 0.017578125 0.015625
0 0.05859375 0.7763671875 0.015625 0.017578125
0 0.015625 0.78515625 0.015625 0.015625
0 0.724609375 0.375 0.015625 0.015625
0 0.720703125 0.3984375 0.015625 0.015625
0 0.7255859375 0.4208984375 0.017578125 0.017578125
0 0.9755859375 0.4150390625 0.013671875 0.013671875
0 0.927734375 0.494140625 0.015625 0.01953125
0 0.6123046875 0.3857421875 0.017578125 0.017578125
0 0.572265625 0.3828125 0.015625 0.015625
0 0.55859375 0.3935546875 0.0078125 0.009765625
0 0.53515625 0.404296875 0.0078125 0.01171875
0 0.6171875 0.41796875 0.01171875 0.015625
0 0.568359375 0.408203125 0.015625 0.015625
0 0.625 0.4609375 0.015625 0.015625
0 0.56640625 0.4677734375 0.01171875 0.013671875
0 0.5244140625 0.4267578125 0.013671875 0.017578125
0 0.51953125 0.466796875 0.01953125 0.015625
0 0.4765625 0.4111328125 0.01171875 0.013671875
0 0.4638671875 0.447265625 0.009765625 0.01171875
0 0.6484375 0.455078125 0.01171875 0.01171875
0 0.6416015625 0.4287109375 0.005859375 0.009765625
0 0.451171875 0.52734375 0.01171875 0.015625
0 0.4521484375 0.599609375 0.005859375 0.01171875
0 0.4443359375 0.59765625 0.009765625 0.01171875
0 0.416015625 0.7568359375 0.01171875 0.013671875
0 0.3955078125 0.7548828125 0.013671875 0.013671875
0 0.3447265625 0.7822265625 0.013671875 0.017578125
0 0.3544921875 0.8173828125 0.013671875 0.013671875
0 0.4384765625 0.82421875 0.013671875 0.015625
0 0.462890625 0.8095703125 0.015625 0.013671875
0 0.5029296875 0.7822265625 0.013671875 0.009765625
0 0.5029296875 0.755859375 0.013671875 0.015625
0 0.5263671875 0.7470703125 0.017578125 0.017578125
0 0.55078125 0.75 0.015625 0.01953125
0 0.556640625 0.7705078125 0.01171875 0.017578125
0 0.564453125 0.7939453125 0.01171875 0.013671875
0 0.59765625 0.787109375 0.015625 0.015625
0 0.638671875 0.791015625 0.0078125 0.015625
0 0.62890625 0.794921875 0.01171875 0.015625
0 0.591796875 0.8564453125 0.01171875 0.013671875
0 0.5869140625 0.8154296875 0.009765625 0.013671875
0 0.5048828125 0.892578125 0.013671875 0.01953125
0 0.482421875 0.90625 0.015625 0.015625
0 0.462890625 0.9130859375 0.01171875 0.013671875
0 0.400390625 0.9375 0.015625 0.015625
0 0.9072265625 0.84765625 0.013671875 0.015625
0 0.0341796875 0.9365234375 0.009765625 0.009765625