0 0.1289453125 0.6558984375 0.024003906249999984 0.023222656249999973
0 0.0840625 0.76947265625 0.019687499999999997 0.015644531249999982
0 0.00791015625 0.81232421875 0.0158203125 0.015585937500000036
0 0.03134765625 0.81826171875 0.011933593749999999 0.015839843750000027
0 0.0048828125 0.99296875 0.009765625 0.014062500000000089
0 0.0566796875 0.99013671875 0.019843750000000007 0.019726562500000044
0 0.206953125 0.85736328125 0.011972656249999991 0.011992187499999973
0 0.26150390625 0.72755859375 0.007792968750000018 0.010136718750000107
0 0.23048828125 0.84857421875 0.015800781250000007 0.021601562499999893
0 0.2030078125 0.839765625 0.011933593750000027 0.012070312499999902
0 0.03326171875 0.93837890625 0.0158984375 0.013476562499999956
0 0.25578125 0.74314453125 0.01937500000000003 0.013320312500000098