0 0.00791015625 0.048828125 0.0158203125 0.023457031249999996
0 0.007890625 0.00302734375 0.008046874999999998 0.0060546875
0 0.0489453125 0.07197265625 0.01611328125 0.02363281249999999
0 0.04576171875 0.03208984375 0.010175781250000002 0.013945312500000001
0 0.06560546875 0.04404296875 0.00978515625000001 0.010019531250000005
0 0.0516796875 0.10037109375 0.014296875 0.00978515625000001
0 0.25697265625 0.1621875 0.013906250000000009 0.01587890624999999
0 0.311640625 0.20900390625 0.01765625000000004 0.015976562500000013
0 0.174765625 0.2509375 0.017890624999999993 0.017675781250000022
0 0.21771484375 0.277421875 0.013945312499999973 0.01585937500000001
0 0.1015625 0.27626953125 0.012109375000000006 0.009960937500000044
0 0.270703125 0.30482421875 0.014062499999999978 0.01220703125
0 0.2716015625 0.321328125 0.011953125000000009 0.014375000000000027
0 0.28876953125 0.31234375 0.007617187499999956 0.012011718749999956
0 0.2959765625 0.3134375 0.0059765625000000044 0.00984375000000004
0 0.30267578125 0.3426953125 0.015761718749999987 0.01775390624999995
0 0.40626953125 0.27435546875 0.01578124999999997 0.013769531250000022
0 0.68169921875 0.00853515625 0.011992187499999973 0.013789062500000001
0 0.7167578125 0.00390625 0.01220703125 0.0078125
0 0.7226171875 0.02443359375 0.011757812499999964 0.013652343749999997
0 0.934609375 0.01083984375 0.013593750000000071 0.0134765625
0 0.99697265625 0.05751953125 0.006054687500000044 0.013847656249999993
0 0.87712890625 0.1357421875 0.015664062499999964 0.017597656249999982
0 0.901484375 0.12498046875 0.006425781249999929 0.007851562499999992
0 0.9501953125 0.13279296875 0.010332031249999929 0.01175781250000002
0 0.984453125 0.12685546875 0.007871093749999947 0.011914062499999989
0 0.9932421875 0.12875 0.00634765625 0.008203124999999978
0 0.98146484375 0.1844921875 0.005917968749999947 0.010019531249999991
0 0.97638671875 0.17853515625 0.007714843750000089 0.00980468750000002
0 0.9160546875 0.25095703125 0.012031249999999938 0.017617187499999964
0 0.67087890625 0.20966796875 0.017539062500000036 0.013847656250000007
0 0.573125 0.1932421875 0.01382812500000008 0.011933593750000027
0 0.71107421875 0.27416015625 0.01187500000000008 0.017695312500000004
0 0.72955078125 0.28912109375 0.017851562499999973 0.01978515624999999
0 0.6768359375 0.3085546875 0.013886718750000027 0.011816406250000022
0 0.723671875 0.33875 0.017890624999999938 0.01781250000000001
0 0.69052734375 0.27166015625 0.013945312499999973 0.015664062499999964
0 0.956015625 0.305625 0.005917968749999947 0.00984375000000004
0 0.963046875 0.30638671875 0.007910156249999911 0.011835937500000004
0 0.967890625 0.29568359375 0.009589843749999938 0.013652343750000018
0 0.98146484375 0.29390625 0.013730468749999947 0.014003906250000031
0 0.82529296875 0.25873046875 0.013496093749999938 0.013769531250000022
0 0.5996484375 0.39046875 0.01546874999999992 0.011777343749999947
0 0.6279296875 0.4209375 0.013808593750000098 0.014003906250000031
0 0.64173828125 0.41392578125 0.013789062499999893 0.015527343749999978
0 0.67767578125 0.470625 0.007988281250000062 0.015390624999999991
0 0.6708984375 0.498984375 0.009785156249999982 0.00984375000000004
0 0.71 0.49986328125 0.010078124999999938 0.015507812500000107
0 0.724765625 0.4892578125 0.01570312499999993 0.014062499999999978
0 0.44822265625 0.545 0.013632812500000036 0.01585937500000001
0 0.41216796875 0.56142578125 0.015722656250000022 0.017773437500000044
0 0.4385546875 0.56921875 0.013828124999999969 0.013906250000000009
0 0.4824609375 0.6074609375 0.008105468749999956 0.01205078124999992
0 0.48841796875 0.6121875 0.004042968749999987 0.006093750000000009
0 0.25392578125 0.506640625 0.016074218750000036 0.017578125
0 0.23228515625 0.5096875 0.015898437499999973 0.015800781250000062
0 0.1651171875 0.53595703125 0.010097656249999976 0.013652343750000018
0 0.17306640625 0.5380078125 0.00582031249999998 0.009941406250000062
0 0.1748828125 0.55662109375 0.013886718750000027 0.011757812499999964
0 0.20904296875 0.58482421875 0.015761718749999987 0.017695312499999893
0 0.14556640625 0.5604296875 0.013925781249999991 0.015488281249999902
0 0.1064453125 0.57517578125 0.01369140625000001 0.017636718749999947
0 0.0303515625 0.6491796875 0.013847656250000007 0.017265625000000062
0 0.0225390625 0.67283203125 0.01380859375 0.018007812500000053
0 0.694453125 0.1912890625 0.013906250000000009 0.015781250000000024
0 0.5868359375 0.6904296875 0.013906250000000009 0.013691406249999982
0 0.11931640625 0.7324609375 0.01167968749999998 0.015546875000000071
0 0.18361328125 0.8767578125 0.015976562500000013 0.015625
0 0.0450390625 0.92275390625 0.011562500000000003 0.01382812500000008
0 0.261875 0.86033203125 0.01960937500000004 0.017617187499999964
0 0.2998828125 0.86333984375 0.01773437499999997 0.023613281250000062
0 0.3478125 0.8769140625 0.01570312500000004 0.01570312499999993
0 0.37201171875 0.87501953125 0.013886718750000027 0.015976562499999902
0 0.33982421875 0.900390625 0.008261718750000036 0.012128906250000071
0 0.8271875 0.653203125 0.017871093749999956 0.017441406249999902
0 0.84197265625 0.6503515625 0.011367187500000098 0.011796874999999929
0 0.8496484375 0.74111328125 0.015546875000000071 0.017773437500000044
0 0.86421875 0.7850390625 0.013749999999999929 0.015839843750000027
0 0.90435546875 0.84087890625 0.01587890624999999 0.017851562499999973
0 0.9395703125 0.8484765625 0.01578125000000008 0.017871093749999956
0 0.86138671875 0.8261328125 0.007695312500000107 0.01570312499999993
0 0.86921875 0.82220703125 0.007558593750000009 0.011894531250000062
0 0.97751953125 0.9140625 0.013691406249999982 0.01601562500000009
0 0.85833984375 0.93365234375 0.010039062499999973 0.011582031249999902
0 0.78228515625 0.9287109375 0.009492187500000027 0.017578125
0 0.75490234375 0.93646484375 0.01781250000000001 0.013789062499999893
0 0.89951171875 0.9285546875 0.013496093749999938 0.017519531250000053
0 0.65810546875 0.89341796875 0.015839843750000027 0.01767578124999991
0 0.6327734375 0.8652734375 0.015683593749999947 0.015546875000000071
0 0.53986328125 0.81556640625 0.013691406249999982 0.017695312499999893
0 0.56154296875 0.78501953125 0.013730468749999947 0.015742187499999893
0 0.53619140625 0.92576171875 0.021425781250000053 0.01611328125
0 0.91021484375 0.97947265625 0.008066406249999991 0.009804687499999964
0 0.91822265625 0.9784375 0.007714843750000089 0.011484374999999991
0 0.23728515625 0.95599609375 0.017929687500000013 0.021992187499999982
0 0.2147265625 0.99208984375 0.011855468749999987 0.015820312500000044
0 0.20810546875 0.96583984375 0.009960937499999989 0.014042968750000107
0 0.184609375 0.959765625 0.009687500000000016 0.013691406249999982
0 0.1992578125 0.3123828125 0.008124999999999993 0.011953125000000009
0 0.876015625 0.6444140625 0.006152343749999956 0.011679687500000036
0 0.8830078125 0.64537109375 0.007421874999999911 0.013535156249999902
0 0.9334765625 0.69130859375 0.011699218750000018 0.007597656249999973
0 0.93541015625 0.69828125 0.008085937499999973 0.005781250000000071
0 0.305625 0.3984765625 0.005957031250000022 0.011660156250000053