0 0.662109375 0.087890625 0.02734375 0.0234375
0 0.7744140625 0.140625 0.013671875 0.01171875
0 0.60546875 0.13671875 0.01171875 0.015625
0 0.5927734375 0.1337890625 0.013671875 0.013671875
0 0.5498046875 0.087890625 0.017578125 0.01171875
0 0.5400390625 0.1103515625 0.013671875 0.013671875
0 0.5107421875 0.10546875 0.013671875 0.015625
0 0.56640625 0.23828125 0.01953125 0.01953125
0 0.5166015625 0.2353515625 0.013671875 0.009765625
0 0.375 0.171875 0.015625 0.015625
0 0.2744140625 0.2041015625 0.013671875 0.017578125
0 0.26171875 0.236328125 0.0078125 0.01171875
0 0.2685546875 0.2373046875 0.005859375 0.013671875
0 0.2236328125 0.2470703125 0.017578125 0.013671875
0 0.2216796875 0.1982421875 0.009765625 0.009765625
0 0.1533203125 0.24609375 0.009765625 0.01171875
0 0.30859375 0.046875 0.01171875 0.01953125
0 0.0087890625 0.017578125 0.013671875 0.01953125
0 0.357421875 0.044921875 0.01171875 0.0078125
0 0.5087890625 0.08203125 0.021484375 0.01171875
0 0.4814453125 0.0732421875 0.017578125 0.009765625
0 0.4619140625 0.076171875 0.025390625 0.015625