0 0.0812109375 0.92869140625 0.013574218750000006 0.01767578124999991
0 0.2862109375 0.92666015625 0.01781250000000001 0.017382812499999956
0 0.3574609375 0.8975 0.015917968749999956 0.017402343749999938
0 0.3857421875 0.9159765625 0.013652343750000018 0.015585937500000036
0 0.40521484375 0.93751953125 0.017695312500000004 0.01960937499999993
0 0.29701171875 0.97544921875 0.015507812499999996 0.01765624999999993
0 0.24123046875 0.97158203125 0.006191406249999976 0.013886718750000027
0 0.24923828125 0.9726171875 0.009433593750000024 0.011816406249999911
0 0.99326171875 0.93353515625 0.013476562499999956 0.015898437499999973
0 0.9384375 0.99697265625 0.013749999999999929 0.006054687500000044
0 0.831171875 0.9852734375 0.013925781249999991 0.017753906250000062
0 0.79693359375 0.97162109375 0.015742187499999893 0.017714843750000098
0 0.7939453125 0.9912109375 0.009765625 0.017578125
0 0.80306640625 0.99306640625 0.007519531250000044 0.013867187500000044
0 0.63671875 0.85046875 0.012128906250000071 0.017441406249999902
0 0.614296875 0.8885546875 0.01783203124999999 0.019707031250000062
0 0.63671875 0.92283203125 0.015996093750000107 0.017617187499999964
0 0.487265625 0.81931640625 0.014140625000000018 0.013730468749999947
0 0.51759765625 0.8650390625 0.015664062499999964 0.01570312499999993
0 0.520546875 0.88466796875 0.010214843750000036 0.015800781250000062
0 0.54296875 0.890390625 0.015996093750000107 0.01960937499999993
0 0.50189453125 0.88939453125 0.011992187499999973 0.013789062499999893
0 0.44357421875 0.95392578125 0.011777343749999947 0.013652343750000018
0 0.47365234375 0.96673828125 0.013808593749999987 0.015742187499999893
0 0.41818359375 0.9854296875 0.011699218750000018 0.01783203124999999
0 0.03224609375 0.9335546875 0.0101171875 0.008242187500000053