0 0.65625 0.12890625 0.0234375 0.0234375
0 0.76953125 0.083984375 0.015625 0.01953125
0 0.8125 0.0078125 0.015625 0.015625
0 0.818359375 0.03125 0.015625 0.01171875
0 0.9931640625 0.0048828125 0.013671875 0.009765625
0 0.990234375 0.056640625 0.01953125 0.01953125
0 0.857421875 0.20703125 0.01171875 0.01171875
0 0.7275390625 0.26171875 0.009765625 0.0078125
0 0.8486328125 0.23046875 0.021484375 0.015625
0 0.83984375 0.203125 0.01171875 0.01171875
0 0.9384765625 0.033203125 0.013671875 0.015625
0 0.7431640625 0.255859375 0.013671875 0.01953125