0 0.7275390625 0.0869140625 0.013671875 0.017578125
0 0.861328125 0.17578125 0.01171875 0.015625
0 0.998046875 0.1953125 0.00390625 0.015625
0 0.68359375 0.123046875 0.015625 0.015625
0 0.703125 0.119140625 0.0078125 0.01171875
0 0.7451171875 0.125 0.009765625 0.01171875
0 0.7392578125 0.12890625 0.009765625 0.015625
0 0.6357421875 0.1240234375 0.017578125 0.017578125
0 0.65625 0.1533203125 0.01171875 0.017578125
0 0.7041015625 0.1845703125 0.013671875 0.013671875
0 0.7998046875 0.201171875 0.013671875 0.01953125
0 0.7646484375 0.25390625 0.017578125 0.015625
0 0.5859375 0.146484375 0.01953125 0.0234375
0 0.5810546875 0.16015625 0.009765625 0.0078125
0 0.42578125 0.1259765625 0.015625 0.017578125
0 0.37890625 0.103515625 0.015625 0.015625
0 0.3876953125 0.1357421875 0.017578125 0.017578125
0 0.26953125 0.0283203125 0.015625 0.017578125
0 0.2548828125 0.01953125 0.009765625 0.01171875
0 0.25 0.0244140625 0.01171875 0.013671875
0 0.0625 0.005859375 0.01953125 0.01171875
0 0.0556640625 0.0791015625 0.013671875 0.013671875
0 0.021484375 0.072265625 0.015625 0.015625
0 0.04296875 0.0888671875 0.0078125 0.009765625
0 0.0390625 0.083984375 0.01171875 0.01171875
0 0.0732421875 0.091796875 0.017578125 0.01953125
0 0.0966796875 0.1240234375 0.017578125 0.017578125
0 0.21484375 0.1455078125 0.015625 0.017578125
0 0.1748046875 0.1689453125 0.017578125 0.017578125
0 0.0751953125 0.2333984375 0.013671875 0.017578125
0 0.1259765625 0.255859375 0.013671875 0.01953125
0 0.0859375 0.28515625 0.01953125 0.015625
0 0.32421875 0.216796875 0.015625 0.01953125
0 0.3125 0.2080078125 0.01171875 0.017578125
0 0.373046875 0.2646484375 0.01171875 0.017578125
0 0.390625 0.3203125 0.015625 0.01953125
0 0.5078125 0.2939453125 0.015625 0.017578125
0 0.5341796875 0.2587890625 0.009765625 0.017578125
0 0.63671875 0.2177734375 0.015625 0.017578125
0 0.6484375 0.2314453125 0.0078125 0.013671875
0 0.640625 0.232421875 0.0078125 0.01171875
0 0.6640625 0.2451171875 0.015625 0.013671875
0 0.689453125 0.2314453125 0.01171875 0.013671875
0 0.677734375 0.2890625 0.015625 0.01953125
0 0.712890625 0.3115234375 0.0078125 0.013671875
0 0.708984375 0.34375 0.01171875 0.015625
0 0.681640625 0.380859375 0.015625 0.01953125
0 0.900390625 0.384765625 0.0234375 0.015625
0 0.9970703125 0.365234375 0.005859375 0.015625
0 0.982421875 0.3779296875 0.01171875 0.017578125
0 0.455078125 0.328125 0.01171875 0.015625
0 0.5322265625 0.375 0.017578125 0.01953125
0 0.4814453125 0.37890625 0.025390625 0.02734375
0 0.4560546875 0.4267578125 0.013671875 0.013671875
0 0.232421875 0.3662109375 0.015625 0.017578125
0 0.271484375 0.4296875 0.01953125 0.01953125
0 0.3076171875 0.4130859375 0.013671875 0.017578125
0 0.09375 0.5283203125 0.015625 0.017578125
0 0.1025390625 0.6240234375 0.013671875 0.017578125
0 0.0537109375 0.611328125 0.005859375 0.01171875
0 0.046875 0.611328125 0.0078125 0.01171875
0 0.2177734375 0.5986328125 0.017578125 0.017578125
0 0.1552734375 0.58984375 0.013671875 0.015625
0 0.4775390625 0.46484375 0.013671875 0.015625
0 0.509765625 0.4892578125 0.01171875 0.013671875
0 0.4765625 0.5732421875 0.015625 0.017578125
0 0.1962890625 0.8974609375 0.017578125 0.021484375
0 0.1474609375 0.9130859375 0.017578125 0.021484375
0 0.97265625 0.466796875 0.015625 0.015625
0 0.9970703125 0.5146484375 0.005859375 0.013671875
0 0.904296875 0.5126953125 0.01171875 0.013671875
0 0.8271484375 0.5078125 0.013671875 0.015625
0 0.8408203125 0.525390625 0.013671875 0.01171875
0 0.685546875 0.443359375 0.015625 0.01953125
0 0.634765625 0.4638671875 0.015625 0.017578125
0 0.7421875 0.59765625 0.0078125 0.0078125
0 0.71484375 0.6142578125 0.0078125 0.013671875
0 0.7080078125 0.6474609375 0.005859375 0.013671875
0 0.841796875 0.5986328125 0.0078125 0.017578125
0 0.9619140625 0.6025390625 0.013671875 0.013671875
0 0.9775390625 0.6416015625 0.009765625 0.013671875
0 0.9697265625 0.64453125 0.009765625 0.01171875
0 0.9970703125 0.8056640625 0.005859375 0.017578125
0 0.86328125 0.76171875 0.01953125 0.0234375
0 0.8369140625 0.7470703125 0.005859375 0.013671875
0 0.7041015625 0.7861328125 0.013671875 0.017578125
0 0.6376953125 0.8232421875 0.017578125 0.017578125
0 0.5537109375 0.7607421875 0.013671875 0.013671875
0 0.5107421875 0.669921875 0.017578125 0.015625
0 0.48828125 0.689453125 0.015625 0.01953125
0 0.4677734375 0.7060546875 0.025390625 0.025390625
0 0.484375 0.75 0.015625 0.015625
0 0.455078125 0.76171875 0.015625 0.015625
0 0.7685546875 0.9365234375 0.017578125 0.021484375
0 0.9951171875 0.9091796875 0.009765625 0.013671875
0 0.99609375 0.931640625 0.0078125 0.0078125
0 0.958984375 0.94140625 0.01171875 0.01171875
0 0.595703125 0.978515625 0.0078125 0.0078125
0 0.5888671875 0.982421875 0.005859375 0.0078125
0 0.4814453125 0.6630859375 0.005859375 0.009765625
0 0.4150390625 0.64453125 0.005859375 0.0078125