0 0.994140625 0.2939453125 0.01171875 0.013671875
0 0.8974609375 0.30078125 0.005859375 0.0078125
0 0.8896484375 0.3037109375 0.013671875 0.017578125
0 0.83203125 0.25390625 0.0078125 0.0078125
0 0.8232421875 0.2509765625 0.005859375 0.009765625
0 0.7978515625 0.21875 0.013671875 0.01171875
0 0.69140625 0.1953125 0.0078125 0.015625
0 0.6591796875 0.1884765625 0.005859375 0.009765625
0 0.6474609375 0.18359375 0.013671875 0.015625
0 0.794921875 0.349609375 0.01953125 0.01953125
0 0.7734375 0.33984375 0.01171875 0.015625
0 0.7255859375 0.34375 0.013671875 0.01171875
0 0.7373046875 0.365234375 0.017578125 0.01953125
0 0.71875 0.3798828125 0.01171875 0.013671875
0 0.67578125 0.380859375 0.015625 0.01171875
0 0.822265625 0.3984375 0.0078125 0.01171875
0 0.8154296875 0.3994140625 0.005859375 0.017578125
0 0.8876953125 0.421875 0.013671875 0.015625
0 0.7978515625 0.4287109375 0.009765625 0.013671875
0 0.783203125 0.443359375 0.015625 0.01953125
0 0.76953125 0.4443359375 0.0078125 0.009765625
0 0.759765625 0.4443359375 0.0078125 0.013671875
0 0.7275390625 0.4482421875 0.013671875 0.017578125
0 0.8173828125 0.4853515625 0.017578125 0.021484375
0 0.916015625 0.4638671875 0.01953125 0.021484375
0 0.9453125 0.4775390625 0.01953125 0.017578125
0 0.96484375 0.443359375 0.015625 0.015625
0 0.9951171875 0.4453125 0.009765625 0.01171875
0 0.83203125 0.548828125 0.015625 0.015625
0 0.7890625 0.5966796875 0.015625 0.017578125
0 0.765625 0.58203125 0.015625 0.015625
0 0.7529296875 0.5927734375 0.013671875 0.017578125
0 0.7431640625 0.57421875 0.013671875 0.015625
0 0.7080078125 0.5595703125 0.021484375 0.021484375
0 0.7236328125 0.6103515625 0.017578125 0.017578125
0 0.6748046875 0.59375 0.017578125 0.01953125
0 0.6572265625 0.60546875 0.013671875 0.015625
0 0.6201171875 0.6357421875 0.013671875 0.017578125
0 0.69140625 0.6689453125 0.015625 0.017578125
0 0.6865234375 0.623046875 0.009765625 0.015625
0 0.681640625 0.6279296875 0.01171875 0.013671875
0 0.822265625 0.6689453125 0.015625 0.021484375
0 0.86328125 0.677734375 0.0234375 0.0234375
0 0.9052734375 0.6337890625 0.013671875 0.017578125
0 0.5849609375 0.314453125 0.009765625 0.01171875
0 0.6201171875 0.41015625 0.009765625 0.01171875
0 0.5537109375 0.4013671875 0.009765625 0.013671875
0 0.384765625 0.3486328125 0.015625 0.021484375
0 0.20703125 0.18359375 0.015625 0.01953125
0 0.1796875 0.19921875 0.015625 0.0234375
0 0.1513671875 0.1904296875 0.017578125 0.025390625
0 0.099609375 0.173828125 0.015625 0.0234375
0 0.0458984375 0.1787109375 0.017578125 0.021484375
0 0.0556640625 0.111328125 0.013671875 0.0234375
0 0.0166015625 0.1201171875 0.017578125 0.025390625
0 0.005859375 0.1962890625 0.01171875 0.017578125
0 0.021484375 0.173828125 0.01953125 0.03125
0 0.0068359375 0.3662109375 0.013671875 0.021484375
0 0.12109375 0.3115234375 0.0078125 0.017578125
0 0.1728515625 0.3037109375 0.013671875 0.017578125
0 0.37890625 0.431640625 0.01171875 0.01171875
0 0.240234375 0.4755859375 0.01171875 0.013671875
0 0.240234375 0.515625 0.01171875 0.01171875
0 0.1572265625 0.439453125 0.017578125 0.0234375
0 0.1533203125 0.4716796875 0.013671875 0.017578125
0 0.109375 0.490234375 0.015625 0.01953125
0 0.0859375 0.4765625 0.01953125 0.0234375
0 0.017578125 0.48046875 0.015625 0.015625
0 0.005859375 0.5166015625 0.01171875 0.017578125
0 0.0703125 0.5302734375 0.015625 0.017578125
0 0.12890625 0.5830078125 0.01953125 0.017578125
0 0.1171875 0.568359375 0.0078125 0.015625
0 0.109375 0.5703125 0.0078125 0.01953125
0 0.0537109375 0.7373046875 0.013671875 0.017578125
0 0.001953125 0.8046875 0.00390625 0.015625
0 0.078125 0.81640625 0.01953125 0.01953125
0 0.109375 0.8212890625 0.00390625 0.005859375
0 0.115234375 0.8154296875 0.01171875 0.013671875
0 0.15625 0.892578125 0.015625 0.015625
0 0.0146484375 0.90625 0.013671875 0.01953125
0 0.0029296875 0.9091796875 0.005859375 0.013671875
0 0.0478515625 0.978515625 0.009765625 0.015625
0 0.2978515625 0.68359375 0.009765625 0.0078125
0 0.6357421875 0.6787109375 0.017578125 0.017578125
0 0.7939453125 0.755859375 0.013671875 0.015625
0 0.732421875 0.7548828125 0.015625 0.017578125
0 0.751953125 0.7783203125 0.0078125 0.017578125
0 0.7587890625 0.78125 0.005859375 0.01171875
0 0.455078125 0.7021484375 0.01953125 0.013671875
0 0.541015625 0.7646484375 0.0078125 0.013671875
0 0.837890625 0.8662109375 0.015625 0.017578125
0 0.802734375 0.8876953125 0.015625 0.021484375
0 0.828125 0.87890625 0.01171875 0.01171875
0 0.8173828125 0.880859375 0.009765625 0.015625
0 0.9130859375 0.80859375 0.021484375 0.015625
0 0.9033203125 0.90625 0.005859375 0.0078125
0 0.3095703125 0.947265625 0.009765625 0.015625
0 0.2841796875 0.9970703125 0.013671875 0.005859375
0 0.3232421875 0.9873046875 0.013671875 0.017578125
0 0.3037109375 0.9619140625 0.009765625 0.009765625
0 0.3154296875 0.9638671875 0.005859375 0.009765625
0 0.9580078125 0.962890625 0.009765625 0.01953125
0 0.9921875 0.9912109375 0.015625 0.017578125
0 0.9140625 0.9638671875 0.0078125 0.009765625