0 0.70818359375 0.841796875 0.017753906250000062 0.023417968750000018
0 0.63482421875 0.91595703125 0.015683593749999947 0.019472656250000053
0 0.5644921875 0.90595703125 0.01570312499999993 0.019316406249999973
0 0.538046875 0.93171875 0.013613281250000053 0.01976562500000001
0 0.60837890625 0.95685546875 0.017929687499999902 0.019570312499999964
0 0.6602734375 0.9619140625 0.01619140624999993 0.02189453125000007
0 0.7048046875 0.9385546875 0.007988281250000062 0.01781250000000001
0 0.71294921875 0.93732421875 0.007988281250000062 0.015312500000000062
0 0.56533203125 0.9969921875 0.017382812499999956 0.005996093750000098
0 0.5975390625 0.99708984375 0.014999999999999902 0.0058203125000000355
0 0.6894921875 0.9921875 0.015312500000000062 0.015625
0 0.422890625 0.94048828125 0.018027343750000036 0.01767578124999991
0 0.441484375 0.91994140625 0.007949218749999987 0.008164062499999902
0 0.306640625 0.98716796875 0.015253906250000004 0.013789062499999893
0 0.71873046875 0.9588671875 0.008105468749999956 0.011582031249999902
0 0.7257421875 0.96197265625 0.006093750000000009 0.010175781250000071
0 0.64169921875 0.9842578125 0.006054687500000044 0.012324218749999893
0 0.63384765625 0.97849609375 0.006367187499999982 0.011367187500000098
0 0.623203125 0.97759765625 0.004375000000000018 0.010429687500000062
0 0.80076171875 0.06125 0.012070312499999902 0.013886718749999999
0 0.79296875 0.02109375 0.012480468749999973 0.015859374999999995