0 0.14931640625 0.72634765625 0.017753906250000007 0.023457031249999982
0 0.13482421875 0.66484375 0.02412109374999999 0.021464843750000018
0 0.003125 0.7166015625 0.00625 0.016054687500000053
0 0.009765625 0.669921875 0.012128906250000002 0.015996093750000107
0 0.223671875 0.13177734375 0.021582031250000022 0.013906250000000009
0 0.2127734375 0.1112109375 0.011699218750000018 0.011972656249999991
0 0.143671875 0.0985546875 0.01419921875000002 0.013828124999999997
0 0.16919921875 0.01630859375 0.010429687500000007 0.00958984375
0 0.0041015625 0.14125 0.008203125 0.013984374999999993
0 0.03908203125 0.19740234375 0.0120703125 0.011992187499999973
0 0.0488671875 0.18453125 0.019980468749999994 0.010234375000000018
0 0.02060546875 0.243203125 0.022089843750000004 0.013984374999999993
0 0.01970703125 0.27140625 0.007832031249999996 0.007988281249999951
0 0.02740234375 0.27341796875 0.007910156250000001 0.012148437500000053
0 0.037109375 0.2783203125 0.008222656250000002 0.00626953124999996
0 0.20216796875 0.54107421875 0.025996093750000004 0.019824218749999956
0 0.0588671875 0.450234375 0.024042968750000004 0.013984375000000049
0 0.05265625 0.63650390625 0.01976562500000001 0.007753906250000053
0 0.054667968750000004 0.629921875 0.019902343749999996 0.009843749999999929
0 0.054667968750000004 0.55759765625 0.023808593749999996 0.021367187500000107
0 0.019609375 0.57009765625 0.015390624999999998 0.007851562499999964
0 0.00703125 0.57416015625 0.0140625 0.007949218750000098
0 0.25791015625 0.3251953125 0.03181640625000004 0.009765625
0 0.0080078125 0.77017578125 0.016015625 0.010019531249999991