0 0.27248046875 0.0869140625 0.014023437500000013 0.017968750000000006
0 0.13859375 0.1757421875 0.011484374999999991 0.015332031249999989
0 0.00205078125 0.1952734375 0.0041015625 0.015312500000000007
0 0.31642578125 0.1228515625 0.015664062499999964 0.015214843750000012
0 0.29703125 0.1190625 0.007499999999999951 0.011464843750000009
0 0.2551171875 0.12490234375 0.009707031250000053 0.011914062499999989
0 0.2609375 0.12888671875 0.009785156249999982 0.01566406250000002
0 0.364296875 0.12396484375 0.01749999999999996 0.01732421875000001
0 0.3439453125 0.1533203125 0.01171875 0.017968749999999978
0 0.29611328125 0.1845703125 0.013632812500000036 0.013925781249999991
0 0.20009765625 0.20103515625 0.013476562500000011 0.019394531250000013
0 0.23541015625 0.253828125 0.017460937499999996 0.01578124999999997
0 0.4140234375 0.14642578125 0.01960937500000004 0.02347656250000002
0 0.4190234375 0.15994140625 0.009980468750000027 0.00785156250000002
0 0.574375 0.1258203125 0.01611328125 0.017500000000000016
0 0.62111328125 0.10330078125 0.01595703124999992 0.015683593750000002
0 0.61236328125 0.13556640625 0.01783203124999999 0.01753906249999998
0 0.7305078125 0.02814453125 0.015742187499999893 0.017558593750000004
0 0.745078125 0.019375 0.009863281249999911 0.011640625000000002
0 0.750234375 0.024296875 0.011640625000000071 0.01353515625
0 0.937578125 0.005859375 0.019667968750000098 0.01171875
0 0.94427734375 0.0790625 0.013769531249999911 0.013750000000000012
0 0.97865234375 0.07208984375 0.015507812500000107 0.01560546874999999
0 0.95712890625 0.08884765625 0.007617187499999956 0.009726562500000008
0 0.9611328125 0.08388671875 0.01171875 0.011914062499999989
0 0.926875 0.0915234375 0.017753906250000062 0.019687499999999997
0 0.9033984375 0.12384765625 0.017441406249999902 0.017558593750000018
0 0.78517578125 0.14529296875 0.015976562499999902 0.017519531249999998
0 0.8253125 0.16875 0.017753906250000062 0.017578125
0 0.92486328125 0.2332421875 0.013945312499999973 0.01787109375000001
0 0.87408203125 0.255625 0.013945312499999973 0.019589843749999947
0 0.91408203125 0.285078125 0.019902343750000107 0.01587890624999999
0 0.675859375 0.2165234375 0.01585937500000001 0.019374999999999976
0 0.68755859375 0.20798828125 0.011992187499999973 0.01761718750000002
0 0.6271484375 0.26447265625 0.01171875 0.017539062500000036
0 0.60951171875 0.32013671875 0.015507812500000107 0.019570312499999964
0 0.49238281249999993 0.29388671875 0.015605468750000018 0.01732421875000001
0 0.4659765625 0.25869140625 0.009863281250000022 0.017382812499999956
0 0.3633203125 0.21759765625 0.015722656250000022 0.017734375000000024
0 0.3515234375 0.23142578125 0.007910156250000022 0.013691406249999982
0 0.35955078125 0.23236328125 0.007851562499999964 0.011835937500000004
0 0.33625 0.24490234375 0.015761718749999987 0.01371093750000002
0 0.3105078125 0.2312109375 0.011816406250000022 0.013749999999999984
0 0.32251953125 0.2888671875 0.015898437499999973 0.019511718750000018
0 0.28724609375 0.311484375 0.008476562499999951 0.014003906250000031
0 0.2909765625 0.34357421875 0.012031250000000049 0.015664062499999964
0 0.31845703125 0.38076171875 0.015839843750000027 0.020136718750000004
0 0.0998046875 0.38462890625 0.0234375 0.015507812499999996
0 0.00302734375 0.36509765625 0.0060546875 0.015507812499999996
0 0.01775390625 0.37787109375 0.011660156249999998 0.017851562499999973
0 0.54498046875 0.32802734375 0.011972656249999991 0.015410156249999973
0 0.4680078125 0.3749609375 0.01765625000000004 0.01984375000000005
0 0.51859375 0.37873046875 0.025683593749999956 0.027324218750000018
0 0.54396484375 0.4266796875 0.013808593750000098 0.013828124999999969
0 0.76763671875 0.3660546875 0.015917968749999956 0.017519531250000053
0 0.72853515625 0.429453125 0.019902343750000107 0.019589843749999947
0 0.6923828125 0.41291015625 0.013906250000000009 0.017539062500000036
0 0.9063671875 0.52822265625 0.01578125000000008 0.017773437500000044
0 0.8975 0.62390625 0.013984374999999938 0.017753906250000062
0 0.94630859375 0.611171875 0.0058203125000000355 0.012031249999999938
0 0.95328125 0.61119140625 0.007910156249999911 0.011992187499999973
0 0.7821875 0.5984765625 0.01767578124999991 0.017597656249999982
0 0.84478515625 0.5896484375 0.013964843749999956 0.015625
0 0.52251953125 0.46478515625 0.013808593750000098 0.01593750000000005
0 0.49015625 0.48900390625 0.011855468749999987 0.013671875
0 0.52349609375 0.57294921875 0.015761718750000098 0.017792968750000027
0 0.80375 0.89732421875 0.017890624999999938 0.02171875000000001
0 0.85240234375 0.91322265625 0.017460937500000107 0.021777343749999956
0 0.02728515625 0.466640625 0.01572265625 0.01554687499999996
0 0.0029296875 0.51453125 0.005859375 0.013535156249999902
0 0.09578125 0.51259765625 0.012050781250000003 0.013847656250000062
0 0.1727734375 0.50783203125 0.013828125000000024 0.01603515625000007
0 0.15908203125 0.525234375 0.013847656250000007 0.011640625000000071
0 0.31451171875 0.443203125 0.015917968749999956 0.019472656250000053
0 0.3652734375 0.46376953125 0.015683593749999947 0.017382812499999956
0 0.257734375 0.59744140625 0.00837890625000004 0.007851562499999964
0 0.28515625 0.6139453125 0.00830078125 0.01382812500000008
0 0.2920703125 0.647265625 0.005996093749999987 0.013652343750000018
0 0.15828125 0.5984375 0.007968750000000024 0.017597656249999982
0 0.03806640625 0.602421875 0.014082031250000002 0.01351562499999992
0 0.02248046875 0.6415625 0.0101171875 0.013749999999999929
0 0.0301953125 0.644296875 0.009511718749999995 0.011796874999999929
0 0.00302734375 0.80546875 0.0060546875 0.01716796874999993
0 0.1366015625 0.761640625 0.019707031250000007 0.023222656249999973
0 0.163125 0.746875 0.005800781249999998 0.013671875
0 0.2959375 0.78609375 0.013945312499999973 0.017890624999999938
0 0.3623828125 0.82318359375 0.017792968750000027 0.017695312499999893
0 0.4462890625 0.76052734375 0.014062499999999978 0.013730468749999947
0 0.489453125 0.66994140625 0.017597656249999982 0.01603515625000007
0 0.51173828125 0.689375 0.015585937500000036 0.019316406249999973
0 0.5323828125 0.70591796875 0.02546874999999993 0.025859375000000018
0 0.51580078125 0.74982421875 0.015644531249999982 0.015605468750000018
0 0.54494140625 0.76169921875 0.01595703124999992 0.015683593749999947
0 0.23140625 0.93650390625 0.017675781250000022 0.021835937499999902
0 0.00498046875 0.9090234375 0.0099609375 0.013574218750000089
0 0.00400390625 0.93154296875 0.0080078125 0.007636718749999938
0 0.04109375 0.94125 0.011953124999999995 0.011640625000000071
0 0.40427734375 0.97830078125 0.008242187500000053 0.007851562499999964
0 0.41123046875 0.9823828125 0.005683593750000049 0.00830078125
0 0.518671875 0.6628515625 0.00601562500000008 0.009824218749999947
0 0.58498046875 0.64451171875 0.0058203125000000355 0.008183593750000107