0 0.12128906249999999 0.0048828125 0.015625 0.009765625
0 0.10251953125 0.01654296875 0.017988281249999988 0.01416015625
0 0.09876953125 0.09078125 0.013554687499999996 0.018007812499999998
0 0.07634765625 0.08974609375 0.01173828125000001 0.015429687500000011
0 0.052734375 0.14841796875 0.012128906250000002 0.016035156250000016
0 0.026328125 0.27919921875 0.014003906250000003 0.011503906249999973
0 0.05861328125000001 0.29197265625 0.015996093749999996 0.017597656249999982
0 0.026386718750000003 0.31541015625 0.01798828125 0.014218749999999947
0 0.0516796875 0.30939453125 0.017734374999999997 0.013632812500000036
0 0.02537109375 0.3544921875 0.0081640625 0.017578125
0 0.4931249999999999 0.0545703125 0.014140625000000018 0.01583984375
0 0.925703125 0.10638671875 0.011972656249999991 0.013808593749999987
0 0.729609375 0.25865234375 0.009863281249999911 0.013945312499999973
0 0.647421875 0.22935546875 0.013964843749999956 0.013925781249999991
0 0.56837890625 0.212578125 0.016074218750000036 0.015488281250000013
0 0.46794921875 0.19021484375 0.013632812500000036 0.017597656249999982
0 0.465859375 0.209765625 0.01416015625 0.013652343750000018
0 0.35064453125 0.2019921875 0.017695312500000004 0.017519531249999998
0 0.3515625 0.23244140625 0.01212890624999996 0.016054687499999998
0 0.3027734375 0.21939453125 0.012011718749999956 0.009628906250000013
0 0.25787109375 0.24605468750000004 0.015898437499999973 0.012089843749999996
0 0.261796875 0.26076171875 0.01626953124999997 0.010117187500000013
0 0.60068359375 0.38751953125 0.01765624999999993 0.017617187499999964
0 0.64654296875 0.40419921875 0.011503906249999973 0.015917968749999956
0 0.339921875 0.35923828125 0.01976562500000001 0.01587890624999999
0 0.2315625 0.40216796875 0.013828125000000024 0.015585937500000036
0 0.21595703125 0.35537109375 0.01029296875000002 0.011894531249999951
0 0.18365234375 0.35630859375 0.019648437500000004 0.013925781249999991
0 0.20119140625 0.38267578125 0.012070312500000013 0.011953125000000009
0 0.0566015625 0.3808984375 0.012031250000000007 0.008125000000000049
0 0.1844921875 0.56328125 0.013828125000000024 0.013652343750000018
0 0.2081640625 0.5624609375 0.021406250000000016 0.011777343749999947
0 0.201171875 0.5809765625 0.008222656250000016 0.009941406250000062
0 0.33779296875 0.55447265625 0.015839843750000027 0.015683593749999947
0 0.39763671875 0.5294140625 0.014101562500000053 0.008378906249999929
0 0.5068359375 0.5731640625 0.022011718749999964 0.017753906250000062
0 0.55470703125 0.57607421875 0.015996093750000107 0.015820312500000044
0 0.56455078125 0.60548828125 0.011933593750000027 0.015976562499999902
0 0.57041015625 0.5332421875 0.011933593750000027 0.012031249999999938
0 0.6025 0.50580078125 0.01400390624999992 0.011835937499999893
0 0.6944921875 0.54376953125 0.01773437500000008 0.013632812500000036
0 0.66984375 0.5801171875 0.01578125000000008 0.012011718749999956
0 0.687578125 0.5819140625 0.016289062500000062 0.011953125000000009
0 0.8026953125 0.4559765625 0.012187500000000018 0.013828124999999969
0 0.8057421875 0.48607421875 0.009941406250000062 0.011445312500000027
0 0.87787109375 0.50484375 0.010039062499999973 0.014121093750000036
0 0.86427734375 0.51841796875 0.014101562500000053 0.013925781249999991
0 0.8767578125 0.5565625 0.015644531249999982 0.015761718750000098
0 0.98736328125 0.45876953125 0.01025390625 0.007871093749999947
0 0.92306640625 0.5008984375 0.005878906249999982 0.00992187500000008
0 0.91990234375 0.563515625 0.008183593750000107 0.013964843749999956
0 0.847734375 0.67958984375 0.02408203125000008 0.015820312500000044
0 0.95994140625 0.741015625 0.010195312500000053 0.009785156249999982
0 0.95607421875 0.83376953125 0.018027343750000036 0.01960937499999993
0 0.951171875 0.865078125 0.008222656250000071 0.011640625000000071
0 0.951171875 0.87314453125 0.01611328125 0.019355468749999938
0 0.741171875 0.59951171875 0.010078124999999938 0.011835937499999893
0 0.651484375 0.91091796875 0.021289062499999956 0.009824218749999947
0 0.5312109375 0.96462890625 0.016132812499999982 0.019570312499999964
0 0.5126953125 0.78796875 0.013867187500000044 0.00960937499999992
0 0.43658203125 0.69810546875 0.014042968749999996 0.013945312499999973
0 0.43166015625 0.621953125 0.012070312500000013 0.010000000000000009
0 0.09884765625 0.78220703125 0.013710937499999992 0.017617187499999964
0 0.08283203125 0.78798828125 0.017636718750000002 0.017773437500000044
0 0.01078125 0.87208984375 0.013867187500000003 0.014042968750000107
0 0.09673828125 0.8524609375 0.014042968749999996 0.013925781249999991
0 0.167890625 0.6141796875 0.007988281250000007 0.010019531249999991
0 0.1750390625 0.61033203125 0.005761718749999978 0.009785156249999982
0 0.66111328125 0.18953125 0.006289062500000053 0.011953125000000009
0 0.6484375 0.243046875 0.008183593750000107 0.005703124999999976