0 0.0048828125 0.12109375 0.009765625 0.015625
0 0.0166015625 0.1025390625 0.013671875 0.017578125
0 0.0908203125 0.0986328125 0.017578125 0.013671875
0 0.08984375 0.076171875 0.015625 0.01171875
0 0.1484375 0.052734375 0.015625 0.01171875
0 0.279296875 0.0263671875 0.01171875 0.013671875
0 0.2919921875 0.05859375 0.017578125 0.015625
0 0.3154296875 0.0263671875 0.013671875 0.017578125
0 0.3095703125 0.0517578125 0.013671875 0.017578125
0 0.3544921875 0.025390625 0.017578125 0.0078125
0 0.0546875 0.4931640625 0.015625 0.013671875
0 0.1064453125 0.92578125 0.013671875 0.01171875
0 0.2587890625 0.7294921875 0.013671875 0.009765625
0 0.2294921875 0.6474609375 0.013671875 0.013671875
0 0.212890625 0.568359375 0.015625 0.015625
0 0.1904296875 0.4677734375 0.017578125 0.013671875
0 0.2099609375 0.4658203125 0.013671875 0.013671875
0 0.2021484375 0.3505859375 0.017578125 0.017578125
0 0.232421875 0.3515625 0.015625 0.01171875
0 0.2197265625 0.302734375 0.009765625 0.01171875
0 0.24609375 0.2578125 0.01171875 0.015625
0 0.2607421875 0.26171875 0.009765625 0.015625
0 0.3876953125 0.6005859375 0.017578125 0.017578125
0 0.404296875 0.646484375 0.015625 0.01171875
0 0.359375 0.33984375 0.015625 0.01953125
0 0.40234375 0.2314453125 0.015625 0.013671875
0 0.35546875 0.2158203125 0.01171875 0.009765625
0 0.3564453125 0.18359375 0.013671875 0.01953125
0 0.3828125 0.201171875 0.01171875 0.01171875
0 0.380859375 0.056640625 0.0078125 0.01171875
0 0.5634765625 0.1845703125 0.013671875 0.013671875
0 0.5625 0.2080078125 0.01171875 0.021484375
0 0.5810546875 0.201171875 0.009765625 0.0078125
0 0.5546875 0.337890625 0.015625 0.015625
0 0.529296875 0.3974609375 0.0078125 0.013671875
0 0.5732421875 0.5068359375 0.017578125 0.021484375
0 0.576171875 0.5546875 0.015625 0.015625
0 0.60546875 0.564453125 0.015625 0.01171875
0 0.533203125 0.5703125 0.01171875 0.01171875
0 0.505859375 0.6025390625 0.01171875 0.013671875
0 0.5439453125 0.6943359375 0.013671875 0.017578125
0 0.580078125 0.669921875 0.01171875 0.015625
0 0.58203125 0.6875 0.01171875 0.015625
0 0.4560546875 0.802734375 0.013671875 0.01171875
0 0.486328125 0.8056640625 0.01171875 0.009765625
0 0.5048828125 0.8779296875 0.013671875 0.009765625
0 0.5185546875 0.8642578125 0.013671875 0.013671875
0 0.556640625 0.876953125 0.015625 0.015625
0 0.458984375 0.9873046875 0.0078125 0.009765625
0 0.5009765625 0.9228515625 0.009765625 0.005859375
0 0.5634765625 0.919921875 0.013671875 0.0078125
0 0.6796875 0.84765625 0.015625 0.0234375
0 0.7412109375 0.9599609375 0.009765625 0.009765625
0 0.833984375 0.9560546875 0.01953125 0.017578125
0 0.865234375 0.951171875 0.01171875 0.0078125
0 0.873046875 0.951171875 0.01953125 0.015625
0 0.599609375 0.7412109375 0.01171875 0.009765625
0 0.9111328125 0.6513671875 0.009765625 0.021484375
0 0.96484375 0.53125 0.01953125 0.015625
0 0.7880859375 0.5126953125 0.009765625 0.013671875
0 0.6982421875 0.4365234375 0.013671875 0.013671875
0 0.6220703125 0.431640625 0.009765625 0.01171875
0 0.7822265625 0.0986328125 0.017578125 0.013671875
0 0.7880859375 0.0830078125 0.017578125 0.017578125
0 0.8720703125 0.0107421875 0.013671875 0.013671875
0 0.8525390625 0.0966796875 0.013671875 0.013671875
0 0.6142578125 0.16796875 0.009765625 0.0078125
0 0.6103515625 0.1748046875 0.009765625 0.005859375
0 0.189453125 0.6611328125 0.01171875 0.005859375
0 0.2431640625 0.6484375 0.005859375 0.0078125