0 0.0791015625 0.3066796875 0.014062500000000006 0.01595703125000003
0 0.104453125 0.314453125 0.01416015625 0.019902343749999996
0 0.1329296875 0.3594140625 0.011953125000000009 0.012578124999999996
0 0.15712890625 0.35533203125 0.014257812500000022 0.015898437499999973
0 0.2948828125 0.07806640625 0.012187500000000018 0.016152343749999992
0 0.3105859375 0.12296875 0.016093750000000018 0.01662109375000001
0 0.23158203125 0.0653125 0.013925781249999991 0.013906250000000009
0 0.2841796875 0.0137109375 0.010136718749999996 0.012187500000000004
0 0.28419921875 0.1289453125 0.014023437500000013 0.015957031249999976
0 0.54404296875 0.0078125 0.013886718750000027 0.015625
0 0.50587890625 0.02921875 0.016054687500000053 0.02015625
0 0.44841796875 0.06630859375 0.010214843750000036 0.016210937499999994
0 0.398515625 0.13654296875 0.016249999999999987 0.015996093749999996
0 0.5040625 0.0907421875 0.016093750000000018 0.009980468749999999
0 0.5909375 0.0447265625 0.010292968749999964 0.012519531249999993
0 0.6544140625 0.00595703125 0.007949218750000098 0.0119140625
0 0.70705078125 0.04681640625 0.02416015625000001 0.0198046875
0 0.70990234375 0.01958984375 0.009863281249999911 0.01224609375
0 0.72068359375 0.009824218750000002 0.023789062499999902 0.0158984375
0 0.73646484375 0.0029296875 0.00765624999999992 0.005859375
0 0.68759765625 0.07701171875 0.01621093749999991 0.01417968750000001
0 0.6114453125 0.16587890625 0.015839843750000027 0.015898437499999973
0 0.59375 0.1659375 0.007792968750000018 0.011875000000000024
0 0.8291015625 0.181640625 0.01798828125000007 0.016015624999999978
0 0.8721484375 0.188359375 0.02171875000000001 0.013906250000000009
0 0.7706640625 0.23716796875 0.017871093749999956 0.013945312499999973
0 0.7178515625 0.287109375 0.014238281249999929 0.012480468749999973
0 0.7392578125 0.285078125 0.014062500000000089 0.01580078124999995
0 0.6260546875 0.33384765625 0.01382812500000008 0.01587890624999999
0 0.5790625 0.3437890625 0.013984374999999938 0.012167968750000036
0 0.40427734375 0.19212890625 0.015976562500000013 0.017695312500000004
0 0.40330078125 0.21578125 0.006289062500000053 0.01416015625
0 0.415 0.22169921875 0.014140625000000018 0.018398437499999976
0 0.36638671875 0.294765625 0.014042968749999996 0.01595703125000003
0 0.32537109375 0.291171875 0.014023437500000013 0.01595703125000003
0 0.36837890625 0.36322265625 0.014101562500000053 0.02019531249999995
0 0.29412109375 0.4228125 0.010136718749999996 0.014101562500000053
0 0.7198046875 0.3691015625 0.02212890625000008 0.016074218750000036
0 0.77341796875 0.38568359375 0.019980468750000036 0.010273437499999982
0 0.8212890625 0.38173828125 0.014062500000000089 0.01423828125000004
0 0.84388671875 0.41880859375 0.020039062499999982 0.013925781249999991
0 0.84189453125 0.454140625 0.019707031250000062 0.01416015625
0 0.99599609375 0.4246875 0.008007812500000044 0.01017578124999996
0 0.93662109375 0.5762890625 0.018183593749999893 0.01968750000000008
0 0.97767578125 0.5673046875 0.01416015625 0.018183593749999893
0 0.9904296875 0.578046875 0.01171875 0.007988281250000062
0 0.13671875 0.56435546875 0.016035156250000016 0.015839843750000027
0 0.0313671875 0.57794921875 0.01619140625 0.019492187500000036
0 0.003125 0.57328125 0.00625 0.01724609375000008
0 0.60626953125 0.48732421875 0.0058203125000000355 0.009726562500000036
0 0.61423828125 0.4862890625 0.009394531249999893 0.015683593749999947
0 0.624140625 0.5028125 0.018124999999999947 0.017441406249999902
0 0.7266796875 0.5155078125 0.012246093749999964 0.019746093750000027
0 0.7053125 0.5672265625 0.015937499999999938 0.013984374999999938
0 0.7676953125 0.5956640625 0.016171874999999947 0.015937499999999938
0 0.8098046875 0.5565234375 0.013749999999999929 0.01587890624999999
0 0.86703125 0.6160546875 0.01595703124999992 0.013984374999999938
0 0.8858203125 0.62296875 0.018183593749999893 0.019746093750000027
0 0.89158203125 0.644609375 0.013964843749999956 0.01968750000000008
0 0.7033984375 0.73423828125 0.01976562500000001 0.01978515624999999
0 0.7403515625 0.74890625 0.012246093749999964 0.014042968750000107
0 0.70501953125 0.7538671875 0.015937499999999938 0.01621093749999991
0 0.7177734375 0.805546875 0.014062500000000089 0.013906250000000009
0 0.669921875 0.81265625 0.008593749999999956 0.012187500000000018
0 0.65041015625 0.82904296875 0.015996093750000107 0.018242187500000062
0 0.4805078125 0.74982421875 0.020000000000000018 0.01994140625000007
0 0.478515625 0.72060546875 0.019921874999999978 0.015800781250000062
0 0.38390625 0.60826171875 0.018183593750000004 0.018242187500000062
0 0.36421875 0.69126953125 0.013906250000000009 0.012226562499999982
0 0.37609375 0.654140625 0.006484374999999987 0.01205078124999992
0 0.1737890625 0.60634765625 0.012187500000000018 0.013867187500000044
0 0.201328125 0.59072265625 0.0077343750000000155 0.010371093749999893
0 0.1855859375 0.60830078125 0.008535156250000009 0.010351562499999911
0 0.0956640625 0.7068359375 0.01658203124999999 0.020058593749999964
0 0.0723046875 0.6611328125 0.012167968750000008 0.014062500000000089
0 0.16216796875 0.67875 0.01611328125 0.021933593750000036
0 0.150390625 0.7167578125 0.012109374999999978 0.015937499999999938
0 0.13369140625 0.68958984375 0.010371093750000004 0.01572265624999991
0 0.1437890625 0.68876953125 0.009687500000000016 0.021425781250000053
0 0.04595703125 0.74595703125 0.013789062500000004 0.01978515624999999
0 0.07828125 0.7628125 0.01609374999999999 0.02124999999999999
0 0.03703125 0.8416015625 0.016152343749999992 0.01603515625000007
0 0.18564453125 0.87185546875 0.016210937500000022 0.017949218750000107
0 0.16912109375 0.83951171875 0.01371093750000002 0.015898437499999973
0 0.1895703125 0.816015625 0.012265625000000002 0.015996093750000107
0 0.16998046875 0.801640625 0.016132812499999982 0.013847656250000062
0 0.20625 0.79197265625 0.010156249999999978 0.025820312500000053
0 0.35361328125 0.99515625 0.01580078124999995 0.009687500000000071
0 0.10755859375 0.7976171875 0.011992187500000001 0.010078124999999938
0 0.0021484375 0.80966796875 0.004296875 0.013886718750000027
0 0.1115625 0.69525390625 0.012050781250000003 0.01236328125000008
0 0.63876953125 0.9492578125 0.012324218749999893 0.011796874999999929
0 0.77837890625 0.94421875 0.01783203124999999 0.017792968750000027
0 0.84388671875 0.93951171875 0.02001953125 0.015917968749999956
0 0.85642578125 0.97453125 0.013847656250000062 0.015820312500000044
0 0.838828125 0.97845703125 0.013847656250000062 0.01572265624999991
0 0.816484375 0.974609375 0.012343750000000098 0.01171875
0 0.79095703125 0.9958984375 0.03152343749999997 0.008203125000000089
0 0.73736328125 0.7781640625 0.010351562499999911 0.010371093749999893
0 0.12099609375 0.65130859375 0.008417968750000004 0.014179687499999982
0 0.25685546875 0.2878125 0.01408203124999996 0.009941406249999951
0 0.55783203125 0.20994140625 0.01009765624999992 0.009785156249999982