0 0.61419921875 0.82517578125 0.017695312499999893 0.013730468749999947
0 0.80275390625 0.91787109375 0.015976562499999902 0.019726562500000044
0 0.815390625 0.9325390625 0.01767578124999991 0.017714843750000098
0 0.85552734375 0.93048828125 0.019824218749999956 0.017519531250000053
0 0.96490234375 0.91486328125 0.019824218749999956 0.021425781250000053
0 0.9562109375 0.96072265625 0.009843749999999929 0.019589843749999947
0 0.99794921875 0.81251953125 0.004101562500000044 0.012011718749999956
0 0.65041015625 0.94025390625 0.00814453124999992 0.009746093750000018
0 0.65728515625 0.9433203125 0.010039062499999973 0.011855468750000098
0 0.833046875 0.88076171875 0.013984374999999938 0.011757812499999964
0 0.8780078125 0.9950390625 0.01781250000000001 0.009902343750000098
0 0.048828125 0.34357421875 0.019921875000000006 0.015585937500000036
0 0.94828125 0.70412109375 0.010078124999999938 0.013632812500000036
0 0.91900390625 0.66388671875 0.005957031249999911 0.007792968750000018