0 0.3310546875 0.05447265625 0.014062499999999978 0.01583984375
0 0.35640625 0.08 0.013769531250000022 0.016171875000000002
0 0.3612109375 0.10919921875 0.01554687499999996 0.015585937500000008
0 0.41025390625 0.12203124999999998 0.015820312500000044 0.017636718750000002
0 0.31056640625 0.070234375 0.01595703125000003 0.015722656249999994
0 0.31044921875 0.14353515625 0.015742187500000004 0.017890624999999993
0 0.3516015625 0.145234375 0.01593750000000005 0.01753906249999998
0 0.39748046875 0.1494140625 0.014003906250000031 0.017968749999999978
0 0.32734375 0.16890625 0.013691406249999982 0.017656249999999984
0 0.31056640625 0.16396484375 0.015976562500000013 0.015722656250000022
0 0.2841015625 0.1962890625 0.013515625000000031 0.017578125
0 0.27345703125 0.26158203125 0.011777343749999947 0.015507812499999996
0 0.3309765625 0.24908203125 0.013457031249999973 0.01781250000000001
0 0.34958984375 0.2547265625 0.015683593749999947 0.01749999999999996
0 0.59064453125 0.12005859375 0.017558593750000018 0.017714843749999987
0 0.64275390625 0.05943359375 0.015585937500000036 0.017460937499999996
0 0.704140625 0.03296875 0.013984374999999938 0.015683593750000002
0 0.7324609375 0.0515234375 0.012031249999999938 0.01765625
0 0.798828125 0.04095703125 0.008027343750000027 0.011835937500000004
0 0.7013671875 0.09771484375 0.015605468750000018 0.016015625000000006
0 0.72169921875 0.1141796875 0.014042968750000107 0.017734374999999997
0 0.90728515625 0.18154296875 0.017851562499999973 0.01933593750000001
0 0.60646484375 0.178671875 0.013730468749999947 0.013867187499999989
0 0.62216796875 0.2079296875 0.01767578124999991 0.017734375000000024
0 0.5916796875 0.19619140625 0.01587890624999999 0.01777343749999999
0 0.50783203125 0.2087890625 0.01138671875000008 0.01171875
0 0.47748046875 0.22640625 0.013769531250000022 0.015546875000000016
0 0.51669921875 0.2340625 0.009570312499999956 0.011562499999999976
0 0.5175 0.24507812499999998 0.00796875000000008 0.010000000000000009
0 0.59962890625 0.232265625 0.012070312499999902 0.015566406249999998
0 0.6025 0.250859375 0.013749999999999929 0.017929687500000013
0 0.46380859375 0.24712890625 0.009609375000000031 0.01773437499999997
0 0.82125 0.3066015625 0.013710937499999964 0.015507812499999996
0 0.80083984375 0.36328125 0.015917968749999956 0.015625
0 0.7753515625 0.345625 0.015937499999999938 0.015468750000000031
0 0.84576171875 0.39359375 0.01572265624999991 0.01789062500000005
0 0.99501953125 0.37380859375 0.009960937500000044 0.017636718749999947
0 0.65240234375 0.31724609375 0.011972656249999991 0.013554687499999996
0 0.5957421875 0.3337890625 0.01960937499999993 0.023476562499999964
0 0.7040625 0.39634765625 0.013769531249999911 0.015761718749999987
0 0.70408203125 0.4148828125 0.013730468749999947 0.01359374999999996
0 0.7178125 0.446171875 0.013593750000000071 0.013515625000000031
0 0.7548828125 0.43556640625 0.014062500000000089 0.015585937500000036
0 0.7834375 0.437421875 0.01945312500000007 0.01968749999999997
0 0.970703125 0.56537109375 0.01603515625000007 0.01767578124999991
0 0.69234375 0.53595703125 0.013769531249999911 0.017539062500000036
0 0.66875 0.64447265625 0.017597656249999982 0.015996093750000107
0 0.941328125 0.77634765625 0.01578125000000008 0.017207031249999893
0 0.98427734375 0.78505859375 0.015410156249999973 0.015820312500000044
0 0.2755078125 0.3750390625 0.015390624999999991 0.015683593749999947
0 0.279296875 0.39830078125 0.015605468750000018 0.015507812499999996
0 0.2742578125 0.42091796875 0.017519531250000053 0.017558593750000018
0 0.024375 0.41498046875 0.013984375000000007 0.013808593749999987
0 0.07232421875 0.49404296875 0.015351562499999999 0.019355468749999938
0 0.38763671875 0.385625 0.017207031250000004 0.017460937499999996
0 0.42771484375 0.38271484375 0.015273437499999987 0.015410156249999973
0 0.441328125 0.3934765625 0.007968749999999969 0.009550781249999973
0 0.46494140625 0.40421875 0.008007812500000044 0.011464843750000009
0 0.3828125 0.41794921875 0.012109374999999978 0.016054687500000053
0 0.43162109375 0.40806640625 0.015683593749999947 0.015488281250000013
0 0.37498046875 0.46091796875 0.015644531249999982 0.016054687500000053
0 0.43373046875 0.46763671875 0.011855468749999987 0.013554687499999996
0 0.475625 0.42669921875 0.013964843749999956 0.017695312500000004
0 0.4805078125 0.46673828125 0.019824218749999956 0.015742187500000004
0 0.52333984375 0.41095703125 0.011894531250000062 0.013632812500000036
0 0.53630859375 0.44720703125 0.009628906249999902 0.011445312500000027
0 0.35162109375 0.455 0.011679687500000036 0.011523437499999956
0 0.35845703125 0.42853515625 0.006035156249999951 0.009707031250000053
0 0.54869140625 0.52736328125 0.011992187499999973 0.015585937500000036
0 0.5479296875 0.59958984375 0.006093750000000009 0.011757812499999964
0 0.55580078125 0.5978515625 0.009492187500000027 0.011738281249999982
0 0.58408203125 0.7567578125 0.011914062500000044 0.013808593750000098
0 0.6046484375 0.75462890625 0.013769531249999911 0.013378906250000044
0 0.65544921875 0.7820703125 0.013710937499999964 0.01750000000000007
0 0.64552734375 0.8171484375 0.013632812500000036 0.013749999999999929
0 0.56158203125 0.82423828125 0.013769531249999911 0.015566406250000053
0 0.53712890625 0.8096484375 0.015664062499999964 0.013906250000000009
0 0.49708984375 0.7820703125 0.013730468749999947 0.009707031250000053
0 0.49699218749999996 0.755859375 0.013906250000000009 0.015234374999999911
0 0.47373046875 0.74701171875 0.017636718749999947 0.017304687500000027
0 0.44927734375 0.74994140625 0.015761718749999987 0.019648437499999893
0 0.44333984375 0.7703515625 0.012070312500000013 0.017597656249999982
0 0.43556640625 0.7939453125 0.011914062500000044 0.013945312499999973
0 0.40240234375 0.78701171875 0.015761718749999987 0.015820312500000044
0 0.3612890625 0.7909765625 0.007675781250000013 0.01570312499999993
0 0.3712109375 0.79474609375 0.011464843750000009 0.015585937500000036
0 0.4080859375 0.856484375 0.012050781250000031 0.014121093750000036
0 0.41322265625 0.81546875 0.009648437499999996 0.013203124999999982
0 0.49515625 0.89251953125 0.014003906250000031 0.01978515624999999
0 0.51759765625 0.90607421875 0.015976562499999902 0.015605468750000018
0 0.53705078125 0.91296875 0.011855468750000098 0.013535156249999902
0 0.59966796875 0.9374609375 0.016093750000000018 0.01572265624999991
0 0.09279296875 0.847578125 0.013886718749999999 0.015546875000000071
0 0.96583984375 0.9364453125 0.009941406250000062 0.009980468750000027