0 0.8515625 0.0068359375 0.015625 0.013671875
0 0.8388671875 0.0556640625 0.013671875 0.017578125
0 0.7578125 0.0791015625 0.0078125 0.013671875
0 0.7216796875 0.0625 0.013671875 0.01953125
0 0.65234375 0.0185546875 0.015625 0.013671875
0 0.62109375 0.0146484375 0.015625 0.021484375
0 0.59375 0.07421875 0.01171875 0.015625
0 0.541015625 0.05078125 0.015625 0.015625
0 0.5546875 0.0517578125 0.01171875 0.017578125
0 0.4306640625 0.029296875 0.017578125 0.01953125
0 0.4560546875 0.064453125 0.013671875 0.015625
0 0.4697265625 0.091796875 0.013671875 0.01953125
0 0.4345703125 0.1044921875 0.009765625 0.013671875
0 0.4326171875 0.1162109375 0.005859375 0.005859375
0 0.423828125 0.1494140625 0.015625 0.013671875
0 0.3701171875 0.142578125 0.013671875 0.015625
0 0.5009765625 0.0908203125 0.013671875 0.017578125
0 0.5146484375 0.0791015625 0.009765625 0.013671875
0 0.5107421875 0.0517578125 0.009765625 0.005859375
0 0.5283203125 0.1328125 0.013671875 0.015625
0 0.5419921875 0.130859375 0.005859375 0.0078125
0 0.5380859375 0.1357421875 0.005859375 0.009765625
0 0.6865234375 0.1767578125 0.013671875 0.017578125
0 0.7119140625 0.1826171875 0.013671875 0.009765625
0 0.771484375 0.26171875 0.01171875 0.015625
0 0.6630859375 0.29296875 0.009765625 0.015625
0 0.794921875 0.220703125 0.015625 0.015625
0 0.82421875 0.2001953125 0.0078125 0.013671875
0 0.623046875 0.3115234375 0.0078125 0.009765625
0 0.5927734375 0.2734375 0.017578125 0.0234375
0 0.5009765625 0.205078125 0.013671875 0.015625
0 0.4736328125 0.2177734375 0.013671875 0.013671875
0 0.5498046875 0.2041015625 0.013671875 0.021484375
0 0.58203125 0.1748046875 0.01171875 0.009765625
0 0.576171875 0.18359375 0.0078125 0.0078125
0 0.595703125 0.369140625 0.01171875 0.015625
0 0.6240234375 0.478515625 0.013671875 0.015625
0 0.634765625 0.447265625 0.0234375 0.015625
0 0.7177734375 0.47265625 0.013671875 0.01171875
0 0.7529296875 0.4677734375 0.017578125 0.017578125
0 0.7734375 0.486328125 0.01171875 0.01171875
0 0.8056640625 0.474609375 0.013671875 0.015625
0 0.7578125 0.49609375 0.0078125 0.01171875
0 0.837890625 0.5185546875 0.015625 0.013671875
0 0.8955078125 0.5322265625 0.013671875 0.017578125
0 0.84765625 0.5546875 0.015625 0.01953125
0 0.8095703125 0.513671875 0.017578125 0.015625
0 0.9365234375 0.513671875 0.013671875 0.015625
0 0.98046875 0.53125 0.015625 0.015625
0 0.8935546875 0.5986328125 0.013671875 0.017578125
0 0.9638671875 0.58984375 0.013671875 0.015625
0 0.9599609375 0.6044921875 0.009765625 0.013671875
0 0.9677734375 0.6357421875 0.013671875 0.013671875
0 0.9228515625 0.59375 0.013671875 0.0078125
0 0.9267578125 0.6025390625 0.009765625 0.009765625
0 0.8037109375 0.6611328125 0.013671875 0.013671875
0 0.7578125 0.7353515625 0.01171875 0.013671875
0 0.736328125 0.7373046875 0.015625 0.013671875
0 0.7529296875 0.7900390625 0.013671875 0.009765625
0 0.9921875 0.765625 0.0078125 0.01171875
0 0.892578125 0.8642578125 0.015625 0.013671875
0 0.9453125 0.8662109375 0.01171875 0.009765625
0 0.8720703125 0.900390625 0.017578125 0.01171875
0 0.9716796875 0.8759765625 0.009765625 0.009765625
0 0.7509765625 0.849609375 0.017578125 0.01171875
0 0.6689453125 0.904296875 0.017578125 0.015625
0 0.666015625 0.92578125 0.015625 0.01171875
0 0.6064453125 0.9365234375 0.017578125 0.013671875
0 0.6025390625 0.951171875 0.017578125 0.01171875
0 0.6162109375 0.09765625 0.013671875 0.01171875
0 0.5927734375 0.119140625 0.009765625 0.0078125
0 0.9453125 0.2265625 0.01171875 0.01171875
0 0.8623046875 0.2470703125 0.009765625 0.009765625
0 0.8671875 0.2431640625 0.01171875 0.013671875
0 0.74609375 0.34765625 0.01171875 0.015625
0 0.5078125 0.1630859375 0.015625 0.017578125
0 0.8671875 0.6796875 0.02734375 0.01953125
0 0.6630859375 0.9443359375 0.029296875 0.017578125
0 0.7275390625 0.939453125 0.021484375 0.015625
0 0.0478515625 0.4716796875 0.013671875 0.017578125
0 0.1142578125 0.5556640625 0.013671875 0.017578125
0 0.1298828125 0.58203125 0.017578125 0.0234375
0 0.056640625 0.541015625 0.0078125 0.0078125
0 0.048828125 0.5439453125 0.0078125 0.009765625
0 0.0390625 0.55859375 0.015625 0.01953125
0 0.00390625 0.57421875 0.0078125 0.015625
0 0.0537109375 0.6025390625 0.013671875 0.013671875
0 0.033203125 0.642578125 0.015625 0.01953125
0 0.1591796875 0.65234375 0.013671875 0.015625
0 0.28125 0.6728515625 0.0078125 0.009765625
0 0.2734375 0.6708984375 0.0078125 0.013671875
0 0.314453125 0.712890625 0.0078125 0.01171875
0 0.3076171875 0.71484375 0.005859375 0.015625
0 0.2080078125 0.74609375 0.017578125 0.01953125
0 0.2587890625 0.7763671875 0.017578125 0.017578125
0 0.224609375 0.77734375 0.01953125 0.0234375
0 0.23828125 0.77734375 0.0078125 0.015625
0 0.185546875 0.7705078125 0.01171875 0.017578125
0 0.1982421875 0.7744140625 0.013671875 0.017578125
0 0.384765625 0.7646484375 0.01171875 0.009765625
0 0.3505859375 0.78515625 0.017578125 0.0234375
0 0.259765625 0.837890625 0.01953125 0.01953125
0 0.2802734375 0.8671875 0.013671875 0.015625
0 0.4189453125 0.84375 0.013671875 0.01171875
0 0.3017578125 0.810546875 0.005859375 0.01171875
0 0.310546875 0.8037109375 0.01953125 0.021484375
0 0.3193359375 0.8720703125 0.009765625 0.013671875
0 0.02734375 0.7861328125 0.015625 0.017578125
0 0.0048828125 0.810546875 0.009765625 0.015625
0 0.0634765625 0.7646484375 0.009765625 0.013671875
0 0.0048828125 0.8955078125 0.009765625 0.025390625
0 0.412109375 0.8154296875 0.015625 0.013671875
0 0.376953125 0.91796875 0.01171875 0.015625
0 0.3544921875 0.91796875 0.013671875 0.01953125
0 0.2861328125 0.951171875 0.009765625 0.01171875
0 0.3544921875 0.9384765625 0.005859375 0.009765625
0 0.345703125 0.9404296875 0.0078125 0.009765625
0 0.416015625 0.9501953125 0.01171875 0.013671875
0 0.4189453125 0.9716796875 0.009765625 0.013671875
0 0.43359375 0.951171875 0.015625 0.015625
0 0.3916015625 0.9658203125 0.009765625 0.005859375
0 0.38671875 0.9619140625 0.015625 0.009765625
0 0.728515625 0.13671875 0.0078125 0.015625
0 0.873046875 0.1484375 0.015625 0.015625
0 0.8740234375 0.1767578125 0.013671875 0.025390625