0 0.7001953125 0.3037109375 0.005859375 0.005859375
0 0.6943359375 0.2978515625 0.005859375 0.005859375
0 0.6904296875 0.2919921875 0.005859375 0.005859375
0 0.6923828125 0.2734375 0.005859375 0.0078125
0 0.7021484375 0.28125 0.005859375 0.0078125
0 0.6494140625 0.333984375 0.005859375 0.0078125
0 0.6513671875 0.3232421875 0.005859375 0.005859375
0 0.7294921875 0.29296875 0.005859375 0.0078125
0 0.7216796875 0.2578125 0.005859375 0.0078125
0 0.7265625 0.2666015625 0.00390625 0.005859375
0 0.7705078125 0.2646484375 0.005859375 0.009765625
0 0.671875 0.2958984375 0.0078125 0.005859375
0 0.66796875 0.2880859375 0.0078125 0.005859375
0 0.666015625 0.27734375 0.0078125 0.0078125
0 0.7841796875 0.2568359375 0.005859375 0.005859375
0 0.673828125 0.232421875 0.0078125 0.0078125
0 0.67578125 0.251953125 0.0078125 0.0078125
0 0.669921875 0.248046875 0.0078125 0.0078125