0 0.595703125 0.921875 0.015625 0.01171875
0 0.625 0.8818359375 0.01171875 0.013671875
0 0.6318359375 0.869140625 0.009765625 0.01171875
0 0.6416015625 0.8662109375 0.009765625 0.013671875
0 0.646484375 0.947265625 0.01171875 0.01171875
0 0.603515625 0.78515625 0.01171875 0.01171875
0 0.6005859375 0.7763671875 0.013671875 0.013671875
0 0.6376953125 0.7861328125 0.009765625 0.009765625
0 0.619140625 0.765625 0.01171875 0.01171875
0 0.6982421875 0.7509765625 0.009765625 0.009765625
0 0.7109375 0.73046875 0.01171875 0.01171875
0 0.787109375 0.9130859375 0.0078125 0.009765625
0 0.7958984375 0.8330078125 0.013671875 0.009765625
0 0.7646484375 0.8115234375 0.009765625 0.009765625
0 0.8017578125 0.892578125 0.009765625 0.0078125
0 0.8486328125 0.974609375 0.009765625 0.0078125
0 0.849609375 0.962890625 0.0078125 0.0078125
0 0.8740234375 0.9365234375 0.009765625 0.009765625
0 0.8974609375 0.9365234375 0.009765625 0.009765625
0 0.9013671875 0.919921875 0.005859375 0.0078125
0 0.9072265625 0.9111328125 0.005859375 0.009765625
0 0.84375 0.880859375 0.0078125 0.01171875
0 0.85546875 0.8203125 0.0078125 0.0078125
0 0.8515625 0.8857421875 0.0078125 0.009765625
0 0.8369140625 0.7822265625 0.009765625 0.009765625
0 0.8388671875 0.771484375 0.009765625 0.0078125
0 0.873046875 0.775390625 0.0078125 0.0078125
0 0.8310546875 0.7646484375 0.013671875 0.009765625
0 0.8251953125 0.7578125 0.009765625 0.0078125
0 0.87109375 0.7294921875 0.0078125 0.009765625
0 0.8662109375 0.736328125 0.009765625 0.0078125
0 0.8603515625 0.7431640625 0.009765625 0.009765625
0 0.85546875 0.7294921875 0.0078125 0.013671875
0 0.650390625 0.8642578125 0.0078125 0.013671875
0 0.625 0.8427734375 0.015625 0.013671875
0 0.654296875 0.9716796875 0.0078125 0.013671875
0 0.8818359375 0.9521484375 0.005859375 0.005859375
0 0.8974609375 0.896484375 0.005859375 0.0078125
0 0.916015625 0.908203125 0.0078125 0.00390625
0 0.9208984375 0.9150390625 0.009765625 0.013671875
0 0.8505859375 0.8955078125 0.005859375 0.005859375
0 0.8623046875 0.8974609375 0.005859375 0.005859375
0 0.9013671875 0.837890625 0.005859375 0.0078125
0 0.814453125 0.8779296875 0.01171875 0.013671875
0 0.76171875 0.884765625 0.0078125 0.0078125
0 0.7548828125 0.87109375 0.005859375 0.0078125
0 0.76953125 0.8564453125 0.0078125 0.009765625
0 0.7763671875 0.8271484375 0.009765625 0.009765625
0 0.7861328125 0.8095703125 0.013671875 0.009765625
0 0.779296875 0.80078125 0.0078125 0.0078125
0 0.609375 0.7978515625 0.01171875 0.009765625
0 0.669921875 0.455078125 0.01171875 0.01171875
0 0.81640625 0.7509765625 0.01171875 0.009765625
0 0.8447265625 0.7294921875 0.009765625 0.009765625
0 0.8447265625 0.73828125 0.009765625 0.0078125
0 0.826171875 0.8125 0.0078125 0.0078125
0 0.837890625 0.8095703125 0.01171875 0.009765625
0 0.8603515625 0.794921875 0.009765625 0.01171875
0 0.865234375 0.7783203125 0.0078125 0.009765625
0 0.8466796875 0.7626953125 0.009765625 0.009765625
0 0.82421875 0.826171875 0.01953125 0.01171875
0 0.876953125 0.8203125 0.0078125 0.0078125
0 0.8955078125 0.8173828125 0.005859375 0.005859375
0 0.9091796875 0.8115234375 0.009765625 0.009765625
0 0.9013671875 0.8056640625 0.009765625 0.009765625
0 0.8857421875 0.8076171875 0.009765625 0.009765625
0 0.88671875 0.794921875 0.01171875 0.01171875
0 0.8349609375 0.7451171875 0.013671875 0.013671875
0 0.84765625 0.7470703125 0.01171875 0.009765625
0 0.91015625 0.796875 0.0078125 0.015625
0 0.90234375 0.7900390625 0.0078125 0.009765625
0 0.8984375 0.78125 0.015625 0.0078125
0 0.8876953125 0.767578125 0.009765625 0.01171875
0 0.876953125 0.765625 0.0078125 0.01171875
0 0.8671875 0.759765625 0.01171875 0.01171875