0 0.580078125 0.8359375 0.01171875 0.0078125
0 0.5927734375 0.8251953125 0.009765625 0.009765625
0 0.607421875 0.810546875 0.01171875 0.01171875
0 0.58984375 0.7294921875 0.01171875 0.009765625
0 0.5849609375 0.748046875 0.013671875 0.01171875
0 0.673828125 0.880859375 0.01171875 0.01171875
0 0.6748046875 0.859375 0.013671875 0.01171875
0 0.6875 0.892578125 0.01171875 0.01171875
0 0.6943359375 0.8828125 0.013671875 0.01171875
0 0.693359375 0.87109375 0.01171875 0.01171875
0 0.7119140625 0.869140625 0.013671875 0.01171875
0 0.7412109375 0.8857421875 0.013671875 0.009765625
0 0.7060546875 0.9072265625 0.013671875 0.009765625
0 0.708984375 0.9296875 0.01171875 0.01171875
0 0.71484375 0.9169921875 0.01171875 0.009765625
0 0.734375 0.939453125 0.01171875 0.01171875
0 0.7236328125 0.9697265625 0.013671875 0.013671875
0 0.7236328125 0.9970703125 0.013671875 0.005859375
0 0.7392578125 0.96484375 0.013671875 0.01171875
0 0.7373046875 0.99609375 0.013671875 0.0078125
0 0.759765625 0.9560546875 0.01171875 0.009765625
0 0.755859375 0.96484375 0.01171875 0.0078125
0 0.802734375 0.8935546875 0.01171875 0.009765625
0 0.7197265625 0.7607421875 0.009765625 0.009765625
0 0.6630859375 0.689453125 0.013671875 0.01171875
0 0.669921875 0.671875 0.0078125 0.0078125
0 0.6552734375 0.7119140625 0.009765625 0.013671875
0 0.6640625 0.7158203125 0.0078125 0.009765625
0 0.673828125 0.7080078125 0.01171875 0.009765625
0 0.685546875 0.7236328125 0.015625 0.013671875
0 0.701171875 0.724609375 0.01171875 0.01953125
0 0.7138671875 0.7470703125 0.009765625 0.009765625
0 0.7236328125 0.7470703125 0.009765625 0.009765625
0 0.74609375 0.724609375 0.01171875 0.01171875
0 0.7587890625 0.7119140625 0.009765625 0.009765625
0 0.6298828125 0.591796875 0.013671875 0.01171875
0 0.6396484375 0.62109375 0.013671875 0.01171875
0 0.6533203125 0.60546875 0.013671875 0.01171875
0 0.6572265625 0.642578125 0.009765625 0.01171875
0 0.6650390625 0.6357421875 0.009765625 0.009765625
0 0.650390625 0.54296875 0.01171875 0.01171875
0 0.67578125 0.5234375 0.015625 0.015625
0 0.9931640625 0.7216796875 0.009765625 0.009765625
0 0.9912109375 0.744140625 0.013671875 0.01171875
0 0.994140625 0.765625 0.01171875 0.01171875
0 0.9833984375 0.7763671875 0.009765625 0.013671875
0 0.947265625 0.69140625 0.01171875 0.01171875
0 0.951171875 0.67578125 0.01171875 0.01171875
0 0.9638671875 0.666015625 0.013671875 0.01171875
0 0.9541015625 0.6572265625 0.013671875 0.009765625
0 0.9775390625 0.6474609375 0.009765625 0.009765625
0 0.716796875 0.5732421875 0.01171875 0.009765625
0 0.6796875 0.580078125 0.01171875 0.01171875
0 0.69140625 0.591796875 0.01171875 0.01171875
0 0.751953125 0.6875 0.01171875 0.0078125
0 0.7509765625 0.677734375 0.013671875 0.01171875
0 0.6943359375 0.6474609375 0.009765625 0.009765625
0 0.69921875 0.6220703125 0.01171875 0.009765625
0 0.7119140625 0.587890625 0.009765625 0.01171875
0 0.69921875 0.572265625 0.01171875 0.01171875
0 0.6904296875 0.5625 0.013671875 0.015625
0 0.7109375 0.60546875 0.01953125 0.01171875
0 0.7255859375 0.5888671875 0.009765625 0.009765625
0 0.703125 0.6357421875 0.015625 0.013671875
0 0.7216796875 0.6650390625 0.021484375 0.013671875
0 0.681640625 0.5458984375 0.0078125 0.009765625
0 0.6767578125 0.5380859375 0.009765625 0.009765625
0 0.673828125 0.5498046875 0.0078125 0.009765625
0 0.6650390625 0.544921875 0.009765625 0.015625