0 0.09369140625 0.920859375 0.0037695312500000133 0.005429687499999947
0 0.11623046875 0.9129296875 0.009531249999999991 0.00960937499999992
0 0.33986328125 0.96775390625 0.00724609374999996 0.009863281249999911
0 0.3458203125 0.95595703125 0.00773437499999996 0.006074218750000027
0 0.344609375 0.95240234375 0.005683593750000049 0.005800781250000053
0 0.350625 0.9238671875 0.009570312499999956 0.007675781249999902
0 0.3605859375 0.927578125 0.009882812500000004 0.008085937499999973
0 0.373984375 0.95423828125 0.009394531250000004 0.009453125000000062
0 0.40443359375 0.975546875 0.007929687500000004 0.009453125000000062
0 0.39654296875 0.97638671875 0.0073632812499999645 0.00796875000000008
0 0.397265625 0.95203125 0.009628906250000013 0.009511718750000009
0 0.4337109375 0.9616796875 0.007910156250000022 0.009765625
0 0.45607421875 0.94333984375 0.006210937500000013 0.00748046875000008
0 0.51861328125 0.97349609375 0.009843749999999929 0.009765625
0 0.538984375 0.9285546875 0.008281250000000018 0.009531249999999991
0 0.4054296875 0.89732421875 0.00984375000000004 0.009238281250000036
0 0.5008984375 0.834921875 0.009628906249999902 0.009824218749999947
0 0.082109375 0.5313671875 0.008007812499999989 0.007929687499999893
0 0.104609375 0.50669921875 0.006093750000000009 0.005585937500000027
0 0.10080078125 0.4891796875 0.006054687499999989 0.005996093749999987
0 0.320390625 0.18240234375 0.008144531250000031 0.009472656249999989
0 0.33390625 0.17775390625 0.008398437500000022 0.007714843749999978
0 0.34376953125 0.16990234375 0.007499999999999951 0.007792968750000018
0 0.34189453125 0.145546875 0.011210937500000018 0.009667968749999978
0 0.3429296875 0.13169921875 0.009375000000000022 0.009531249999999991
0 0.3537109375 0.1238671875 0.011171875000000053 0.009746093750000018
0 0.33119140625 0.1668359375 0.006152343749999956 0.005957031250000022
0 0.3458203125 0.162109375 0.0076953124999999956 0.007675781250000013
0 0.5665234375 0.113046875 0.007402343749999929 0.007734374999999988
0 0.55705078125 0.1131640625 0.008066406249999991 0.0078125
0 0.5487109375 0.10734375 0.007734375000000071 0.0074414062500000044
0 0.57998046875 0.09544921875 0.0077734375000000355 0.011796875000000012
0 0.55271484375 0.08794921875 0.008007812500000044 0.008496093749999989
0 0.5623046875 0.08685546875 0.008281250000000018 0.009316406249999992
0 0.5634765625 0.0773046875 0.009863281249999911 0.009667968750000006
0 0.5526953125 0.05771484375 0.008222656250000071 0.009550781250000001
0 0.09884765625 0.9257421875 0.009472656249999989 0.007539062500000027
0 0.259921875 0.44595703125 0.011777343749999947 0.009648437499999996
0 0.30859375 0.37884765625 0.011738281249999982 0.011425781250000044
0 0.0030664062499999997 0.2303515625 0.00611328125 0.011347656250000004
0 0.0724609375 0.96880859375 0.008203125000000006 0.008105468749999956
0 0.33396484375 0.15900390625 0.008125000000000049 0.009687500000000016
0 0.37021484375 0.16619140625 0.009570312499999956 0.007382812500000002
0 0.371171875 0.1584375 0.007597656249999973 0.007890624999999984
0 0.5490234375 0.1409375 0.0078125 0.008378906249999984
0 0.527421875 0.1290234375 0.008046875000000009 0.007968750000000024
0 0.61548828125 0.310546875 0.012011718749999956 0.0078125
0 0.52767578125 0.94373046875 0.008535156250000009 0.00845703125000008
0 0.59671875 0.9534375 0.006230468750000107 0.008085937499999973
0 0.6326171875 0.94634765625 0.007207031250000107 0.006250000000000089