0 0.37587890625 0.97953125 0.009218750000000053 0.009218750000000053
0 0.3770703125 0.99408203125 0.008359374999999947 0.007929687499999893
0 0.309453125 0.9930859375 0.010195312500000053 0.010292968749999964
0 0.353671875 0.91591796875 0.008359374999999947 0.008320312499999982
0 0.3515625 0.94814453125 0.008066406249999991 0.010117187499999902
0 0.365546875 0.98630859375 0.008144531250000031 0.008378906249999929
0 0.36150390625 0.97283203125 0.008417968750000004 0.007929687499999893
0 0.353515625 0.96673828125 0.007832031249999982 0.00830078125
0 0.34865234375 0.99123046875 0.006249999999999978 0.00619140624999992
0 0.37615234375 0.93841796875 0.009824218749999947 0.009316406249999964
0 0.36615234375 0.9328515625 0.0057421874999999956 0.006171874999999938
0 0.461796875 0.9970703125 0.009531249999999991 0.005859375
0 0.46095703125 0.96978515625 0.007949218749999987 0.009863281249999911
0 0.43076171875 0.91794921875 0.006015624999999969 0.007910156249999911
0 0.40921875 0.93666015625 0.006074218750000027 0.006210937499999902
0 0.4265234375 0.9425 0.006035156249999951 0.00570312499999992
0 0.49818359375 0.9355859375 0.007695312500000107 0.007558593750000009
0 0.5117578125 0.92572265625 0.008124999999999938 0.007753906250000053
0 0.50986328125 0.94060546875 0.004082031250000062 0.005800781250000053
0 0.51087890625 0.944453125 0.005566406250000044 0.005624999999999991
0 0.5946875 0.94037109375 0.00927734375 0.009589843749999938
0 0.61234375 0.91416015625 0.009746093750000018 0.007617187499999956
0 0.59095703125 0.89845703125 0.005878906249999982 0.007500000000000062
0 0.50970703125 0.9022265625 0.008339843749999964 0.007636718749999938
0 0.53119140625 0.88857421875 0.007910156249999911 0.00748046875000008
0 0.66923828125 0.80533203125 0.009628906249999902 0.009882812499999893
0 0.66580078125 0.814296875 0.007617187499999956 0.007929687499999893
0 0.6748828125 0.81943359375 0.009667968750000089 0.009355468749999929
0 0.673671875 0.82826171875 0.01138671875000008 0.007714843750000089
0 0.68353515625 0.8300390625 0.007949218750000098 0.007500000000000062
0 0.740234375 0.8223046875 0.007988281250000062 0.012304687499999911
0 0.75306640625 0.79171875 0.006093750000000009 0.009570312499999956
0 0.7382421875 0.80962890625 0.008281250000000018 0.006113281249999991
0 0.739375 0.802734375 0.009589843749999938 0.007675781249999902
0 0.70814453125 0.896328125 0.009882812499999893 0.011425781250000044
0 0.72857421875 0.88169921875 0.008124999999999938 0.009960937500000044
0 0.738203125 0.9219140625 0.00814453124999992 0.00830078125
0 0.7294921875 0.91201171875 0.006250000000000089 0.008027343750000027
0 0.715859375 0.91119140625 0.00619140624999992 0.006113281249999991
0 0.71205078125 0.92173828125 0.006171874999999938 0.008085937499999973
0 0.26654296875 0.84298828125 0.010292968749999964 0.010468750000000027
0 0.31166015625 0.8601953125 0.010390624999999987 0.010214843750000036
0 0.34392578125 0.83234375 0.007851562499999964 0.007949218750000098
0 0.35357421875 0.8201953125 0.008066406249999991 0.008066406249999991
0 0.31623046875 0.7423046875 0.007851562499999964 0.00796875000000008
0 0.3388671875 0.75783203125 0.009433593749999969 0.008242187500000053
0 0.33978515625 0.7459375 0.0077734375000000355 0.007675781249999902
0 0.345703125 0.78310546875 0.008144531250000031 0.00830078125
0 0.3777734375 0.79771484375 0.009550781249999973 0.01009765624999992
0 0.3299609375 0.8026953125 0.00740234375000004 0.008124999999999938
0 0.40048828125 0.74125 0.008144531250000031 0.009687500000000071
0 0.41013671875 0.749921875 0.007871093749999947 0.007929687499999893
0 0.419140625 0.74224609375 0.009804687499999964 0.008027343750000027
0 0.43267578125 0.74134765625 0.009765625 0.006210937499999902
0 0.29607421875 0.7148046875 0.0062304687499999956 0.008222656250000071
0 0.28810546875 0.70884765625 0.006074218750000027 0.007714843750000089
0 0.43642578125 0.7079296875 0.009589843750000049 0.010117187499999902
0 0.44923828125 0.711015625 0.012050781250000031 0.011757812499999964
0 0.4706640625 0.7128515625 0.008105468749999956 0.008046875000000009
0 0.46376953125 0.723515625 0.009960937500000044 0.009980468750000027
0 0.453359375 0.72859375 0.0072851562500000355 0.008417968749999893
0 0.466953125 0.7344921875 0.0078125 0.004101562500000044
0 0.53904296875 0.70705078125 0.008027343750000027 0.00830078125
0 0.49125 0.64578125 0.009980468750000027 0.010488281250000009
0 0.499140625 0.6261328125 0.009550781249999973 0.00943359375000008
0 0.506875 0.6162890625 0.009687500000000071 0.009628906249999902
0 0.50017578125 0.59671875 0.008105468749999956 0.009804687499999964
0 0.494375 0.6150390625 0.007714843749999978 0.007792968750000018
0 0.48828125 0.608203125 0.011699218750000018 0.005253906250000107
0 0.48662109375 0.61505859375 0.008144531250000031 0.00814453124999992
0 0.46787109375 0.61130859375 0.009941406249999951 0.00845703125000008
0 0.480546875 0.59779296875 0.008027343750000027 0.00830078125
0 0.4619921875 0.5713671875 0.009628906250000013 0.009843749999999929
0 0.42962890625 0.57697265625 0.008105468749999956 0.009804687499999964
0 0.00603515625 0.48333984375 0.0120703125 0.010507812499999991
0 0.06375 0.510703125 0.009941406250000007 0.010449218750000044
0 0.06087890625 0.48654296875 0.008124999999999993 0.008437499999999987
0 0.04984375 0.482265625 0.006406250000000002 0.008554687499999991
0 0.04193359375 0.45685546875 0.010156250000000006 0.01228515625000004
0 0.0666015625 0.44052734375 0.00779296874999999 0.009941406249999951
0 0.1387890625 0.4578515625 0.00785156250000002 0.010039062499999973
0 0.0216015625 0.58900390625 0.011875000000000004 0.009492187500000027
0 0.10640625 0.59279296875 0.009453125000000007 0.010175781250000071
0 0.13294921875 0.6104296875 0.007910156250000022 0.010000000000000009
0 0.10564453125 0.70990234375 0.008203125000000006 0.009824218749999947
0 0.0820703125 0.76283203125 0.008574218750000001 0.010019531249999991
0 0.2335546875 0.70685546875 0.010605468750000013 0.012460937499999991
0 0.22365234375 0.67578125 0.009472656249999989 0.012109375000000089
0 0.2628515625 0.69255859375 0.00593750000000004 0.009824218749999947
0 0.23728515625 0.68234375 0.010175781250000016 0.00992187500000008
0 0.2481640625 0.6813671875 0.008261718750000036 0.011835937499999893
0 0.3037890625 0.6728515625 0.009785156249999982 0.009960937500000044
0 0.29390625 0.668828125 0.009316406249999964 0.010019531249999991
0 0.3194921875 0.66298828125 0.009785156249999982 0.010078124999999938
0 0.33533203125 0.6222265625 0.010117187500000013 0.010371093749999893
0 0.34869140625 0.61255859375 0.010156249999999978 0.010214843750000036
0 0.3497265625 0.6003515625 0.007949218749999987 0.009824218749999947
0 0.453125 0.59380859375 0.007832031249999982 0.012187500000000018
0 0.34970703125 0.564453125 0.007910156250000022 0.01187500000000008
0 0.3604296875 0.52625 0.009960937500000044 0.010000000000000009
0 0.31634765625 0.52056640625 0.008320312499999982 0.010019531249999991
0 0.3073046875 0.522265625 0.009140625000000013 0.009785156249999982
0 0.2948046875 0.64552734375 0.011406249999999951 0.009863281249999911
0 0.2968359375 0.6552734375 0.0077734375000000355 0.010156250000000089
0 0.30677734375 0.642421875 0.012109374999999978 0.008281250000000018
0 0.3056640625 0.65166015625 0.01017578124999996 0.009843749999999929
0 0.2413671875 0.6064453125 0.010117187500000013 0.010117187499999902
0 0.7890234375 0.98248046875 0.011132812500000089 0.012148437500000053
0 0.81939453125 0.9151953125 0.009472656250000044 0.010058593749999956
0 0.844609375 0.922578125 0.009531249999999991 0.00960937499999992
0 0.83037109375 0.92779296875 0.008066406249999991 0.007695312500000107
0 0.81744140625 0.929765625 0.009726562500000036 0.008027343750000027
0 0.871328125 0.860625 0.012167968750000036 0.009824218749999947
0 0.8271484375 0.82046875 0.010000000000000009 0.011972656249999991
0 0.82228515625 0.8453515625 0.012070312499999902 0.011855468750000098
0 0.83412109375 0.87611328125 0.011757812499999964 0.009492187500000027
0 0.8349609375 0.86419921875 0.013476562499999956 0.014218749999999947
0 0.8169140625 0.86623046875 0.012382812500000062 0.010332031249999929
0 0.813203125 0.857265625 0.010000000000000009 0.007910156249999911
0 0.0899609375 0.46701171875 0.007968749999999997 0.007656250000000031
0 0.0879296875 0.45904296875 0.00828124999999999 0.007929687500000004
0 0.12908203125 0.588984375 0.0077343750000000155 0.009707031250000053
0 0.12400390624999999 0.5849609375 0.009335937500000002 0.010156250000000089
0 0.1447265625 0.62013671875 0.007832031249999982 0.009726562500000036
0 0.13556640625 0.62017578125 0.010078124999999993 0.009589843749999938
0 0.1288671875 0.6309765625 0.007480468750000024 0.008203125000000089
0 0.09287109375 0.65234375 0.0062500000000000056 0.008007812500000044
0 0.10951171875 0.6837109375 0.007949218750000014 0.007578124999999991
0 0.100625 0.678671875 0.005546875000000007 0.006582031250000009
0 0.10255859375 0.6816015625 0.005800781249999998 0.007500000000000062
0 0.1083203125 0.648515625 0.005898437499999992 0.008046875000000009
0 0.1017578125 0.6612890625 0.0078125 0.010234375000000018
0 0.1096875 0.627890625 0.007460937499999987 0.010488281250000009
0 0.118203125 0.6169140625 0.005917968750000002 0.007675781249999902
0 0.2021484375 0.55072265625 0.005859375 0.008085937499999973
0 0.2520703125 0.5616796875 0.007968749999999969 0.009453125000000062
0 0.260859375 0.581015625 0.005722656250000013 0.009531249999999991
0 0.25384765625 0.5828125 0.0076953124999999956 0.009863281249999911
0 0.25994140625 0.48427734375 0.008164062500000013 0.012031250000000049
0 0.2804296875 0.480625 0.00984375000000004 0.01179687500000004
0 0.27064453125 0.4794140625 0.009257812500000018 0.009980468750000027
0 0.23224609375 0.45904296875 0.011835937500000004 0.011777343749999947
0 0.2060546875 0.4403125 0.0059765625000000044 0.010117187500000013
0 0.211875 0.4531640625 0.006054687499999989 0.008164062500000013
0 0.21671875 0.41884765625 0.008124999999999993 0.009550781249999973
0 0.20232421875 0.4190234375 0.009687500000000016 0.010136718749999996
0 0.26767578125 0.452265625 0.008183593749999996 0.009707031250000053
0 0.26671875 0.44037109375 0.010078125000000049 0.01033203125000004
0 0.25423828125 0.4329296875 0.0077734375000000355 0.010058593749999956
0 0.2599609375 0.42474609375 0.008183593749999996 0.010000000000000009
0 0.24923828124999997 0.37583984375 0.010234375000000018 0.010390624999999987
0 0.26294921875 0.378984375 0.009628906250000013 0.008183593749999996
0 0.26078125 0.37205078125 0.010097656250000031 0.005664062499999956
0 0.26953125 0.39642578125 0.008144531250000031 0.008164062500000013
0 0.28806640625 0.41009765625 0.009804687499999964 0.008339843749999964
0 0.31443359375 0.42861328125 0.0077734375000000355 0.009960937500000044
0 0.32416015625 0.43267578125 0.007597656249999973 0.009492187500000027
0 0.3359375 0.4356640625 0.007988281249999951 0.007949218749999987
0 0.2762890625 0.34533203125 0.009433593749999969 0.008242187500000053
0 0.2855078125 0.34779296875 0.007832031249999982 0.008261718750000036
0 0.345625 0.34458984375 0.011562500000000031 0.010039062499999973
0 0.344921875 0.3273046875 0.010156249999999978 0.010234375000000018
0 0.46388671875 0.2685546875 0.009941406249999951 0.009804687499999964
0 0.1671484375 0.28791015625 0.0057812500000000155 0.010117187500000013
0 0.22369140625 0.27056640625 0.009824218750000002 0.010039062499999973
0 0.2062109375 0.26638671875 0.009843749999999984 0.009921874999999969
0 0.2413671875 0.24798828125 0.010195312499999998 0.011855468749999987
0 0.29400390625 0.26181640625 0.010156249999999978 0.011992187499999973
0 0.6418359375 0.28765625 0.009785156249999982 0.009121093750000031
0 0.70037109375 0.17482421875 0.006074218750000027 0.005878906249999982
0 0.73541015625 0.13771484375 0.006035156250000062 0.006171874999999993
0 0.68365234375 0.14080078125 0.0078125 0.007968750000000024
0 0.707109375 0.13455078125 0.007558593750000009 0.007675781250000013
0 0.7050390625 0.12505859375 0.008046875000000009 0.008476562500000007
0 0.6915625 0.11896484375 0.00796875000000008 0.008476562500000007
0 0.70234375 0.1033203125 0.005742187500000107 0.008124999999999993
0 0.7675 0.1212109375 0.008046875000000009 0.008027343750000027
0 0.78998046875 0.117109375 0.005351562500000018 0.008046875000000009
0 0.8019140625 0.1013671875 0.009902343750000098 0.012148437499999998
0 0.676796875 0.1271875 0.00619140624999992 0.00777343749999998
0 0.75283203125 0.05771484375 0.005683593749999938 0.005664062499999997
0 0.74435546875 0.05271484375 0.007851562499999964 0.007773437499999994
0 0.7373828125 0.04 0.005644531249999973 0.006171875000000007
0 0.7238671875 0.0431640625 0.005957031249999911 0.0078125
0 0.76064453125 0.02341796875 0.005644531249999973 0.004316406250000002
0 0.7519921875 0.01068359375 0.008124999999999938 0.0063671875
0 0.706953125 0.027460937499999998 0.00796875000000008 0.00794921875
0 0.70515625 0.01447265625 0.004042968750000098 0.006308593750000001
0 0.73048828125 0.0176171875 0.007460937500000098 0.008281250000000004
0 0.7374609375 0.01060546875 0.005800781250000053 0.009335937500000002
0 0.72392578125 0.007578125 0.0058984374999999645 0.0041601562500000015
0 0.66423828125 0.00892578125 0.007871093749999947 0.009882812499999998
0 0.65625 0.0371875 0.007949218750000098 0.008046874999999995
0 0.66009765625 0.05462890625 0.007695312500000107 0.008066406250000005
0 0.64759765625 0.07791015625 0.005996093750000098 0.0078125
0 0.62310546875 0.03123046875 0.008027343750000027 0.007480468750000004
0 0.61630859375 0.06525390625 0.009960937500000044 0.009804687499999992
0 0.410234375 0.10533203125 0.007578124999999991 0.007910156249999994
0 0.4483203125 0.064375 0.006093750000000009 0.007968749999999997
0 0.49509765625 0.06833984375 0.005839843750000018 0.008164062499999986
0 0.3290234375 0.0712109375 0.009453124999999951 0.009941406250000007
0 0.3206640625 0.07984375 0.007597656249999973 0.008066406249999991
0 0.31251953125 0.08388671875 0.011523437499999956 0.01169921874999999
0 0.35458984375 0.07912109375 0.005859375 0.005664062500000011
0 0.361484375 0.0751953125 0.011621093749999978 0.010156250000000006
0 0.34861328125 0.05568359375 0.010214843750000036 0.010058593749999997
0 0.3516015625 0.072265625 0.011542968750000049 0.007402343750000012
0 0.35263671875 0.0644921875 0.013867187500000044 0.007910156249999994
0 0.3897265625 0.06837890625 0.009531249999999991 0.007851562499999992
0 0.3799609375 0.072265625 0.009902343749999987 0.0076953124999999956
0 0.37134765625 0.065390625 0.011816406250000022 0.010058593750000011
0 0.375859375 0.05376953125 0.013632812500000036 0.009824218750000002
0 0.35734375 0.03025390625 0.007636718750000049 0.010097656249999996
0 0.36421875 0.0194140625 0.009218750000000053 0.011464843750000002
0 0.37509765625 0.02435546875 0.007949218749999987 0.010058593750000004
0 0.3671484375 0.0451171875 0.011269531249999964 0.012128906250000002
0 0.36908203125 0.00400390625 0.007949218749999987 0.0080078125
0 0.5021484375 0.00287109375 0.007636718749999938 0.00572265625
0 0.5203515625 0.14759765625 0.009550781249999973 0.009882812500000004
0 0.56541015625 0.11921875 0.013886718750000027 0.011933593749999999
0 0.51177734375 0.097578125 0.007695312500000107 0.011757812499999992
0 0.52546875 0.07703125 0.0077734375000000355 0.010039062500000001
0 0.5625 0.07423828125 0.0073632812499999645 0.008183593749999996
0 0.586953125 0.0702734375 0.005878906249999982 0.008144531250000003
0 0.54318359375 0.08205078125 0.007929687499999893 0.008535156250000009
0 0.6016015625 0.06050781250000001 0.00814453124999992 0.008242187499999998
0 0.6397265625 0.060703125 0.013964843749999956 0.015585937500000008
0 0.62583984375 0.044765625 0.009453125000000062 0.0076953124999999956
0 0.6094921875 0.04361328125 0.007382812499999947 0.009765625
0 0.5938671875 0.05462890625 0.00765624999999992 0.011621093750000006
0 0.58681640625 0.0430078125 0.009550781249999973 0.008281250000000004
0 0.5751171875 0.07240234375 0.005683593749999938 0.008105468750000011
0 0.55861328125 0.0566015625 0.008164062499999902 0.008320312499999996
0 0.5605859375 0.0465234375 0.007500000000000062 0.011328124999999994
0 0.55068359375 0.04189453125 0.007988281250000062 0.009941406249999993
0 0.165859375 0.0769921875 0.011816406250000022 0.009863281249999994
0 0.17984375 0.07734375 0.007890624999999984 0.00974609374999999
0 0.16033203125 0.00830078125 0.007910156250000022 0.010175781250000002
0 0.182578125 0.00302734375 0.009589843749999993 0.0060546875
0 0.54390625 0.0673828125 0.010351562499999911 0.010195312499999998
0 0.5353125 0.08314453125 0.007929687499999893 0.006542968749999989
0 0.53890625 0.076015625 0.011660156250000053 0.007285156250000008
0 0.50580078125 0.05068359375 0.0077734375000000355 0.008183593749999996
0 0.51658203125 0.06859375 0.006152343749999956 0.008085937500000001
0 0.518515625 0.05580078125 0.006113281249999991 0.009882812500000004
0 0.51138671875 0.05578125 0.007675781249999902 0.009921874999999997
0 0.533203125 0.04392578125 0.008203125000000089 0.009726562499999994
0 0.53431640625 0.034296875 0.009648437500000107 0.009980468749999999
0 0.54978515625 0.03025390625 0.01025390625 0.01029296875
0 0.536015625 0.02537109375 0.009941406250000062 0.007773437500000001
0 0.54400390625 0.02037109375 0.009648437500000107 0.009492187499999999
0 0.5546484375 0.0127734375 0.007675781249999902 0.009492187500000002
0 0.5802734375 0.01296875 0.00796875000000008 0.009550781249999998
0 0.566640625 0.0059375 0.011660156250000053 0.011875
0 0.58125 0.003945312500000001 0.016972656250000107 0.00783203125
0 0.17884765625 0.01255859375 0.009980468750000027 0.009492187499999999
0 0.18765625 0.01095703125 0.007460937499999987 0.009843750000000002
0 0.20333984375 0.00681640625 0.007988281250000007 0.013554687500000002
0 0.19537109375 0.0109765625 0.007421875000000022 0.010039062499999998
0 0.47791015625 0.9315625 0.006367187499999982 0.008593749999999956
0 0.3303125 0.86212890625 0.007539062500000027 0.010195312500000053