0 0.5302734375 0.8642578125 0.013671875 0.013671875
0 0.564453125 0.86328125 0.01171875 0.01171875
0 0.55078125 0.916015625 0.01171875 0.015625
0 0.583984375 0.953125 0.01171875 0.01171875
0 0.634765625 0.9560546875 0.01171875 0.013671875
0 0.4111328125 0.0478515625 0.013671875 0.013671875
0 0.380859375 0.037109375 0.01171875 0.01171875
0 0.3828125 0.0234375 0.01171875 0.01171875
0 0.3330078125 0.0029296875 0.009765625 0.005859375
0 0.357421875 0.009765625 0.01171875 0.01171875
0 0.3720703125 0.00390625 0.017578125 0.0078125
0 0.0791015625 0.103515625 0.009765625 0.01171875
0 0.1318359375 0.0048828125 0.013671875 0.009765625
0 0.1240234375 0.0263671875 0.013671875 0.01171875
0 0.1181640625 0.03515625 0.013671875 0.01171875
0 0.1181640625 0.05078125 0.013671875 0.01171875
0 0.2509765625 0.5830078125 0.009765625 0.013671875
0 0.2412109375 0.5712890625 0.005859375 0.009765625
0 0.5146484375 0.2470703125 0.009765625 0.013671875
0 0.0419921875 0.8447265625 0.009765625 0.009765625