0 0.053984375 0.77564453125 0.013496093749999993 0.01603515625000007
0 0.55078125 0.14716796875 0.012109375000000089 0.013867187499999989
0 0.53640625 0.12587890625 0.010351562499999911 0.013925781249999991
0 0.53689453125 0.10341796875 0.0077734375000000355 0.011914062499999989
0 0.4862890625 0.09466796875 0.008125000000000049 0.010449218749999989
0 0.50091796875 0.10357421875 0.009257812500000018 0.008105468750000011
0 0.50306640625 0.09158203125 0.009667968750000089 0.008183593749999996
0 0.51095703125 0.09779296875 0.006621093749999973 0.0076953124999999956
0 0.510859375 0.07033203125 0.009980468750000027 0.011777343750000002
0 0.51970703125 0.071328125 0.004257812499999902 0.013750000000000012
0 0.53431640625 0.08396484375 0.006250000000000089 0.012519531249999993
0 0.525703125 0.08064453125 0.00796875000000008 0.008613281249999993