0 0.31734375 0.9536328125 0.013574218749999978 0.013632812500000036
0 0.344765625 0.96474609375 0.009062499999999973 0.010078124999999938
0 0.35826171875 0.95169921875 0.010683593750000053 0.010546874999999956
0 0.36416015625 0.96314453125 0.011503906249999973 0.011972656249999991
0 0.3833984375 0.95859375 0.012499999999999956 0.01025390625
0 0.37279296875 0.946640625 0.011582031250000013 0.009824218749999947
0 0.383203125 0.94181640625 0.012890625000000044 0.009511718750000009
0 0.37677734375 0.93197265625 0.010976562500000009 0.010527343749999973
0 0.359296875 0.93 0.010781249999999964 0.009707031250000053
0 0.36009765625 0.91048828125 0.009628906250000013 0.010527343749999973
0 0.3632421875 0.8776953125 0.008125000000000049 0.010566406249999938
0 0.36765625 0.8896875 0.007968749999999969 0.009160156250000107
0 0.37439453125 0.89740234375 0.006210937500000013 0.009355468749999929
0 0.385078125 0.89818359375 0.009589843750000049 0.008203125000000089
0 0.41791015625 0.89603515625 0.0076953124999999956 0.008593749999999956
0 0.4578515625 0.90130859375 0.00984375000000004 0.009355468749999929
0 0.4714453125 0.9301171875 0.011269531249999964 0.0107421875
0 0.47904296875 0.98591796875 0.014316406249999969 0.009843749999999929
0 0.4931640625 0.99609375 0.017578125 0.0078125
0 0.4832421875 0.9772265625 0.010234375000000018 0.011601562500000107
0 0.48705078125 0.9454296875 0.010019531249999991 0.010507812499999991
0 0.4911328125 0.94962890625 0.009218750000000053 0.009511718750000009
0 0.484296875 0.9347265625 0.007265625000000053 0.010214843750000036
0 0.4916015625 0.92470703125 0.007421875000000022 0.008124999999999938
0 0.5002734375 0.9396875 0.008750000000000036 0.011132812500000089
0 0.5074609375 0.9317578125 0.008671875000000107 0.010507812499999991
0 0.50826171875 0.91626953125 0.007929687499999893 0.007636718749999938
0 0.5486328125 0.91431640625 0.014433593749999973 0.011542968749999938
0 0.5290234375 0.9348046875 0.00765624999999992 0.009179687500000089
0 0.46328125 0.879765625 0.008964843749999951 0.011210937500000018
0 0.41626953125 0.86205078125 0.011835937500000004 0.010156250000000089
0 0.42455078125 0.85421875 0.010039062499999973 0.008925781250000098
0 0.43279296875 0.859609375 0.010488281250000009 0.007226562500000089
0 0.45048828125 0.847109375 0.007617187499999956 0.008378906249999929
0 0.46275390625 0.841875 0.00871093749999996 0.008847656249999947
0 0.46177734375 0.85171875 0.01066406249999996 0.008242187500000053
0 0.278046875 0.80052734375 0.009218750000000053 0.010136718750000107
0 0.321953125 0.81904296875 0.009531249999999991 0.014765624999999893
0 0.34021484375 0.8196875 0.008574218749999973 0.007851562499999964
0 0.35359375 0.79083984375 0.009140625000000013 0.00912109374999992
0 0.365 0.78025390625 0.012402343750000044 0.017265625000000062
0 0.385078125 0.75359375 0.010410156249999969 0.012402343750000044
0 0.3559375 0.75150390625 0.008359374999999947 0.006621093749999973
0 0.35869140625 0.73869140625 0.011113281249999996 0.011855468750000098
0 0.33681640625 0.70083984375 0.008007812500000044 0.010019531249999991
0 0.33033203125 0.693984375 0.007929687500000004 0.007226562500000089
0 0.41294921875 0.692421875 0.011074218750000031 0.010351562499999911
0 0.4219140625 0.70123046875 0.011386718749999969 0.012714843749999982
0 0.4326953125 0.6930859375 0.007597656249999973 0.008164062499999902
0 0.44533203125 0.6922265625 0.010976562500000009 0.0107421875
0 0.459921875 0.68029296875 0.014355468750000044 0.010312499999999947
0 0.45982421875 0.66240234375 0.011054687500000049 0.010078124999999938
0 0.44751953125 0.65814453125 0.012226562499999982 0.008593749999999956
0 0.4808203125 0.6840234375 0.007714843749999978 0.007617187499999956
0 0.30869140625 0.66791015625 0.009160156249999996 0.008593749999999956
0 0.30044921875 0.663046875 0.00871093749999996 0.010957031250000027
0 0.24539062500000003 0.66228515625 0.009902343749999987 0.009863281249999911
0 0.2773828125 0.6470703125 0.011015624999999973 0.009492187500000027
0 0.25994140625 0.63806640625 0.008554687499999991 0.007089843749999991
0 0.24640625 0.63615234375 0.009609375000000031 0.008339843749999964
0 0.23521484375 0.629921875 0.009863281250000022 0.009941406250000062
0 0.31021484375 0.61708984375 0.009121093750000031 0.009687500000000071
0 0.31728515625 0.6218359375 0.011914062500000044 0.010605468749999902
0 0.30630859375 0.59951171875 0.00871093749999996 0.009687500000000071
0 0.31794921875 0.59755859375 0.010136718749999996 0.013593750000000071
0 0.337109375 0.6069921875 0.011328125000000022 0.009023437500000009
0 0.3355859375 0.61658203125 0.011777343749999947 0.01025390625
0 0.3478515625 0.57189453125 0.009785156249999982 0.007187499999999902
0 0.36193359375 0.5558203125 0.013730468749999947 0.013710937499999964
0 0.25224609375 0.55861328125 0.009179687499999978 0.008750000000000036
0 0.27228515625 0.53412109375 0.008613281250000049 0.0078125
0 0.264375 0.51478515625 0.009238281250000036 0.007421874999999911
0 0.21580078125 0.50146484375 0.007011718750000007 0.008906249999999893
0 0.2085546875 0.47078125 0.008906250000000004 0.006894531249999947
0 0.320546875 0.47599609375 0.010605468750000013 0.009511718750000009
0 0.37310546875 0.47892578125 0.008320312499999982 0.011464843750000009
0 0.36353515625 0.518671875 0.015332031250000044 0.014414062499999991
0 0.20626953125 0.4501171875 0.010019531249999991 0.008945312499999969
0 0.32685546875 0.4450390625 0.012304687500000022 0.011289062499999947
0 0.2865234375 0.43197265625 0.007031250000000044 0.010937500000000044
0 0.294296875 0.4292578125 0.009707031250000053 0.009433593749999969
0 0.22501953125 0.3961328125 0.009414062499999987 0.011894531249999951
0 0.2151953125 0.37126953125 0.006933593750000022 0.009082031249999956
0 0.23498046875 0.3691796875 0.009023437500000009 0.011523437499999956
0 0.26234375 0.325859375 0.00984375000000004 0.00927734375
0 0.2754296875 0.32197265625 0.011425781250000044 0.00968749999999996
0 0.273125 0.3318359375 0.009531249999999991 0.009492187500000027
0 0.28470703125 0.34779296875 0.008496093750000044 0.010136718749999996
0 0.2994140625 0.3622265625 0.008593749999999956 0.012070312500000013
0 0.329765625 0.38146484375 0.009531249999999991 0.008750000000000036
0 0.33712890625 0.38462890625 0.008242187500000053 0.007636718750000049
0 0.348828125 0.38626953125 0.007421875000000022 0.00740234375000004
0 0.27388671875 0.376015625 0.011054687500000049 0.0126953125
0 0.2690234375 0.3872265625 0.009921874999999969 0.008535156250000009
0 0.28365234375 0.39365234375 0.011054687500000049 0.010449218750000044
0 0.2859375 0.405234375 0.011699218750000018 0.013320312499999987
0 0.289453125 0.29568359375 0.008984375000000044 0.009472656250000044
0 0.29736328125 0.2962109375 0.00837890625000004 0.009726562500000036
0 0.3572265625 0.27626953125 0.010566406250000049 0.00968749999999996
0 0.3589453125 0.29650390625 0.009296874999999982 0.013046875000000013
0 0.2187109375 0.21861328125 0.007714843749999978 0.009218749999999998
0 0.23630859375 0.22076171875 0.008535156250000009 0.00882812500000002
0 0.25435546875 0.19607421875 0.007148437500000049 0.00830078125
0 0.30666015625 0.20978515625 0.01017578124999996 0.009121093749999976
0 0.1987109375 0.0258203125 0.009921875000000024 0.011132812499999999
0 0.30833984375 0.028574218750000005 0.008496093750000044 0.009980468749999999
0 0.31361328125 0.0178515625 0.009667968749999978 0.008867187499999998
0 0.32763671875 0.0301171875 0.007968749999999969 0.009179687499999999
0 0.33599609375 0.0216796875 0.009140625000000013 0.009882812499999998
0 0.34388671875 0.014570312500000002 0.008125000000000049 0.00892578125
0 0.36232421875 0.0158984375 0.009453124999999951 0.00927734375
0 0.363671875 0.0078125 0.009804687499999964 0.0102734375
0 0.372109375 0.00529296875 0.006367187499999982 0.008359374999999999
0 0.3771875 0.01576171875 0.007929687500000004 0.0078125
0 0.3809375 0.0026171874999999997 0.006054687500000044 0.00521484375
0 0.3884375 0.003203125 0.0058203125000000355 0.00638671875
0 0.3945703125 0.0107421875 0.008320312499999982 0.0083203125
0 0.4055859375 0.0074609375000000006 0.008847656249999947 0.0087890625
0 0.423203125 0.053828125 0.007011718749999951 0.008535156249999995
0 0.461171875 0.0091015625 0.008320312499999982 0.00814453125
0 0.5101953125 0.00751953125 0.007929687499999893 0.006953124999999999
0 0.07572265625 0.75509765625 0.010039062500000001 0.00992187500000008
0 0.1194921875 0.70173828125 0.00929687500000001 0.009863281249999911
0 0.12263671875 0.65828125 0.011269531249999992 0.010058593749999956
0 0.1276171875 0.63072265625 0.009121093749999976 0.008847656249999947
0 0.1216796875 0.624453125 0.010566406249999993 0.008378906249999929
0 0.12626953125 0.59521484375 0.009199218750000016 0.009667968750000089
0 0.14658203125 0.5776953125 0.007617187500000011 0.007460937500000098
0 0.12609375 0.57353515625 0.006503906250000024 0.005781250000000071
0 0.1294140625 0.5629296875 0.007675781250000013 0.008769531250000018
0 0.14763671875 0.55783203125 0.012460937499999991 0.010703125000000036
0 0.1508203125 0.5687890625 0.008691406249999978 0.009179687500000089
0 0.1605859375 0.566640625 0.008281250000000018 0.009160156250000107
0 0.00822265625 0.53755859375 0.0070703124999999985 0.010019531249999991
0 0.02466796875 0.5496484375 0.0071484375 0.007988281250000062
0 0.03478515625 0.55173828125 0.009042968750000005 0.009453125000000062
0 0.03337890625 0.53796875 0.0140234375 0.009648437500000107
0 0.1361328125 0.53001953125 0.008574218749999973 0.008183593750000107
0 0.14064453125 0.535625 0.008242187499999998 0.010429687500000062
0 0.14953125 0.529140625 0.009980468750000027 0.010351562499999911
0 0.0130078125 0.44759765625 0.005312499999999998 0.01130859375000004
0 0.001953125 0.4228515625 0.00390625 0.009765625
0 0.0096484375 0.42533203125 0.006796875000000001 0.009375000000000022
0 0.01775390625 0.42822265625 0.0062109374999999994 0.00578124999999996
0 0.07564453125 0.45935546875 0.007167968750000003 0.009062499999999973
0 0.0586328125 0.4066796875 0.00865234375 0.0072070312499999956
0 0.0762890625 0.38939453125 0.008046875000000009 0.010937500000000044
0 0.102421875 0.4084765625 0.009160156249999996 0.009667968749999978
0 0.096484375 0.43744140625 0.009765625 0.008593749999999956
0 0.1555078125 0.40896484375 0.010624999999999996 0.008691406249999978
0 0.16677734375 0.42177734375 0.006289062499999998 0.008671874999999996
0 0.178359375 0.24189453125 0.008281250000000018 0.010468750000000027
0 0.1834375 0.02330078125 0.013339843750000024 0.01349609375
0 0.5022265625 0.59955078125 0.010976562500000009 0.009218750000000053
0 0.47375 0.52427734375 0.009472656250000044 0.01058593749999992
0 0.5145703125 0.57462890625 0.009531249999999991 0.0067968750000000355
0 0.50140625 0.5637109375 0.011738281249999982 0.009882812499999893
0 0.5103125 0.55076171875 0.009082031249999956 0.008085937499999973
0 0.487265625 0.5561328125 0.008769531250000018 0.00716796874999992
0 0.4793359375 0.56623046875 0.009003906250000027 0.005273437500000089
0 0.46544921875 0.54869140625 0.011777343749999947 0.009980468750000027
0 0.459765625 0.536796875 0.008847656249999947 0.008320312499999982
0 0.60580078125 0.26408203125 0.008320312499999982 0.008652343750000013
0 0.6155078125 0.25662109375 0.00765624999999992 0.006601562499999991
0 0.53271484375 0.0931640625 0.008046875000000009 0.008398437499999994
0 0.54029296875 0.08111328125 0.011171875000000053 0.012421874999999999
0 0.5836328125 0.05455078125 0.01382812500000008 0.015976562499999986
0 0.52859375 0.0308203125 0.008242187500000053 0.009921875000000004
0 0.5453515625 0.014062500000000002 0.010019531249999991 0.0117578125
0 0.55904296875 0.00783203125 0.007636718749999938 0.008554687499999998
0 0.566953125 0.01423828125 0.011015624999999973 0.010507812500000002
0 0.55935546875 0.01830078125 0.007890624999999929 0.008183593750000002
0 0.57951171875 0.01173828125 0.010000000000000009 0.00833984375
0 0.53279296875 0.00248046875 0.007421874999999911 0.0049609375
0 0.59396484375 0.00908203125 0.008769531250000018 0.007421875000000001
0 0.5403515625 0.0021875 0.0067968750000000355 0.004355468750000001
0 0.60404296875 0.002890625 0.010039062499999973 0.00576171875
0 0.62912109375 0.01244140625 0.010351562499999911 0.010527343749999998
0 0.642734375 0.014375 0.009003906250000027 0.008867187500000002