0 0.37041015625 0.33208984375 0.009941406249999951 0.011601562499999996
0 0.39634765625 0.31642578125 0.007343749999999982 0.011679687500000036
0 0.4159375 0.28921875 0.01578124999999997 0.011249999999999982
0 0.42083984375 0.278359375 0.013554687499999996 0.009824218749999947
0 0.61345703125 0.21505859375 0.008378906249999929 0.007597656249999973
0 0.65705078125 0.19333984375 0.009316406249999964 0.007578124999999991
0 0.66009765625 0.16498046875 0.007500000000000062 0.00927734375
0 0.67142578125 0.08431640625 0.010292968749999964 0.008632812500000003
0 0.67408203125 0.07134765625 0.007929687499999893 0.009492187499999999
0 0.6503125 0.03302734375 0.00765624999999992 0.011757812500000006
0 0.503046875 0.8720703125 0.013925781249999991 0.010781249999999964
0 0.50498046875 0.8565625 0.017753906250000062 0.009550781249999973
0 0.42900390625 0.909296875 0.009941406249999951 0.009511718750000009
0 0.44265625 0.87013671875 0.009746093750000018 0.013730468749999947
0 0.42966796875 0.8533203125 0.007539062500000027 0.007441406249999893
0 0.42486328125 0.88091796875 0.013242187499999947 0.01205078124999992
0 0.41984375 0.85939453125 0.011523437499999956 0.008124999999999938