0 0.09587890625 0.23013671875 0.009121093750000003 0.0077343750000000155
0 0.093984375 0.24251953125 0.00830078125 0.008105468750000011
0 0.10775390625 0.27037109375 0.007871093750000002 0.0072851562500000355
0 0.0454296875 0.29685546875 0.007578125000000005 0.008496093750000044
0 0.02951171875 0.3083984375 0.009042968750000005 0.0072070312499999956
0 0.03513671875 0.33259765625 0.008378906249999998 0.010390624999999987
0 0.0272265625 0.3405859375 0.00568359375 0.00496093750000004
0 0.05599609375 0.3365234375 0.01025390625 0.010488281250000009
0 0.0415625 0.43123046875 0.008750000000000008 0.010136718749999996
0 0.0700390625 0.34865234375 0.008613281249999993 0.007382812499999947
0 0.0667578125 0.35693359375 0.008574218750000001 0.00732421875
0 0.08123046875 0.35556640625 0.00539062500000001 0.008730468750000053
0 0.00134765625 0.5851953125 0.00267578125 0.006132812499999973
0 0.0308984375 0.631328125 0.008242187499999998 0.009374999999999911
0 0.04212890625 0.628515625 0.0069335937499999944 0.009707031250000053
0 0.04763671875 0.62615234375 0.0078125 0.009140624999999902
0 0.0201171875 0.615546875 0.008691406249999999 0.010527343749999973
0 0.0137890625 0.60921875 0.006757812499999998 0.008613281249999938
0 0.00583984375 0.606640625 0.0075 0.0058203125000000355
0 0.0027929687500000003 0.6009375 0.00498046875 0.009296874999999982
0 0.04212890625 0.59224609375 0.0069335937499999944 0.00619140624999992
0 0.04025390625 0.5994140625 0.0067382812500000056 0.0044335937499999645
0 0.109453125 0.671953125 0.007109375000000001 0.007949218750000098
0 0.11697265625 0.66349609375 0.007285156250000008 0.007675781249999902
0 0.13244140625 0.66193359375 0.006074218750000027 0.00814453124999992
0 0.14591796875 0.66716796875 0.00687500000000002 0.01025390625
0 0.0731640625 0.88365234375 0.00830078125 0.007187499999999902
0 0.0678125 0.91853515625 0.007128906250000011 0.007949218750000098
0 0.06578125 0.92869140625 0.0072265625000000056 0.007441406249999893
0 0.0725 0.9590625 0.006992187499999997 0.006894531249999947
0 0.07873046875 0.94748046875 0.0057617187500000056 0.007539062500000027
0 0.07728515625 0.9916015625 0.004042968749999987 0.007734375000000071
0 0.08783203125 0.9652734375 0.0067187499999999956 0.006855468749999982
0 0.09705078125 0.95544921875 0.006132812500000001 0.008007812500000044
0 0.0866015625 0.99728515625 0.0072070312499999956 0.005429687499999947
0 0.097578125 0.99802734375 0.008378906250000012 0.003925781249999982
0 0.100234375 0.96763671875 0.0077148437500000056 0.006777343750000053
0 0.10361328125 0.97794921875 0.005566406249999989 0.006621093749999973
0 0.111640625 0.98361328125 0.0067187499999999956 0.007207031250000107
0 0.12748046875 0.98830078125 0.008066406249999991 0.007089843749999991
0 0.10646484375 0.95513671875 0.006484374999999987 0.00796875000000008
0 0.116875 0.9709765625 0.009453125000000007 0.008691406250000089
0 0.12822265625 0.9724609375 0.006582031250000009 0.005722656249999902
0 0.14103515625 0.97607421875 0.005429687500000002 0.006425781249999929
0 0.1213671875 0.95056640625 0.0077343750000000155 0.007187499999999902
0 0.13341796875 0.94841796875 0.0074414062500000044 0.008203125000000089
0 0.1448046875 0.94916015625 0.006445312500000022 0.006718750000000107
0 0.068515625 0.9467578125 0.00437499999999999 0.004296875000000089
0 0.10283203125 0.8916796875 0.005800781249999998 0.005390624999999982
0 0.11806640625 0.89501953125 0.007070312500000009 0.007304687500000018
0 0.1358984375 0.8973828125 0.007070312500000009 0.007871093749999947
0 0.145625 0.90142578125 0.007460937499999987 0.007050781250000027
0 0.15294921875 0.9044140625 0.006054687499999989 0.007050781250000027
0 0.131171875 0.88716796875 0.005957031250000022 0.006484375000000098
0 0.14359375 0.88625 0.007578124999999991 0.007011718750000062
0 0.15888671875 0.88080078125 0.006054687499999989 0.00863281249999992
0 0.1574609375 0.89044921875 0.005585937500000027 0.006523437500000062
0 0.16845703125 0.89193359375 0.006738281249999978 0.008867187499999929
0 0.16330078125 0.90080078125 0.007128906250000011 0.006972656250000098
0 0.166484375 0.877265625 0.0033984375000000178 0.005117187500000009
0 0.17439453125 0.8770703125 0.006738281249999978 0.009492187500000027
0 0.2438671875 0.79458984375 0.007070312500000009 0.008730468750000053
0 0.25279296875 0.7990234375 0.007070312500000009 0.010449218750000044
0 0.26384765625 0.80154296875 0.004785156249999978 0.004765625000000107
0 0.27029296875 0.8117578125 0.00578124999999996 0.006777343750000053
0 0.28373046875 0.81095703125 0.004687499999999956 0.005761718750000089
0 0.33068359375 0.80896484375 0.0063867187499999645 0.007109374999999973
0 0.34982421875 0.7951171875 0.0077734375000000355 0.010351562499999911
0 0.3629296875 0.79580078125 0.006640624999999956 0.006972656250000098
0 0.36078125 0.84486328125 0.007675781250000013 0.009335937499999947
0 0.3632421875 0.82646484375 0.006054687500000044 0.0058203125000000355
0 0.36859375 0.81845703125 0.00724609374999996 0.005292968750000071
0 0.37701171875 0.8046484375 0.006249999999999978 0.009785156249999982
0 0.36669921875 0.7800390625 0.007050781250000027 0.008769531250000018
0 0.35322265625 0.706328125 0.006816406250000018 0.007089843749999991
0 0.358671875 0.6515625 0.005839843750000018 0.007617187499999956
0 0.36455078125 0.6959375 0.00927734375 0.01009765624999992
0 0.3723046875 0.69021484375 0.006328125000000018 0.00699218750000008
0 0.3693359375 0.7653515625 0.0069531250000000044 0.007343749999999982
0 0.3790625 0.7484765625 0.007343749999999982 0.008710937500000071
0 0.3863671875 0.73181640625 0.005917968749999947 0.006328125000000018
0 0.4001953125 0.7338671875 0.007382812499999947 0.006855468749999982
0 0.3996875 0.74423828125 0.0063867187499999645 0.007949218750000098
0 0.40599609375 0.71181640625 0.007675781250000013 0.00796875000000008
0 0.40310546875 0.70580078125 0.0054882812500000044 0.005468749999999911
0 0.37650390625 0.775859375 0.0058203125000000355 0.00814453124999992
0 0.3860546875 0.81107421875 0.0058984374999999645 0.008378906249999929
0 0.41771484375 0.820546875 0.007343749999999982 0.005292968750000071
0 0.39427734375 0.81474609375 0.008632812500000031 0.004999999999999893
0 0.3863671875 0.82228515625 0.005917968749999947 0.005800781250000053
0 0.39015625 0.8326171875 0.0069531250000000044 0.005624999999999991
0 0.39755859375 0.84505859375 0.008671874999999996 0.008515625000000027
0 0.4046875 0.84263671875 0.005664062499999956 0.006054687500000044
0 0.5483984375 0.793828125 0.008730468750000053 0.008359374999999947
0 0.548828125 0.80673828125 0.008535156250000009 0.00830078125
0 0.5314453125 0.81681640625 0.006953124999999893 0.00796875000000008
0 0.5813671875 0.79271484375 0.006250000000000089 0.007929687499999893
0 0.5434375 0.8157421875 0.01009765624999992 0.008164062499999902
0 0.55458984375 0.820390625 0.006250000000000089 0.006777343750000053
0 0.58232421875 0.8162109375 0.006972656250000098 0.008535156250000009
0 0.58134765625 0.82697265625 0.005624999999999991 0.006855468749999982
0 0.57310546875 0.8316796875 0.007578124999999991 0.007343749999999982
0 0.53259765625 0.84517578125 0.00863281249999992 0.008769531250000018
0 0.54150390625 0.85220703125 0.008007812500000044 0.007949218750000098
0 0.5336328125 0.873515625 0.006562500000000027 0.00830078125
0 0.54810546875 0.865859375 0.009335937499999947 0.009062499999999973
0 0.54494140625 0.8764453125 0.008378906249999929 0.007050781250000027
0 0.56046875 0.85958984375 0.009062499999999973 0.009042968749999991
0 0.5705859375 0.8655078125 0.007304687500000018 0.0077734375000000355
0 0.5975390625 0.85541015625 0.008261718750000036 0.010781249999999964
0 0.6266015625 0.85806640625 0.0063085937500000355 0.010761718749999982
0 0.605390625 0.88123046875 0.009082031249999956 0.010058593749999956
0 0.5930859375 0.89306640625 0.005292968750000071 0.008183593750000107
0 0.6087109375 0.8955859375 0.010371093749999893 0.008437500000000098
0 0.25876953125 0.4722265625 0.00593750000000004 0.006484374999999987
0 0.36763671875 0.49109375 0.008281250000000018 0.010312499999999947
0 0.3652734375 0.46111328125 0.00773437499999996 0.011621093749999978
0 0.37466796875 0.46009765625 0.008085937499999973 0.009003906250000027
0 0.368125 0.44177734375 0.00927734375 0.008632812500000031
0 0.3725 0.39271484375 0.009121093750000031 0.011054687500000049
0 0.39876953125 0.38857421875 0.008125000000000049 0.008105468749999956
0 0.45501953125 0.38310546875 0.009960937500000044 0.008476562499999951
0 0.35423828125 0.34048828125 0.005312500000000053 0.007109374999999973
0 0.36958984375 0.3092578125 0.011621093749999978 0.009531249999999991
0 0.38390625 0.228828125 0.008125000000000049 0.008671874999999996
0 0.3721484375 0.2083203125 0.007832031249999982 0.008710937500000016
0 0.37513671875 0.17265625 0.007832031249999982 0.008769531250000018
0 0.38279296875 0.16888671875 0.0076953124999999956 0.008378906249999984
0 0.3987890625 0.1594921875 0.008750000000000036 0.008632812499999976
0 0.3803125 0.14123046875 0.008691406249999978 0.01078125000000002
0 0.39216796875 0.13404296875 0.012753906249999947 0.011289062500000002
0 0.4056640625 0.1295703125 0.00822265624999996 0.007675781250000013
0 0.66091796875 0.20427734375 0.008906249999999893 0.010156249999999978
0 0.71099609375 0.19720703125 0.008535156250000009 0.009101562499999993
0 0.70345703125 0.21486328125 0.007734375000000071 0.007519531249999989
0 0.69123046875 0.23662109375 0.007070312500000009 0.007617187500000011
0 0.7256640625 0.2608984375 0.0063085937500000355 0.007988281249999951
0 0.75103515625 0.24791015625 0.007089843749999991 0.008183593749999996
0 0.86373046875 0.137578125 0.009667968750000089 0.009492187500000027
0 0.65140625 0.4258984375 0.008867187499999929 0.007578124999999991
0 0.6879296875 0.39080078125 0.006542968750000044 0.008281250000000018
0 0.70328125 0.39259765625 0.008750000000000036 0.009648437499999996
0 0.73357421875 0.39462890625 0.009570312499999956 0.008691406249999978
0 0.73107421875 0.446484375 0.00960937499999992 0.007988281249999951
0 0.73578125 0.44150390625 0.01009765624999992 0.008632812500000031
0 0.7609765625 0.4483984375 0.0068749999999999645 0.008476562499999951
0 0.72205078125 0.476796875 0.007187499999999902 0.009414062499999987
0 0.72822265625 0.50171875 0.007246093750000071 0.007343749999999982
0 0.75951171875 0.46294921875 0.007304687500000018 0.007949218749999987
0 0.76248046875 0.4727734375 0.008203125000000089 0.007519531250000044
0 0.76248046875 0.48279296875 0.008203125000000089 0.007988281249999951
0 0.75619140625 0.49623046875 0.00960937499999992 0.010878906250000098
0 0.78423828125 0.48208984375 0.008730468750000053 0.010488281250000009
0 0.772890625 0.492890625 0.007246093750000071 0.008105468749999956
0 0.78171875 0.49542968749999994 0.007578124999999991 0.009257812500000018
0 0.79568359375 0.49837890625 0.008164062499999902 0.010156249999999978
0 0.76439453125 0.51388671875 0.008105468749999956 0.008320312499999982
0 0.7649609375 0.5318359375 0.007578124999999991 0.007792968750000018
0 0.7636328125 0.5433203125 0.007148437499999938 0.009003906250000027
0 0.64314453125 0.5942578125 0.007421874999999911 0.007558593750000009
0 0.66017578125 0.5958984375 0.006855468749999982 0.008613281249999938
0 0.6805859375 0.58939453125 0.006367187499999982 0.00732421875
0 0.69380859375 0.59236328125 0.006582031250000009 0.008242187500000053
0 0.70642578125 0.5886328125 0.005546875000000062 0.005781250000000071
0 0.68427734375 0.6017578125 0.007031250000000044 0.007460937500000098
0 0.72130859375 0.60310546875 0.007402343749999929 0.009062499999999973
0 0.73408203125 0.60208984375 0.00667968749999992 0.009257812500000018
0 0.820078125 0.558125 0.007792968750000018 0.00845703125000008
0 0.815703125 0.57296875 0.009101562499999938 0.008535156250000009
0 0.83056640625 0.5359765625 0.009765625 0.009941406250000062
0 0.83025390625 0.5478125 0.009746093750000018 0.0073632812499999645
0 0.8284375 0.57283203125 0.007207031250000107 0.008828124999999964
0 0.8385546875 0.57033203125 0.0067968750000000355 0.008847656249999947
0 0.845625 0.5668359375 0.006953124999999893 0.01025390625
0 0.878359375 0.58875 0.007089843749999991 0.011054687499999938
0 0.88572265625 0.58982421875 0.007851562499999964 0.007636718749999938
0 0.89302734375 0.58478515625 0.006269531250000071 0.005937499999999929
0 0.89470703125 0.59369140625 0.008515625000000027 0.009218750000000053
0 0.9004296875 0.60501953125 0.008222656250000071 0.009531249999999991
0 0.910546875 0.60294921875 0.007226562500000089 0.009316406249999964
0 0.92123046875 0.6027734375 0.00570312499999992 0.007832031249999982
0 0.7569921875 0.699375 0.007265625000000053 0.007265625000000053