0 0.67484375 0.07330078125 0.010078124999999938 0.009960937499999989
0 0.68755859375 0.0803125 0.01626953125000008 0.012050781250000003
0 0.76669921875 0.01439453125 0.010351562499999911 0.013789062500000001
0 0.75310546875 0.028164062500000003 0.010332031249999929 0.009843749999999998
0 0.75701171875 0.03904296875 0.010195312500000053 0.008242187499999998
0 0.76470703125 0.044921875 0.010039062499999973 0.012089843749999996
0 0.7637890625 0.05970703125 0.01236328125000008 0.014316406249999997
0 0.0225390625 0.2667578125 0.010390625 0.014140625000000018
0 0.0937109375 0.2743359375 0.01218749999999999 0.014199218749999964
0 0.04791015625 0.321328125 0.014316406249999997 0.013964843749999956
0 0.0528125 0.34857421875 0.011874999999999997 0.013945312499999973
0 0.11732421875 0.31857421875 0.012363281249999997 0.01212890624999996
0 0.10845703125 0.33708984375 0.01027343750000001 0.013613281250000053
0 0.13177734375 0.33783203125 0.010332031249999984 0.011933593750000027
0 0.127109375 0.35646484375 0.012421875000000027 0.014101562500000053
0 0.01267578125 0.42865234375 0.014257812500000001 0.014179687499999982
0 0.0584375 0.4355078125 0.01218749999999999 0.012441406250000009
0 0.0790625 0.4600390625 0.010214843750000008 0.013886718750000027
0 0.06044921874999999 0.49111328125 0.012324218750000004 0.013867187500000044
0 0.088046875 0.50111328125 0.01220703125 0.014179687499999982
0 0.09076171875 0.47962890625 0.01808593750000001 0.01416015625
0 0.091953125 0.421953125 0.01218749999999999 0.011953125000000009
0 0.0958203125 0.43642578125 0.016171875000000002 0.016582031250000018
0 0.156171875 0.42197265625 0.01265624999999998 0.01228515625000004
0 0.15232421875 0.4393359375 0.01216796874999998 0.011972656249999991
0 0.01869140625 0.52923828125 0.009882812499999998 0.012226562499999982
0 0.03806640625 0.53236328125 0.010527343750000001 0.010429687500000062
0 0.0037890625 0.5607421875 0.00755859375 0.012109375000000089
0 0.013789062500000001 0.5665625 0.01224609375 0.011796874999999929
0 0.07912109375 0.53794921875 0.010175781249999988 0.014199218749999964
0 0.09373046875 0.52427734375 0.01173828125000001 0.009882812499999893
0 0.09986328125 0.532578125 0.012382812500000007 0.010234375000000018
0 0.125 0.58185546875 0.011699218750000018 0.011660156250000053
0 0.14751953125 0.49109375 0.010449218749999989 0.010019531249999991
0 0.2167578125 0.49197265625 0.012402343749999989 0.012070312500000013
0 0.1623828125 0.50494140625 0.01273437500000002 0.010429687500000062
0 0.1366796875 0.50955078125 0.02021484374999999 0.01595703124999992
0 0.18833984375 0.50681640625 0.010644531249999978 0.014023437499999902
0 0.17296875 0.52033203125 0.010058593750000011 0.014882812500000009
0 0.02048828125 0.6193359375 0.009746093749999997 0.012109375000000089
0 0.02408203125 0.8486328125 0.00990234375 0.010156250000000089
0 0.06337890625 0.8407421875 0.009531249999999991 0.010000000000000009
0 0.05251953125 0.84759765625 0.012089843749999996 0.011601562500000107
0 0.096796875 0.86537109375 0.009941406250000007 0.012226562499999982
0 0.1113671875 0.84939453125 0.011855468750000014 0.011699218750000018
0 0.11439453125 0.9240625 0.010175781249999988 0.011249999999999982
0 0.143515625 0.8975390625 0.010468750000000027 0.014199218749999964
0 0.210078125 0.52623046875 0.010390624999999987 0.013808593750000098
0 0.218828125 0.53900390625 0.012343749999999987 0.012226562499999982
0 0.2392578125 0.5340234375 0.010156249999999978 0.009843749999999929
0 0.24330078125 0.54880859375 0.01025390625 0.02035156249999992
0 0.2462109375 0.6233203125 0.011992187499999973 0.012382812500000062
0 0.288125 0.5917578125 0.010449218750000044 0.012246093749999964
0 0.298203125 0.5839453125 0.010019531249999991 0.012070312499999902
0 0.33302734375 0.62037109375 0.010292968749999964 0.010019531249999991
0 0.3508203125 0.596875 0.010156249999999978 0.009941406250000062
0 0.36810546875 0.60052734375 0.014453124999999956 0.014609375000000036
0 0.3721484375 0.6174609375 0.014394531250000009 0.01220703125
0 0.38865234375 0.61796875 0.011992187499999973 0.013984374999999938
0 0.142578125 0.9725 0.012089843749999996 0.011796874999999929
0 0.26654296875 0.61626953125 0.009804687499999964 0.01009765624999992
0 0.276484375 0.62583984375 0.010312499999999947 0.010019531249999991
0 0.28427734375 0.63580078125 0.009589843750000049 0.009472656250000044
0 0.29580078125 0.644609375 0.009863281250000022 0.01187500000000008
0 0.3075390625 0.65931640625 0.009941406249999951 0.010234375000000018
0 0.31345703125 0.6720703125 0.010097656250000031 0.01171875
0 0.3280859375 0.67373046875 0.012167968750000036 0.011582031249999902
0 0.32634765625 0.6514453125 0.011542968750000049 0.010019531249999991
0 0.32626953125 0.66193359375 0.011914062500000044 0.011269531249999964
0 0.07521484375 0.74716796875 0.010175781249999988 0.010332031249999929
0 0.43669921875 0.61236328125 0.009707031250000053 0.014179687499999982
0 0.45529296875 0.6113671875 0.011777343749999947 0.011796874999999929
0 0.5526953125 0.5409765625 0.011777343749999947 0.012187500000000018
0 0.546875 0.567265625 0.012128906250000071 0.013847656250000062
0 0.57611328125 0.55271484375 0.012246093749999964 0.011679687500000036
0 0.5704296875 0.57052734375 0.011484374999999991 0.011777343749999947
0 0.5791796875 0.56615234375 0.010312499999999947 0.011992187499999973
0 0.6409765625 0.57619140625 0.011621093750000089 0.012148437500000053
0 0.62302734375 0.60361328125 0.01253906249999992 0.012304687499999911
0 0.61912109375 0.623046875 0.012480468749999973 0.01171875
0 0.56626953125 0.67490234375 0.012226562499999982 0.014277343749999893
0 0.57517578125 0.74314453125 0.010117187499999902 0.014023437499999902
0 0.530390625 0.721640625 0.014218749999999947 0.013730468749999947
0 0.54294921875 0.7431640625 0.012070312499999902 0.014062500000000089
0 0.6825 0.51263671875 0.014589843750000053 0.013945312499999973
0 0.7030078125 0.54884765625 0.01187500000000008 0.012148437500000053
0 0.7090234375 0.57923828125 0.012187500000000018 0.013925781249999991
0 0.746328125 0.56615234375 0.016308593750000044 0.015742187499999893
0 0.7540234375 0.47970703125 0.01578125000000008 0.013613281250000053
0 0.79673828125 0.47525390625 0.011816406249999911 0.013789062500000004
0 0.77640625 0.48224609375 0.010078124999999938 0.011679687500000036
0 0.7873828125 0.4884765625 0.011953125000000009 0.01171875
0 0.7480859375 0.5134375 0.011777343749999947 0.011445312500000027
0 0.74228515625 0.52537109375 0.011914062500000044 0.011757812499999964
0 0.70513671875 0.5291015625 0.01220703125 0.012128906250000071
0 0.939453125 0.33361328125 0.012011718749999956 0.011621093749999978
0 0.9465234375 0.34462890625 0.009667968750000089 0.009980468750000027
0 0.968515625 0.34478515625 0.011640625000000071 0.013867187500000044
0 0.95328125 0.3671484375 0.012128906250000071 0.01220703125
0 0.96982421875 0.36923828125 0.009980468750000027 0.011523437499999956
0 0.981640625 0.36326171875 0.009550781249999973 0.011269531249999964
0 0.922890625 0.4071875 0.014375000000000027 0.013984375000000049
0 0.97255859375 0.388828125 0.011855468750000098 0.012148437500000053
0 0.97673828125 0.40826171875 0.011699218750000018 0.012226562499999982
0 0.8301953125 0.50205078125 0.015839843750000027 0.016230468749999893
0 0.93376953125 0.4991015625 0.012128906250000071 0.013554687499999996
0 0.943828125 0.499140625 0.007050781250000027 0.010332031249999929
0 0.95708984375 0.50298828125 0.011992187499999973 0.013945312499999973
0 0.9659375 0.4864453125 0.009765625 0.011855468749999987
0 0.97083984375 0.497109375 0.012226562499999982 0.00968749999999996
0 0.98931640625 0.35357421875 0.009667968750000089 0.011972656249999991
0 0.9962890625 0.35748046875 0.007421874999999911 0.007929687500000004
0 0.796953125 0.5390234375 0.012246093749999964 0.011660156250000053
0 0.80263671875 0.53423828125 0.011542968749999938 0.010273437499999982
0 0.99126953125 0.4052734375 0.01041015625000008 0.009785156249999982
0 0.99833984375 0.40509765625 0.003320312500000089 0.009824218749999947
0 0.9677734375 0.42375 0.010156250000000089 0.012324218750000004
0 0.99501953125 0.42990234375 0.009960937500000044 0.012070312500000013
0 0.9825390625 0.4610546875 0.011933593750000027 0.008046875000000009
0 0.979609375 0.4530078125 0.013691406249999982 0.007109374999999973
0 0.98126953125 0.4453515625 0.009804687499999964 0.007499999999999951
0 0.979609375 0.58869140625 0.010136718750000107 0.00992187500000008
0 0.95515625 0.6073828125 0.011816406249999911 0.012343750000000098
0 0.9073046875 0.55748046875 0.009492187500000027 0.013496093749999938
0 0.89751953125 0.56341796875 0.009863281249999911 0.013945312499999973
0 0.8994140625 0.5879296875 0.010156250000000089 0.01220703125
0 0.81361328125 0.57052734375 0.010117187499999902 0.011835937499999893
0 0.84568359375 0.62029296875 0.011757812499999964 0.009707031250000053
0 0.85427734375 0.61333984375 0.010273437499999982 0.011191406250000036
0 0.87890625 0.6209375 0.01171875 0.011777343749999947
0 0.89740234375 0.6347265625 0.010273437499999982 0.011816406249999911
0 0.90234375 0.6611328125 0.008203125000000089 0.010156250000000089
0 0.88576171875 0.66974609375 0.010195312500000053 0.012148437500000053
0 0.9541796875 0.64552734375 0.010136718750000107 0.010214843750000036
0 0.91388671875 0.5897265625 0.008124999999999938 0.011601562500000107
0 0.9220703125 0.59296875 0.008164062499999902 0.009746093750000018
0 0.90333984375 0.61712890625 0.010078124999999938 0.012265624999999947
0 0.915 0.61103515625 0.010234375000000018 0.011503906249999973
0 0.92494140625 0.61837890625 0.009882812499999893 0.009726562500000036
0 0.9621484375 0.6327734375 0.009707031250000053 0.012187500000000018
0 0.95134765625 0.631875 0.008261718750000036 0.010078124999999938
0 0.84796875 0.57197265625 0.01187500000000008 0.011523437499999956
0 0.859765625 0.57419921875 0.011406250000000062 0.011621093750000089
0 0.82705078125 0.6083984375 0.01009765624999992 0.010156250000000089
0 0.81544921875 0.6209765625 0.010195312500000053 0.011933593750000027
0 0.8094140625 0.62998046875 0.009863281249999911 0.009960937500000044
0 0.80080078125 0.6397265625 0.01156249999999992 0.00992187500000008
0 0.79013671875 0.6473828125 0.009589843749999938 0.013886718750000027
0 0.77244140625 0.66509765625 0.00992187500000008 0.010273437499999982
0 0.88677734375 0.69341796875 0.008320312499999982 0.007929687499999893
0 0.49033203125 0.71109375 0.01587890624999999 0.011816406249999911
0 0.4765234375 0.71865234375 0.012089843749999996 0.01220703125
0 0.4638671875 0.72271484375 0.010136718749999996 0.011601562500000107
0 0.4560546875 0.73244140625 0.009765625 0.012167968750000036
0 0.5018359375 0.75978515625 0.012285156249999929 0.012148437500000053
0 0.5409765625 0.8410546875 0.012031249999999938 0.013749999999999929
0 0.5263671875 0.83201171875 0.010136718750000107 0.012089843750000107
0 0.4609765625 0.82626953125 0.007910156250000022 0.012304687499999911
0 0.4601953125 0.83802734375 0.00984375000000004 0.011210937500000018
0 0.4719140625 0.83603515625 0.010058593749999956 0.012285156249999929
0 0.5214453125 0.8076953125 0.012167968750000036 0.009882812499999893
0 0.52830078125 0.79765625 0.010195312500000053 0.009374999999999911
0 0.531015625 0.786171875 0.012011718749999956 0.009843749999999929
0 0.52248046875 0.77447265625 0.009726562500000036 0.009882812499999893
0 0.53140625 0.7664453125 0.011640625000000071 0.01806640625
0 0.49820312499999997 0.79681640625 0.012421875000000027 0.008476562500000062
0 0.4901953125 0.78599609375 0.011914062500000044 0.010058593749999956
0 0.48236328125 0.82025390625 0.01179687500000004 0.007695312500000107
0 0.48046875 0.8112890625 0.012109374999999978 0.010058593749999956
0 0.47 0.798671875 0.009628906250000013 0.011406250000000062
0 0.47966796875 0.79470703125 0.009726562500000036 0.011679687500000036
0 0.46697265625 0.77619140625 0.011894531249999951 0.013574218750000089
0 0.44626953125 0.7608984375 0.010371093750000004 0.009980468750000027
0 0.45228515625 0.7706640625 0.013769531250000022 0.009843749999999929
0 0.437578125 0.80857421875 0.007597656249999973 0.011601562500000107
0 0.42890625 0.808515625 0.009765625 0.011679687500000036
0 0.42658203125 0.7362890625 0.013632812500000036 0.020000000000000018