0 0.0244140625 0.033203125 0.0078125 0.0078125
0 0.033203125 0.03125 0.0078125 0.0078125
0 0.0302734375 0.04296875 0.009765625 0.0078125
0 0.1796875 0.099609375 0.009765625 0.0078125
0 0.2412109375 0.0458984375 0.005859375 0.005859375
0 0.228515625 0.0712890625 0.0078125 0.005859375
0 0.2421875 0.06640625 0.0078125 0.0078125
0 0.251953125 0.0703125 0.0078125 0.0078125
0 0.2841796875 0.0615234375 0.005859375 0.0078125
0 0.2802734375 0.068359375 0.0078125 0.0078125
0 0.2783203125 0.1083984375 0.0078125 0.005859375
0 0.275390625 0.1171875 0.009765625 0.0078125
0 0.2939453125 0.109375 0.005859375 0.00390625
0 0.435546875 0.037109375 0.009765625 0.009765625
0 0.4453125 0.044921875 0.0078125 0.0078125
0 0.4609375 0.0458984375 0.009765625 0.009765625
0 0.4892578125 0.05078125 0.009765625 0.0078125
0 0.501953125 0.033203125 0.0078125 0.005859375
0 0.5712890625 0.0595703125 0.0078125 0.005859375
0 0.560546875 0.068359375 0.0078125 0.0078125
0 0.544921875 0.0751953125 0.009765625 0.0078125
0 0.5302734375 0.076171875 0.0078125 0.009765625
0 0.5439453125 0.0849609375 0.0078125 0.005859375
0 0.5078125 0.095703125 0.009765625 0.0078125
0 0.5009765625 0.10546875 0.005859375 0.0078125
0 0.5087890625 0.1083984375 0.0078125 0.0078125
0 0.5205078125 0.1064453125 0.0078125 0.0078125
0 0.484375 0.107421875 0.009765625 0.0078125
0 0.4921875 0.111328125 0.0078125 0.0078125
0 0.220703125 0.14453125 0.0078125 0.009765625
0 0.2099609375 0.1513671875 0.0078125 0.0078125
0 0.189453125 0.1669921875 0.0078125 0.0078125
0 0.166015625 0.1708984375 0.0078125 0.005859375
0 0.1337890625 0.4541015625 0.0078125 0.005859375
0 0.0673828125 0.544921875 0.009765625 0.009765625
0 0.0703125 0.5673828125 0.01171875 0.009765625
0 0.36328125 0.5263671875 0.009765625 0.0078125
0 0.390625 0.2939453125 0.0078125 0.0078125
0 0.4052734375 0.28125 0.0078125 0.005859375
0 0.4248046875 0.2861328125 0.0078125 0.0078125
0 0.431640625 0.29296875 0.01171875 0.0078125
0 0.4345703125 0.2802734375 0.0078125 0.009765625
0 0.4638671875 0.2763671875 0.01171875 0.0078125
0 0.5126953125 0.384765625 0.009765625 0.009765625
0 0.4775390625 0.501953125 0.009765625 0.0078125
0 0.8916015625 0.4541015625 0.009765625 0.0078125
0 0.8828125 0.466796875 0.009765625 0.009765625
0 0.8916015625 0.4609375 0.0078125 0.0078125
0 0.90234375 0.46484375 0.0078125 0.0078125
0 0.8935546875 0.4736328125 0.0078125 0.0078125
0 0.888671875 0.48828125 0.009765625 0.0078125
0 0.8857421875 0.5 0.009765625 0.0078125
0 0.900390625 0.4873046875 0.0078125 0.0078125
0 0.9072265625 0.513671875 0.0078125 0.0078125
0 0.8603515625 0.5458984375 0.009765625 0.009765625
0 0.9814453125 0.5302734375 0.0078125 0.009765625
0 0.9716796875 0.53515625 0.0078125 0.0078125
0 0.9736328125 0.5439453125 0.0078125 0.0078125
0 0.970703125 0.5576171875 0.009765625 0.0078125
0 0.9423828125 0.5673828125 0.009765625 0.0078125
0 0.935546875 0.525390625 0.01171875 0.009765625
0 0.9326171875 0.5361328125 0.0078125 0.0078125
0 0.8720703125 0.5458984375 0.009765625 0.0078125
0 0.8798828125 0.5556640625 0.0078125 0.0078125
0 0.8203125 0.58984375 0.0078125 0.0078125
0 0.8056640625 0.595703125 0.009765625 0.0078125
0 0.7734375 0.5869140625 0.0078125 0.0078125
0 0.7666015625 0.6162109375 0.005859375 0.005859375
0 0.767578125 0.6318359375 0.0078125 0.005859375
0 0.7138671875 0.5869140625 0.009765625 0.005859375
0 0.7265625 0.5888671875 0.005859375 0.0078125
0 0.734375 0.59765625 0.0078125 0.0078125
0 0.744140625 0.599609375 0.0078125 0.005859375
0 0.7451171875 0.630859375 0.0078125 0.0078125
0 0.7490234375 0.6201171875 0.0078125 0.009765625
0 0.7578125 0.6181640625 0.009765625 0.005859375
0 0.7607421875 0.6279296875 0.005859375 0.005859375
0 0.6279296875 0.583984375 0.0078125 0.0078125
0 0.63671875 0.591796875 0.0078125 0.005859375
0 0.6611328125 0.5625 0.005859375 0.005859375
0 0.6552734375 0.5654296875 0.005859375 0.005859375
0 0.6455078125 0.603515625 0.0078125 0.0078125
0 0.154296875 0.7119140625 0.009765625 0.005859375
0 0.140625 0.7373046875 0.009765625 0.005859375
0 0.0771484375 0.7763671875 0.01171875 0.0078125
0 0.0830078125 0.7958984375 0.0078125 0.005859375
0 0.0771484375 0.80859375 0.009765625 0.0078125