0 0.0361328125 0.3486328125 0.009765625 0.013671875
0 0.0458984375 0.3544921875 0.009765625 0.009765625
0 0.0380859375 0.375 0.013671875 0.015625
0 0.0634765625 0.3662109375 0.009765625 0.013671875
0 0.177734375 0.5595703125 0.0078125 0.009765625
0 0.2236328125 0.5732421875 0.009765625 0.009765625
0 0.232421875 0.515625 0.01171875 0.01171875
0 0.2353515625 0.66796875 0.009765625 0.0078125
0 0.30078125 0.70703125 0.0078125 0.0078125
0 0.3076171875 0.701171875 0.009765625 0.01171875
0 0.0166015625 0.7451171875 0.009765625 0.009765625
0 0.0166015625 0.75390625 0.009765625 0.0078125
0 0.0048828125 0.755859375 0.009765625 0.01171875
0 0.01171875 0.7685546875 0.0078125 0.009765625
0 0.009765625 0.7841796875 0.0078125 0.009765625
0 0.001953125 0.8154296875 0.00390625 0.013671875
0 0.3095703125 0.9794921875 0.005859375 0.009765625
0 0.37109375 0.91796875 0.0078125 0.01171875
0 0.3828125 0.9111328125 0.01171875 0.013671875
0 0.4052734375 0.9580078125 0.009765625 0.009765625
0 0.4169921875 0.7421875 0.005859375 0.0078125
0 0.41015625 0.73828125 0.0078125 0.0078125
0 0.423828125 0.732421875 0.0078125 0.01171875
0 0.4560546875 0.7158203125 0.009765625 0.009765625
0 0.451171875 0.703125 0.0078125 0.0078125
0 0.5498046875 0.697265625 0.009765625 0.01171875
0 0.54296875 0.6923828125 0.0078125 0.009765625
0 0.5732421875 0.689453125 0.009765625 0.015625
0 0.5107421875 0.6552734375 0.009765625 0.009765625
0 0.51953125 0.62890625 0.0078125 0.0078125
0 0.3056640625 0.60546875 0.005859375 0.0078125
0 0.1513671875 0.2802734375 0.009765625 0.009765625
0 0.173828125 0.244140625 0.01171875 0.015625
0 0.1259765625 0.259765625 0.005859375 0.0078125
0 0.0546875 0.23046875 0.0078125 0.0078125
0 0.0810546875 0.244140625 0.009765625 0.013671875
0 0.0810546875 0.22265625 0.009765625 0.01171875
0 0.125 0.1669921875 0.0078125 0.009765625
0 0.115234375 0.171875 0.0078125 0.0078125
0 0.35546875 0.00390625 0.01171875 0.0078125
0 0.3349609375 0.0048828125 0.009765625 0.009765625
0 0.4541015625 0.0087890625 0.009765625 0.009765625
0 0.470703125 0.0078125 0.0078125 0.01171875
0 0.4619140625 0.00390625 0.013671875 0.0078125
0 0.4599609375 0.0361328125 0.009765625 0.009765625
0 0.5146484375 0.1494140625 0.009765625 0.017578125
0 0.5712890625 0.2041015625 0.009765625 0.009765625
0 0.51953125 0.2314453125 0.0078125 0.005859375
0 0.537109375 0.2705078125 0.01171875 0.009765625
0 0.556640625 0.2802734375 0.0078125 0.009765625
0 0.5556640625 0.310546875 0.009765625 0.01171875
0 0.5888671875 0.29296875 0.009765625 0.01171875
0 0.6455078125 0.1435546875 0.009765625 0.009765625
0 0.6201171875 0.263671875 0.009765625 0.0078125
0 0.5361328125 0.50390625 0.009765625 0.0078125
0 0.5595703125 0.4794921875 0.009765625 0.009765625
0 0.57421875 0.4833984375 0.0078125 0.009765625
0 0.5859375 0.5087890625 0.0078125 0.009765625
0 0.58984375 0.5419921875 0.0078125 0.009765625
0 0.5888671875 0.55859375 0.005859375 0.0078125
0 0.57421875 0.638671875 0.0078125 0.01171875
0 0.6376953125 0.4296875 0.009765625 0.01171875
0 0.6064453125 0.6591796875 0.009765625 0.009765625
0 0.6044921875 0.671875 0.009765625 0.0078125
0 0.7509765625 0.0078125 0.005859375 0.0078125
0 0.765625 0.0068359375 0.0078125 0.009765625
0 0.7587890625 0.0185546875 0.009765625 0.017578125
0 0.77734375 0.0146484375 0.0078125 0.009765625
0 0.765625 0.1015625 0.0078125 0.0078125
0 0.7646484375 0.12109375 0.009765625 0.01171875
0 0.7265625 0.13671875 0.0078125 0.0078125
0 0.7412109375 0.1923828125 0.009765625 0.009765625
0 0.74609375 0.1796875 0.0078125 0.0078125
0 0.7578125 0.1708984375 0.0078125 0.009765625
0 0.7578125 0.154296875 0.0078125 0.0078125
0 0.7646484375 0.15234375 0.009765625 0.01171875
0 0.775390625 0.185546875 0.0078125 0.0078125
0 0.76953125 0.2900390625 0.0078125 0.009765625
0 0.763671875 0.2802734375 0.0078125 0.005859375
0 0.7646484375 0.2705078125 0.009765625 0.005859375
0 0.7919921875 0.2626953125 0.009765625 0.009765625
0 0.7412109375 0.2490234375 0.009765625 0.009765625
0 0.740234375 0.2880859375 0.0078125 0.009765625
0 0.732421875 0.296875 0.0078125 0.0078125
0 0.7861328125 0.2080078125 0.009765625 0.009765625
0 0.7900390625 0.1787109375 0.009765625 0.009765625
0 0.8046875 0.17578125 0.0078125 0.0078125
0 0.8232421875 0.2080078125 0.009765625 0.009765625
0 0.828125 0.1962890625 0.0078125 0.009765625
0 0.8388671875 0.19140625 0.009765625 0.0078125
0 0.8349609375 0.1865234375 0.005859375 0.005859375
0 0.8515625 0.044921875 0.0078125 0.0078125
0 0.8828125 0.037109375 0.0078125 0.0078125
0 0.8740234375 0.0068359375 0.009765625 0.009765625
0 0.6826171875 0.5458984375 0.009765625 0.009765625
0 0.626953125 0.693359375 0.0078125 0.0078125
0 0.677734375 0.7197265625 0.01171875 0.009765625
0 0.625 0.7451171875 0.0078125 0.009765625
0 0.623046875 0.7255859375 0.0078125 0.009765625
0 0.626953125 0.7333984375 0.0078125 0.009765625
0 0.689453125 0.984375 0.0078125 0.0078125
0 0.7265625 0.9892578125 0.0078125 0.009765625
0 0.794921875 0.9462890625 0.0078125 0.009765625
0 0.7734375 0.9404296875 0.0078125 0.009765625
0 0.78515625 0.9423828125 0.0078125 0.009765625
0 0.7958984375 0.92578125 0.005859375 0.0078125
0 0.8115234375 0.9287109375 0.009765625 0.009765625
0 0.8154296875 0.9013671875 0.009765625 0.009765625
0 0.7958984375 0.9091796875 0.009765625 0.009765625
0 0.7412109375 0.9228515625 0.009765625 0.009765625
0 0.71484375 0.904296875 0.0078125 0.0078125
0 0.8232421875 0.974609375 0.009765625 0.01171875
0 0.822265625 0.9384765625 0.0078125 0.009765625
0 0.8271484375 0.9306640625 0.009765625 0.009765625
0 0.8515625 0.9521484375 0.0078125 0.009765625
0 0.8447265625 0.94921875 0.009765625 0.01171875
0 0.9697265625 0.2802734375 0.009765625 0.009765625
0 0.978515625 0.2607421875 0.0078125 0.009765625
0 0.9580078125 0.5283203125 0.005859375 0.009765625
0 0.955078125 0.515625 0.0078125 0.01171875
0 0.9970703125 0.529296875 0.005859375 0.01171875
0 0.734375 0.626953125 0.0078125 0.01171875
0 0.76171875 0.625 0.0078125 0.01171875
0 0.7451171875 0.6376953125 0.009765625 0.009765625
0 0.7412109375 0.6474609375 0.009765625 0.009765625
0 0.7587890625 0.640625 0.009765625 0.0078125
0 0.75390625 0.650390625 0.0078125 0.0078125
0 0.75390625 0.6591796875 0.01171875 0.009765625
0 0.70703125 0.865234375 0.0078125 0.0078125
0 0.728515625 0.8583984375 0.01171875 0.009765625
0 0.7275390625 0.8740234375 0.009765625 0.009765625
0 0.8251953125 0.8330078125 0.005859375 0.009765625
0 0.8134765625 0.83203125 0.009765625 0.0078125
0 0.8056640625 0.8349609375 0.005859375 0.005859375
0 0.794921875 0.8310546875 0.0078125 0.009765625
0 0.802734375 0.8134765625 0.0078125 0.009765625
0 0.775390625 0.794921875 0.0078125 0.0078125
0 0.9619140625 0.6435546875 0.013671875 0.013671875
0 0.81640625 0.5673828125 0.0078125 0.009765625
0 0.8203125 0.5732421875 0.0078125 0.009765625