0 0.01275390625 0.2128125 0.010039062499999998 0.011875000000000024
0 0.0158203125 0.22853515625 0.01171875 0.011308593749999984
0 0.031328125 0.22052734375 0.008457031249999997 0.012089843749999996
0 0.0481640625 0.22462890625 0.00990234375 0.01167968749999998
0 0.061640625 0.22953125 0.00990234375 0.009667968749999978
0 0.15833984375 0.1775 0.012363281250000024 0.012812500000000004
0 0.0021484375 0.28814453125 0.004296875 0.009667968749999978
0 0.16212890625 0.24095703125 0.008242187499999998 0.009667968749999978
0 0.147265625 0.24416015625 0.005468750000000022 0.008632812499999976
0 0.14591796875 0.2880078125 0.010097656249999976 0.009902343749999987
0 0.16033203125 0.28236328125 0.015273437499999987 0.010273437499999982
0 0.1737109375 0.321484375 0.012753906250000002 0.013671875
0 0.1600390625 0.3369921875 0.008417968750000004 0.009609375000000031
0 0.1544140625 0.32513671875 0.0045117187500000044 0.006132812499999973
0 0.0030078125 0.33130859375 0.006015625 0.010683593750000053
0 0.04505859375 0.4375 0.007910156249999994 0.007421875000000022
0 0.02447265625 0.430546875 0.0067187500000000025 0.006093750000000009
0 0.0490625 0.4237109375 0.008125000000000007 0.007656250000000031
0 0.0117578125 0.41599609375 0.008125 0.007832031249999982
0 0.16498046875 0.29380859375 0.005703124999999976 0.0059765625000000044
0 0.171015625 0.29994140625 0.010332031249999984 0.009570312499999956
0 0.15509765625 0.310703125 0.01371093750000002 0.01164062499999996
0 0.15001953125 0.300703125 0.01175781250000002 0.007656250000000031
0 0.15724609375 0.29556640625 0.00980468750000002 0.009863281250000022
0 0.16240234375 0.35072265625 0.008164062500000013 0.010117187500000013
0 0.12615234375 0.3546875 0.009824218750000002 0.010000000000000009
0 0.12779296875 0.3680859375 0.006113281249999991 0.009531249999999991
0 0.13888671875 0.366015625 0.008164062500000013 0.010156249999999978
0 0.149140625 0.36326171875 0.009589843749999993 0.008144531250000031
0 0.086875 0.398671875 0.01025390625 0.012011718749999956
0 0.11326171875 0.39755859375 0.012343750000000014 0.013867187500000044
0 0.1446484375 0.37708984375 0.007968750000000024 0.007929687500000004
0 0.14857421875 0.38759765625 0.008691406249999978 0.010351562500000022
0 0.14625 0.4003125 0.011640625000000016 0.008457031249999969
0 0.15150390625 0.4093359375 0.009746093750000018 0.009316406249999964
0 0.10568359375 0.4316796875 0.008164062500000013 0.007753906250000053
0 0.0959375 0.44650390625 0.008124999999999993 0.010097656250000031
0 0.10640625 0.4480859375 0.010214843750000008 0.010468750000000027
0 0.115546875 0.45609375 0.008378906250000012 0.005761718749999978
0 0.117265625 0.463828125 0.008261718750000008 0.00968749999999996
0 0.10568359375 0.4691015625 0.007871093750000002 0.01179687500000004
0 0.0821875 0.4641796875 0.007910156249999994 0.006035156249999951
0 0.101484375 0.48619140625 0.008027343749999999 0.007519531250000044
0 0.12412109375 0.5187890625 0.009570312500000011 0.010058593749999956
0 0.121875 0.53494140625 0.006269531249999988 0.00830078125
0 0.1009375 0.56166015625 0.009824218750000002 0.005957031249999911
0 0.1223046875 0.4425 0.010097656250000003 0.010722656250000018
0 0.13689453125 0.4425 0.00785156250000002 0.010312499999999947
0 0.13087890625 0.43236328125 0.011777343750000002 0.009628906250000013
0 0.162421875 0.44423828125 0.012109374999999978 0.009941406249999951
0 0.171171875 0.4571875 0.014257812500000022 0.0077734375000000355
0 0.219921875 0.4053125 0.010156249999999978 0.009609375000000031
0 0.16890625 0.41296875 0.014003906249999976 0.005996093749999987
0 0.1662890625 0.39857421875 0.011601562499999996 0.008105468749999956
0 0.15240234375 0.60470703125 0.011972656249999991 0.01009765624999992
0 0.17984375 0.5604296875 0.008281250000000018 0.008046875000000009
0 0.1914453125 0.583046875 0.008144531249999976 0.010488281250000009
0 0.2051953125 0.60076171875 0.00833984375000002 0.010195312500000053
0 0.19421875 0.6298046875 0.0064257812499999845 0.006894531249999947
0 0.1748046875 0.55013671875 0.0062695312500000155 0.00634765625
0 0.18671875 0.5231640625 0.010156249999999978 0.008359374999999947
0 0.21205078125 0.50896484375 0.013964843750000011 0.013535156249999902
0 0.20224609375 0.4819921875 0.010410156250000024 0.012011718749999956
0 0.25796875 0.59005859375 0.01179687500000004 0.008183593750000107
0 0.27439453125 0.58673828125 0.014003906250000031 0.009804687499999964
0 0.297734375 0.59099609375 0.013828124999999969 0.010117187499999902
0 0.2746875 0.62716796875 0.013906250000000009 0.011679687500000036
0 0.2559765625 0.63859375 0.011445312500000027 0.012265624999999947
0 0.2316015625 0.65564453125 0.009414062499999987 0.010195312500000053
0 0.26734375 0.6717578125 0.012167968750000036 0.011972656249999991
0 0.3321484375 0.57435546875 0.012050781250000031 0.01187500000000008
0 0.33494140625 0.562265625 0.009648437499999996 0.012187500000000018
0 0.32513671875 0.561875 0.009414062499999987 0.011914062500000044
0 0.31380859375 0.55859375 0.010039062499999973 0.008730468750000053
0 0.30642578125 0.55205078125 0.008007812500000044 0.006757812500000071
0 0.24119140625 0.45625 0.010039062499999973 0.010312499999999947
0 0.25017578125 0.45125 0.012089843749999996 0.011972656249999991
0 0.25775390625 0.46283203125 0.011191406250000036 0.0076953124999999956
0 0.22140625 0.4639453125 0.009785156249999982 0.014394531250000009
0 0.2219921875 0.4759765625 0.009902343749999987 0.009160156249999996
0 0.259921875 0.4804296875 0.01179687500000004 0.01123046875
0 0.25388671875 0.4765234375 0.007519531250000044 0.011113281249999996
0 0.4241015625 0.60359375 0.015488281250000013 0.012343750000000098
0 0.46236328125 0.55474609375 0.017851562499999973 0.015058593750000071
0 0.4884765625 0.53875 0.01642578125000005 0.01156249999999992
0 0.1544140625 0.82822265625 0.015800781250000007 0.011503906249999973
0 0.18267578125 0.80953125 0.009492187500000027 0.009687500000000071
0 0.20986328125 0.79875 0.009941406250000007 0.008046875000000009
0 0.2471875 0.77525390625 0.009765625 0.007539062500000027
0 0.208828125 0.7637109375 0.007890624999999984 0.009042968749999991
0 0.20908203125 0.74126953125 0.012324218750000004 0.006152343749999956
0 0.2062890625 0.73224609375 0.014003906249999976 0.008164062499999902
0 0.188515625 0.69126953125 0.01025390625 0.007929687499999893
0 0.23337890625 0.84986328125 0.009863281250000022 0.011347656249999893
0 0.240390625 0.83416015625 0.011796874999999984 0.012480468749999973
0 0.2540234375 0.82787109375 0.012109374999999978 0.012070312499999902
0 0.26572265625 0.83296875 0.016582031250000018 0.00912109374999992
0 0.280390625 0.8724609375 0.009902343749999987 0.006250000000000089
0 0.26470703125 0.8148046875 0.010039062499999973 0.008261718750000036
0 0.2500390625 0.9070703125 0.012187500000000018 0.009863281249999911
0 0.23943359375 0.88865234375 0.009824218750000002 0.007460937500000098
0 0.24009765625 0.89724609375 0.007929687500000004 0.009707031250000053
0 0.22935546875 0.89369140625 0.009882812500000004 0.010449218750000044
0 0.30458984375 0.662734375 0.008398437500000022 0.009863281249999911
0 0.30841796875 0.68396484375 0.008535156250000009 0.008242187500000053
0 0.2946875 0.69220703125 0.008144531250000031 0.009804687499999964
0 0.2800390625 0.7540234375 0.009570312499999956 0.011777343749999947
0 0.29396484375 0.75001953125 0.009414062499999987 0.008261718750000036
0 0.29005859375 0.7596875 0.010214843750000036 0.011582031249999902
0 0.27615234375 0.74033203125 0.01017578124999996 0.012324218749999893
0 0.2685546875 0.75703125 0.006249999999999978 0.009765625
0 0.2724609375 0.70095703125 0.017968749999999978 0.01976562500000001
0 0.28412109375 0.71390625 0.014121093750000036 0.009257812500000018
0 0.4745703125 0.42962890625 0.031367187500000004 0.015625
0 0.513828125 0.42484375 0.03548828124999992 0.024941406249999964
0 0.2214453125 0.49564453125 0.017519531249999998 0.01863281250000004
0 0.2344921875 0.4844140625 0.03140624999999997 0.015175781249999964
0 0.41322265625 0.53841796875 0.0059765625000000044 0.006367187499999982
0 0.28818359375 0.722734375 0.009726562500000036 0.011953125000000009
0 0.31166015625 0.71888671875 0.013535156250000013 0.012226562499999982
0 0.30171875 0.73349609375 0.014121093750000036 0.013476562499999956
0 0.299140625 0.72068359375 0.011464843750000009 0.011660156250000053
0 0.20984375 0.98720703125 0.010195312499999998 0.009765625
0 0.1758984375 0.977734375 0.019355468749999993 0.026191406249999938
0 0.198203125 0.977578125 0.021640625000000024 0.02986328124999993
0 0.2870703125 0.7021875 0.008515625000000027 0.005917968749999947