0 0.1943359375 0.03912109375 0.010136718749999996 0.008105468749999997
0 0.1807421875 0.1385546875 0.013886718750000027 0.011933593750000027
0 0.1896484375 0.1365625 0.0035351562500000044 0.0077343750000000155
0 0.1953515625 0.13880859375 0.007910156250000022 0.011445312500000027
0 0.050859375 0.17173828125 0.011953124999999995 0.011992187499999973
0 0.021484375 0.19615234375 0.01171875 0.013945312499999973
0 0.04208984375 0.2021484375 0.018046875000000004 0.017734375000000024
0 0.070390625 0.20697265625 0.011484374999999991 0.011933593750000027
0 0.073203125 0.217890625 0.013730468750000002 0.013437499999999991
0 0.08708984375 0.2217578125 0.013730468750000002 0.013515624999999976
0 0.0879296875 0.25279296875 0.012031249999999993 0.010039062499999973
0 0.105546875 0.26267578125 0.011621093750000006 0.010214843750000036
0 0.1173046875 0.25962890625 0.011816406249999994 0.011953125000000009
0 0.1328125 0.23607421875 0.012109374999999978 0.011816406250000022
0 0.13185546875 0.24712890625 0.014003906249999976 0.009648437499999996
0 0.12019531249999998 0.28994140625 0.013906250000000009 0.013496093750000049
0 0.13447265625 0.2842578125 0.011445312500000027 0.013925781249999991
0 0.144609375 0.28423828125 0.008417968750000004 0.013945312499999973
0 0.1758203125 0.29681640625 0.011777343750000002 0.012011718749999956
0 0.10251953125 0.32232421875 0.010175781249999988 0.011972656249999991
0 0.1125390625 0.32505859375 0.009824218750000002 0.013789062500000004
0 0.06251953125 0.33103515625 0.011503906250000001 0.013691406249999982
0 0.033359375 0.34361328125 0.011816406249999994 0.011601562499999996
0 0.06634765625 0.37099609375 0.012109375000000006 0.011894531249999951
0 0.06166015625 0.3543359375 0.009882812500000004 0.013613281250000053
0 0.07248046875 0.35236328125 0.011660156249999998 0.013613281250000053
0 0.0919140625 0.3613671875 0.011093750000000013 0.012031250000000049
0 0.10451171875 0.36517578125 0.013984374999999993 0.011835937500000004
0 0.10646484375 0.3778515625 0.014042968749999996 0.013417968750000009
0 0.10736328125 0.39533203125 0.01169921874999999 0.013632812500000036
0 0.125 0.37697265625 0.012089843749999996 0.011933593750000027
0 0.12619140625 0.3340234375 0.00980468750000002 0.011621093749999978
0 0.1102734375 0.3407421875 0.009921874999999997 0.013847656249999951
0 0.12013671875 0.34177734375 0.010117187499999986 0.011757812499999964
0 0.09177734375 0.33775390625 0.012070312499999986 0.011601562499999996
0 0.13767578125 0.35037109375 0.010097656249999976 0.013613281250000053
0 0.16392578125 0.35333984375 0.007539062500000027 0.011777343749999947
0 0.16197265625 0.3818359375 0.011464843750000009 0.014042968749999996
0 0.0734375 0.33796875 0.00978515625000001 0.011562500000000031
0 0.08205078125 0.337734375 0.0074414062500000044 0.01179687500000004
0 0.12509765625 0.35716796875 0.011933593750000027 0.011816406250000022
0 0.13583984375 0.36513671875 0.009687500000000016 0.011914062500000044
0 0.140625 0.376875 0.01167968749999998 0.011874999999999969
0 0.14658203125 0.3905078125 0.01175781250000002 0.011542968750000049
0 0.15427734375 0.41115234375 0.012050781249999976 0.014023437500000013
0 0.1426953125 0.43080078125 0.012265625000000002 0.014179687499999982
0 0.15619140625 0.50767578125 0.012011718750000011 0.01572265624999991
0 0.14751953125 0.486328125 0.013886718750000027 0.012070312500000013
0 0.12994140625 0.4687109375 0.018222656250000024 0.01611328125
0 0.02642578125 0.73517578125 0.013789062499999998 0.014023437499999902
0 0.01865234375 0.75 0.013906250000000002 0.01601562500000009
0 0.0303515625 0.798984375 0.013886718749999999 0.016093750000000018
0 0.05763671875000001 0.8046484375 0.014101562499999998 0.01220703125
0 0.07501953125 0.80669921875 0.013886718749999999 0.019824218749999956
0 0.1102734375 0.95796875 0.01414062499999999 0.014121093750000036
0 0.1212109375 0.974609375 0.01585937500000001 0.01187500000000008
0 0.138671875 0.9794921875 0.016015624999999978 0.014082031250000071
0 0.13966796875 0.9939453125 0.013886718750000027 0.012089843750000107