0 0.15255859375 0.1475 0.019667968749999987 0.014238281249999984
0 0.14248046875 0.13037109375 0.011464843750000009 0.018632812499999984
0 0.14451171875 0.10345703125 0.012402343749999989 0.020058593749999992
0 0.2158984375 0.09765625 0.006054687499999989 0.008398437499999994
0 0.15435546875 0.12146484375 0.011835937500000004 0.012050781249999976
0 0.15248046875 0.13484375 0.0076953124999999956 0.011484374999999991
0 0.3562890625 0.2265234375 0.010039062499999973 0.01220703125
0 0.38095703125 0.18271484375 0.007578124999999991 0.009707031249999998
0 0.3702734375 0.18234375 0.009238281250000036 0.013671875
0 0.47123046875 0.3494921875 0.009609375000000031 0.012324218750000004
0 0.475859375 0.33810546875 0.0059765625000000044 0.008164062500000013
0 0.4952734375000001 0.34919921875 0.017636718749999947 0.011699218750000018
0 0.485078125 0.359609375 0.017949218749999996 0.015605468750000018