0 0.48828125 0.986328125 0.0078125 0.0078125
0 0.5126953125 0.9951171875 0.005859375 0.005859375
0 0.5087890625 0.9775390625 0.005859375 0.005859375
0 0.51953125 0.9814453125 0.00390625 0.005859375
0 0.5263671875 0.984375 0.005859375 0.00390625
0 0.5078125 0.9892578125 0.0078125 0.009765625
0 0.5673828125 0.9833984375 0.005859375 0.009765625
0 0.64453125 0.990234375 0.0078125 0.0078125
0 0.5546875 0.9951171875 0.0078125 0.005859375
0 0.5556640625 0.990234375 0.005859375 0.00390625
0 0.5966796875 0.96875 0.009765625 0.0078125
0 0.701171875 0.9013671875 0.0078125 0.005859375
0 0.6787109375 0.9130859375 0.005859375 0.009765625
0 0.5390625 0.9169921875 0.0078125 0.01171875
0 0.58984375 0.955078125 0.0078125 0.0078125
0 0.5849609375 0.9482421875 0.009765625 0.005859375
0 0.478515625 0.4072265625 0.01171875 0.017578125
0 0.2119140625 0.9091796875 0.005859375 0.009765625
0 0.6552734375 0.8896484375 0.005859375 0.005859375
0 0.537109375 0.9501953125 0.0078125 0.009765625
0 0.548828125 0.951171875 0.0078125 0.0078125
0 0.55078125 0.9599609375 0.0078125 0.005859375
0 0.5029296875 0.998046875 0.005859375 0.00390625
0 0.35546875 0.6474609375 0.0078125 0.009765625
0 0.6748046875 0.88671875 0.013671875 0.01171875
0 0.6630859375 0.900390625 0.009765625 0.0078125
0 0.6806640625 0.904296875 0.005859375 0.0078125
0 0.7041015625 0.9140625 0.005859375 0.0078125
0 0.6279296875 0.9970703125 0.005859375 0.005859375
0 0.62109375 0.994140625 0.0078125 0.0078125
0 0.6357421875 0.9775390625 0.005859375 0.005859375
0 0.62109375 0.974609375 0.0078125 0.01171875
0 0.626953125 0.9716796875 0.00390625 0.005859375
0 0.6123046875 0.962890625 0.009765625 0.0078125
0 0.6015625 0.958984375 0.01171875 0.01171875
0 0.6962890625 0.9453125 0.009765625 0.0078125
0 0.6845703125 0.9541015625 0.005859375 0.005859375
0 0.6787109375 0.9599609375 0.005859375 0.005859375
0 0.6904296875 0.921875 0.013671875 0.01953125
0 0.6787109375 0.94140625 0.009765625 0.0078125
0 0.6669921875 0.9453125 0.005859375 0.0078125
0 0.6728515625 0.947265625 0.005859375 0.0078125
0 0.66015625 0.9267578125 0.00390625 0.005859375
0 0.6181640625 0.908203125 0.005859375 0.0078125
0 0.619140625 0.9169921875 0.0078125 0.009765625
0 0.6181640625 0.9365234375 0.005859375 0.005859375
0 0.6201171875 0.9541015625 0.005859375 0.005859375
0 0.61328125 0.947265625 0.0078125 0.0078125
0 0.6123046875 0.94140625 0.005859375 0.00390625
0 0.607421875 0.91796875 0.0078125 0.015625
0 0.599609375 0.9462890625 0.0078125 0.005859375
0 0.5908203125 0.9384765625 0.013671875 0.01171875
0 0.5908203125 0.927734375 0.005859375 0.00390625
0 0.5537109375 0.9755859375 0.013671875 0.021484375
0 0.5419921875 0.994140625 0.005859375 0.0078125
0 0.5771484375 0.994140625 0.005859375 0.0078125
0 0.751953125 0.9541015625 0.0078125 0.009765625
0 0.75 0.9697265625 0.0078125 0.009765625
0 0.7705078125 0.9599609375 0.005859375 0.005859375
0 0.7890625 0.9697265625 0.0078125 0.009765625
0 0.18359375 0.9970703125 0.0078125 0.005859375
0 0.8359375 0.732421875 0.0078125 0.0078125
0 0.857421875 0.75390625 0.0078125 0.0078125
0 0.9033203125 0.763671875 0.009765625 0.01171875
0 0.9111328125 0.7578125 0.005859375 0.005859375
0 0.9482421875 0.7451171875 0.005859375 0.005859375
0 0.908203125 0.6142578125 0.0078125 0.009765625
0 0.9169921875 0.5947265625 0.009765625 0.009765625
0 0.763671875 0.95703125 0.0078125 0.0078125
0 0.7822265625 0.98828125 0.005859375 0.0078125
0 0.7763671875 0.9833984375 0.005859375 0.009765625
0 0.7666015625 0.9921875 0.009765625 0.005859375
0 0.7421875 0.986328125 0.0078125 0.0078125
0 0.75 0.9970703125 0.0078125 0.005859375
0 0.7275390625 0.9970703125 0.005859375 0.005859375