0 0.6748046875 0.0732421875 0.009765625 0.009765625
0 0.6875 0.080078125 0.015625 0.01171875
0 0.7666015625 0.0146484375 0.009765625 0.013671875
0 0.7529296875 0.0283203125 0.009765625 0.009765625
0 0.7568359375 0.0390625 0.009765625 0.0078125
0 0.7646484375 0.044921875 0.009765625 0.01171875
0 0.763671875 0.0595703125 0.01171875 0.013671875
0 0.0224609375 0.2666015625 0.009765625 0.013671875
0 0.09375 0.2744140625 0.01171875 0.013671875
0 0.0478515625 0.3212890625 0.013671875 0.013671875
0 0.052734375 0.3486328125 0.01171875 0.013671875
0 0.1171875 0.318359375 0.01171875 0.01171875
0 0.1083984375 0.3369140625 0.009765625 0.013671875
0 0.1318359375 0.337890625 0.009765625 0.01171875
0 0.126953125 0.3564453125 0.01171875 0.013671875
0 0.0126953125 0.4287109375 0.013671875 0.013671875
0 0.05859375 0.435546875 0.01171875 0.01171875
0 0.0791015625 0.4599609375 0.009765625 0.013671875
0 0.060546875 0.4912109375 0.01171875 0.013671875
0 0.087890625 0.5009765625 0.01171875 0.013671875
0 0.0908203125 0.4794921875 0.017578125 0.013671875
0 0.091796875 0.421875 0.01171875 0.01171875
0 0.095703125 0.4365234375 0.015625 0.015625
0 0.15625 0.421875 0.01171875 0.01171875
0 0.15234375 0.439453125 0.01171875 0.01171875
0 0.0185546875 0.529296875 0.009765625 0.01171875
0 0.0380859375 0.5322265625 0.009765625 0.009765625
0 0.00390625 0.560546875 0.0078125 0.01171875
0 0.013671875 0.56640625 0.01171875 0.01171875
0 0.0791015625 0.5380859375 0.009765625 0.013671875
0 0.09375 0.5244140625 0.01171875 0.009765625
0 0.099609375 0.5322265625 0.01171875 0.009765625
0 0.125 0.58203125 0.01171875 0.01171875
0 0.1474609375 0.4912109375 0.009765625 0.009765625
0 0.216796875 0.4921875 0.01171875 0.01171875
0 0.162109375 0.5048828125 0.013671875 0.009765625
0 0.13671875 0.509765625 0.01953125 0.015625
0 0.1884765625 0.5068359375 0.009765625 0.013671875
0 0.1728515625 0.5205078125 0.009765625 0.015625
0 0.0205078125 0.619140625 0.009765625 0.01171875
0 0.0244140625 0.8486328125 0.009765625 0.009765625
0 0.0634765625 0.8408203125 0.009765625 0.009765625
0 0.052734375 0.84765625 0.01171875 0.01171875
0 0.0966796875 0.865234375 0.009765625 0.01171875
0 0.111328125 0.849609375 0.01171875 0.01171875
0 0.1142578125 0.923828125 0.009765625 0.01171875
0 0.1435546875 0.8974609375 0.009765625 0.013671875
0 0.2099609375 0.5263671875 0.009765625 0.013671875
0 0.21875 0.5390625 0.01171875 0.01171875
0 0.2392578125 0.5341796875 0.009765625 0.009765625
0 0.2431640625 0.548828125 0.009765625 0.01953125
0 0.24609375 0.623046875 0.01171875 0.01171875
0 0.2880859375 0.591796875 0.009765625 0.01171875
0 0.2978515625 0.583984375 0.009765625 0.01171875
0 0.3330078125 0.6201171875 0.009765625 0.009765625
0 0.3505859375 0.5966796875 0.009765625 0.009765625
0 0.3681640625 0.6005859375 0.013671875 0.013671875
0 0.3720703125 0.6171875 0.013671875 0.01171875
0 0.388671875 0.6181640625 0.01171875 0.013671875
0 0.142578125 0.97265625 0.01171875 0.01171875
0 0.2666015625 0.6162109375 0.009765625 0.009765625
0 0.2763671875 0.6259765625 0.009765625 0.009765625
0 0.2841796875 0.6357421875 0.009765625 0.009765625
0 0.2958984375 0.64453125 0.009765625 0.01171875
0 0.3076171875 0.6591796875 0.009765625 0.009765625
0 0.3134765625 0.671875 0.009765625 0.01171875
0 0.328125 0.673828125 0.01171875 0.01171875
0 0.326171875 0.6513671875 0.01171875 0.009765625
0 0.326171875 0.662109375 0.01171875 0.01171875
0 0.0751953125 0.7470703125 0.009765625 0.009765625
0 0.4365234375 0.6123046875 0.009765625 0.013671875
0 0.455078125 0.611328125 0.01171875 0.01171875
0 0.552734375 0.541015625 0.01171875 0.01171875
0 0.546875 0.5673828125 0.01171875 0.013671875
0 0.576171875 0.552734375 0.01171875 0.01171875
0 0.5703125 0.5703125 0.01171875 0.01171875
0 0.5791015625 0.56640625 0.009765625 0.01171875
0 0.640625 0.576171875 0.01171875 0.01171875
0 0.623046875 0.603515625 0.01171875 0.01171875
0 0.619140625 0.623046875 0.01171875 0.01171875
0 0.56640625 0.6748046875 0.01171875 0.013671875
0 0.5751953125 0.7431640625 0.009765625 0.013671875
0 0.5302734375 0.7216796875 0.013671875 0.013671875
0 0.54296875 0.7431640625 0.01171875 0.013671875
0 0.6826171875 0.5126953125 0.013671875 0.013671875
0 0.703125 0.548828125 0.01171875 0.01171875
0 0.708984375 0.5791015625 0.01171875 0.013671875
0 0.74609375 0.56640625 0.015625 0.015625
0 0.75390625 0.4794921875 0.015625 0.013671875
0 0.796875 0.4755859375 0.01171875 0.013671875
0 0.7763671875 0.482421875 0.009765625 0.01171875
0 0.787109375 0.48828125 0.01171875 0.01171875
0 0.748046875 0.513671875 0.01171875 0.01171875
0 0.7421875 0.525390625 0.01171875 0.01171875
0 0.705078125 0.529296875 0.01171875 0.01171875
0 0.939453125 0.333984375 0.01171875 0.01171875
0 0.9462890625 0.3447265625 0.009765625 0.009765625
0 0.96875 0.3447265625 0.01171875 0.013671875
0 0.953125 0.3671875 0.01171875 0.01171875
0 0.9697265625 0.369140625 0.009765625 0.01171875
0 0.9814453125 0.36328125 0.009765625 0.01171875
0 0.9228515625 0.4072265625 0.013671875 0.013671875
0 0.97265625 0.388671875 0.01171875 0.01171875
0 0.9765625 0.408203125 0.01171875 0.01171875
0 0.830078125 0.501953125 0.015625 0.015625
0 0.93359375 0.4990234375 0.01171875 0.013671875
0 0.943359375 0.4990234375 0.0078125 0.009765625
0 0.95703125 0.5029296875 0.01171875 0.013671875
0 0.9658203125 0.486328125 0.009765625 0.01171875
0 0.970703125 0.4970703125 0.01171875 0.009765625
0 0.9892578125 0.353515625 0.009765625 0.01171875
0 0.99609375 0.357421875 0.0078125 0.0078125
0 0.796875 0.5390625 0.01171875 0.01171875
0 0.802734375 0.5341796875 0.01171875 0.009765625
0 0.9912109375 0.4052734375 0.009765625 0.009765625
0 0.998046875 0.4052734375 0.00390625 0.009765625
0 0.9677734375 0.423828125 0.009765625 0.01171875
0 0.9951171875 0.4296875 0.009765625 0.01171875
0 0.982421875 0.4609375 0.01171875 0.0078125
0 0.9794921875 0.453125 0.013671875 0.0078125
0 0.9814453125 0.4453125 0.009765625 0.0078125
0 0.9794921875 0.5888671875 0.009765625 0.009765625
0 0.955078125 0.607421875 0.01171875 0.01171875
0 0.9072265625 0.5576171875 0.009765625 0.013671875
0 0.8974609375 0.5634765625 0.009765625 0.013671875
0 0.8994140625 0.587890625 0.009765625 0.01171875
0 0.8134765625 0.5703125 0.009765625 0.01171875
0 0.845703125 0.6201171875 0.01171875 0.009765625
0 0.8544921875 0.61328125 0.009765625 0.01171875
0 0.87890625 0.62109375 0.01171875 0.01171875
0 0.8974609375 0.634765625 0.009765625 0.01171875
0 0.90234375 0.6611328125 0.0078125 0.009765625
0 0.8857421875 0.669921875 0.009765625 0.01171875
0 0.9541015625 0.6455078125 0.009765625 0.009765625
0 0.9140625 0.58984375 0.0078125 0.01171875
0 0.921875 0.5927734375 0.0078125 0.009765625
0 0.9033203125 0.6171875 0.009765625 0.01171875
0 0.9150390625 0.611328125 0.009765625 0.01171875
0 0.9248046875 0.6181640625 0.009765625 0.009765625
0 0.9619140625 0.6328125 0.009765625 0.01171875
0 0.951171875 0.6318359375 0.0078125 0.009765625
0 0.84765625 0.572265625 0.01171875 0.01171875
0 0.859375 0.57421875 0.01171875 0.01171875
0 0.8271484375 0.6083984375 0.009765625 0.009765625
0 0.8154296875 0.62109375 0.009765625 0.01171875
0 0.8095703125 0.6298828125 0.009765625 0.009765625
0 0.80078125 0.6396484375 0.01171875 0.009765625
0 0.7900390625 0.6474609375 0.009765625 0.013671875
0 0.7724609375 0.6650390625 0.009765625 0.009765625
0 0.88671875 0.693359375 0.0078125 0.0078125
0 0.490234375 0.7109375 0.015625 0.01171875
0 0.4765625 0.71875 0.01171875 0.01171875
0 0.4638671875 0.72265625 0.009765625 0.01171875
0 0.4560546875 0.732421875 0.009765625 0.01171875
0 0.501953125 0.759765625 0.01171875 0.01171875
0 0.541015625 0.8408203125 0.01171875 0.013671875
0 0.5263671875 0.83203125 0.009765625 0.01171875
0 0.4609375 0.826171875 0.0078125 0.01171875
0 0.4599609375 0.837890625 0.009765625 0.01171875
0 0.4716796875 0.8359375 0.009765625 0.01171875
0 0.521484375 0.8076171875 0.01171875 0.009765625
0 0.5283203125 0.7978515625 0.009765625 0.009765625
0 0.53125 0.7861328125 0.01171875 0.009765625
0 0.5224609375 0.7744140625 0.009765625 0.009765625
0 0.53125 0.7666015625 0.01171875 0.017578125
0 0.498046875 0.796875 0.01171875 0.0078125
0 0.490234375 0.7861328125 0.01171875 0.009765625
0 0.482421875 0.8203125 0.01171875 0.0078125
0 0.48046875 0.8115234375 0.01171875 0.009765625
0 0.4697265625 0.798828125 0.009765625 0.01171875
0 0.4794921875 0.794921875 0.009765625 0.01171875
0 0.466796875 0.7763671875 0.01171875 0.013671875
0 0.4462890625 0.7607421875 0.009765625 0.009765625
0 0.4521484375 0.7705078125 0.013671875 0.009765625
0 0.4375 0.80859375 0.0078125 0.01171875
0 0.4287109375 0.80859375 0.009765625 0.01171875
0 0.4267578125 0.736328125 0.013671875 0.01953125