0 0.8779296875 0.0029296875 0.009765625 0.005859375
0 0.8671875 0.0029296875 0.0078125 0.005859375
0 0.8564453125 0.00390625 0.005859375 0.0078125
0 0.8486328125 0.0029296875 0.005859375 0.005859375
0 0.8359375 0.0048828125 0.01171875 0.009765625
0 0.900390625 0.02734375 0.0078125 0.0078125
0 0.8994140625 0.0390625 0.005859375 0.0078125
0 0.9033203125 0.0703125 0.005859375 0.005859375
0 0.888671875 0.044921875 0.0078125 0.0078125
0 0.876953125 0.033203125 0.009765625 0.0078125
0 0.87109375 0.025390625 0.0078125 0.009765625
0 0.865234375 0.029296875 0.009765625 0.009765625
0 0.8662109375 0.017578125 0.005859375 0.0078125
0 0.8623046875 0.0107421875 0.009765625 0.0078125
0 0.8515625 0.0244140625 0.0078125 0.0078125
0 0.845703125 0.0234375 0.009765625 0.0078125
0 0.7626953125 0.013671875 0.005859375 0.0078125
0 0.7421875 0.013671875 0.0078125 0.005859375
0 0.8974609375 0.1103515625 0.009765625 0.009765625
0 0.802734375 0.1044921875 0.0078125 0.0078125
0 0.841796875 0.1171875 0.005859375 0.0078125
0 0.8515625 0.1357421875 0.0078125 0.01171875
0 0.8564453125 0.15234375 0.009765625 0.009765625
0 0.857421875 0.162109375 0.0078125 0.0078125
0 0.8388671875 0.146484375 0.0078125 0.009765625
0 0.83203125 0.1494140625 0.0078125 0.0078125
0 0.8193359375 0.1513671875 0.009765625 0.0078125
0 0.810546875 0.1640625 0.0078125 0.0078125
0 0.80078125 0.150390625 0.0078125 0.009765625
0 0.806640625 0.1318359375 0.009765625 0.01171875
0 0.794921875 0.1318359375 0.0078125 0.01171875
0 0.802734375 0.119140625 0.0078125 0.0078125
0 0.794921875 0.111328125 0.0078125 0.0078125
0 0.8251953125 0.2548828125 0.0078125 0.0078125
0 0.80078125 0.2490234375 0.0078125 0.0078125
0 0.7900390625 0.2822265625 0.005859375 0.005859375
0 0.767578125 0.267578125 0.0078125 0.009765625
0 0.7548828125 0.2822265625 0.005859375 0.0078125
0 0.736328125 0.2470703125 0.0078125 0.0078125
0 0.7255859375 0.248046875 0.005859375 0.0078125
0 0.7314453125 0.2587890625 0.005859375 0.005859375
0 0.7373046875 0.267578125 0.009765625 0.009765625
0 0.744140625 0.2841796875 0.0078125 0.009765625
0 0.7421875 0.2900390625 0.0078125 0.005859375
0 0.74609375 0.296875 0.009765625 0.0078125
0 0.744140625 0.3203125 0.0078125 0.0078125
0 0.7470703125 0.328125 0.005859375 0.005859375
0 0.7490234375 0.3359375 0.005859375 0.0078125
0 0.7421875 0.34375 0.0078125 0.0078125
0 0.736328125 0.365234375 0.0078125 0.0078125
0 0.7919921875 0.4130859375 0.009765625 0.009765625
0 0.7919921875 0.423828125 0.0078125 0.0078125
0 0.78515625 0.42578125 0.0078125 0.0078125
0 0.7763671875 0.416015625 0.009765625 0.0078125
0 0.779296875 0.4208984375 0.0078125 0.0078125
0 0.765625 0.4072265625 0.0078125 0.009765625
0 0.748046875 0.396484375 0.0078125 0.0078125
0 0.748046875 0.4072265625 0.0078125 0.0078125
0 0.7392578125 0.3984375 0.0078125 0.009765625
0 0.748046875 0.44921875 0.00390625 0.00390625
0 0.76171875 0.4765625 0.0078125 0.009765625
0 0.71875 0.447265625 0.0078125 0.0078125
0 0.720703125 0.4287109375 0.0078125 0.0078125
0 0.71484375 0.41796875 0.0078125 0.0078125
0 0.7080078125 0.4072265625 0.005859375 0.009765625
0 0.6962890625 0.3740234375 0.005859375 0.005859375
0 0.7333984375 0.2822265625 0.005859375 0.005859375
0 0.728515625 0.2763671875 0.0078125 0.0078125
0 0.7275390625 0.265625 0.005859375 0.0078125
0 0.716796875 0.2626953125 0.0078125 0.0078125
0 0.705078125 0.2587890625 0.0078125 0.0078125
0 0.673828125 0.2021484375 0.00390625 0.005859375
0 0.6796875 0.2158203125 0.0078125 0.005859375
0 0.6669921875 0.2158203125 0.005859375 0.005859375
0 0.6455078125 0.2080078125 0.005859375 0.005859375
0 0.6337890625 0.21875 0.005859375 0.00390625
0 0.6201171875 0.234375 0.005859375 0.00390625
0 0.6064453125 0.2353515625 0.005859375 0.009765625
0 0.619140625 0.2431640625 0.00390625 0.005859375
0 0.62890625 0.2490234375 0.005859375 0.005859375
0 0.626953125 0.2529296875 0.00390625 0.005859375
0 0.634765625 0.2626953125 0.00390625 0.005859375
0 0.6708984375 0.2646484375 0.005859375 0.005859375
0 0.6669921875 0.2783203125 0.005859375 0.0078125
0 0.662109375 0.2685546875 0.005859375 0.005859375
0 0.654296875 0.267578125 0.0078125 0.0078125
0 0.65625 0.2744140625 0.0078125 0.0078125
0 0.6494140625 0.2783203125 0.005859375 0.0078125
0 0.6552734375 0.28515625 0.0078125 0.0078125
0 0.6220703125 0.2744140625 0.005859375 0.01171875
0 0.6572265625 0.3212890625 0.005859375 0.005859375
0 0.6513671875 0.3212890625 0.005859375 0.005859375
0 0.6552734375 0.328125 0.00390625 0.005859375
0 0.6484375 0.3291015625 0.0078125 0.005859375
0 0.6416015625 0.330078125 0.005859375 0.005859375
0 0.5654296875 0.29296875 0.005859375 0.0078125
0 0.5693359375 0.3017578125 0.005859375 0.005859375
0 0.56640625 0.30859375 0.005859375 0.005859375
0 0.498046875 0.306640625 0.0078125 0.0078125
0 0.4140625 0.2587890625 0.005859375 0.0078125
0 0.4345703125 0.4033203125 0.005859375 0.005859375
0 0.591796875 0.4541015625 0.0078125 0.0078125
0 0.38671875 0.44140625 0.0078125 0.0078125
0 0.4052734375 0.4462890625 0.005859375 0.005859375
0 0.3173828125 0.4658203125 0.005859375 0.005859375
0 0.3388671875 0.478515625 0.005859375 0.00390625
0 0.3271484375 0.4814453125 0.005859375 0.005859375
0 0.302734375 0.4833984375 0.00390625 0.005859375
0 0.2275390625 0.4658203125 0.005859375 0.005859375
0 0.2119140625 0.4765625 0.005859375 0.0078125
0 0.14453125 0.4814453125 0.00390625 0.005859375
0 0.15625 0.4990234375 0.00390625 0.005859375
0 0.234375 0.3271484375 0.00390625 0.00390625
0 0.240234375 0.357421875 0.0078125 0.01171875
0 0.0634765625 0.3251953125 0.005859375 0.005859375
0 0.0947265625 0.1533203125 0.005859375 0.0078125
0 0.6962890625 0.333984375 0.005859375 0.0078125
0 0.8017578125 0.43359375 0.009765625 0.0078125
0 0.7919921875 0.4384765625 0.009765625 0.009765625
0 0.771484375 0.427734375 0.01171875 0.0078125
0 0.748046875 0.4873046875 0.0078125 0.005859375
0 0.7451171875 0.5048828125 0.005859375 0.005859375
0 0.75390625 0.509765625 0.009765625 0.005859375
0 0.76171875 0.517578125 0.0078125 0.0078125
0 0.87890625 0.4931640625 0.005859375 0.005859375
0 0.8388671875 0.478515625 0.005859375 0.005859375
0 0.8525390625 0.5849609375 0.009765625 0.0078125
0 0.86328125 0.58984375 0.0078125 0.005859375
0 0.8447265625 0.59375 0.009765625 0.005859375
0 0.8291015625 0.5712890625 0.009765625 0.0078125
0 0.8046875 0.556640625 0.0078125 0.0078125
0 0.7685546875 0.5419921875 0.0078125 0.0078125
0 0.7783203125 0.6171875 0.009765625 0.0078125
0 0.7763671875 0.6279296875 0.009765625 0.009765625
0 0.7900390625 0.6396484375 0.009765625 0.009765625
0 0.765625 0.64453125 0.0078125 0.0078125
0 0.7763671875 0.677734375 0.0078125 0.005859375
0 0.7919921875 0.697265625 0.01171875 0.009765625
0 0.7744140625 0.689453125 0.005859375 0.005859375
0 0.7822265625 0.7080078125 0.0078125 0.005859375
0 0.783203125 0.72265625 0.009765625 0.0078125
0 0.7734375 0.712890625 0.009765625 0.009765625
0 0.7626953125 0.7060546875 0.0078125 0.0078125
0 0.76171875 0.7177734375 0.009765625 0.009765625
0 0.759765625 0.7578125 0.01171875 0.0078125
0 0.734375 0.76171875 0.0078125 0.0078125
0 0.748046875 0.765625 0.009765625 0.005859375
0 0.732421875 0.7431640625 0.0078125 0.0078125
0 0.724609375 0.71484375 0.009765625 0.0078125
0 0.712890625 0.7314453125 0.0078125 0.0078125
0 0.7060546875 0.73828125 0.009765625 0.0078125
0 0.6884765625 0.7392578125 0.01171875 0.009765625
0 0.6953125 0.71484375 0.0078125 0.005859375
0 0.6982421875 0.7099609375 0.005859375 0.005859375
0 0.75390625 0.5673828125 0.0078125 0.0078125
0 0.7353515625 0.5693359375 0.005859375 0.005859375
0 0.7109375 0.5166015625 0.0078125 0.0078125
0 0.7109375 0.4609375 0.005859375 0.0078125
0 0.6962890625 0.4775390625 0.0078125 0.005859375
0 0.69921875 0.5166015625 0.005859375 0.005859375
0 0.69140625 0.5078125 0.005859375 0.00390625
0 0.69140625 0.52734375 0.005859375 0.009765625
0 0.6689453125 0.5146484375 0.0078125 0.0078125
0 0.6513671875 0.5078125 0.005859375 0.0078125
0 0.5751953125 0.4609375 0.005859375 0.00390625
0 0.6435546875 0.509765625 0.005859375 0.0078125
0 0.64453125 0.517578125 0.005859375 0.005859375
0 0.662109375 0.5244140625 0.0078125 0.0078125
0 0.6533203125 0.52734375 0.0078125 0.0078125
0 0.64453125 0.529296875 0.0078125 0.0078125
0 0.6396484375 0.52734375 0.0078125 0.0078125
0 0.671875 0.5380859375 0.005859375 0.0078125
0 0.66015625 0.53515625 0.005859375 0.00390625
0 0.662109375 0.5439453125 0.0078125 0.005859375
0 0.71875 0.5693359375 0.009765625 0.013671875
0 0.708984375 0.58984375 0.0078125 0.0078125
0 0.703125 0.607421875 0.0078125 0.005859375
0 0.716796875 0.619140625 0.0078125 0.0078125
0 0.6923828125 0.6669921875 0.009765625 0.0078125
0 0.685546875 0.6796875 0.0078125 0.0078125
0 0.685546875 0.6875 0.0078125 0.0078125
0 0.6826171875 0.6962890625 0.0078125 0.0078125
0 0.671875 0.6845703125 0.009765625 0.0078125
0 0.6748046875 0.6953125 0.0078125 0.009765625
0 0.6787109375 0.705078125 0.009765625 0.0078125
0 0.67578125 0.712890625 0.0078125 0.0078125
0 0.6689453125 0.6728515625 0.005859375 0.009765625
0 0.6630859375 0.6748046875 0.009765625 0.009765625
0 0.654296875 0.666015625 0.005859375 0.005859375
0 0.650390625 0.6767578125 0.0078125 0.0078125
0 0.646484375 0.7021484375 0.0078125 0.009765625
0 0.6572265625 0.7314453125 0.005859375 0.0078125
0 0.650390625 0.73046875 0.0078125 0.0078125
0 0.6396484375 0.72265625 0.0078125 0.0078125
0 0.638671875 0.734375 0.0078125 0.01171875
0 0.646484375 0.6904296875 0.0078125 0.0078125
0 0.6357421875 0.689453125 0.01171875 0.0078125
0 0.623046875 0.580078125 0.009765625 0.0078125
0 0.6376953125 0.603515625 0.005859375 0.0078125
0 0.6220703125 0.5888671875 0.009765625 0.0078125
0 0.58984375 0.5849609375 0.0078125 0.005859375
0 0.6201171875 0.599609375 0.0078125 0.0078125
0 0.61328125 0.6015625 0.0078125 0.0078125
0 0.626953125 0.609375 0.0078125 0.005859375
0 0.62109375 0.61328125 0.009765625 0.0078125
0 0.6123046875 0.6123046875 0.005859375 0.005859375
0 0.5595703125 0.5908203125 0.0078125 0.005859375
0 0.59375 0.609375 0.009765625 0.0078125
0 0.609375 0.6357421875 0.0078125 0.0078125
0 0.580078125 0.611328125 0.0078125 0.005859375
0 0.57421875 0.61328125 0.005859375 0.005859375
0 0.5908203125 0.6240234375 0.00390625 0.00390625
0 0.5908203125 0.6318359375 0.009765625 0.005859375
0 0.59375 0.640625 0.009765625 0.0078125
0 0.59375 0.650390625 0.0078125 0.005859375
0 0.56640625 0.623046875 0.0078125 0.005859375
0 0.5234375 0.68359375 0.0078125 0.0078125
0 0.587890625 0.7373046875 0.009765625 0.0078125
0 0.58203125 0.7431640625 0.0078125 0.0078125
0 0.60546875 0.8076171875 0.0078125 0.009765625
0 0.6025390625 0.8203125 0.005859375 0.005859375
0 0.609375 0.8291015625 0.0078125 0.0078125
0 0.6171875 0.8447265625 0.0078125 0.009765625
0 0.6220703125 0.859375 0.009765625 0.0078125
0 0.626953125 0.8642578125 0.009765625 0.0078125
0 0.5703125 0.8232421875 0.0078125 0.009765625
0 0.580078125 0.83203125 0.00390625 0.005859375
0 0.580078125 0.84765625 0.0078125 0.0078125
0 0.58984375 0.875 0.01171875 0.009765625
0 0.5693359375 0.8671875 0.009765625 0.01171875
0 0.5595703125 0.8701171875 0.009765625 0.01171875
0 0.6533203125 0.9580078125 0.0078125 0.0078125
0 0.6279296875 0.9541015625 0.01171875 0.009765625
0 0.61328125 0.947265625 0.01171875 0.009765625
0 0.6044921875 0.916015625 0.009765625 0.0078125
0 0.6064453125 0.927734375 0.009765625 0.009765625
0 0.5830078125 0.908203125 0.009765625 0.009765625
0 0.564453125 0.896484375 0.01171875 0.013671875
0 0.5302734375 0.8916015625 0.013671875 0.01171875
0 0.546875 0.927734375 0.01171875 0.009765625
0 0.6025390625 0.98046875 0.005859375 0.005859375
0 0.5634765625 0.7763671875 0.0078125 0.00390625
0 0.552734375 0.77734375 0.0078125 0.0078125
0 0.54296875 0.814453125 0.005859375 0.0078125
0 0.546875 0.8212890625 0.005859375 0.0078125
0 0.5458984375 0.83203125 0.0078125 0.009765625
0 0.5556640625 0.8359375 0.009765625 0.009765625
0 0.5322265625 0.8251953125 0.009765625 0.005859375
0 0.5341796875 0.83203125 0.0078125 0.005859375
0 0.5166015625 0.8291015625 0.005859375 0.005859375
0 0.548828125 0.7490234375 0.005859375 0.005859375
0 0.544921875 0.7529296875 0.0078125 0.009765625
0 0.5390625 0.7421875 0.0078125 0.009765625
0 0.533203125 0.7431640625 0.005859375 0.005859375
0 0.541015625 0.712890625 0.00390625 0.00390625
0 0.5244140625 0.734375 0.005859375 0.005859375
0 0.52734375 0.75390625 0.00390625 0.005859375
0 0.5224609375 0.7724609375 0.005859375 0.005859375
0 0.5166015625 0.7578125 0.00390625 0.00390625
0 0.576171875 0.3115234375 0.00390625 0.00390625
0 0.4365234375 0.052734375 0.0078125 0.0078125
0 0.4287109375 0.060546875 0.005859375 0.0078125
0 0.5068359375 0.1103515625 0.005859375 0.0078125
0 0.486328125 0.1064453125 0.0078125 0.0078125
0 0.4697265625 0.103515625 0.0078125 0.0078125
0 0.4658203125 0.107421875 0.005859375 0.0078125
0 0.46484375 0.1142578125 0.0078125 0.005859375
0 0.46875 0.1259765625 0.005859375 0.005859375
0 0.462890625 0.1328125 0.005859375 0.00390625
0 0.4541015625 0.1201171875 0.005859375 0.005859375
0 0.4482421875 0.1123046875 0.00390625 0.005859375
0 0.4404296875 0.1142578125 0.005859375 0.005859375
0 0.4326171875 0.109375 0.005859375 0.005859375
0 0.4189453125 0.099609375 0.005859375 0.0078125
0 0.4072265625 0.0849609375 0.005859375 0.00390625
0 0.3818359375 0.0966796875 0.005859375 0.005859375
0 0.3642578125 0.087890625 0.00390625 0.00390625
0 0.3603515625 0.0986328125 0.005859375 0.005859375
0 0.3603515625 0.1103515625 0.005859375 0.005859375
0 0.447265625 0.2041015625 0.00390625 0.01171875
0 0.484375 0.3037109375 0.00390625 0.0078125
0 0.4765625 0.2900390625 0.005859375 0.005859375
0 0.4462890625 0.2763671875 0.005859375 0.005859375
0 0.4228515625 0.26171875 0.005859375 0.005859375
0 0.2626953125 0.2998046875 0.005859375 0.00390625
0 0.2578125 0.3134765625 0.00390625 0.00390625
0 0.2978515625 0.35546875 0.00390625 0.00390625
0 0.279296875 0.3681640625 0.00390625 0.00390625
0 0.3798828125 0.4365234375 0.005859375 0.0078125
0 0.26953125 0.37890625 0.005859375 0.005859375
0 0.234375 0.345703125 0.005859375 0.005859375
0 0.234375 0.365234375 0.005859375 0.005859375
0 0.4267578125 0.4091796875 0.0078125 0.01171875
0 0.421875 0.40625 0.0078125 0.0078125
0 0.408203125 0.40625 0.0078125 0.005859375
0 0.4091796875 0.4189453125 0.005859375 0.013671875
0 0.2333984375 0.462890625 0.005859375 0.00390625
0 0.298828125 0.58203125 0.0078125 0.0078125
0 0.29296875 0.6064453125 0.005859375 0.005859375
0 0.275390625 0.5927734375 0.005859375 0.0078125
0 0.28125 0.5986328125 0.0078125 0.0078125
0 0.279296875 0.6064453125 0.005859375 0.0078125
0 0.291015625 0.611328125 0.00390625 0.00390625
0 0.283203125 0.619140625 0.0078125 0.0078125
0 0.25390625 0.984375 0.005859375 0.009765625
0 0.2412109375 0.998046875 0.009765625 0.00390625
0 0.1533203125 0.998046875 0.009765625 0.00390625
0 0.1455078125 0.994140625 0.009765625 0.01171875
0 0.205078125 0.4873046875 0.00390625 0.005859375
0 0.1279296875 0.3876953125 0.005859375 0.005859375
0 0.1240234375 0.4033203125 0.005859375 0.005859375
0 0.1162109375 0.3955078125 0.005859375 0.005859375
0 0.1064453125 0.3955078125 0.005859375 0.005859375
0 0.1142578125 0.4140625 0.005859375 0.0078125
0 0.1064453125 0.4130859375 0.00390625 0.0078125
0 0.0849609375 0.376953125 0.0078125 0.009765625
0 0.1025390625 0.439453125 0.00390625 0.005859375
0 0.0908203125 0.45703125 0.005859375 0.0078125
0 0.1572265625 0.2021484375 0.00390625 0.005859375
0 0.15625 0.1953125 0.00390625 0.005859375
0 0.1416015625 0.181640625 0.00390625 0.005859375
0 0.1015625 0.185546875 0.0078125 0.005859375
0 0.0791015625 0.203125 0.005859375 0.0078125
0 0.0615234375 0.1904296875 0.00390625 0.005859375
0 0.0654296875 0.2021484375 0.005859375 0.005859375
0 0.0595703125 0.2021484375 0.005859375 0.005859375
0 0.0595703125 0.2109375 0.005859375 0.00390625
0 0.056640625 0.2177734375 0.005859375 0.005859375
0 0.0283203125 0.197265625 0.005859375 0.005859375
0 0.0048828125 0.1923828125 0.005859375 0.009765625
0 0.0458984375 0.21875 0.0078125 0.0078125
0 0.04296875 0.2294921875 0.0078125 0.0078125
0 0.0302734375 0.2119140625 0.005859375 0.005859375
0 0.017578125 0.2099609375 0.00390625 0.0078125
0 0.0234375 0.224609375 0.009765625 0.01171875
0 0.0009765625 0.2177734375 0.001953125 0.00390625
0 0.0380859375 0.23828125 0.005859375 0.005859375
0 0.0341796875 0.244140625 0.005859375 0.005859375
0 0.0029296875 0.2607421875 0.005859375 0.005859375
0 0.01953125 0.2490234375 0.0078125 0.0078125
0 0.0205078125 0.2646484375 0.005859375 0.005859375
0 0.02734375 0.283203125 0.005859375 0.00390625
0 0.0244140625 0.294921875 0.005859375 0.005859375
0 0.0498046875 0.3173828125 0.005859375 0.0078125
0 0.0439453125 0.3115234375 0.0078125 0.009765625
0 0.0283203125 0.3125 0.005859375 0.00390625
0 0.0322265625 0.322265625 0.0078125 0.00390625
0 0.0302734375 0.33203125 0.0078125 0.005859375
0 0.01953125 0.3291015625 0.005859375 0.00390625
0 0.0068359375 0.330078125 0.005859375 0.005859375
0 0.021484375 0.3427734375 0.0078125 0.005859375
0 0.060546875 0.353515625 0.00390625 0.00390625
0 0.009765625 0.3515625 0.009765625 0.0078125
0 0.00390625 0.353515625 0.0078125 0.0078125
0 0.0302734375 0.427734375 0.005859375 0.00390625
0 0.001953125 0.4033203125 0.00390625 0.005859375
0 0.0478515625 0.447265625 0.005859375 0.005859375
0 0.0615234375 0.4873046875 0.005859375 0.0078125
0 0.05078125 0.49609375 0.0078125 0.0078125
0 0.0517578125 0.4599609375 0.00390625 0.00390625
0 0.0361328125 0.4560546875 0.005859375 0.005859375
0 0.0380859375 0.46484375 0.00390625 0.00390625
0 0.037109375 0.498046875 0.005859375 0.005859375
0 0.033203125 0.5625 0.00390625 0.005859375
0 0.8408203125 0.1279296875 0.013671875 0.01171875