0 0.5361328125 0.0283203125 0.01171875 0.01171875
0 0.3271484375 0.064453125 0.01171875 0.01171875
0 0.90625 0.552734375 0.0078125 0.0078125
0 0.41796875 0.0712890625 0.0078125 0.009765625
0 0.4130859375 0.083984375 0.009765625 0.01171875
0 0.255859375 0.048828125 0.01171875 0.01171875
0 0.265625 0.0380859375 0.0078125 0.005859375
0 0.2685546875 0.03515625 0.009765625 0.0078125
0 0.2470703125 0.03515625 0.005859375 0.01171875
0 0.25390625 0.0341796875 0.0078125 0.009765625
0 0.28515625 0.02734375 0.0078125 0.0078125
0 0.2744140625 0.025390625 0.005859375 0.0078125
0 0.28125 0.0146484375 0.0078125 0.005859375
0 0.2587890625 0.0263671875 0.005859375 0.005859375
0 0.2646484375 0.0263671875 0.005859375 0.005859375
0 0.26171875 0.0166015625 0.0078125 0.005859375
0 0.2578125 0.00390625 0.0078125 0.0078125
0 0.2841796875 0.001953125 0.009765625 0.00390625
0 0.2744140625 0.005859375 0.005859375 0.0078125
0 0.2666015625 0.009765625 0.005859375 0.0078125
0 0.5927734375 0.05859375 0.013671875 0.0078125
0 0.509765625 0.044921875 0.0078125 0.0078125
0 0.484375 0.0478515625 0.0078125 0.009765625
0 0.572265625 0.0029296875 0.0078125 0.005859375
0 0.0419921875 0.5263671875 0.009765625 0.013671875