0 0.865234375 0.7587890625 0.009765625 0.009765625
0 0.849609375 0.7490234375 0.0078125 0.009765625
0 0.833984375 0.7421875 0.015625 0.01171875
0 0.830078125 0.7919921875 0.0078125 0.009765625
0 0.8173828125 0.8173828125 0.009765625 0.009765625
0 0.8173828125 0.8974609375 0.009765625 0.009765625
0 0.8037109375 0.884765625 0.009765625 0.0078125
0 0.8046875 0.896484375 0.0078125 0.0078125
0 0.8056640625 0.9052734375 0.009765625 0.009765625
0 0.7958984375 0.9052734375 0.009765625 0.009765625
0 0.767578125 0.88671875 0.0078125 0.0078125
0 0.966796875 0.1884765625 0.009765625 0.009765625
0 0.984375 0.2099609375 0.0078125 0.005859375
0 0.7568359375 0.9130859375 0.009765625 0.009765625
0 0.7578125 0.8662109375 0.01171875 0.009765625
0 0.7509765625 0.8544921875 0.009765625 0.009765625
0 0.744140625 0.845703125 0.0078125 0.0078125
0 0.7587890625 0.806640625 0.005859375 0.0078125
0 0.7568359375 0.796875 0.009765625 0.0078125
0 0.744140625 0.818359375 0.0078125 0.0078125
0 0.7490234375 0.806640625 0.009765625 0.01171875
0 0.7353515625 0.8251953125 0.013671875 0.009765625
0 0.7373046875 0.9052734375 0.009765625 0.0078125
0 0.744140625 0.7919921875 0.0078125 0.009765625
0 0.7431640625 0.7822265625 0.009765625 0.005859375
0 0.705078125 0.8759765625 0.01171875 0.009765625
0 0.712890625 0.8623046875 0.01171875 0.009765625
0 0.6767578125 0.923828125 0.009765625 0.01171875
0 0.736328125 0.8125 0.0078125 0.0078125
0 0.728515625 0.8115234375 0.0078125 0.009765625
0 0.732421875 0.7978515625 0.01171875 0.017578125
0 0.69921875 0.8408203125 0.0078125 0.009765625
0 0.6845703125 0.8544921875 0.009765625 0.009765625
0 0.6787109375 0.841796875 0.009765625 0.0078125
0 0.6943359375 0.8271484375 0.009765625 0.009765625
0 0.6796875 0.818359375 0.0078125 0.0078125
0 0.7431640625 0.763671875 0.009765625 0.015625
0 0.7333984375 0.763671875 0.009765625 0.01171875
0 0.728515625 0.7607421875 0.01171875 0.009765625
0 0.7177734375 0.7529296875 0.009765625 0.005859375
0 0.748046875 0.7353515625 0.0078125 0.005859375
0 0.744140625 0.744140625 0.0078125 0.0078125
0 0.7490234375 0.748046875 0.005859375 0.00390625
0 0.732421875 0.744140625 0.0078125 0.0078125
0 0.734375 0.7158203125 0.0078125 0.009765625
0 0.7294921875 0.72265625 0.009765625 0.0078125
0 0.7236328125 0.7763671875 0.009765625 0.009765625
0 0.7138671875 0.7783203125 0.009765625 0.009765625
0 0.6982421875 0.7939453125 0.009765625 0.005859375
0 0.6923828125 0.7880859375 0.009765625 0.009765625
0 0.68359375 0.77734375 0.0078125 0.0078125
0 0.703125 0.7822265625 0.0078125 0.005859375
0 0.697265625 0.77734375 0.0078125 0.0078125
0 0.705078125 0.7607421875 0.0078125 0.009765625
0 0.701171875 0.7646484375 0.0078125 0.009765625
0 0.68359375 0.7666015625 0.0078125 0.005859375
0 0.6591796875 0.767578125 0.005859375 0.0078125
0 0.6728515625 0.763671875 0.009765625 0.0078125
0 0.68359375 0.65234375 0.0078125 0.0078125
0 0.681640625 0.66015625 0.0078125 0.0078125
0 0.6748046875 0.65234375 0.009765625 0.0078125
0 0.658203125 0.6806640625 0.0078125 0.009765625
0 0.6318359375 0.75 0.009765625 0.0078125
0 0.6083984375 0.6826171875 0.009765625 0.009765625
0 0.4951171875 0.6494140625 0.005859375 0.009765625
0 0.7197265625 0.712890625 0.009765625 0.0078125
0 0.634765625 0.8896484375 0.015625 0.009765625
0 0.640625 0.876953125 0.015625 0.01171875
0 0.6376953125 0.857421875 0.005859375 0.0078125
0 0.72265625 0.69140625 0.0078125 0.0078125
0 0.716796875 0.6962890625 0.01171875 0.013671875
0 0.75390625 0.7734375 0.0078125 0.00390625
0 0.7119140625 0.705078125 0.009765625 0.01171875
0 0.7197265625 0.73046875 0.009765625 0.0078125
0 0.7109375 0.7177734375 0.01171875 0.009765625
0 0.7109375 0.7275390625 0.015625 0.009765625
0 0.701171875 0.740234375 0.00390625 0.00390625
0 0.6962890625 0.734375 0.009765625 0.0078125
0 0.697265625 0.7255859375 0.0078125 0.009765625
0 0.6962890625 0.71484375 0.009765625 0.01171875
0 0.703125 0.708984375 0.0078125 0.01171875
0 0.7021484375 0.673828125 0.005859375 0.0078125
0 0.70703125 0.69140625 0.00390625 0.0078125
0 0.6845703125 0.7060546875 0.009765625 0.005859375
0 0.6904296875 0.6904296875 0.009765625 0.005859375
0 0.6787109375 0.6875 0.009765625 0.0078125
0 0.6982421875 0.685546875 0.009765625 0.0078125
0 0.6728515625 0.703125 0.005859375 0.00390625
0 0.6884765625 0.6748046875 0.021484375 0.013671875
0 0.583984375 0.6767578125 0.0078125 0.009765625
0 0.5849609375 0.6865234375 0.009765625 0.005859375
0 0.5595703125 0.6845703125 0.009765625 0.009765625
0 0.5693359375 0.6982421875 0.009765625 0.009765625
0 0.5556640625 0.6962890625 0.009765625 0.009765625
0 0.53515625 0.697265625 0.01171875 0.01171875
0 0.5419921875 0.712890625 0.009765625 0.0078125
0 0.5185546875 0.7138671875 0.009765625 0.009765625
0 0.5048828125 0.7333984375 0.009765625 0.009765625
0 0.4951171875 0.740234375 0.009765625 0.0078125
0 0.6689453125 0.673828125 0.013671875 0.0078125
0 0.6689453125 0.6845703125 0.009765625 0.005859375
0 0.669921875 0.6953125 0.01171875 0.0078125
0 0.6650390625 0.689453125 0.009765625 0.0078125
0 0.6689453125 0.74609375 0.029296875 0.015625
0 0.625 0.7236328125 0.0078125 0.009765625
0 0.6328125 0.7861328125 0.01171875 0.009765625
0 0.6220703125 0.7822265625 0.009765625 0.009765625
0 0.623046875 0.7724609375 0.0078125 0.009765625
0 0.6318359375 0.7724609375 0.009765625 0.009765625
0 0.6201171875 0.759765625 0.009765625 0.01171875
0 0.62890625 0.7607421875 0.0078125 0.009765625
0 0.5966796875 0.744140625 0.009765625 0.01171875
0 0.587890625 0.7451171875 0.0078125 0.017578125
0 0.578125 0.7412109375 0.0078125 0.009765625
0 0.5810546875 0.73046875 0.009765625 0.0078125
0 0.59375 0.7255859375 0.01171875 0.009765625
0 0.591796875 0.7177734375 0.0078125 0.005859375
0 0.583984375 0.7216796875 0.0078125 0.013671875
0 0.5576171875 0.7470703125 0.013671875 0.009765625
0 0.580078125 0.7587890625 0.01171875 0.009765625
0 0.568359375 0.7705078125 0.01171875 0.009765625
0 0.59765625 0.7666015625 0.01171875 0.009765625
0 0.5771484375 0.7822265625 0.013671875 0.013671875
0 0.58984375 0.7861328125 0.01171875 0.009765625
0 0.587890625 0.7763671875 0.01171875 0.009765625
0 0.59765625 0.7822265625 0.0078125 0.009765625
0 0.59765625 0.7744140625 0.0078125 0.005859375
0 0.5830078125 0.8046875 0.009765625 0.0078125
0 0.5869140625 0.8134765625 0.013671875 0.009765625
0 0.6015625 0.7919921875 0.01171875 0.009765625
0 0.6015625 0.80078125 0.01171875 0.0078125
0 0.6181640625 0.8017578125 0.009765625 0.009765625
0 0.6162109375 0.8173828125 0.009765625 0.009765625
0 0.6083984375 0.8076171875 0.009765625 0.009765625
0 0.60546875 0.8232421875 0.01171875 0.009765625
0 0.599609375 0.8173828125 0.01171875 0.009765625
0 0.60546875 0.8349609375 0.01171875 0.009765625
0 0.49609375 0.80078125 0.01171875 0.01171875
0 0.494140625 0.8125 0.0078125 0.0078125
0 0.4931640625 0.8203125 0.009765625 0.0078125
0 0.4912109375 0.828125 0.009765625 0.0078125
0 0.4794921875 0.8125 0.009765625 0.01171875
0 0.4736328125 0.806640625 0.009765625 0.0078125
0 0.462890625 0.81640625 0.01953125 0.01171875
0 0.474609375 0.83203125 0.01171875 0.0078125
0 0.4716796875 0.8408203125 0.013671875 0.009765625
0 0.5771484375 0.89453125 0.013671875 0.01171875
0 0.505859375 0.841796875 0.0234375 0.0234375
0 0.4638671875 0.8681640625 0.013671875 0.009765625
0 0.4462890625 0.8671875 0.013671875 0.015625
0 0.4541015625 0.8876953125 0.013671875 0.009765625
0 0.4677734375 0.8896484375 0.009765625 0.005859375
0 0.4736328125 0.8984375 0.009765625 0.01171875
0 0.5498046875 0.9482421875 0.009765625 0.009765625
0 0.609375 0.9755859375 0.01953125 0.013671875
0 0.59375 0.966796875 0.01171875 0.01171875
0 0.5966796875 0.9521484375 0.017578125 0.013671875
0 0.576171875 0.9580078125 0.0078125 0.009765625
0 0.5654296875 0.96875 0.013671875 0.01171875
0 0.53515625 0.96484375 0.015625 0.015625
0 0.5244140625 0.9873046875 0.009765625 0.009765625
0 0.5009765625 0.994140625 0.013671875 0.0078125
0 0.4892578125 0.966796875 0.009765625 0.01171875
0 0.482421875 0.9599609375 0.00390625 0.005859375
0 0.478515625 0.9541015625 0.01171875 0.009765625
0 0.47265625 0.9248046875 0.0078125 0.005859375
0 0.462890625 0.92578125 0.0078125 0.0078125
0 0.4501953125 0.927734375 0.017578125 0.01171875
0 0.4345703125 0.92578125 0.009765625 0.0078125
0 0.4833984375 0.859375 0.005859375 0.00390625
0 0.48828125 0.861328125 0.0078125 0.00390625
0 0.435546875 0.939453125 0.01171875 0.01171875
0 0.4248046875 0.939453125 0.009765625 0.01171875
0 0.3662109375 0.9970703125 0.015625 0.005859375
0 0.3916015625 0.9287109375 0.013671875 0.009765625
0 0.40625 0.880859375 0.01171875 0.0078125
0 0.3916015625 0.873046875 0.009765625 0.0078125
0 0.380859375 0.7939453125 0.01171875 0.009765625
0 0.3623046875 0.9013671875 0.009765625 0.009765625
0 0.2314453125 0.9423828125 0.009765625 0.009765625
0 0.373046875 0.8701171875 0.0078125 0.009765625
0 0.3642578125 0.873046875 0.009765625 0.01171875
0 0.365234375 0.857421875 0.00390625 0.00390625
0 0.361328125 0.86328125 0.0078125 0.0078125
0 0.3466796875 0.8720703125 0.009765625 0.013671875
0 0.337890625 0.876953125 0.0078125 0.0078125
0 0.375 0.8271484375 0.01171875 0.009765625
0 0.3662109375 0.81640625 0.009765625 0.0078125
0 0.361328125 0.82421875 0.01171875 0.0078125
0 0.3642578125 0.83203125 0.009765625 0.0078125
0 0.361328125 0.84375 0.015625 0.0078125
0 0.37109375 0.8056640625 0.01953125 0.009765625
0 0.3681640625 0.7939453125 0.009765625 0.005859375
0 0.3740234375 0.7861328125 0.005859375 0.005859375
0 0.3505859375 0.80078125 0.009765625 0.0078125
0 0.349609375 0.8212890625 0.0078125 0.005859375
0 0.341796875 0.8251953125 0.0078125 0.009765625
0 0.333984375 0.833984375 0.0078125 0.0078125
0 0.330078125 0.826171875 0.0078125 0.0078125
0 0.3916015625 0.6982421875 0.009765625 0.013671875
0 0.3779296875 0.681640625 0.009765625 0.01171875
0 0.3740234375 0.7001953125 0.009765625 0.013671875
0 0.3466796875 0.6865234375 0.013671875 0.013671875
0 0.341796875 0.6728515625 0.01171875 0.009765625
0 0.3271484375 0.7490234375 0.009765625 0.009765625
0 0.333984375 0.677734375 0.01171875 0.01171875
0 0.3349609375 0.689453125 0.009765625 0.01171875
0 0.32421875 0.7060546875 0.01171875 0.009765625
0 0.3134765625 0.7021484375 0.009765625 0.009765625
0 0.3193359375 0.6953125 0.009765625 0.01171875
0 0.328125 0.6923828125 0.0078125 0.017578125
0 0.310546875 0.7177734375 0.01171875 0.009765625
0 0.3173828125 0.7275390625 0.009765625 0.009765625
0 0.306640625 0.7470703125 0.0078125 0.009765625
0 0.30078125 0.73828125 0.01171875 0.0078125
0 0.2919921875 0.73046875 0.013671875 0.01171875
0 0.2763671875 0.65625 0.013671875 0.01171875
0 0.212890625 0.6474609375 0.01171875 0.009765625
0 0.2275390625 0.3701171875 0.009765625 0.009765625
0 0.208984375 0.4033203125 0.01171875 0.009765625
0 0.1826171875 0.3740234375 0.013671875 0.009765625
0 0.17578125 0.34375 0.015625 0.01171875
0 0.0888671875 0.5048828125 0.009765625 0.009765625
0 0.0615234375 0.509765625 0.013671875 0.01171875
0 0.046875 0.5185546875 0.01171875 0.009765625
0 0.04296875 0.5107421875 0.01171875 0.009765625
0 0.015625 0.52734375 0.01171875 0.01171875
0 0.0673828125 0.6923828125 0.009765625 0.009765625
0 0.3330078125 0.865234375 0.013671875 0.01171875
0 0.330078125 0.8515625 0.0078125 0.01171875
0 0.318359375 0.8544921875 0.0078125 0.009765625
0 0.310546875 0.86328125 0.01171875 0.01171875
0 0.310546875 0.8740234375 0.01171875 0.009765625
0 0.2958984375 0.8466796875 0.009765625 0.009765625
0 0.3115234375 0.82421875 0.009765625 0.0078125
0 0.2998046875 0.822265625 0.013671875 0.01171875
0 0.294921875 0.83203125 0.01171875 0.0078125
0 0.3056640625 0.8349609375 0.017578125 0.013671875
0 0.2373046875 0.791015625 0.013671875 0.01171875
0 0.236328125 0.76953125 0.015625 0.01171875
0 0.2314453125 0.7587890625 0.013671875 0.009765625
0 0.208984375 0.830078125 0.015625 0.01171875
0 0.2060546875 0.8408203125 0.013671875 0.009765625
0 0.2099609375 0.8505859375 0.013671875 0.009765625
0 0.2109375 0.8740234375 0.01171875 0.009765625
0 0.166015625 0.8251953125 0.01171875 0.009765625
0 0.1552734375 0.822265625 0.009765625 0.01171875
0 0.1796875 0.884765625 0.01171875 0.0078125
0 0.1787109375 0.8955078125 0.009765625 0.009765625
0 0.1806640625 0.9033203125 0.009765625 0.005859375
0 0.1904296875 0.9052734375 0.009765625 0.009765625
0 0.185546875 0.91796875 0.01171875 0.0078125
0 0.125 0.8603515625 0.0078125 0.009765625
0 0.1201171875 0.8662109375 0.005859375 0.005859375
0 0.07421875 0.8427734375 0.0078125 0.009765625
0 0.06640625 0.8564453125 0.0078125 0.009765625
0 0.11328125 0.9326171875 0.01171875 0.009765625
0 0.1015625 0.9443359375 0.01171875 0.009765625
0 0.091796875 0.9501953125 0.01171875 0.009765625
0 0.1171875 0.9443359375 0.01171875 0.009765625
0 0.1220703125 0.9580078125 0.013671875 0.013671875
0 0.126953125 0.9697265625 0.01171875 0.009765625
0 0.111328125 0.9736328125 0.01171875 0.009765625
0 0.0810546875 0.95703125 0.013671875 0.01171875
0 0.072265625 0.94921875 0.01171875 0.01171875
0 0.1044921875 0.994140625 0.009765625 0.01171875
0 0.08203125 0.9931640625 0.01171875 0.009765625
0 0.07421875 0.974609375 0.01171875 0.01171875
0 0.060546875 0.958984375 0.0078125 0.0078125
0 0.056640625 0.943359375 0.0078125 0.0078125
0 0.0478515625 0.9443359375 0.009765625 0.009765625
0 0.046875 0.9599609375 0.01171875 0.009765625
0 0.0390625 0.962890625 0.01171875 0.01171875
0 0.033203125 0.974609375 0.01171875 0.0078125
0 0.7783203125 0.5380859375 0.009765625 0.009765625
0 0.7705078125 0.5517578125 0.009765625 0.005859375
0 0.775390625 0.572265625 0.01171875 0.0078125
0 0.759765625 0.5498046875 0.0078125 0.009765625
0 0.763671875 0.5615234375 0.01171875 0.013671875
0 0.658203125 0.51171875 0.01171875 0.01171875