0 0.06640625 0.9375 0.015625 0.01171875
0 0.0791015625 0.9033203125 0.01953125 0.013671875
0 0.1005859375 0.921875 0.013671875 0.01171875
0 0.0947265625 0.880859375 0.013671875 0.015625
0 0.109375 0.865234375 0.015625 0.01171875
0 0.1103515625 0.89453125 0.013671875 0.01171875
0 0.12890625 0.8291015625 0.01171875 0.013671875
0 0.1025390625 0.79296875 0.009765625 0.015625
0 0.14453125 0.9443359375 0.015625 0.013671875
0 0.1435546875 0.9228515625 0.013671875 0.013671875
0 0.166015625 0.9423828125 0.015625 0.013671875
0 0.193359375 0.9599609375 0.01171875 0.013671875
0 0.1611328125 0.9111328125 0.013671875 0.013671875
0 0.154296875 0.875 0.015625 0.01171875
0 0.1728515625 0.873046875 0.009765625 0.01171875
0 0.1806640625 0.8662109375 0.013671875 0.013671875
0 0.173828125 0.8359375 0.015625 0.015625
0 0.1884765625 0.80078125 0.009765625 0.0078125
0 0.177734375 0.8984375 0.01171875 0.01171875
0 0.189453125 0.8974609375 0.01171875 0.013671875
0 0.2177734375 0.953125 0.013671875 0.01171875
0 0.2373046875 0.9130859375 0.013671875 0.013671875
0 0.23046875 0.94140625 0.01171875 0.01171875
0 0.2412109375 0.94140625 0.009765625 0.01171875
0 0.25390625 0.9375 0.01171875 0.015625
0 0.265625 0.9306640625 0.01171875 0.013671875
0 0.2734375 0.9462890625 0.01171875 0.009765625
0 0.2734375 0.95703125 0.01171875 0.01171875
0 0.2841796875 0.947265625 0.009765625 0.01171875
0 0.2021484375 0.837890625 0.017578125 0.01171875
0 0.2080078125 0.8232421875 0.013671875 0.017578125
0 0.2314453125 0.8154296875 0.013671875 0.013671875
0 0.2470703125 0.8212890625 0.009765625 0.013671875
0 0.26171875 0.88671875 0.01953125 0.015625
0 0.2841796875 0.8857421875 0.013671875 0.013671875
0 0.287109375 0.9306640625 0.01171875 0.021484375
0 0.2978515625 0.919921875 0.013671875 0.01171875
0 0.3095703125 0.9248046875 0.013671875 0.013671875
0 0.3203125 0.93359375 0.015625 0.01171875
0 0.3251953125 0.953125 0.013671875 0.01171875
0 0.30859375 0.826171875 0.01171875 0.015625
0 0.314453125 0.841796875 0.01171875 0.015625
0 0.32421875 0.84765625 0.0078125 0.01171875
0 0.3115234375 0.9775390625 0.009765625 0.009765625
0 0.314453125 0.98828125 0.01171875 0.01171875
0 0.3251953125 0.9970703125 0.013671875 0.005859375
0 0.3466796875 0.974609375 0.013671875 0.01171875
0 0.3525390625 0.982421875 0.013671875 0.0078125
0 0.35546875 0.9951171875 0.015625 0.009765625
0 0.375 0.8359375 0.015625 0.015625
0 0.384765625 0.9609375 0.015625 0.015625
0 0.3935546875 0.9765625 0.013671875 0.01171875
0 0.396484375 0.98828125 0.01171875 0.01171875
0 0.3994140625 0.8876953125 0.013671875 0.013671875
0 0.41015625 0.900390625 0.015625 0.01171875
0 0.419921875 0.87890625 0.015625 0.015625
0 0.4013671875 0.845703125 0.013671875 0.01171875
0 0.4033203125 0.8330078125 0.013671875 0.013671875
0 0.5029296875 0.8759765625 0.013671875 0.013671875
0 0.451171875 0.83984375 0.01171875 0.01171875
0 0.466796875 0.8388671875 0.015625 0.013671875
0 0.4697265625 0.8515625 0.017578125 0.01171875
0 0.484375 0.8525390625 0.01171875 0.013671875
0 0.9873046875 0.841796875 0.013671875 0.01171875
0 0.982421875 0.8203125 0.015625 0.015625
0 0.9912109375 0.7900390625 0.017578125 0.017578125
0 0.9375 0.7861328125 0.01171875 0.009765625
0 0.94921875 0.7841796875 0.0078125 0.009765625
0 0.88671875 0.7841796875 0.01171875 0.005859375
0 0.7978515625 0.8134765625 0.013671875 0.009765625
0 0.8115234375 0.7958984375 0.013671875 0.009765625
0 0.8076171875 0.7861328125 0.013671875 0.009765625
0 0.7841796875 0.77734375 0.009765625 0.01171875
0 0.796875 0.7734375 0.01171875 0.01171875
0 0.7021484375 0.794921875 0.013671875 0.015625
0 0.5478515625 0.8349609375 0.013671875 0.013671875
0 0.548828125 0.818359375 0.015625 0.015625
0 0.537109375 0.828125 0.0078125 0.0078125
0 0.509765625 0.828125 0.01171875 0.01171875
0 0.5 0.8349609375 0.0078125 0.009765625
0 0.4951171875 0.8271484375 0.009765625 0.005859375
0 0.4912109375 0.8359375 0.009765625 0.01171875
0 0.564453125 0.81640625 0.0078125 0.0078125