0 0.2231640625 0.01330078125 0.008769531250000018 0.009394531250000001
0 0.23130859375 0.0165234375 0.006679687499999976 0.009199218750000002
0 0.214140625 0.02244140625 0.008085937499999973 0.009824218750000002
0 0.216328125 0.0358984375 0.009394531250000004 0.010156250000000006
0 0.2601171875 0.26138671875 0.009160156249999996 0.01033203125000004
0 0.25033203125 0.33853515625 0.010019531249999991 0.010937500000000044
0 0.47822265625 0.92568359375 0.008535156250000009 0.010761718749999982
0 0.71935546875 0.9450390625 0.009472656250000044 0.00863281249999992
0 0.73177734375 0.94021484375 0.005351562500000018 0.0072851562500000355
0 0.7413671875 0.94015625 0.008652343749999902 0.009160156250000107
0 0.7233203125 0.95404296875 0.005507812500000098 0.005605468750000009
0 0.73462890625 0.95384765625 0.006699218749999902 0.005996093750000098
0 0.70130859375 0.9533984375 0.006328125000000018 0.008261718750000036
0 0.70255859375 0.97970703125 0.006035156250000062 0.008515625000000027
0 0.7473046875 0.96564453125 0.008222656250000071 0.009335937499999947
0 0.740390625 0.97994140625 0.007500000000000062 0.008964843750000062
0 0.75701171875 0.97548828125 0.007792968750000018 0.010371093749999893
0 0.74140625 0.961796875 0.007421874999999911 0.007695312500000107