0 0.2353515625 0.0732421875 0.009765625 0.013671875
0 0.248046875 0.0791015625 0.01171875 0.013671875
0 0.255859375 0.041015625 0.01171875 0.01171875
0 0.3046875 0.1142578125 0.01171875 0.013671875
0 0.279296875 0.056640625 0.0078125 0.01171875
0 0.2861328125 0.05078125 0.009765625 0.015625
0 0.2744140625 0.033203125 0.013671875 0.015625
0 0.3115234375 0.0595703125 0.009765625 0.013671875
0 0.322265625 0.064453125 0.01171875 0.01171875
0 0.3544921875 0.1533203125 0.013671875 0.013671875
0 0.3603515625 0.166015625 0.013671875 0.01171875
0 0.3681640625 0.15234375 0.009765625 0.0078125
0 0.3896484375 0.1552734375 0.013671875 0.013671875
0 0.4990234375 0.1083984375 0.009765625 0.013671875
0 0.5234375 0.0791015625 0.01171875 0.009765625
0 0.5244140625 0.0986328125 0.013671875 0.013671875
0 0.54296875 0.1064453125 0.015625 0.013671875
0 0.552734375 0.0791015625 0.01171875 0.009765625
0 0.4853515625 0.1591796875 0.013671875 0.013671875
0 0.4697265625 0.1865234375 0.021484375 0.013671875
0 0.501953125 0.181640625 0.01171875 0.015625
0 0.505859375 0.166015625 0.015625 0.015625
0 0.5595703125 0.1904296875 0.009765625 0.01953125
0 0.548828125 0.16796875 0.017578125 0.015625
0 0.5302734375 0.146484375 0.009765625 0.01171875
0 0.529296875 0.1572265625 0.0078125 0.009765625
0 0.51171875 0.1455078125 0.015625 0.017578125