0 0.118828125 0.261015625 0.011953125000000009 0.014687499999999964
0 0.10763671875 0.27271484375 0.013984374999999993 0.016718750000000004
0 0.025859375 0.25296875 0.016621093750000003 0.013828124999999969
0 0.0137890625 0.2690625 0.015351562500000002 0.015527343749999978
0 0.037421875 0.2651171875 0.013828124999999997 0.01832031249999999
0 0.02501953125 0.27888671875 0.014941406250000004 0.00773437499999996
0 0.00853515625 0.1916796875 0.01400390625 0.01781250000000001
0 0.0253125 0.1806640625 0.010957031249999999 0.011035156250000011
0 0.06876953125 0.1651171875 0.015527343750000006 0.015019531249999996
0 0.03576171875 0.17998046875 0.012050781250000003 0.015781250000000024
0 0.0579296875 0.18515625 0.015175781250000006 0.013906250000000009
0 0.04373046875 0.197890625 0.009687500000000002 0.010449218749999989
0 0.0298828125 0.19009765625 0.013437500000000005 0.011249999999999982