0 0.0361328125 0.34859375 0.01025390625 0.013867187500000044
0 0.0461328125 0.35439453125 0.009531250000000005 0.009550781249999973
0 0.03830078125 0.37478515625 0.013789062500000004 0.015976562500000013
0 0.06359375 0.366328125 0.010312500000000002 0.013828124999999969
0 0.17791015625 0.5597265625 0.008242187499999998 0.009824218749999947
0 0.22376953125 0.5733203125 0.009882812500000004 0.010000000000000009
0 0.23224609375 0.51541015625 0.011972656249999991 0.012109375000000089
0 0.23556640625 0.6680859375 0.009707031249999998 0.00796875000000008
0 0.30107421875 0.706953125 0.008027343750000027 0.007675781249999902
0 0.3078125 0.70111328125 0.009882812500000004 0.011582031249999902
0 0.01640625 0.74521484375 0.010175781250000002 0.009941406250000062
0 0.01662109375 0.75412109375 0.010136718750000002 0.007382812499999947
0 0.0049609375 0.756171875 0.009609375 0.012265624999999947
0 0.011796875 0.76876953125 0.008066406250000002 0.009746093750000018
0 0.00982421875 0.7839453125 0.008085937499999998 0.010234375000000018
0 0.0021484375 0.81568359375 0.004296875 0.013964843749999956
0 0.30970703125 0.9798828125 0.006035156249999951 0.010390625000000098
0 0.371328125 0.91783203125 0.00822265624999996 0.011640625000000071
0 0.3828515625 0.91095703125 0.011953125000000009 0.013320312500000098
0 0.40546875 0.958203125 0.010156249999999978 0.010175781250000071
0 0.41708984375 0.74228515625 0.0059765625000000044 0.007636718749999938
0 0.41017578125 0.73814453125 0.008242187500000053 0.007929687499999893
0 0.4241015625 0.73234375 0.008046875000000009 0.011503906249999973
0 0.45625 0.71552734375 0.01017578124999996 0.009941406250000062
0 0.4512890625 0.7030078125 0.008183593749999996 0.007636718749999938
0 0.55009765625 0.6976171875 0.01025390625 0.011738281249999982
0 0.543046875 0.69205078125 0.007910156249999911 0.009882812499999893
0 0.57322265625 0.68958984375 0.010195312500000053 0.015742187499999893
0 0.510625 0.65517578125 0.010292968749999964 0.01009765624999992
0 0.519609375 0.6291015625 0.008398437499999911 0.007851562499999964
0 0.30576171875 0.60548828125 0.006445312500000022 0.008066406249999991
0 0.15125 0.280078125 0.009414062499999987 0.01017578124999996
0 0.173984375 0.24392578124999997 0.011992187499999973 0.01585937500000001
0 0.12564453125 0.25962890625 0.005859375 0.0073632812499999645
0 0.0549609375 0.23046875 0.0078125 0.00826171874999998
0 0.0810546875 0.2442578125 0.010312500000000002 0.012734374999999964
0 0.08111328125 0.2227734375 0.010214843750000008 0.012070312500000013
0 0.12505859375 0.16697265625 0.007558593750000009 0.009843749999999984
0 0.115234375 0.17177734375 0.007656250000000003 0.00785156250000002
0 0.3555859375 0.0037890625 0.011601562499999996 0.00755859375
0 0.33505859375 0.00494140625 0.009550781249999973 0.0098828125
0 0.45435546875 0.00875 0.010136718749999996 0.010136718750000002
0 0.47056640625 0.0080078125 0.0076953124999999956 0.01205078125
0 0.461875 0.00390625 0.014003906250000031 0.0078125
0 0.46 0.03625 0.009980468750000027 0.009980468749999999
0 0.51462890625 0.14958984375 0.010644531250000089 0.018535156250000018
0 0.57142578125 0.20404296875 0.010000000000000009 0.010039062499999973
0 0.51958984375 0.23146484375 0.008105468749999956 0.0064257812499999845
0 0.53732421875 0.2705078125 0.01187500000000008 0.009785156249999982
0 0.5565234375 0.28021484375 0.007539062500000027 0.009648437499999996
0 0.555859375 0.310703125 0.010058593749999956 0.012363281249999969
0 0.58896484375 0.29275390625 0.009843749999999929 0.011484374999999991
0 0.64556640625 0.14353515625 0.010312499999999947 0.010156249999999978
0 0.62029296875 0.2636328125 0.009941406250000062 0.008398437500000022
0 0.5361328125 0.5038671875 0.009765625 0.007910156249999911
0 0.55962890625 0.479609375 0.010058593749999956 0.009941406249999951
0 0.5743359375 0.48333984375 0.00796875000000008 0.009472656250000044
0 0.5862109375 0.5087109375 0.008066406249999991 0.00992187500000008
0 0.5898046875 0.542109375 0.00732421875 0.009589843749999938
0 0.58888671875 0.55830078125 0.00619140624999992 0.007714843750000089
0 0.57443359375 0.6389453125 0.008437500000000098 0.011269531249999964
0 0.63783203125 0.42970703125 0.009902343750000098 0.011660156250000053
0 0.60650390625 0.659375 0.010000000000000009 0.009472656250000044
0 0.60462890625 0.67197265625 0.009707031250000053 0.008710937500000071
0 0.75119140625 0.00783203125 0.006054687500000044 0.008125
0 0.7656640625 0.00671875 0.008085937499999973 0.0103125
0 0.7587890625 0.01876953125 0.010019531249999991 0.017832031250000005
0 0.77751953125 0.014765625 0.007734375000000071 0.010351562499999998
0 0.76552734375 0.10154296875 0.008007812500000044 0.008242187499999998
0 0.76486328125 0.121015625 0.010117187499999902 0.011855468750000014
0 0.7266015625 0.13685546875 0.008124999999999938 0.008320312499999982
0 0.74111328125 0.19234375 0.009960937500000044 0.009824218750000002
0 0.7462109375 0.1797265625 0.008359374999999947 0.0077343750000000155
0 0.7578125 0.17076171875 0.008027343750000027 0.009648437499999996
0 0.75787109375 0.15421875 0.008105468749999956 0.008027343750000027
0 0.764921875 0.15212890625 0.009824218749999947 0.011660156249999998
0 0.77556640625 0.1859375 0.00814453124999992 0.008437499999999987
0 0.76955078125 0.2898828125 0.008164062499999902 0.009472656250000044
0 0.76349609375 0.28033203125 0.007753906250000053 0.006367187499999982
0 0.76474609375 0.2706640625 0.010332031249999929 0.005957031250000022
0 0.79189453125 0.26255859375 0.009960937500000044 0.009707031250000053
0 0.7414453125 0.24923828125 0.01009765624999992 0.00972656249999998
0 0.74041015625 0.288046875 0.008066406249999991 0.009179687499999978
0 0.732421875 0.297109375 0.008574218749999973 0.008515625000000027
0 0.7862890625 0.20806640625 0.009824218749999947 0.009648437499999996
0 0.7901171875 0.17861328125 0.009941406250000062 0.009941406250000007
0 0.804921875 0.175859375 0.007734375000000071 0.008066406249999991
0 0.82341796875 0.20828125 0.010214843750000036 0.010000000000000009
0 0.82830078125 0.19623046875 0.007792968750000018 0.010039062499999973
0 0.838984375 0.19150390625 0.010683593750000053 0.007988281250000007
0 0.8348828125 0.18625 0.005624999999999991 0.005683593749999993
0 0.85150390625 0.045 0.008242187500000053 0.007988281250000007
0 0.88287109375 0.03708984375 0.007519531250000044 0.007773437499999994
0 0.8740625 0.0070703125 0.009570312499999956 0.009707031250000001
0 0.68259765625 0.54619140625 0.010136718750000107 0.010351562499999911
0 0.6270703125 0.6933203125 0.007949218750000098 0.008261718750000036
0 0.67783203125 0.71990234375 0.011503906249999973 0.009824218749999947
0 0.62505859375 0.745078125 0.008496093750000044 0.009843749999999929
0 0.623125 0.72572265625 0.008027343750000027 0.009902343750000098
0 0.626953125 0.73322265625 0.008222656250000071 0.010117187499999902
0 0.6892578125 0.98431640625 0.0078125 0.008710937500000071
0 0.72671875 0.98908203125 0.008281250000000018 0.01009765624999992
0 0.79498046875 0.94611328125 0.008476562500000062 0.01009765624999992
0 0.77326171875 0.94041015625 0.00814453124999992 0.010566406249999938
0 0.785078125 0.9422265625 0.008417968749999893 0.009843749999999929
0 0.79595703125 0.92591796875 0.005976562499999893 0.007929687499999893
0 0.81140625 0.9285546875 0.009531249999999991 0.009667968750000089
0 0.81568359375 0.90130859375 0.010039062499999973 0.01025390625
0 0.796171875 0.90908203125 0.010000000000000009 0.010351562499999911
0 0.74115234375 0.92259765625 0.009648437500000107 0.010039062499999973
0 0.7151171875 0.9043359375 0.008046875000000009 0.008124999999999938
0 0.82341796875 0.9745703125 0.009804687499999964 0.01156249999999992
0 0.82228515625 0.9387109375 0.008417968749999893 0.009824218749999947
0 0.82705078125 0.93048828125 0.010332031249999929 0.010117187499999902
0 0.85162109375 0.95216796875 0.008007812500000044 0.009472656250000044
0 0.84470703125 0.94916015625 0.009453125000000062 0.011425781250000044
0 0.9697265625 0.2803515625 0.010312499999999947 0.00984375000000004
0 0.97859375 0.2609765625 0.008613281249999938 0.010136718749999996
0 0.9582421875 0.5284375 0.006171874999999938 0.009941406250000062
0 0.95513671875 0.51548828125 0.00830078125 0.012226562499999982
0 0.99716796875 0.528984375 0.005664062499999956 0.011484374999999991
0 0.73435546875 0.62689453125 0.007871093749999947 0.011445312500000027
0 0.76212890625 0.62490234375 0.008164062499999902 0.011933593750000027
0 0.74544921875 0.6378125 0.009882812499999893 0.00992187500000008
0 0.74107421875 0.64779296875 0.009492187500000027 0.010273437499999982
0 0.75876953125 0.64060546875 0.010175781250000071 0.008242187500000053
0 0.75388671875 0.6504296875 0.008261718750000036 0.007753906250000053
0 0.75380859375 0.6591015625 0.011542968749999938 0.009980468750000027
0 0.7073046875 0.8651953125 0.008046875000000009 0.008281250000000018
0 0.72875 0.85841796875 0.011640625000000071 0.010488281250000009
0 0.72771484375 0.873984375 0.01009765624999992 0.010058593749999956
0 0.8251171875 0.8328125 0.005996093750000098 0.00992187500000008
0 0.81380859375 0.83208984375 0.009707031250000053 0.008164062499999902
0 0.80552734375 0.83484375 0.005957031249999911 0.0063867187499999645
0 0.795 0.83099609375 0.008027343750000027 0.009472656250000044
0 0.8028515625 0.8134375 0.00796875000000008 0.009863281249999911
0 0.77552734375 0.795234375 0.007695312500000107 0.007988281250000062
0 0.9620703125 0.6433984375 0.014140625000000018 0.014375000000000027
0 0.816484375 0.5675 0.008027343750000027 0.009941406250000062
0 0.8204296875 0.57349609375 0.008359374999999947 0.010058593749999956