0 0.06259765625 0.06634765625 0.012363281249999997 0.01611328125
0 0.0965625 0.07900390625 0.014218750000000002 0.0185546875
0 0.078203125 0.10056640625 0.012285156250000012 0.014335937500000007
0 0.119375 0.094609375 0.016074218750000008 0.014218750000000002
0 0.13494140625 0.10958984375 0.012050781249999976 0.015683593750000002
0 0.10576171875 0.11052734375 0.0126953125 0.014101562499999998
0 0.1709375 0.12904296875 0.013906250000000009 0.012226562499999982
0 0.207109375 0.10265625 0.016269531250000024 0.010312500000000002
0 0.0558203125 0.14451171875 0.01416015625 0.015683593750000002
0 0.07712890625 0.1436328125 0.014433593750000001 0.014218750000000002
0 0.05763671875 0.16603515625 0.014179687499999996 0.015957031249999976
0 0.040234375 0.19341796875 0.014082031250000002 0.012402343749999989
0 0.0889453125 0.16107421875 0.014394531250000009 0.01416015625
0 0.12496093750000001 0.154296875 0.012148437499999998 0.016386718749999973
0 0.12708984375 0.1728125 0.012031249999999993 0.010234375000000018
0 0.1338671875 0.1806640625 0.013906250000000009 0.014082031250000016
0 0.163984375 0.17373046875 0.015996093749999996 0.016230468750000004
0 0.1990625 0.1886328125 0.007871093750000002 0.010058593750000011
0 0.1016015625 0.17755859375 0.011933593749999999 0.011816406250000022
0 0.102890625 0.1896484375 0.013730468750000002 0.012089843749999996
0 0.0468359375 0.2176953125 0.012304687499999994 0.014238281249999984
0 0.0870703125 0.23744140625 0.013925781249999991 0.01416015625
0 0.05869140625 0.230625 0.011894531249999993 0.012187500000000018
0 0.058554687499999994 0.24140625 0.011621093750000006 0.009765625
0 0.0624609375 0.25380859375 0.01646484375 0.011914062500000044
0 0.069609375 0.26578125 0.013886718749999999 0.011406249999999951
0 0.05384765625 0.27345703125 0.009667968750000006 0.012070312500000013
0 0.04291015625 0.2733203125 0.011992187500000001 0.01228515625000004
0 0.05265625 0.2843359375 0.011328124999999994 0.00984375000000004
0 0.16205078125 0.20216796875 0.011816406250000022 0.017519531249999998
0 0.17705078125 0.207890625 0.017929687500000013 0.013515624999999976
0 0.184765625 0.2314453125 0.01412109374999998 0.014042968749999996
0 0.178984375 0.24714843750000004 0.013906250000000009 0.010019531249999991
0 0.113515625 0.261640625 0.015566406249999998 0.019570312499999964
0 0.11435546875 0.28400390625 0.013867187499999989 0.013398437500000027
0 0.069296875 0.28712890625 0.021171875000000007 0.012050781250000031
0 0.080078125 0.297890625 0.012109375000000006 0.013574218749999978
0 0.07509765625 0.30947265625 0.014277343750000004 0.013867187500000044
0 0.06654296875 0.3202734375 0.012011718750000011 0.015917968749999956
0 0.04681640625 0.32505859375 0.011992187500000001 0.013554687499999996
0 0.17396484375 0.3086328125 0.01591796875000001 0.011660156250000053
0 0.1581640625 0.31439453125 0.01591796875000001 0.01220703125
0 0.15228515625 0.3241796875 0.012011718750000011 0.008125000000000049
0 0.022421875 0.311328125 0.009687500000000002 0.009746093750000018
0 0.01169921875 0.314453125 0.0120703125 0.012089843749999996
0 0.0029296875 0.3251953125 0.005859375 0.013671875
0 0.025625000000000002 0.3467578125 0.01185546875 0.013964843749999956
0 0.017578125 0.35259765625 0.007714843749999999 0.014316406249999969
0 0.005078125 0.35541015625 0.01015625 0.015742187500000004
0 0.1640625 0.374921875 0.016015624999999978 0.015410156249999973
0 0.039140625 0.38466796875 0.015781249999999997 0.015839843750000027
0 0.02361328125 0.39341796875 0.0116796875 0.013964843749999956
0 0.0118359375 0.39650390625 0.012265624999999999 0.012089843749999996
0 0.11244140625 0.3994140625 0.013574218750000006 0.01408203124999996
0 0.099609375 0.41017578125 0.012109375000000006 0.015605468750000018
0 0.12117187500000001 0.41986328125 0.01630859374999999 0.015722656250000022
0 0.15435546875 0.40115234375 0.011972656249999991 0.013730468749999947
0 0.167421875 0.40333984375 0.013808593749999987 0.014023437500000013
0 0.12431640625000001 0.50302734375 0.013867187499999989 0.013847656250000062
0 0.16021484375 0.4512890625 0.011855468749999987 0.011874999999999969
0 0.16111328125 0.4667578125 0.01363281249999998 0.015312499999999951
0 0.14859375 0.469609375 0.011640625000000016 0.01773437499999997
0 0.1475 0.48435546875 0.014003906249999976 0.012148437500000053
0 0.15828125 0.98744140625 0.011660156249999998 0.014296875000000098
0 0.17978515625 0.9825 0.016230468750000004 0.016250000000000098
0 0.21 0.9911328125 0.017656249999999984 0.017714843750000098
0 0.21376953125 0.9372265625 0.009570312500000011 0.011914062500000044
0 0.215859375 0.94931640625 0.00980468750000002 0.008417968749999893
0 0.21578125 0.88654296875 0.005761718749999978 0.012167968750000036
0 0.18640625 0.7978515625 0.01029296875000002 0.014042968750000107
0 0.204296875 0.8112890625 0.009863281250000022 0.013964843749999956
0 0.214140625 0.80765625 0.009589843749999993 0.013613281250000053
0 0.22275390625 0.783984375 0.01224609375000002 0.009453125000000062
0 0.22671875 0.79689453125 0.012187500000000018 0.012070312499999902
0 0.20521484375 0.70216796875 0.016132812499999982 0.01400390624999992
0 0.16521484375 0.54775390625 0.014062499999999978 0.013886718750000027
0 0.18185546875 0.54888671875 0.015976562500000013 0.015546875000000071
0 0.1717578125 0.53701171875 0.007949218749999987 0.008007812500000044
0 0.171796875 0.5100390625 0.011171874999999998 0.011093749999999902
0 0.1651953125 0.50005859375 0.009882812500000004 0.008124999999999938
0 0.17287109375 0.495 0.005507812499999987 0.009921874999999969
0 0.16400390625 0.49087890625 0.011992187499999973 0.009882812500000004
0 0.18384765625 0.56482421875 0.00826171874999998 0.007714843750000089