0 0.9765625 0.732421875 0.0078125 0.0078125
0 0.9560546875 0.7314453125 0.005859375 0.005859375
0 0.9443359375 0.728515625 0.0078125 0.0078125
0 0.96484375 0.7548828125 0.0078125 0.005859375
0 0.8828125 0.75390625 0.015625 0.009765625
0 0.9228515625 0.7734375 0.009765625 0.009765625
0 0.9130859375 0.7802734375 0.009765625 0.0078125
0 0.869140625 0.818359375 0.0078125 0.0078125
0 0.84375 0.7900390625 0.01171875 0.009765625
0 0.7724609375 0.81640625 0.01171875 0.009765625
0 0.693359375 0.88671875 0.01171875 0.009765625
0 0.673828125 0.884765625 0.013671875 0.01171875
0 0.66796875 0.8974609375 0.01171875 0.01171875
0 0.6806640625 0.9150390625 0.013671875 0.0078125
0 0.6806640625 0.9267578125 0.013671875 0.01171875
0 0.6884765625 0.9375 0.013671875 0.009765625
0 0.779296875 0.853515625 0.01171875 0.009765625
0 0.5576171875 0.7470703125 0.01171875 0.015625
0 0.572265625 0.779296875 0.009765625 0.01171875
0 0.548828125 0.779296875 0.013671875 0.015625
0 0.486328125 0.8251953125 0.015625 0.013671875
0 0.474609375 0.806640625 0.015625 0.013671875
0 0.431640625 0.8046875 0.01171875 0.009765625
0 0.373046875 0.7822265625 0.009765625 0.0078125
0 0.3583984375 0.7802734375 0.0078125 0.0078125
0 0.3671875 0.7880859375 0.01171875 0.005859375
0 0.376953125 0.7958984375 0.01171875 0.0078125
0 0.4814453125 0.7490234375 0.01171875 0.0078125
0 0.37890625 0.7275390625 0.01171875 0.0078125
0 0.369140625 0.71875 0.01171875 0.013671875
0 0.3193359375 0.6767578125 0.01171875 0.009765625
0 0.353515625 0.6181640625 0.013671875 0.009765625
0 0.4599609375 0.724609375 0.01171875 0.009765625
0 0.66796875 0.8369140625 0.01171875 0.009765625
0 0.7197265625 0.873046875 0.017578125 0.0078125
0 0.7314453125 0.8779296875 0.013671875 0.009765625
0 0.4169921875 0.83984375 0.013671875 0.01171875
0 0.3759765625 0.814453125 0.01171875 0.01171875
0 0.359375 0.6298828125 0.01171875 0.009765625
0 0.3466796875 0.6328125 0.01171875 0.01171875
0 0.359375 0.6416015625 0.01171875 0.01171875
0 0.34375 0.6435546875 0.01171875 0.0078125
0 0.345703125 0.65234375 0.009765625 0.009765625
0 0.3271484375 0.671875 0.013671875 0.01171875
0 0.482421875 0.7099609375 0.009765625 0.009765625
0 0.8095703125 0.8564453125 0.021484375 0.0078125
0 0.388671875 0.71875 0.009765625 0.0078125
0 0.3837890625 0.8232421875 0.009765625 0.0078125
0 0.9892578125 0.982421875 0.015625 0.009765625
0 0.994140625 0.9970703125 0.009765625 0.005859375
0 0.7041015625 0.8994140625 0.015625 0.009765625
0 0.689453125 0.90625 0.015625 0.009765625
0 0.3349609375 0.6591796875 0.01171875 0.0078125