0 0.8642578125 0.654296875 0.0078125 0.01171875
0 0.853515625 0.66796875 0.0078125 0.009765625
0 0.84765625 0.658203125 0.005859375 0.0078125
0 0.74609375 0.66796875 0.005859375 0.005859375
0 0.5263671875 0.5673828125 0.0078125 0.0078125
0 0.5419921875 0.15234375 0.009765625 0.0078125
0 0.4814453125 0.1328125 0.0078125 0.0078125
0 0.373046875 0.0322265625 0.0078125 0.0078125
0 0.353515625 0.0380859375 0.005859375 0.005859375
0 0.3671875 0.048828125 0.005859375 0.0078125
0 0.357421875 0.048828125 0.0078125 0.009765625
0 0.3486328125 0.080078125 0.0078125 0.0078125
0 0.3134765625 0.0712890625 0.005859375 0.009765625
0 0.2939453125 0.1083984375 0.0078125 0.009765625
0 0.3056640625 0.0732421875 0.0078125 0.0078125
0 0.294921875 0.078125 0.0078125 0.009765625
0 0.3173828125 0.0849609375 0.009765625 0.0078125
0 0.32421875 0.08984375 0.0078125 0.005859375
0 0.3271484375 0.1015625 0.005859375 0.0078125
0 0.3291015625 0.11328125 0.0078125 0.0078125
0 0.32421875 0.1240234375 0.0078125 0.0078125
0 0.28515625 0.09765625 0.009765625 0.0078125
0 0.5009765625 0.16796875 0.005859375 0.0078125
0 0.5068359375 0.1708984375 0.009765625 0.009765625
0 0.5234375 0.1669921875 0.0078125 0.005859375
0 0.5185546875 0.1767578125 0.005859375 0.005859375
0 0.525390625 0.1826171875 0.01171875 0.0078125
0 0.5263671875 0.1943359375 0.009765625 0.005859375
0 0.5361328125 0.1982421875 0.0078125 0.005859375
0 0.39453125 0.3896484375 0.005859375 0.009765625
0 0.404296875 0.404296875 0.0078125 0.009765625
0 0.40234375 0.419921875 0.005859375 0.0078125
0 0.3916015625 0.40625 0.009765625 0.01171875
0 0.3798828125 0.3974609375 0.009765625 0.0078125
0 0.3798828125 0.40625 0.005859375 0.0078125
0 0.39453125 0.4580078125 0.005859375 0.0078125
0 0.3818359375 0.4501953125 0.0078125 0.0078125
0 0.375 0.435546875 0.009765625 0.009765625
0 0.3740234375 0.4130859375 0.0078125 0.0078125
0 0.3466796875 0.4033203125 0.005859375 0.0078125
0 0.34765625 0.4140625 0.0078125 0.0078125
0 0.3447265625 0.42578125 0.005859375 0.0078125
0 0.359375 0.44140625 0.0078125 0.0078125
0 0.369140625 0.4482421875 0.0078125 0.0078125
0 0.3359375 0.43359375 0.0078125 0.009765625
0 0.3291015625 0.453125 0.0078125 0.009765625
0 0.326171875 0.4345703125 0.0078125 0.009765625
0 0.3134765625 0.4208984375 0.0078125 0.009765625
0 0.3017578125 0.4189453125 0.0078125 0.009765625
0 0.30859375 0.42578125 0.0078125 0.0078125
0 0.3154296875 0.4326171875 0.009765625 0.0078125
0 0.3154296875 0.4404296875 0.009765625 0.005859375
0 0.3125 0.4521484375 0.005859375 0.0078125
0 0.3056640625 0.443359375 0.005859375 0.005859375
0 0.2998046875 0.4306640625 0.005859375 0.005859375
0 0.2822265625 0.4189453125 0.005859375 0.0078125
0 0.26953125 0.4150390625 0.005859375 0.005859375
0 0.2958984375 0.4755859375 0.005859375 0.0078125
0 0.3525390625 0.5341796875 0.009765625 0.005859375
0 0.3876953125 0.5712890625 0.005859375 0.0078125
0 0.3466796875 0.576171875 0.009765625 0.005859375
0 0.3427734375 0.591796875 0.0078125 0.0078125
0 0.2666015625 0.46875 0.005859375 0.01171875
0 0.267578125 0.4833984375 0.0078125 0.009765625
0 0.275390625 0.4970703125 0.0078125 0.0078125
0 0.259765625 0.4501953125 0.0078125 0.005859375
0 0.2548828125 0.4375 0.0078125 0.0078125
0 0.21875 0.4267578125 0.005859375 0.0078125
0 0.2177734375 0.4384765625 0.0078125 0.0078125
0 0.2490234375 0.44921875 0.005859375 0.005859375
0 0.2421875 0.4580078125 0.0078125 0.0078125
0 0.232421875 0.458984375 0.005859375 0.0078125
0 0.2265625 0.4541015625 0.005859375 0.009765625
0 0.2236328125 0.4619140625 0.005859375 0.0078125
0 0.216796875 0.470703125 0.0078125 0.005859375
0 0.2109375 0.4609375 0.0078125 0.009765625
0 0.2080078125 0.453125 0.005859375 0.0078125
0 0.2607421875 0.5048828125 0.0078125 0.009765625
0 0.244140625 0.501953125 0.0078125 0.005859375
0 0.240234375 0.49609375 0.005859375 0.005859375
0 0.2373046875 0.4892578125 0.005859375 0.005859375
0 0.2294921875 0.482421875 0.005859375 0.005859375
0 0.2509765625 0.5576171875 0.0078125 0.009765625
0 0.3486328125 0.6474609375 0.009765625 0.009765625
0 0.33984375 0.6494140625 0.0078125 0.009765625
0 0.35546875 0.7080078125 0.0078125 0.0078125
0 0.3837890625 0.6376953125 0.005859375 0.009765625
0 0.3779296875 0.7373046875 0.005859375 0.005859375
0 0.388671875 0.7646484375 0.009765625 0.009765625
0 0.3515625 0.7255859375 0.0078125 0.0078125
0 0.345703125 0.73828125 0.009765625 0.0078125
0 0.3583984375 0.759765625 0.0078125 0.009765625
0 0.3662109375 0.765625 0.005859375 0.005859375
0 0.3740234375 0.7626953125 0.009765625 0.0078125
0 0.3095703125 0.72265625 0.005859375 0.0078125
0 0.2958984375 0.720703125 0.01171875 0.01171875
0 0.2216796875 0.6904296875 0.009765625 0.01171875
0 0.2236328125 0.5224609375 0.01171875 0.01171875
0 0.234375 0.5634765625 0.0078125 0.01171875
0 0.22265625 0.5400390625 0.005859375 0.009765625
0 0.20703125 0.525390625 0.005859375 0.0078125
0 0.201171875 0.4931640625 0.009765625 0.0078125
0 0.177734375 0.4755859375 0.0078125 0.0078125
0 0.17578125 0.498046875 0.005859375 0.009765625
0 0.2265625 0.5986328125 0.0078125 0.0078125
0 0.216796875 0.5966796875 0.0078125 0.0078125
0 0.208984375 0.6103515625 0.0078125 0.0078125
0 0.205078125 0.6025390625 0.005859375 0.0078125
0 0.1943359375 0.603515625 0.0078125 0.0078125
0 0.1845703125 0.6044921875 0.005859375 0.0078125
0 0.1591796875 0.595703125 0.005859375 0.0078125
0 0.1796875 0.5771484375 0.0078125 0.005859375
0 0.177734375 0.5859375 0.005859375 0.005859375
0 0.1689453125 0.5859375 0.0078125 0.0078125
0 0.169921875 0.595703125 0.0078125 0.005859375
0 0.2099609375 0.564453125 0.0078125 0.0078125
0 0.2099609375 0.5556640625 0.0078125 0.0078125
0 0.208984375 0.546875 0.00390625 0.0078125
0 0.19921875 0.548828125 0.0078125 0.009765625
0 0.2021484375 0.53515625 0.005859375 0.005859375
0 0.19140625 0.5322265625 0.0078125 0.009765625
0 0.162109375 0.5048828125 0.009765625 0.0078125
0 0.16015625 0.515625 0.009765625 0.0078125
0 0.158203125 0.5224609375 0.01171875 0.0078125
0 0.173828125 0.548828125 0.0078125 0.009765625
0 0.15234375 0.5498046875 0.005859375 0.0078125
0 0.1552734375 0.5390625 0.005859375 0.009765625
0 0.150390625 0.533203125 0.005859375 0.0078125
0 0.142578125 0.5390625 0.0078125 0.0078125
0 0.1259765625 0.5302734375 0.0078125 0.0078125
0 0.12890625 0.54296875 0.005859375 0.0078125
0 0.1162109375 0.5634765625 0.0078125 0.0078125
0 0.0927734375 0.580078125 0.009765625 0.005859375
0 0.09765625 0.5751953125 0.0078125 0.005859375
0 0.10546875 0.521484375 0.009765625 0.01171875
0 0.130859375 0.482421875 0.0078125 0.0078125
0 0.134765625 0.4619140625 0.0078125 0.005859375
0 0.123046875 0.4599609375 0.0078125 0.0078125
0 0.1171875 0.44921875 0.0078125 0.0078125
0 0.1142578125 0.462890625 0.0078125 0.0078125
0 0.1123046875 0.486328125 0.0078125 0.0078125
0 0.09765625 0.4892578125 0.005859375 0.005859375
0 0.013671875 0.509765625 0.0078125 0.0078125
0 0.029296875 0.48828125 0.005859375 0.0078125
0 0.05859375 0.4697265625 0.005859375 0.0078125
0 0.0732421875 0.484375 0.009765625 0.01171875
0 0.1044921875 0.474609375 0.0078125 0.009765625
0 0.09765625 0.4755859375 0.005859375 0.005859375
0 0.09765625 0.46484375 0.0078125 0.0078125
0 0.0869140625 0.451171875 0.0078125 0.005859375
0 0.095703125 0.4501953125 0.005859375 0.0078125
0 0.095703125 0.4365234375 0.005859375 0.00390625
0 0.0869140625 0.4296875 0.005859375 0.0078125
0 0.0615234375 0.43359375 0.009765625 0.005859375
0 0.0634765625 0.4404296875 0.009765625 0.0078125
0 0.248046875 0.7841796875 0.0078125 0.0078125
0 0.2392578125 0.80078125 0.0078125 0.0078125
0 0.236328125 0.8115234375 0.0078125 0.0078125
0 0.2265625 0.8115234375 0.0078125 0.0078125
0 0.23046875 0.8212890625 0.0078125 0.0078125
0 0.205078125 0.8203125 0.0078125 0.0078125
0 0.2158203125 0.8310546875 0.009765625 0.0078125
0 0.26171875 0.8203125 0.005859375 0.0078125
0 0.3125 0.85546875 0.0078125 0.005859375
0 0.2998046875 0.8505859375 0.0078125 0.009765625
0 0.2900390625 0.830078125 0.005859375 0.009765625
0 0.28125 0.8291015625 0.0078125 0.0078125
0 0.2685546875 0.8330078125 0.009765625 0.005859375
0 0.2734375 0.837890625 0.0078125 0.005859375
0 0.255859375 0.8369140625 0.0078125 0.005859375
0 0.25390625 0.84765625 0.0078125 0.0078125
0 0.2314453125 0.841796875 0.0078125 0.0078125
0 0.267578125 0.85546875 0.00390625 0.005859375
0 0.2109375 0.8486328125 0.0078125 0.005859375
0 0.189453125 0.8515625 0.0078125 0.009765625
0 0.1982421875 0.873046875 0.005859375 0.0078125
0 0.1904296875 0.8798828125 0.005859375 0.0078125
0 0.2587890625 0.8955078125 0.005859375 0.0078125
0 0.2578125 0.912109375 0.005859375 0.0078125
0 0.3134765625 0.91015625 0.005859375 0.005859375
0 0.3369140625 0.9091796875 0.005859375 0.005859375
0 0.375 0.9443359375 0.0078125 0.0078125
0 0.345703125 0.9375 0.0078125 0.005859375
0 0.283203125 0.984375 0.009765625 0.009765625
0 0.2958984375 0.994140625 0.009765625 0.0078125
0 0.2841796875 0.9970703125 0.0078125 0.005859375
0 0.2744140625 0.9912109375 0.0078125 0.005859375
0 0.2626953125 0.9853515625 0.0078125 0.005859375
0 0.2255859375 0.9150390625 0.0078125 0.009765625
0 0.216796875 0.9052734375 0.0078125 0.0078125
0 0.21875 0.9248046875 0.01171875 0.0078125
0 0.2294921875 0.9345703125 0.0078125 0.0078125
0 0.017578125 0.90234375 0.005859375 0.005859375
0 0.015625 0.91015625 0.005859375 0.005859375
0 0.0341796875 0.9140625 0.005859375 0.005859375
0 0.0224609375 0.91796875 0.005859375 0.005859375
0 0.0078125 0.916015625 0.0078125 0.0078125
0 0.005859375 0.9296875 0.005859375 0.0078125
0 0.0283203125 0.9306640625 0.0078125 0.005859375
0 0.048828125 0.9404296875 0.005859375 0.005859375
0 0.041015625 0.9482421875 0.005859375 0.0078125
0 0.0498046875 0.9541015625 0.0078125 0.0078125
0 0.044921875 0.962890625 0.005859375 0.0078125
0 0.8232421875 0.4384765625 0.009765625 0.009765625
0 0.828125 0.46484375 0.0078125 0.01171875
0 0.8154296875 0.474609375 0.0078125 0.009765625
0 0.806640625 0.4873046875 0.015625 0.009765625
0 0.8212890625 0.513671875 0.009765625 0.009765625
0 0.8115234375 0.5224609375 0.01171875 0.01171875
0 0.841796875 0.46875 0.005859375 0.005859375
0 0.85546875 0.4892578125 0.009765625 0.009765625
0 0.86328125 0.5068359375 0.0078125 0.0078125
0 0.85546875 0.5234375 0.01171875 0.009765625
0 0.140625 0.3056640625 0.0078125 0.005859375
0 0.1474609375 0.3134765625 0.005859375 0.009765625
0 0.1591796875 0.3232421875 0.013671875 0.009765625
0 0.154296875 0.3349609375 0.0078125 0.0078125
0 0.1396484375 0.3349609375 0.009765625 0.0078125
0 0.1337890625 0.3310546875 0.0078125 0.005859375
0 0.1298828125 0.3193359375 0.0078125 0.0078125
0 0.126953125 0.359375 0.005859375 0.005859375
0 0.1201171875 0.3759765625 0.005859375 0.009765625
0 0.1435546875 0.376953125 0.005859375 0.0078125
0 0.103515625 0.33984375 0.005859375 0.005859375
0 0.0986328125 0.3134765625 0.005859375 0.00390625
0 0.1025390625 0.3046875 0.0078125 0.00390625
0 0.07421875 0.3134765625 0.0078125 0.0078125
0 0.08203125 0.3232421875 0.005859375 0.00390625
0 0.0966796875 0.345703125 0.005859375 0.005859375
0 0.0830078125 0.33984375 0.005859375 0.009765625
0 0.0810546875 0.353515625 0.005859375 0.0078125
0 0.0771484375 0.3720703125 0.005859375 0.0078125
0 0.0712890625 0.3681640625 0.005859375 0.005859375
0 0.072265625 0.359375 0.005859375 0.005859375
0 0.0634765625 0.345703125 0.0078125 0.005859375
0 0.0634765625 0.3544921875 0.005859375 0.005859375
0 0.0517578125 0.3447265625 0.0078125 0.0078125
0 0.0458984375 0.353515625 0.005859375 0.00390625
0 0.04296875 0.3623046875 0.005859375 0.0078125
0 0.0341796875 0.3671875 0.005859375 0.005859375
0 0.0537109375 0.37890625 0.005859375 0.005859375
0 0.0439453125 0.380859375 0.005859375 0.005859375
0 0.0185546875 0.384765625 0.00390625 0.0078125
0 0.015625 0.373046875 0.0078125 0.009765625
0 0.009765625 0.3701171875 0.0078125 0.0078125
0 0.0029296875 0.36328125 0.005859375 0.0078125
0 0.0087890625 0.353515625 0.005859375 0.005859375
0 0.01953125 0.3349609375 0.0078125 0.005859375
0 0.041015625 0.3271484375 0.00390625 0.0078125
0 0.033203125 0.3447265625 0.005859375 0.005859375
0 0.0322265625 0.35546875 0.005859375 0.0078125
0 0.025390625 0.3515625 0.005859375 0.00390625
0 0.0166015625 0.3544921875 0.0078125 0.0078125
0 0.017578125 0.361328125 0.005859375 0.005859375
0 0.025390625 0.359375 0.0078125 0.00390625
0 0.0244140625 0.3701171875 0.005859375 0.005859375
0 0.447265625 0.9296875 0.005859375 0.0078125
0 0.572265625 0.9970703125 0.009765625 0.005859375