0 0.99103515625 0.31357421875 0.014082031250000071 0.014277343750000004
0 0.92978515625 0.30751953125 0.012304687499999911 0.01423828125000004
0 0.91998046875 0.32138671875 0.011992187499999973 0.013886718750000027
0 0.89759765625 0.330234375 0.010664062500000071 0.016484374999999996
0 0.95513671875 0.33861328125 0.012382812500000062 0.014179687499999982
0 0.9297265625 0.35556640625 0.012148437500000053 0.011914062500000044
0 0.9630859375 0.36158203125 0.012499999999999956 0.011992187499999973
0 0.96767578125 0.3475 0.009941406250000062 0.012031250000000049
0 0.87701171875 0.3535546875 0.011992187499999973 0.012031250000000049
0 0.89623046875 0.37400390625 0.011992187499999973 0.013652343750000018
0 0.90330078125 0.360234375 0.014394531250000009 0.013828124999999969
0 0.8447265625 0.376875 0.014863281250000027 0.012363281249999969
0 0.8340625 0.41498046875 0.013144531250000036 0.01416015625
0 0.85271484375 0.40806640625 0.010527343749999973 0.012636718750000053
0 0.81248046875 0.43865234375 0.01253906249999992 0.014042968749999996
0 0.836640625 0.45095703125 0.01351562499999992 0.012070312500000013
0 0.86158203125 0.4394140625 0.012226562499999982 0.012421875000000027
0 0.812578125 0.47640625 0.012343750000000098 0.012421875000000027
0 0.88583984375 0.41099609375 0.014628906250000018 0.013789062500000004
0 0.96486328125 0.38572265625 0.012148437500000053 0.014042968749999996
0 0.9930078125 0.4159375 0.01025390625 0.012343749999999987
0 0.96029296875 0.408515625 0.01416015625 0.012246093749999964
0 0.93365234375 0.41103515625 0.012402343750000044 0.014257812500000022
0 0.95298828125 0.4314453125 0.012597656250000089 0.012499999999999956
0 0.91193359375 0.42767578125 0.012558593749999902 0.012363281249999969
0 0.87431640625 0.42375 0.013847656250000062 0.011953125000000009
0 0.879921875 0.4349609375 0.010488281250000009 0.009824218749999947
0 0.89193359375 0.444140625 0.010273437499999982 0.014042968749999996
0 0.9057421875 0.453984375 0.01431640625000008 0.010390624999999987
0 0.89765625 0.46375 0.014433593749999973 0.010410156249999969
0 0.8865234375 0.46826171875 0.01171875 0.013476562499999956
0 0.87130859375 0.47068359375 0.012128906250000071 0.012226562499999982
0 0.88494140625 0.49021484375 0.012460937499999991 0.012070312500000013
0 0.8693359375 0.48435546875 0.012499999999999956 0.01212890624999996
0 0.83322265625 0.4911328125 0.014042968750000107 0.010312499999999947
0 0.8144140625 0.4959375 0.012031249999999938 0.01179687500000004
0 0.83396484375 0.51591796875 0.012480468749999973 0.012304687499999911
0 0.8291796875 0.50388671875 0.013691406249999982 0.011796874999999929
0 0.89841796875 0.5916796875 0.012343750000000098 0.011484374999999991
0 0.90958984375 0.5949609375 0.010117187499999902 0.010078124999999938
0 0.93966796875 0.59171875 0.012460937499999991 0.011503906249999973
0 0.93884765625 0.5468359375 0.014101562500000053 0.01220703125
0 0.9611328125 0.526953125 0.011738281249999982 0.013671875
0 0.97666015625 0.5578125 0.01220703125 0.010429687500000062
0 0.9979296875 0.56072265625 0.004140625000000009 0.012089843750000107
0 0.975390625 0.5058984375 0.009863281249999911 0.011835937499999893
0 0.98451171875 0.50103515625 0.011660156250000053 0.013808593750000098
0 0.9748828125 0.5353125 0.012285156249999929 0.016484375000000107
0 0.98541015625 0.63666015625 0.01025390625 0.008105468749999956
0 0.99609375 0.822421875 0.0078125 0.011835937499999893