0 0.7033984375 0.74021484375 0.01236328125000008 0.012128906250000071
0 0.7063671875 0.757890625 0.010332031249999929 0.011582031249999902
0 0.89853515625 0.74498046875 0.012304687499999911 0.009648437500000107
0 0.99697265625 0.81658203125 0.006054687500000044 0.011289062499999947
0 0.97494140625 0.7949609375 0.007929687499999893 0.008515625000000027
0 0.95021484375 0.7859375 0.009394531249999893 0.009785156249999982
0 0.94939453125 0.808671875 0.008222656250000071 0.011972656249999991
0 0.95619140625 0.7986328125 0.005742187500000107 0.012109375000000089
0 0.96279296875 0.7908203125 0.008027343750000027 0.015605468750000018
0 0.944609375 0.98716796875 0.010292968749999964 0.005957031249999911
0 0.92880859375 0.81708984375 0.010371093749999893 0.006464843749999893