0 0.1494140625 0.3916015625 0.013671875 0.009765625
0 0.1552734375 0.3994140625 0.009765625 0.009765625
0 0.193359375 0.3212890625 0.01171875 0.013671875
0 0.169921875 0.279296875 0.01171875 0.0078125
0 0.4013671875 0.2783203125 0.009765625 0.009765625
0 0.361328125 0.2373046875 0.01171875 0.009765625
0 0.3232421875 0.22265625 0.009765625 0.0078125
0 0.501953125 0.4248046875 0.01171875 0.009765625
0 0.484375 0.41015625 0.01171875 0.0078125
0 0.8681640625 0.353515625 0.009765625 0.0078125
0 0.8095703125 0.3759765625 0.009765625 0.009765625
0 0.810546875 0.3544921875 0.01171875 0.009765625
0 0.826171875 0.3564453125 0.01171875 0.009765625
0 0.82421875 0.34375 0.01171875 0.0078125
0 0.474609375 0.236328125 0.0078125 0.0078125
0 0.4169921875 0.2138671875 0.009765625 0.009765625
0 0.3935546875 0.2119140625 0.009765625 0.009765625
0 0.4443359375 0.212890625 0.005859375 0.0078125
0 0.443359375 0.1943359375 0.01171875 0.009765625
0 0.4326171875 0.19140625 0.009765625 0.0078125
0 0.4228515625 0.1982421875 0.009765625 0.009765625
0 0.4140625 0.193359375 0.0078125 0.0078125
0 0.4140625 0.18359375 0.0078125 0.0078125
0 0.423828125 0.1826171875 0.0078125 0.009765625
0 0.3818359375 0.2021484375 0.009765625 0.009765625
0 0.3671875 0.21875 0.0078125 0.0078125
0 0.3388671875 0.224609375 0.009765625 0.0078125
0 0.3662109375 0.203125 0.009765625 0.0078125
0 0.3583984375 0.1962890625 0.009765625 0.005859375
0 0.3447265625 0.21875 0.009765625 0.0078125
0 0.3349609375 0.2138671875 0.005859375 0.009765625
0 0.3564453125 0.2236328125 0.009765625 0.017578125
0 0.9404296875 0.5546875 0.009765625 0.0078125
0 0.9453125 0.5361328125 0.0078125 0.013671875
0 0.9306640625 0.5322265625 0.013671875 0.009765625
0 0.9814453125 0.876953125 0.013671875 0.015625
0 0.9638671875 0.888671875 0.013671875 0.01171875
0 0.9521484375 0.904296875 0.013671875 0.01171875
0 0.89453125 0.5029296875 0.0078125 0.009765625
0 0.904296875 0.5068359375 0.0078125 0.009765625
0 0.8544921875 0.2119140625 0.009765625 0.005859375
0 0.91796875 0.5146484375 0.0078125 0.009765625
0 0.912109375 0.5302734375 0.017578125 0.021484375
0 0.6748046875 0.8046875 0.009765625 0.01171875