0 0.163984375 0.58005859375 0.007949218749999987 0.011757812499999964
0 0.1748828125 0.5928125 0.010312500000000002 0.010039062499999973
0 0.18955078125 0.60744140625 0.011914062499999989 0.011835937499999893
0 0.27052734375 0.5897265625 0.010195312500000053 0.011679687500000036
0 0.251875 0.58498046875 0.011757812499999964 0.013789062499999893
0 0.11910156249999998 0.67384765625 0.012011718750000011 0.012128906250000071
0 0.1408203125 0.6744921875 0.01171875 0.01382812500000008
0 0.1074609375 0.68734375 0.012148437499999998 0.011855468750000098
0 0.11734375 0.69439453125 0.011679687500000008 0.013574218750000089
0 0.1289453125 0.693125 0.011621093749999978 0.011796874999999929
0 0.13080078125 0.7119921875 0.011992187499999973 0.01351562499999992
0 0.114296875 0.74095703125 0.009843750000000012 0.013554687500000107
0 0.09287109375 0.70611328125 0.009960937499999989 0.013554687500000107
0 0.07044921875 0.70876953125 0.01220703125 0.011757812499999964
0 0.08294921875 0.71501953125 0.009902343749999987 0.011816406249999911
0 0.06052734375 0.73455078125 0.0120703125 0.011679687500000036
0 0.030546875 0.72365234375 0.013789062500000004 0.014082031250000071
0 0.00298828125 0.723671875 0.0059765625 0.013613281250000053
0 0.0352734375 0.73921875 0.011894531249999993 0.013749999999999929
0 0.00390625 0.7373046875 0.0078125 0.013671875
0 0.04421875 0.759765625 0.009511718749999995 0.011347656249999893
0 0.03509765625 0.7559375 0.007910156249999994 0.011953125000000009
0 0.10650390625 0.8027734375 0.010039062500000001 0.011660156250000053
0 0.23943359375 0.719765625 0.009765625 0.009687500000000071
0 0.31046875 0.66291015625 0.011972656249999991 0.013261718749999929
0 0.328203125 0.66998046875 0.007871093749999947 0.008085937499999973
0 0.28822265625 0.655234375 0.013535156250000013 0.009843749999999929
0 0.28419921875 0.66404296875 0.009414062499999987 0.008183593750000107
0 0.29205078125 0.67388671875 0.010058593749999956 0.011992187499999973
0 0.2764453125 0.68548828125 0.013906250000000009 0.015742187499999893
0 0.27546875 0.701171875 0.01968749999999997 0.012109375000000089
0 0.25294921875 0.7137109375 0.010136718749999996 0.009707031250000053
0 0.2527734375 0.72365234375 0.00984375000000004 0.010175781250000071
0 0.275390625 0.74615234375 0.01171875 0.011601562500000107
0 0.2882421875 0.7587890625 0.00968749999999996 0.009863281249999911
0 0.408125 0.62986328125 0.011464843750000009 0.013300781249999893
0 0.378984375 0.639609375 0.011972656249999991 0.013749999999999929
0 0.39462890625 0.6533984375 0.011933593750000027 0.013535156249999902
0 0.35755859375 0.65708984375 0.011679687500000036 0.009648437500000107
0 0.36439453125 0.6650390625 0.009882812500000004 0.009765625
0 0.45705078125 0.6504296875 0.011679687500000036 0.012031249999999938
0 0.47654296875 0.6758203125 0.015585937500000036 0.015546875000000071
0 0.2784375 0.99310546875 0.009628906250000013 0.009902343750000098
0 0.25603515625 0.99103515625 0.011660156250000053 0.013710937499999964
0 0.2344140625 0.99404296875 0.01216796874999998 0.011914062500000044
0 0.22369140625 0.9833203125 0.013789062500000004 0.009785156249999982
0 0.30873046875 0.94720703125 0.011835937500000004 0.011835937499999893
0 0.324453125 0.9511328125 0.01179687500000004 0.012031249999999938
0 0.3340625 0.96416015625 0.011464843750000009 0.014375000000000027
0 0.34263671875 0.95396484375 0.009863281250000022 0.013769531249999911
0 0.35251953125 0.977578125 0.009707031250000053 0.010234375000000018
0 0.42681640625 0.71662109375 0.010058593749999956 0.011972656249999991
0 0.41994140625 0.6795703125 0.011562500000000031 0.012128906250000071
0 0.4081640625 0.69146484375 0.011777343749999947 0.011660156250000053
0 0.31244140625 0.7518359375 0.007949218749999987 0.011503906249999973
0 0.32240234375 0.75099609375 0.01179687500000004 0.013613281250000053
0 0.35259765625 0.69439453125 0.009863281250000022 0.010019531249999991
0 0.37796875 0.6991796875 0.010214843750000036 0.01205078124999992
0 0.41203125 0.71193359375 0.011582031250000013 0.010195312500000053
0 0.42767578125 0.69921875 0.011835937500000004 0.011308593749999929
0 0.437734375 0.69033203125 0.01554687499999996 0.013476562499999956
0 0.3944921875 0.71078125 0.01179687500000004 0.01945312500000007
0 0.41130859375 0.72544921875 0.009707031250000053 0.009628906249999902
0 0.36435546875 0.7029296875 0.013867187500000044 0.015234374999999911
0 0.33494140625 0.72154296875 0.013769531250000022 0.021210937500000027
0 0.45435546875 0.6816796875 0.009882812500000004 0.007851562499999964
0 0.46193359375 0.67654296875 0.010117187500000013 0.009707031250000053
0 0.45021484375 0.6738671875 0.010195312500000053 0.007890624999999929
0 0.45537109375 0.66484375 0.015449218750000049 0.009765625