0 0.53013671875 0.8644140625 0.013945312499999973 0.013378906250000044
0 0.564765625 0.863359375 0.011894531250000062 0.011953125000000009
0 0.551015625 0.916015625 0.012246093749999964 0.01611328125
0 0.5840234375 0.953203125 0.012031249999999938 0.011953125000000009
0 0.6348046875 0.95615234375 0.012187500000000018 0.014238281249999929
0 0.41142578125 0.0479296875 0.014257812500000022 0.013906249999999995
0 0.38109375 0.0370703125 0.012011718749999956 0.012167968749999994
0 0.38294921875 0.023203125 0.011992187499999973 0.011621093749999999
0 0.33296875 0.00322265625 0.009941406249999951 0.0064453125
0 0.3575 0.00974609375 0.011953125000000009 0.011660156249999998
0 0.37228515625 0.00400390625 0.01791015625000003 0.0080078125
0 0.07912109375 0.10349609375 0.010195312499999998 0.012441406250000009
0 0.13189453125 0.00498046875 0.013574218749999978 0.0099609375
0 0.1240234375 0.0262109375 0.01363281249999998 0.010859374999999998
0 0.11849609375 0.035 0.013925781249999991 0.011386718749999997
0 0.118203125 0.0508984375 0.014121093750000008 0.012031250000000007
0 0.25095703125 0.58298828125 0.009667968749999978 0.013808593750000098
0 0.24134765625 0.57142578125 0.006367187499999982 0.010292968749999964
0 0.51455078125 0.24708984374999998 0.009882812499999893 0.013789062500000004
0 0.042109375 0.84455078125 0.009999999999999995 0.010175781250000071