0 0.02345703125 0.73240234375 0.00875 0.008496093750000044
0 0.04390625 0.73150390625 0.006191406250000003 0.005585937500000027
0 0.05609375 0.728671875 0.008242187499999998 0.008124999999999938
0 0.03521484375 0.75490234375 0.0076757812499999994 0.006660156249999938
0 0.11701171875 0.7541796875 0.015390624999999991 0.009648437500000107
0 0.07728515625 0.77345703125 0.009414062500000014 0.009648437500000107
0 0.08681640625 0.7803515625 0.010566406249999993 0.008730468750000053
0 0.1308984375 0.8180078125 0.007343749999999982 0.007343749999999982
0 0.15673828125 0.7901171875 0.011249999999999982 0.008964843750000062
0 0.22712890625 0.8165234375 0.011015624999999973 0.009414062500000098
0 0.30705078125 0.88634765625 0.012402343750000044 0.009882812499999893
0 0.32587890625 0.88427734375 0.013769531250000022 0.01171875
0 0.3320703125 0.89771484375 0.012402343750000044 0.011015624999999973
0 0.318984375 0.91470703125 0.013320312499999987 0.008730468750000053
0 0.3188671875 0.926640625 0.014003906250000031 0.011015624999999973
0 0.311875 0.93708984375 0.013320312499999987 0.008964843750000062
0 0.2208203125 0.85376953125 0.010820312499999984 0.010273437499999982
0 0.44244140625 0.7471484375 0.012441406250000009 0.01570312499999993
0 0.42755859375 0.77935546875 0.009746093750000018 0.011914062500000044
0 0.451640625 0.77962890625 0.014609375000000036 0.01570312499999993
0 0.51416015625 0.825078125 0.015156249999999982 0.014609375000000036
0 0.52498046875 0.806953125 0.016230468749999893 0.012988281249999956
0 0.56828125 0.80451171875 0.010820312499999929 0.009199218750000071
0 0.62673828125 0.78259765625 0.009746093750000018 0.007578124999999991
0 0.64162109375 0.7804296875 0.008124999999999938 0.008652343749999902
0 0.63267578125 0.787734375 0.010820312499999929 0.005957031249999911
0 0.62267578125 0.7955859375 0.011367187500000098 0.007578124999999991
0 0.51849609375 0.74931640625 0.010820312499999929 0.008124999999999938
0 0.6210546875 0.72740234375 0.011367187500000098 0.008652343749999902
0 0.6310546875 0.71873046875 0.010820312499999929 0.012988281249999956
0 0.6811328125 0.676796875 0.012441406250000009 0.010273437499999982
0 0.646484375 0.61833984375 0.014609375000000036 0.010273437499999982
0 0.53986328125 0.7244140625 0.012441406250000009 0.010273437499999982
0 0.3323046875 0.837265625 0.01082031250000004 0.009746093750000018
0 0.280625 0.87326171875 0.01677734374999995 0.007031250000000044
0 0.2681640625 0.8778515625 0.013535156250000013 0.009746093750000018
0 0.5831640625 0.83998046875 0.014609375000000036 0.011914062500000044
0 0.62375 0.8148046875 0.012441406250000009 0.011367187500000098
0 0.64080078125 0.62943359375 0.010820312499999929 0.009746093750000018
0 0.653515625 0.63322265625 0.012441406250000009 0.010820312499999929
0 0.64107421875 0.64189453125 0.011367187500000098 0.010820312499999929
0 0.65595703125 0.6432421875 0.010820312499999929 0.007031250000000044
0 0.6540625 0.65189453125 0.009199218750000071 0.009199218750000071
0 0.6724609375 0.6721875 0.013535156249999902 0.011914062500000044
0 0.51716796875 0.7096875 0.00912109374999992 0.009570312499999956
0 0.19 0.856640625 0.02095703124999998 0.008203125000000089
0 0.61126953125 0.7190234375 0.009570312499999956 0.008203125000000089
0 0.61650390625 0.82314453125 0.010019531249999991 0.007753906250000053
0 0.0105859375 0.9826171875 0.015234375000000001 0.00927734375
0 0.005390625 0.99751953125 0.010019531249999998 0.004941406249999947
0 0.29546875 0.89958984375 0.016015624999999978 0.010371093749999893
0 0.310078125 0.90666015625 0.015078125000000053 0.00943359375000008
0 0.664609375 0.65900390625 0.011777343749999947 0.00765624999999992