0 0.04296875 0.833984375 0.0078125 0.0078125
0 0.0205078125 0.8203125 0.0078125 0.009765625
0 0.0068359375 0.787109375 0.009765625 0.0078125
0 0.0478515625 0.7724609375 0.009765625 0.009765625
0 0.00390625 0.7314453125 0.0078125 0.005859375
0 0.00390625 0.7158203125 0.0078125 0.009765625
0 0.00390625 0.6552734375 0.0078125 0.009765625
0 0.2958984375 0.8310546875 0.0078125 0.005859375
0 0.298828125 0.8095703125 0.005859375 0.005859375
0 0.2939453125 0.8056640625 0.005859375 0.005859375
0 0.314453125 0.8056640625 0.005859375 0.005859375
0 0.322265625 0.7666015625 0.0078125 0.009765625
0 0.322265625 0.7216796875 0.0078125 0.0078125
0 0.32421875 0.7060546875 0.0078125 0.005859375
0 0.3447265625 0.7294921875 0.005859375 0.005859375
0 0.3603515625 0.7197265625 0.009765625 0.009765625
0 0.3505859375 0.712890625 0.0078125 0.009765625
0 0.380859375 0.705078125 0.0078125 0.0078125
0 0.376953125 0.693359375 0.009765625 0.0078125
0 0.373046875 0.6865234375 0.0078125 0.0078125
0 0.3583984375 0.703125 0.01171875 0.0078125
0 0.390625 0.693359375 0.0078125 0.0078125
0 0.3837890625 0.6796875 0.0078125 0.00390625
0 0.40234375 0.6923828125 0.009765625 0.0078125
0 0.3984375 0.6845703125 0.0078125 0.005859375
0 0.4091796875 0.7060546875 0.0078125 0.009765625
0 0.4375 0.712890625 0.0078125 0.0078125
0 0.435546875 0.7177734375 0.0078125 0.009765625
0 0.4267578125 0.7197265625 0.005859375 0.005859375
0 0.421875 0.7109375 0.009765625 0.009765625
0 0.416015625 0.6796875 0.0078125 0.0078125
0 0.421875 0.673828125 0.0078125 0.0078125
0 0.5478515625 0.794921875 0.0078125 0.0078125
0 0.5654296875 0.7783203125 0.0078125 0.0078125
0 0.583984375 0.751953125 0.0078125 0.0078125
0 0.5859375 0.740234375 0.009765625 0.0078125
0 0.5849609375 0.7314453125 0.005859375 0.005859375
0 0.595703125 0.7412109375 0.0078125 0.005859375
0 0.4814453125 0.509765625 0.009765625 0.0078125
0 0.498046875 0.513671875 0.009765625 0.0078125
0 0.3251953125 0.384765625 0.0078125 0.0078125
0 0.3388671875 0.3955078125 0.009765625 0.009765625
0 0.35546875 0.392578125 0.009765625 0.009765625
0 0.3916015625 0.4013671875 0.009765625 0.009765625
0 0.38671875 0.396484375 0.01171875 0.01171875
0 0.333984375 0.376953125 0.009765625 0.0078125
0 0.341796875 0.3828125 0.0078125 0.0078125
0 0.33984375 0.37109375 0.009765625 0.0078125
0 0.34765625 0.36328125 0.009765625 0.0078125
0 0.3701171875 0.3671875 0.01171875 0.0078125
0 0.38671875 0.375 0.009765625 0.0078125
0 0.38671875 0.3623046875 0.009765625 0.0078125
0 0.3759765625 0.353515625 0.01171875 0.009765625
0 0.33984375 0.33984375 0.009765625 0.009765625
0 0.3486328125 0.3388671875 0.0078125 0.0078125
0 0.361328125 0.337890625 0.01171875 0.009765625
0 0.37109375 0.3291015625 0.01171875 0.0078125
0 0.3583984375 0.306640625 0.0078125 0.0078125
0 0.36328125 0.3017578125 0.005859375 0.00390625
0 0.37109375 0.3154296875 0.009765625 0.013671875
0 0.3740234375 0.306640625 0.0078125 0.005859375
0 0.388671875 0.318359375 0.0078125 0.0078125
0 0.3876953125 0.302734375 0.0078125 0.0078125
0 0.37890625 0.298828125 0.0078125 0.0078125
0 0.3681640625 0.2939453125 0.0078125 0.0078125
0 0.396484375 0.2958984375 0.009765625 0.0078125
0 0.4111328125 0.2880859375 0.009765625 0.0078125
0 0.3564453125 0.275390625 0.009765625 0.0078125
0 0.3525390625 0.263671875 0.0078125 0.0078125
0 0.46875 0.345703125 0.01171875 0.009765625
0 0.36328125 0.2119140625 0.009765625 0.0078125
0 0.3740234375 0.25 0.0078125 0.0078125
0 0.3857421875 0.251953125 0.009765625 0.0078125
0 0.40625 0.26171875 0.009765625 0.0078125
0 0.41796875 0.2587890625 0.0078125 0.005859375
0 0.43359375 0.2509765625 0.009765625 0.009765625
0 0.439453125 0.2568359375 0.0078125 0.0078125
0 0.4423828125 0.2431640625 0.0078125 0.005859375
0 0.431640625 0.236328125 0.009765625 0.0078125
0 0.423828125 0.23046875 0.0078125 0.0078125
0 0.416015625 0.2216796875 0.009765625 0.009765625
0 0.4072265625 0.2119140625 0.009765625 0.01171875
0 0.3857421875 0.240234375 0.0078125 0.005859375
0 0.392578125 0.2353515625 0.009765625 0.009765625
0 0.39453125 0.2275390625 0.0078125 0.0078125
0 0.3974609375 0.216796875 0.009765625 0.0078125
0 0.39453125 0.20703125 0.009765625 0.009765625
0 0.3759765625 0.2109375 0.009765625 0.009765625
0 0.4931640625 0.2451171875 0.009765625 0.009765625
0 0.5078125 0.24609375 0.009765625 0.009765625
0 0.4990234375 0.23046875 0.0078125 0.0078125
0 0.4609375 0.2216796875 0.0078125 0.009765625
0 0.474609375 0.2197265625 0.013671875 0.01171875
0 0.4638671875 0.2109375 0.0078125 0.0078125
0 0.431640625 0.19921875 0.009765625 0.013671875
0 0.4150390625 0.1767578125 0.009765625 0.0078125
0 0.439453125 0.17578125 0.005859375 0.009765625
0 0.47265625 0.197265625 0.0078125 0.009765625
0 0.46875 0.1875 0.009765625 0.01171875
0 0.5322265625 0.220703125 0.01171875 0.005859375
0 0.5009765625 0.3798828125 0.01171875 0.009765625
0 0.5087890625 0.33984375 0.01171875 0.01171875
0 0.5234375 0.3349609375 0.009765625 0.01171875
0 0.5810546875 0.345703125 0.0078125 0.0078125
0 0.580078125 0.333984375 0.0078125 0.009765625
0 0.638671875 0.349609375 0.0078125 0.005859375
0 0.6689453125 0.3994140625 0.005859375 0.0078125
0 0.6640625 0.3740234375 0.005859375 0.0078125
0 0.6533203125 0.3447265625 0.0078125 0.0078125
0 0.6640625 0.34375 0.009765625 0.0078125
0 0.69140625 0.3818359375 0.0078125 0.0078125
0 0.6875 0.3671875 0.009765625 0.0078125
0 0.6904296875 0.3583984375 0.009765625 0.005859375
0 0.6826171875 0.3515625 0.0078125 0.0078125
0 0.6552734375 0.306640625 0.005859375 0.009765625
0 0.6533203125 0.2939453125 0.0078125 0.0078125
0 0.62109375 0.21484375 0.01171875 0.009765625
0 0.7060546875 0.244140625 0.0078125 0.0078125
0 0.7314453125 0.2255859375 0.0078125 0.009765625
0 0.720703125 0.228515625 0.0078125 0.01171875
0 0.732421875 0.193359375 0.0078125 0.0078125
0 0.77734375 0.1982421875 0.0078125 0.009765625
0 0.740234375 0.2548828125 0.009765625 0.009765625
0 0.74609375 0.2607421875 0.005859375 0.005859375
0 0.75 0.2763671875 0.0078125 0.005859375
0 0.755859375 0.2890625 0.0078125 0.0078125
0 0.7802734375 0.30859375 0.009765625 0.0078125
0 0.7724609375 0.2939453125 0.009765625 0.0078125
0 0.755859375 0.2685546875 0.0078125 0.005859375
0 0.75390625 0.259765625 0.0078125 0.005859375
0 0.7548828125 0.2529296875 0.005859375 0.005859375
0 0.765625 0.248046875 0.0078125 0.005859375
0 0.775390625 0.2626953125 0.009765625 0.005859375
0 0.7939453125 0.3037109375 0.005859375 0.005859375
0 0.7978515625 0.3134765625 0.0078125 0.0078125
0 0.802734375 0.3173828125 0.0078125 0.0078125
0 0.8291015625 0.3330078125 0.0078125 0.005859375
0 0.822265625 0.3125 0.0078125 0.005859375
0 0.8583984375 0.3408203125 0.009765625 0.005859375
0 0.865234375 0.369140625 0.0078125 0.0078125
0 0.8046875 0.2646484375 0.0078125 0.005859375
0 0.814453125 0.25390625 0.0078125 0.0078125
0 0.830078125 0.259765625 0.0078125 0.005859375
0 0.8857421875 0.240234375 0.005859375 0.005859375
0 0.8896484375 0.2431640625 0.0078125 0.005859375
0 0.908203125 0.291015625 0.01171875 0.0078125
0 0.8984375 0.2763671875 0.0078125 0.009765625
0 0.9052734375 0.271484375 0.0078125 0.009765625
0 0.912109375 0.279296875 0.005859375 0.005859375
0 0.9072265625 0.240234375 0.0078125 0.005859375
0 0.9248046875 0.2587890625 0.0078125 0.01171875
0 0.9111328125 0.2490234375 0.005859375 0.009765625
0 0.9814453125 0.32421875 0.009765625 0.01171875
0 0.990234375 0.4140625 0.009765625 0.009765625
0 0.998046875 0.4091796875 0.00390625 0.009765625
0 0.9677734375 0.4775390625 0.009765625 0.0078125
0 0.962890625 0.4990234375 0.005859375 0.009765625
0 0.9443359375 0.5263671875 0.0078125 0.0078125
0 0.9296875 0.5615234375 0.0078125 0.0078125
0 0.8564453125 0.4443359375 0.0078125 0.0078125
0 0.087890625 0.5322265625 0.0078125 0.0078125
0 0.1279296875 0.521484375 0.01171875 0.009765625
0 0.0908203125 0.51953125 0.0078125 0.0078125
0 0.0546875 0.4619140625 0.0078125 0.0078125
0 0.0703125 0.4619140625 0.005859375 0.0078125
0 0.08203125 0.4951171875 0.005859375 0.005859375
0 0.0966796875 0.48828125 0.009765625 0.0078125
0 0.099609375 0.513671875 0.009765625 0.009765625
0 0.1123046875 0.5185546875 0.009765625 0.005859375
0 0.1162109375 0.51171875 0.0078125 0.005859375
0 0.10546875 0.5 0.009765625 0.0078125
0 0.1201171875 0.494140625 0.005859375 0.0078125
0 0.130859375 0.4814453125 0.013671875 0.0078125
0 0.1171875 0.470703125 0.0078125 0.005859375
0 0.009765625 0.333984375 0.009765625 0.0078125
0 0.0029296875 0.302734375 0.005859375 0.009765625
0 0.00390625 0.29296875 0.0078125 0.0078125
0 0.0166015625 0.2978515625 0.009765625 0.005859375
0 0.015625 0.2890625 0.0078125 0.0078125
0 0.0185546875 0.2861328125 0.009765625 0.009765625
0 0.0263671875 0.28125 0.0078125 0.0078125
0 0.0283203125 0.2666015625 0.0078125 0.0078125
0 0.0390625 0.275390625 0.0078125 0.005859375
0 0.0458984375 0.2802734375 0.0078125 0.0078125
0 0.0185546875 0.3125 0.009765625 0.0078125
0 0.0322265625 0.314453125 0.0078125 0.0078125
0 0.044921875 0.31640625 0.009765625 0.0078125
0 0.056640625 0.30859375 0.0078125 0.0078125
0 0.2431640625 0.1357421875 0.0078125 0.005859375
0 0.234375 0.1337890625 0.0078125 0.009765625
0 0.2744140625 0.13671875 0.005859375 0.009765625
0 0.2646484375 0.130859375 0.009765625 0.009765625
0 0.2607421875 0.126953125 0.009765625 0.009765625
0 0.251953125 0.1201171875 0.01171875 0.005859375
0 0.27734375 0.1142578125 0.009765625 0.009765625
0 0.287109375 0.1162109375 0.0078125 0.009765625
0 0.296875 0.0517578125 0.0078125 0.0078125
0 0.3408203125 0.05078125 0.0078125 0.0078125
0 0.3994140625 0.130859375 0.0078125 0.0078125
0 0.4462890625 0.16015625 0.0078125 0.0078125
0 0.4560546875 0.158203125 0.0078125 0.0078125
0 0.46484375 0.1572265625 0.0078125 0.009765625
0 0.466796875 0.107421875 0.0078125 0.005859375
0 0.4736328125 0.126953125 0.009765625 0.009765625
0 0.48046875 0.140625 0.0078125 0.01171875
0 0.4716796875 0.1513671875 0.005859375 0.0078125
0 0.48046875 0.1533203125 0.0078125 0.009765625
0 0.490234375 0.150390625 0.0078125 0.0078125
0 0.5439453125 0.2060546875 0.0078125 0.0078125
0 0.5302734375 0.2119140625 0.009765625 0.0078125
0 0.537109375 0.201171875 0.005859375 0.0078125
0 0.537109375 0.19140625 0.0078125 0.0078125
0 0.5400390625 0.1796875 0.0078125 0.0078125
0 0.5126953125 0.177734375 0.0078125 0.0078125
0 0.5205078125 0.173828125 0.0078125 0.0078125
0 0.5234375 0.166015625 0.0078125 0.0078125
0 0.529296875 0.1708984375 0.0078125 0.009765625
0 0.5322265625 0.15625 0.0078125 0.0078125
0 0.5 0.2041015625 0.0078125 0.0078125
0 0.4951171875 0.19921875 0.005859375 0.0078125
0 0.4814453125 0.181640625 0.0078125 0.0078125
0 0.484375 0.1767578125 0.0078125 0.0078125
0 0.4912109375 0.1708984375 0.009765625 0.009765625
0 0.4150390625 0.123046875 0.0078125 0.01171875
0 0.33984375 0.0419921875 0.005859375 0.00390625
0 0.35546875 0.0615234375 0.0078125 0.0078125
0 0.3515625 0.056640625 0.005859375 0.005859375
0 0.3603515625 0.0537109375 0.005859375 0.0078125
0 0.369140625 0.0556640625 0.0078125 0.005859375
0 0.3720703125 0.0625 0.0078125 0.0078125
0 0.3759765625 0.064453125 0.005859375 0.0078125
0 0.3720703125 0.0888671875 0.005859375 0.005859375
0 0.375 0.0908203125 0.0078125 0.0078125
0 0.3876953125 0.1015625 0.0078125 0.0078125
0 0.396484375 0.1083984375 0.0078125 0.009765625
0 0.404296875 0.1103515625 0.005859375 0.0078125
0 0.392578125 0.072265625 0.0078125 0.005859375
0 0.4033203125 0.0791015625 0.005859375 0.0078125
0 0.4248046875 0.103515625 0.00390625 0.0078125
0 0.431640625 0.083984375 0.0078125 0.0078125