0 0.009765625 0.1083984375 0.00390625 0.0078125
0 0.0400390625 0.0791015625 0.00390625 0.0078125
0 0.0224609375 0.11328125 0.005859375 0.005859375
0 0.01953125 0.185546875 0.00390625 0.00390625
0 0.0380859375 0.22265625 0.00390625 0.009765625
0 0.0458984375 0.2236328125 0.005859375 0.005859375
0 0.0419921875 0.2421875 0.005859375 0.005859375
0 0.0517578125 0.2431640625 0.0078125 0.005859375
0 0.0361328125 0.248046875 0.009765625 0.005859375
0 0.02734375 0.30859375 0.00390625 0.00390625
0 0.017578125 0.357421875 0.005859375 0.00390625
0 0.005859375 0.384765625 0.005859375 0.005859375
0 0.03515625 0.35546875 0.005859375 0.00390625
0 0.0400390625 0.30859375 0.005859375 0.005859375
0 0.068359375 0.2939453125 0.005859375 0.00390625
0 0.068359375 0.287109375 0.005859375 0.00390625
0 0.107421875 0.3583984375 0.00390625 0.00390625
0 0.1279296875 0.3603515625 0.00390625 0.005859375
0 0.138671875 0.3525390625 0.00390625 0.00390625
0 0.1396484375 0.341796875 0.005859375 0.00390625
0 0.13671875 0.330078125 0.005859375 0.00390625
0 0.083984375 0.2568359375 0.005859375 0.00390625
0 0.083984375 0.24609375 0.005859375 0.00390625
0 0.08984375 0.25 0.00390625 0.0078125
0 0.0927734375 0.2421875 0.00390625 0.005859375
0 0.091796875 0.197265625 0.005859375 0.005859375
0 0.091796875 0.189453125 0.00390625 0.00390625
0 0.0849609375 0.181640625 0.005859375 0.005859375
0 0.0947265625 0.18359375 0.005859375 0.0078125
0 0.1015625 0.1845703125 0.005859375 0.005859375
0 0.134765625 0.2451171875 0.00390625 0.00390625
0 0.142578125 0.25 0.005859375 0.0078125
0 0.1630859375 0.263671875 0.005859375 0.00390625
0 0.140625 0.1845703125 0.005859375 0.005859375
0 0.1396484375 0.17578125 0.005859375 0.00390625
0 0.140625 0.1689453125 0.005859375 0.00390625
0 0.13671875 0.1552734375 0.005859375 0.00390625
0 0.1484375 0.1552734375 0.005859375 0.0078125
0 0.078125 0.1318359375 0.00390625 0.00390625
0 0.0439453125 0.0693359375 0.005859375 0.00390625
0 0.029296875 0.033203125 0.00390625 0.00390625
0 0.138671875 0.115234375 0.00390625 0.00390625
0 0.1474609375 0.115234375 0.009765625 0.00390625
0 0.1591796875 0.1259765625 0.0078125 0.00390625
0 0.181640625 0.1220703125 0.00390625 0.00390625
0 0.1884765625 0.12890625 0.005859375 0.00390625
0 0.20703125 0.2001953125 0.005859375 0.005859375
0 0.20703125 0.21484375 0.0078125 0.0078125
0 0.2509765625 0.2919921875 0.0078125 0.005859375
0 0.27734375 0.2939453125 0.0078125 0.00390625
0 0.26953125 0.296875 0.00390625 0.005859375
0 0.2421875 0.2646484375 0.01171875 0.0078125
0 0.2275390625 0.26171875 0.0078125 0.005859375
0 0.2138671875 0.283203125 0.0078125 0.0078125
0 0.212890625 0.2705078125 0.0078125 0.0078125
0 0.158203125 0.3388671875 0.009765625 0.0078125
0 0.2548828125 0.3740234375 0.0078125 0.005859375
0 0.25 0.3837890625 0.005859375 0.00390625
0 0.2177734375 0.4384765625 0.0078125 0.005859375
0 0.294921875 0.5498046875 0.01171875 0.005859375
0 0.3203125 0.6083984375 0.0078125 0.005859375
0 0.328125 0.5927734375 0.005859375 0.00390625
0 0.3369140625 0.5927734375 0.005859375 0.005859375
0 0.1787109375 0.640625 0.009765625 0.009765625
0 0.162109375 0.6279296875 0.009765625 0.0078125
0 0.3017578125 0.416015625 0.005859375 0.005859375
0 0.294921875 0.380859375 0.005859375 0.00390625
0 0.2705078125 0.216796875 0.005859375 0.005859375
0 0.19140625 0.119140625 0.0078125 0.005859375
0 0.15625 0.1201171875 0.00390625 0.005859375
0 0.240234375 0.0126953125 0.005859375 0.005859375
0 0.2841796875 0.03515625 0.009765625 0.0078125
0 0.291015625 0.0439453125 0.009765625 0.00390625
0 0.34765625 0.0791015625 0.005859375 0.00390625
0 0.357421875 0.0849609375 0.005859375 0.005859375
0 0.349609375 0.04296875 0.0078125 0.00390625
0 0.3642578125 0.0751953125 0.005859375 0.00390625
0 0.37109375 0.083984375 0.005859375 0.00390625
0 0.3974609375 0.091796875 0.005859375 0.00390625
0 0.404296875 0.099609375 0.0078125 0.0078125
0 0.4130859375 0.078125 0.005859375 0.005859375
0 0.4189453125 0.087890625 0.005859375 0.00390625
0 0.4404296875 0.083984375 0.005859375 0.005859375
0 0.404296875 0.1494140625 0.005859375 0.00390625
0 0.443359375 0.0546875 0.0078125 0.005859375
0 0.3603515625 0.0419921875 0.0078125 0.005859375
0 0.390625 0.55078125 0.009765625 0.009765625
0 0.4208984375 0.345703125 0.005859375 0.005859375
0 0.42578125 0.318359375 0.005859375 0.005859375
0 0.458984375 0.30859375 0.0078125 0.005859375
0 0.4892578125 0.322265625 0.0078125 0.0078125
0 0.349609375 0.3935546875 0.005859375 0.00390625
0 0.3876953125 0.3916015625 0.0078125 0.0078125
0 0.2099609375 0.1181640625 0.0078125 0.005859375
0 0.009765625 0.130859375 0.005859375 0.005859375
0 0.001953125 0.779296875 0.00390625 0.0078125
0 0.0263671875 0.8134765625 0.005859375 0.00390625
0 0.029296875 0.7958984375 0.005859375 0.005859375
0 0.0400390625 0.759765625 0.005859375 0.00390625
0 0.0517578125 0.77734375 0.0078125 0.0078125
0 0.0595703125 0.76953125 0.00390625 0.005859375
0 0.0927734375 0.783203125 0.0078125 0.005859375
0 0.0673828125 0.7998046875 0.0078125 0.0078125
0 0.08984375 0.8017578125 0.005859375 0.00390625
0 0.103515625 0.810546875 0.005859375 0.00390625
0 0.1201171875 0.814453125 0.005859375 0.005859375
0 0.0986328125 0.798828125 0.005859375 0.00390625
0 0.1162109375 0.79296875 0.005859375 0.00390625
0 0.025390625 0.9150390625 0.00390625 0.00390625
0 0.03515625 0.916015625 0.005859375 0.005859375
0 0.037109375 0.91015625 0.005859375 0.0078125
0 0.05078125 0.912109375 0.00390625 0.005859375
0 0.072265625 0.8515625 0.00390625 0.00390625
0 0.1025390625 0.9033203125 0.009765625 0.0078125
0 0.1240234375 0.8935546875 0.00390625 0.005859375
0 0.1337890625 0.869140625 0.005859375 0.00390625
0 0.0556640625 0.900390625 0.005859375 0.005859375
0 0.0966796875 0.8427734375 0.005859375 0.00390625
0 0.015625 0.947265625 0.00390625 0.005859375
0 0.1572265625 0.921875 0.005859375 0.00390625
0 0.26953125 0.900390625 0.0078125 0.0078125
0 0.4150390625 0.947265625 0.005859375 0.005859375
0 0.42578125 0.9443359375 0.009765625 0.0078125
0 0.470703125 0.9482421875 0.005859375 0.005859375
0 0.478515625 0.9560546875 0.005859375 0.005859375
0 0.48046875 0.986328125 0.0078125 0.005859375
0 0.50390625 0.962890625 0.005859375 0.005859375
0 0.5166015625 0.966796875 0.005859375 0.005859375
0 0.482421875 0.9306640625 0.009765625 0.005859375
0 0.490234375 0.8955078125 0.0078125 0.009765625
0 0.51953125 0.916015625 0.0078125 0.005859375
0 0.5341796875 0.93359375 0.009765625 0.01171875
0 0.5498046875 0.94921875 0.005859375 0.005859375
0 0.546875 0.9638671875 0.0078125 0.005859375
0 0.5419921875 0.970703125 0.0078125 0.005859375
0 0.5810546875 0.990234375 0.01171875 0.005859375
0 0.5576171875 0.95703125 0.0078125 0.005859375
0 0.55859375 0.96484375 0.005859375 0.005859375
0 0.5390625 0.9052734375 0.005859375 0.005859375
0 0.5107421875 0.880859375 0.0078125 0.0078125
0 0.52734375 0.888671875 0.0078125 0.005859375
0 0.525390625 0.8798828125 0.005859375 0.005859375
0 0.5419921875 0.87890625 0.0078125 0.0078125
0 0.5126953125 0.87109375 0.0078125 0.005859375
0 0.513671875 0.8505859375 0.009765625 0.0078125
0 0.5009765625 0.8447265625 0.0078125 0.009765625
0 0.5322265625 0.822265625 0.0078125 0.0078125
0 0.5302734375 0.841796875 0.0078125 0.005859375
0 0.5390625 0.8505859375 0.0078125 0.009765625
0 0.5517578125 0.8544921875 0.009765625 0.009765625
0 0.5419921875 0.833984375 0.0078125 0.005859375
0 0.580078125 0.857421875 0.0078125 0.0078125
0 0.5810546875 0.84765625 0.009765625 0.0078125
0 0.5869140625 0.83984375 0.0078125 0.0078125
0 0.6025390625 0.8447265625 0.0078125 0.0078125
0 0.560546875 0.8125 0.009765625 0.0078125
0 0.611328125 0.716796875 0.0078125 0.005859375
0 0.2890625 0.6513671875 0.009765625 0.0078125
0 0.2880859375 0.662109375 0.0078125 0.009765625
0 0.2978515625 0.6416015625 0.009765625 0.009765625
0 0.376953125 0.6845703125 0.0078125 0.0078125
0 0.4462890625 0.7978515625 0.0078125 0.005859375
0 0.482421875 0.7763671875 0.0078125 0.0078125
0 0.490234375 0.6279296875 0.0078125 0.005859375
0 0.4599609375 0.63671875 0.009765625 0.01171875
0 0.3828125 0.5947265625 0.0078125 0.009765625
0 0.5380859375 0.4638671875 0.009765625 0.0078125
0 0.525390625 0.46875 0.005859375 0.0078125
0 0.4296875 0.560546875 0.005859375 0.0078125
0 0.41015625 0.5537109375 0.0078125 0.0078125
0 0.4306640625 0.5478515625 0.005859375 0.0078125
0 0.40625 0.5390625 0.005859375 0.005859375
0 0.5732421875 0.5810546875 0.009765625 0.01171875
0 0.642578125 0.28515625 0.0078125 0.005859375
0 0.638671875 0.3173828125 0.0078125 0.0078125
0 0.6572265625 0.3076171875 0.0078125 0.0078125
0 0.7138671875 0.283203125 0.009765625 0.005859375
0 0.7119140625 0.2919921875 0.005859375 0.005859375
0 0.7431640625 0.3203125 0.0078125 0.0078125
0 0.7373046875 0.349609375 0.005859375 0.005859375
0 0.736328125 0.3623046875 0.0078125 0.009765625
0 0.77734375 0.357421875 0.0078125 0.0078125
0 0.7744140625 0.3408203125 0.0078125 0.005859375
0 0.76953125 0.3232421875 0.0078125 0.005859375
0 0.7705078125 0.3134765625 0.005859375 0.0078125
0 0.78125 0.310546875 0.005859375 0.0078125
0 0.7822265625 0.322265625 0.005859375 0.009765625
0 0.7939453125 0.32421875 0.0078125 0.0078125
0 0.728515625 0.24609375 0.0078125 0.0078125
0 0.7392578125 0.26171875 0.0078125 0.005859375
0 0.65234375 0.2744140625 0.0078125 0.0078125
0 0.736328125 0.2353515625 0.0078125 0.009765625
0 0.7529296875 0.267578125 0.005859375 0.0078125
0 0.7666015625 0.2548828125 0.0078125 0.0078125
0 0.7529296875 0.2548828125 0.0078125 0.0078125
0 0.7744140625 0.2783203125 0.0078125 0.0078125
0 0.78125 0.26953125 0.005859375 0.0078125
0 0.78515625 0.28515625 0.005859375 0.005859375
0 0.8115234375 0.3154296875 0.005859375 0.005859375
0 0.8291015625 0.3134765625 0.005859375 0.00390625
0 0.826171875 0.3212890625 0.009765625 0.005859375
0 0.8310546875 0.33203125 0.0078125 0.005859375
0 0.8388671875 0.328125 0.0078125 0.0078125
0 0.83203125 0.298828125 0.0078125 0.0078125
0 0.837890625 0.2890625 0.009765625 0.005859375
0 0.810546875 0.2607421875 0.009765625 0.0078125
0 0.775390625 0.2265625 0.005859375 0.0078125
0 0.7841796875 0.2265625 0.005859375 0.0078125
0 0.796875 0.1796875 0.005859375 0.005859375
0 0.8212890625 0.2109375 0.005859375 0.0078125
0 0.8056640625 0.240234375 0.009765625 0.0078125
0 0.6767578125 0.248046875 0.0078125 0.01171875
0 0.826171875 0.1884765625 0.0078125 0.009765625
0 0.8251953125 0.17578125 0.0078125 0.0078125
0 0.833984375 0.1552734375 0.0078125 0.005859375
0 0.841796875 0.1318359375 0.0078125 0.0078125
0 0.9033203125 0.046875 0.01171875 0.0078125
0 0.904296875 0.0361328125 0.0078125 0.0078125
0 0.919921875 0.0361328125 0.005859375 0.0078125
0 0.951171875 0.083984375 0.0078125 0.0078125
0 0.951171875 0.0693359375 0.0078125 0.0078125
0 0.9609375 0.072265625 0.005859375 0.0078125
0 0.958984375 0.0625 0.01171875 0.0078125
0 0.89453125 0.2177734375 0.005859375 0.005859375
0 0.896484375 0.2099609375 0.0078125 0.005859375
0 0.9072265625 0.22265625 0.0078125 0.00390625
0 0.9169921875 0.2265625 0.005859375 0.005859375
0 0.9248046875 0.2216796875 0.0078125 0.005859375
0 0.93359375 0.22265625 0.005859375 0.0078125
0 0.927734375 0.2041015625 0.009765625 0.0078125
0 0.9248046875 0.1953125 0.0078125 0.005859375
0 0.92578125 0.1865234375 0.0078125 0.0078125
0 0.90625 0.1689453125 0.0078125 0.005859375
0 0.9501953125 0.1826171875 0.0078125 0.005859375
0 0.9423828125 0.1103515625 0.005859375 0.005859375
0 0.9560546875 0.10546875 0.005859375 0.005859375
0 0.9658203125 0.1015625 0.0078125 0.005859375
0 0.9794921875 0.099609375 0.005859375 0.005859375
0 0.9873046875 0.0986328125 0.005859375 0.005859375
0 0.99609375 0.09765625 0.005859375 0.0078125
0 0.9951171875 0.173828125 0.005859375 0.005859375
0 0.9921875 0.1826171875 0.005859375 0.005859375
0 0.9658203125 0.236328125 0.0078125 0.0078125
0 0.9755859375 0.236328125 0.0078125 0.005859375
0 0.9169921875 0.2841796875 0.009765625 0.005859375
0 0.955078125 0.328125 0.005859375 0.005859375
0 0.953125 0.3701171875 0.005859375 0.0078125
0 0.94140625 0.38671875 0.009765625 0.0078125
0 0.9501953125 0.447265625 0.009765625 0.005859375
0 0.0400390625 0.4501953125 0.009765625 0.01171875
0 0.0546875 0.3974609375 0.01171875 0.017578125