0 0.533203125 0.470703125 0.017578125 0.01953125
0 0.564453125 0.470703125 0.01953125 0.017578125
0 0.5791015625 0.5400390625 0.025390625 0.017578125
0 0.572265625 0.5751953125 0.015625 0.01171875
0 0.5576171875 0.5634765625 0.017578125 0.015625
0 0.5400390625 0.55078125 0.013671875 0.013671875
0 0.5751953125 0.6455078125 0.015625 0.021484375
0 0.3779296875 0.59375 0.015625 0.013671875
0 0.7294921875 0.7373046875 0.01953125 0.021484375
0 0.66796875 0.7724609375 0.017578125 0.021484375
0 0.583984375 0.9794921875 0.017578125 0.017578125
0 0.5205078125 0.927734375 0.025390625 0.017578125
0 0.7470703125 0.1015625 0.01953125 0.013671875
0 0.7392578125 0.126953125 0.017578125 0.017578125
0 0.7333984375 0.1630859375 0.021484375 0.01953125
0 0.6484375 0.212890625 0.017578125 0.0234375
0 0.6728515625 0.09375 0.015625 0.015625
0 0.640625 0.1611328125 0.015625 0.03125
0 0.7978515625 0.3720703125 0.01171875 0.013671875
0 0.2646484375 0.7412109375 0.021484375 0.017578125