0 0.73056640625 0.87705078125 0.021113281249999893 0.013203124999999982
0 0.6693359375 0.74640625 0.020058593749999964 0.011621093750000089
0 0.6086328125 0.78916015625 0.019003906250000036 0.014785156250000098
0 0.85779296875 0.8519921875 0.016894531249999956 0.017949218750000107
0 0.79154296875 0.89236328125 0.01742187499999992 0.014257812499999911
0 0.8374609375 0.9322265625 0.01742187499999992 0.013730468749999947
0 0.79919921875 0.9691796875 0.014785156250000098 0.012675781250000018
0 0.7421875 0.9665234375 0.022167968750000044 0.012675781250000018
0 0.84169921875 0.9831640625 0.014257812499999911 0.014257812499999911
0 0.62236328125 0.8255859375 0.014785156250000098 0.010566406249999938
0 0.61734375 0.81529296875 0.01636718749999999 0.010039062499999973
0 0.18951171875 0.91189453125 0.02005859375000002 0.013203124999999982
0 0.3547265625 0.900546875 0.024277343750000013 0.013730468749999947
0 0.365546875 0.9253515625 0.015312499999999951 0.013730468749999947
0 0.41359375 0.9935546875 0.015312499999999951 0.012871093750000062