0 0.46693359375 0.47056640625 0.018164062500000022 0.019082031249999964
0 0.43537109375 0.471015625 0.01953125 0.018164062500000022
0 0.42060546875 0.539609375 0.026347656250000018 0.01816406249999991
0 0.42810546875 0.5750390625 0.014980468750000031 0.011816406249999911
0 0.4421875 0.5630078125 0.017714843749999987 0.01498046874999992
0 0.4601171875 0.5507421875 0.013632812500000036 0.014082031250000071
0 0.42447265625 0.64521484375 0.015898437499999973 0.022265624999999956
0 0.62205078125 0.59412109375 0.01498046874999992 0.014531250000000107
0 0.27048828125 0.7371875 0.018613281249999947 0.021796874999999938
0 0.33158203125 0.7728515625 0.01726562499999995 0.021347656249999902
0 0.41560546875 0.979296875 0.01726562499999995 0.017265625000000062
0 0.4798828125 0.92818359375 0.02498046875000004 0.017714843750000098
0 0.2529296875 0.10205078125 0.0185546875 0.013671875
0 0.2605078125 0.12646484375 0.01708984375 0.017578125
0 0.2663671875 0.1630859375 0.02099609375 0.0205078125
0 0.351328125 0.21240234375 0.01806640625 0.0244140625
0 0.3271484375 0.093515625 0.015625 0.01611328125
0 0.35888671875 0.1611328125 0.0166015625 0.0302734375
0 0.2021484375 0.3720703125 0.0126953125 0.013671875
0 0.73560546875 0.7409765625 0.02197265625 0.01708984375