0 0.9658203125 0.7373046875 0.005859375 0.005859375
0 0.9306640625 0.73828125 0.0078125 0.005859375
0 0.859375 0.8681640625 0.0078125 0.0078125
0 0.8466796875 0.8544921875 0.005859375 0.005859375
0 0.8388671875 0.806640625 0.005859375 0.005859375
0 0.828125 0.8076171875 0.00390625 0.005859375
0 0.8232421875 0.8408203125 0.005859375 0.005859375
0 0.8154296875 0.8779296875 0.005859375 0.005859375
0 0.828125 0.931640625 0.0078125 0.0078125
0 0.81640625 0.9306640625 0.005859375 0.005859375
0 0.810546875 0.9443359375 0.0078125 0.009765625
0 0.7939453125 0.9150390625 0.005859375 0.0078125
0 0.80859375 0.970703125 0.0078125 0.0078125
0 0.8037109375 0.96484375 0.0078125 0.0078125
0 0.8193359375 0.990234375 0.005859375 0.0078125
0 0.828125 0.9423828125 0.005859375 0.0078125
0 0.7841796875 0.947265625 0.005859375 0.0078125
0 0.7783203125 0.953125 0.005859375 0.0078125
0 0.7353515625 0.84375 0.005859375 0.005859375
0 0.7294921875 0.8623046875 0.005859375 0.0078125
0 0.724609375 0.8798828125 0.00390625 0.00390625
0 0.787109375 0.8662109375 0.005859375 0.005859375
0 0.7421875 0.8994140625 0.005859375 0.0078125
0 0.736328125 0.912109375 0.005859375 0.005859375
0 0.7333984375 0.9208984375 0.005859375 0.0078125
0 0.6962890625 0.94921875 0.0078125 0.005859375
0 0.6953125 0.876953125 0.005859375 0.005859375
0 0.68359375 0.85546875 0.005859375 0.0078125
0 0.7587890625 0.732421875 0.005859375 0.005859375
0 0.74609375 0.7470703125 0.0078125 0.005859375
0 0.728515625 0.724609375 0.0078125 0.005859375
0 0.7265625 0.7578125 0.005859375 0.005859375
0 0.7197265625 0.7431640625 0.005859375 0.005859375
0 0.712890625 0.73828125 0.0078125 0.005859375
0 0.7197265625 0.76171875 0.00390625 0.005859375
0 0.619140625 0.8193359375 0.0078125 0.0078125
0 0.580078125 0.703125 0.00390625 0.0078125
0 0.5810546875 0.712890625 0.005859375 0.005859375
0 0.5390625 0.806640625 0.005859375 0.005859375
0 0.525390625 0.8134765625 0.005859375 0.00390625