0 0.5153515625 0.281796875 0.008027343750000027 0.005917968749999947
0 0.56720703125 0.22140625 0.006289062500000053 0.006582031250000009
0 0.57583984375 0.21392578125 0.006367187499999982 0.008066406249999991
0 0.58955078125 0.23150390625 0.008007812500000044 0.007656249999999976
0 0.60427734375 0.218125 0.008535156250000009 0.007480468750000024
0 0.62271484375 0.2252734375 0.006777343750000053 0.009257812500000018
0 0.61537109375 0.2339453125 0.008886718749999911 0.007089843749999991
0 0.6526171875 0.251875 0.006425781249999929 0.004648437499999991
0 0.64234375 0.26390625 0.006152343749999956 0.00447265625000004
0 0.66599609375 0.272109375 0.006582031250000009 0.007597656249999973
0 0.66998046875 0.265078125 0.005976562499999893 0.006035156249999951
0 0.557265625 0.16818359375 0.007089843749999991 0.007558593750000009
0 0.56771484375 0.16537109375 0.005722656249999902 0.006640625000000011
0 0.54875 0.33060546875 0.007636718749999938 0.00544921875000004
0 0.54634765625 0.3398046875 0.010664062500000071 0.007871093749999947
0 0.55388671875 0.33626953125 0.008183593750000107 0.006249999999999978
0 0.5727734375 0.3103515625 0.007675781249999902 0.00480468749999996
0 0.5497265625 0.18595703125 0.005683593749999938 0.005214843749999976
0 0.554140625 0.17927734375 0.005937499999999929 0.005546875000000007
0 0.5273828125 0.15759765625 0.004785156250000089 0.0059374999999999845
0 0.52865234375 0.17037109375 0.006152343749999956 0.006855468749999982
0 0.54408203125 0.1752734375 0.006113281249999991 0.0057421874999999956
0 0.551953125 0.16986328125 0.008593749999999956 0.007011718750000007
0 0.518984375 0.15369140625 0.005546875000000062 0.0059374999999999845
0 0.52224609375 0.159453125 0.00423828124999992 0.006542968749999989