0 0.876953125 0.73046875 0.013671875 0.021484375
0 0.74609375 0.6689453125 0.01171875 0.01953125
0 0.7890625 0.6083984375 0.015625 0.01953125
0 0.8515625 0.857421875 0.017578125 0.017578125
0 0.892578125 0.7919921875 0.013671875 0.017578125
0 0.9326171875 0.837890625 0.013671875 0.017578125
0 0.96875 0.798828125 0.01171875 0.015625
0 0.966796875 0.7421875 0.01171875 0.021484375
0 0.9833984375 0.841796875 0.013671875 0.013671875
0 0.8251953125 0.6220703125 0.009765625 0.015625
0 0.8154296875 0.6171875 0.009765625 0.015625
0 0.912109375 0.189453125 0.013671875 0.01953125
0 0.900390625 0.3544921875 0.013671875 0.0234375
0 0.92578125 0.365234375 0.013671875 0.015625
0 0.9931640625 0.4140625 0.013671875 0.015625