0 0.515625 0.2822265625 0.0078125 0.005859375
0 0.5673828125 0.2216796875 0.005859375 0.005859375
0 0.576171875 0.2138671875 0.005859375 0.0078125
0 0.58984375 0.2314453125 0.0078125 0.0078125
0 0.6044921875 0.2177734375 0.0078125 0.0078125
0 0.623046875 0.2255859375 0.005859375 0.009765625
0 0.615234375 0.234375 0.009765625 0.0078125
0 0.65234375 0.251953125 0.005859375 0.00390625
0 0.642578125 0.263671875 0.005859375 0.00390625
0 0.666015625 0.2724609375 0.005859375 0.0078125
0 0.669921875 0.2646484375 0.005859375 0.005859375
0 0.5576171875 0.16796875 0.0078125 0.0078125
0 0.5673828125 0.1650390625 0.005859375 0.005859375
0 0.548828125 0.3310546875 0.0078125 0.005859375
0 0.5458984375 0.33984375 0.009765625 0.0078125
0 0.5537109375 0.3359375 0.0078125 0.005859375
0 0.5732421875 0.310546875 0.0078125 0.00390625
0 0.5498046875 0.185546875 0.005859375 0.005859375
0 0.5537109375 0.1796875 0.005859375 0.005859375
0 0.52734375 0.1572265625 0.00390625 0.005859375
0 0.5283203125 0.169921875 0.005859375 0.0078125
0 0.5439453125 0.1748046875 0.005859375 0.005859375
0 0.5517578125 0.169921875 0.0078125 0.0078125
0 0.5185546875 0.1533203125 0.005859375 0.005859375
0 0.5224609375 0.1591796875 0.00390625 0.005859375