0 0.28873046875 0.0960546875 0.009765625 0.009824218750000002
0 0.23306640625 0.36859375 0.010410156250000024 0.013242187499999947
0 0.2451171875 0.3673046875 0.013671875 0.017148437499999947
0 0.251953125 0.35068359375 0.01171875 0.011269531249999964
0 0.42837890625 0.13806640625 0.013027343750000031 0.013105468750000016
0 0.48958984375 0.09833984375 0.013027343750000031 0.011796875000000012
0 0.4697265625 0.4955859375 0.017578125 0.014609375000000036
0 0.55013671875 0.41158203125 0.01953125 0.01978515624999999
0 0.55892578125 0.42134765625 0.02017578125000008 0.01408203124999996
0 0.59634765625 0.41646484375 0.01302734374999992 0.02042968749999996
0 0.64712890625 0.4099609375 0.01041015625000008 0.01521484375000004
0 0.865234375 0.5206640625 0.01693359374999992 0.017871093749999956
0 0.94564453125 0.61345703125 0.01626953125000008 0.021191406250000044
0 0.85873046875 0.57015625 0.01693359374999992 0.0205078125
0 0.64095703125 0.53140625 0.01107421874999992 0.013320312500000098
0 0.63216796875 0.55029296875 0.01693359374999992 0.01724609375000008
0 0.54134765625 0.55517578125 0.01236328125000008 0.01138671875000008
0 0.58626953125 0.58025390625 0.01107421874999992 0.014667968749999982
0 0.51986328125 0.59490234375 0.013671875 0.020527343749999982
0 0.46712890625 0.5975 0.02017578124999997 0.020527343749999982
0 0.32095703125 0.59587890625 0.01693359375000003 0.019882812499999902
0 0.31087890625 0.69486328125 0.014980468750000031 0.014726562499999929
0 0.23568359375 0.707890625 0.018222656250000024 0.014726562499999929
0 0.244140625 0.69583984375 0.014316406249999969 0.01667968749999993
0 0.38216796875 0.797109375 0.014316406249999969 0.016074218750000036
0 0.41341796875 0.7573828125 0.01171875 0.017363281249999973
0 0.6962890625 0.69421875 0.01498046874999992 0.01863281249999993
0 0.7255859375 0.76943359375 0.013671875 0.018027343750000036
0 0.591796875 0.81728515625 0.01693359374999992 0.030410156250000098
0 0.62271484375 0.8466015625 0.029296875 0.01611328125
0 0.66146484375 0.81826171875 0.01822265625000008 0.016738281250000098
0 0.53939453125 0.94623046875 0.01888671874999992 0.014863281250000027
0 0.50423828125 0.95958984375 0.021484375 0.018124999999999947
0 0.51107421875 0.92505859375 0.01693359374999992 0.019414062500000107
0 0.49576171875 0.90064453125 0.02017578124999997 0.020039062499999982
0 0.39615234375 0.82380859375 0.01888671875000003 0.020000000000000018
0 0.37533203125 0.82705078125 0.01888671875000003 0.01871093750000008
0 0.13638671875 0.95416015625 0.025390625 0.015097656250000036
0 0.1591796875 0.938203125 0.018886718749999976 0.014433593749999973
0 0.19140625 0.9372265625 0.020839843749999976 0.012480468749999973
0 0.65951171875 0.905 0.01693359374999992 0.01572265624999991
0 0.11001953125 0.9372265625 0.022128906249999997 0.015078125000000053
0 0.18619140625 0.68802734375 0.018222656250000024 0.02187500000000009