0 0.521484375 0.5791015625 0.017578125 0.015625
0 0.525390625 0.5673828125 0.013671875 0.01171875
0 0.3974609375 0.6748046875 0.017578125 0.013671875
0 0.7060546875 0.587890625 0.015625 0.013671875
0 0.7392578125 0.6142578125 0.017578125 0.015625
0 0.669921875 0.640625 0.013671875 0.013671875
0 0.2529296875 0.5478515625 0.013671875 0.015625
0 0.2509765625 0.640625 0.01953125 0.017578125
0 0.2255859375 0.693359375 0.017578125 0.01953125
0 0.2412109375 0.79296875 0.021484375 0.013671875
0 0.76171875 0.6884765625 0.017578125 0.015625