0 0.29296875 0.0498046875 0.005859375 0.005859375
0 0.302734375 0.0625 0.00390625 0.00390625
0 0.314453125 0.05078125 0.00390625 0.005859375
0 0.337890625 0.005859375 0.005859375 0.00390625
0 0.326171875 0.056640625 0.00390625 0.00390625
0 0.3349609375 0.060546875 0.00390625 0.00390625
0 0.34765625 0.0576171875 0.001953125 0.00390625
0 0.365234375 0.0400390625 0.005859375 0.005859375
0 0.3603515625 0.056640625 0.00390625 0.005859375
0 0.333984375 0.1142578125 0.001953125 0.005859375
0 0.3564453125 0.1611328125 0.00390625 0.00390625
0 0.4130859375 0.166015625 0.00390625 0.00390625
0 0.419921875 0.1689453125 0.001953125 0.00390625
0 0.443359375 0.1376953125 0.00390625 0.00390625
0 0.4609375 0.2705078125 0.001953125 0.005859375
0 0.501953125 0.2529296875 0.00390625 0.005859375
0 0.5146484375 0.0517578125 0.005859375 0.005859375
0 0.541015625 0.0703125 0.005859375 0.005859375
0 0.546875 0.03515625 0.005859375 0.00390625
0 0.5791015625 0.029296875 0.00390625 0.00390625
0 0.6025390625 0.0322265625 0.005859375 0.00390625
0 0.623046875 0.0576171875 0.00390625 0.00390625
0 0.626953125 0.06640625 0.00390625 0.00390625
0 0.6279296875 0.08203125 0.00390625 0.0078125
0 0.6328125 0.087890625 0.00390625 0.00390625
0 0.630859375 0.0947265625 0.00390625 0.00390625
0 0.6396484375 0.103515625 0.005859375 0.005859375
0 0.6044921875 0.103515625 0.001953125 0.00390625
0 0.630859375 0.1142578125 0.00390625 0.00390625
0 0.6259765625 0.1357421875 0.001953125 0.005859375
0 0.6201171875 0.14453125 0.00390625 0.001953125
0 0.6591796875 0.2197265625 0.00390625 0.00390625
0 0.673828125 0.2265625 0.00390625 0.005859375
0 0.6953125 0.2431640625 0.005859375 0.00390625
0 0.7080078125 0.25390625 0.00390625 0.005859375
0 0.681640625 0.134765625 0.00390625 0.0078125
0 0.7041015625 0.2109375 0.0078125 0.00390625
0 0.70703125 0.23046875 0.005859375 0.005859375
0 0.716796875 0.2265625 0.00390625 0.005859375
0 0.71875 0.20703125 0.005859375 0.005859375
0 0.7216796875 0.216796875 0.005859375 0.00390625
0 0.677734375 0.4580078125 0.00390625 0.00390625
0 0.7470703125 0.3662109375 0.005859375 0.005859375
0 0.7666015625 0.3583984375 0.00390625 0.005859375
0 0.7685546875 0.380859375 0.005859375 0.00390625
0 0.775390625 0.37890625 0.00390625 0.005859375
0 0.779296875 0.37109375 0.005859375 0.005859375
0 0.8271484375 0.3837890625 0.0078125 0.0078125
0 0.9501953125 0.4970703125 0.0078125 0.005859375
0 0.9140625 0.572265625 0.00390625 0.00390625
0 0.9228515625 0.5498046875 0.005859375 0.0078125
0 0.9375 0.5478515625 0.005859375 0.00390625
0 0.8388671875 0.599609375 0.0078125 0.0078125
0 0.8603515625 0.6171875 0.005859375 0.005859375
0 0.783203125 0.6689453125 0.005859375 0.005859375
0 0.873046875 0.7041015625 0.005859375 0.00390625
0 0.55859375 0.9501953125 0.005859375 0.005859375
0 0.5634765625 0.8955078125 0.0078125 0.0078125
0 0.59375 0.904296875 0.005859375 0.005859375
0 0.5888671875 0.9228515625 0.005859375 0.0078125
0 0.5732421875 0.9619140625 0.0078125 0.0078125
0 0.587890625 0.9609375 0.005859375 0.0078125
0 0.5986328125 0.9423828125 0.00390625 0.0078125
0 0.66015625 0.9892578125 0.0078125 0.009765625
0 0.751953125 0.9775390625 0.0078125 0.009765625
0 0.79296875 0.8564453125 0.005859375 0.005859375
0 0.7958984375 0.880859375 0.005859375 0.0078125
0 0.810546875 0.892578125 0.0078125 0.00390625
0 0.8193359375 0.8857421875 0.005859375 0.0078125
0 0.8291015625 0.8876953125 0.005859375 0.005859375
0 0.8193359375 0.8515625 0.005859375 0.005859375
0 0.83984375 0.8603515625 0.0078125 0.0078125
0 0.841796875 0.90234375 0.0078125 0.0078125
0 0.8671875 0.8857421875 0.0078125 0.005859375
0 0.8408203125 0.9228515625 0.0078125 0.009765625
0 0.693359375 0.955078125 0.005859375 0.005859375
0 0.7548828125 0.94921875 0.0078125 0.0078125
0 0.7880859375 0.98828125 0.005859375 0.0078125
0 0.8876953125 0.927734375 0.0078125 0.009765625
0 0.8876953125 0.962890625 0.0078125 0.009765625
0 0.6923828125 0.3994140625 0.009765625 0.0078125