0 0.47396484375 0.40443359375 0.01822265624999997 0.017207031250000004
0 0.47689453125 0.37544921875 0.02279296875000003 0.02173828124999999
0 0.56119140625 0.45849609375 0.01822265625000008 0.01593750000000005
0 0.568359375 0.48388671875 0.01693359374999992 0.01724609374999997
0 0.96939453125 0.33833984375 0.01693359374999992 0.01521484375000004
0 0.943359375 0.3106640625 0.01953125 0.02757812500000001
0 0.98599609375 0.06677734375 0.02408203125000008 0.021582031249999994
0 0.85025390625 0.35494140625 0.02083984374999992 0.01978515624999999
0 0.75552734375 0.19572265625 0.01626953125000008 0.01904296875
0 0.8955078125 0.23185546875 0.02017578125000008 0.013203124999999982
0 0.73666015625 0.23478515625 0.01498046874999992 0.013847656250000007
0 0.708984375 0.25595703125 0.01431640625000008 0.017128906249999964
0 0.67544921875 0.1999609375 0.01498046874999992 0.014492187499999976