0 0.05013671875 0.2933984375 0.006503906249999997 0.006074218750000027
0 0.06283203125 0.3031640625 0.0032617187500000033 0.004785156249999978
0 0.05078125 0.3148828125 0.005214843750000003 0.004785156249999978
0 0.00619140625 0.3380078125 0.00455078125 0.00675781249999996
0 0.056640625 0.32595703125 0.00390625 0.0034765624999999467
0 0.06087890625 0.335078125 0.004550781249999997 0.00349609375000004
0 0.05794921875 0.3474609375 0.00390625 0.002187500000000009
0 0.04037109375 0.3650390625 0.005214843750000003 0.006113281249999991
0 0.05630859375 0.36046875 0.005859375 0.00480468749999996
0 0.11458984375 0.33443359375 0.005214843750000003 0.002187500000000009
0 0.1611328125 0.3565625 0.004550781250000024 0.00480468749999996
0 0.16568359375 0.41322265625 0.0032617187499999756 0.0035351562500000044
0 0.1689453125 0.42005859375 0.004550781250000024 0.0015820312500000044
0 0.1376953125 0.443828125 0.004550781250000024 0.0048437500000000355
0 0.27017578125 0.46109375 0.006503906249999969 0.0029101562500000178
0 0.25259765625 0.501796875 0.005214843750000031 0.00357421875000008
0 0.05208984375 0.5144921875 0.005214843750000003 0.005546875000000062
0 0.0703125 0.540859375 0.005214843750000003 0.006210937499999902
0 0.03548828125 0.54705078125 0.0032617187500000033 0.005566406250000044
0 0.02896484375 0.5786328125 0.0032617187499999964 0.0036328125000000266
0 0.03189453125 0.602734375 0.00390625 0.004941406249999947
0 0.05794921875 0.6232421875 0.00390625 0.004296875000000089
0 0.06673828125 0.62681640625 0.0032617187500000033 0.003652343750000009
0 0.08169921875 0.628125 0.007167968750000003 0.003652343750000009
0 0.087890625 0.63236328125 0.00390625 0.004296875000000089
0 0.0947265625 0.6310546875 0.004550781249999997 0.004296875000000089
0 0.103515625 0.63953125 0.006503906249999997 0.005605468750000009
0 0.10384765625 0.6040234375 0.004550781249999997 0.002343750000000089
0 0.1142578125 0.63041015625 0.004550781249999997 0.003007812499999929
0 0.13541015625 0.626171875 0.005214843749999976 0.002343750000000089
0 0.14453125 0.61998046875 0.0025976562500000244 0.0029882812499999467
0 0.2197265625 0.65939453125 0.004550781250000024 0.003671874999999991
0 0.22689453125 0.67404296875 0.005859375 0.004335937500000053
0 0.2431640625 0.69552734375 0.004550781250000024 0.005644531249999973
0 0.25423828125 0.70791015625 0.005859375 0.0043554687500000355
0 0.13509765625 0.68185546875 0.007167968749999976 0.004335937500000053
0 0.21126953125 0.70400390625 0.0032617187499999756 0.006953124999999893
0 0.23080078125 0.70693359375 0.005859375 0.004999999999999893
0 0.22689453125 0.71697265625 0.005859375 0.004257812499999902
0 0.20703125 0.71892578125 0.005214843749999976 0.005546875000000062
0 0.21712890625 0.7215234375 0.004550781250000024 0.005546875000000062
0 0.4580078125 0.677890625 0.004550781249999969 0.00423828124999992
0 0.3662109375 0.74724609375 0.005859375 0.0049218749999999645
0 0.35806640625 0.76646484375 0.005214843750000031 0.004277343750000107
0 0.38119140625 0.76841796875 0.004550781249999969 0.005585937500000027
0 0.37923828125 0.7755859375 0.005859375 0.004277343750000107
0 0.37142578125 0.778828125 0.005859375 0.005585937500000027
0 0.38412109375 0.82703125 0.0078125 0.008222656250000071
0 0.49673828125 0.95009765625 0.006503906249999969 0.00699218750000008
0 0.572265625 0.9136328125 0.00390625 0.0043554687500000355
0 0.54947265625 0.922421875 0.0078125 0.0063085937500000355
0 0.5478515625 0.937734375 0.00455078125000008 0.005683593749999938
0 0.59994140625 0.83841796875 0.00716796874999992 0.007578124999999991
0 0.61751953125 0.86056640625 0.005859375 0.004980468749999911
0 0.66927734375 0.782734375 0.00521484374999992 0.005585937500000027
0 0.7041015625 0.8726171875 0.00455078125000008 0.005644531249999973
0 0.7138671875 0.8768359375 0.0006445312500000799 0.0036914062499999734
0 0.95052734375 0.55904296875 0.00521484374999992 0.006113281249999991
0 0.89583984375 0.56361328125 0.0078125 0.007421874999999911
0 0.90396484375 0.59421875 0.005859375 0.006132812499999973
0 0.9228515625 0.58900390625 0.00716796874999992 0.006132812499999973
0 0.9619140625 0.57337890625 0.00716796874999992 0.008730468750000053
0 0.96126953125 0.5876953125 0.00845703125000008 0.006132812499999973
0 0.9423828125 0.59876953125 0.00716796874999992 0.0048437500000000355
0 0.98892578125 0.6603125 0.00912109374999992 0.008124999999999938
0 0.97720703125 0.75212890625 0.00912109374999992 0.0068749999999999645
0 0.85611328125 0.79283203125 0.00650390625000008 0.004941406249999947
0 0.88119140625 0.79609375 0.00716796874999992 0.006250000000000089
0 0.892578125 0.8107421875 0.00390625 0.006914062499999929
0 0.8857421875 0.81953125 0.00845703125000008 0.006269531250000071
0 0.88736328125 0.82865234375 0.00650390625000008 0.006269531250000071
0 0.85189453125 0.81953125 0.005859375 0.006269531250000071
0 0.86068359375 0.83939453125 0.0078125 0.006914062499999929
0 0.90201171875 0.84134765625 0.00716796874999992 0.008222656250000071
0 0.8857421875 0.8670703125 0.005859375 0.007597656249999973
0 0.92251953125 0.840703125 0.00912109374999992 0.006914062499999929
0 0.955078125 0.69287109375 0.00650390625000008 0.005546875000000062
0 0.94921875 0.75474609375 0.0078125 0.0068749999999999645
0 0.98861328125 0.78794921875 0.00845703125000008 0.005585937500000027
0 0.927734375 0.88759765625 0.00912109374999992 0.006953124999999893
0 0.962890625 0.88791015625 0.00912109374999992 0.007597656249999973
0 0.39974609375 0.69259765625 0.0078125 0.010195312500000053