0 0.3837890625 0.5771484375 0.017578125 0.013671875
0 0.36328125 0.5859375 0.013671875 0.021484375
0 0.357421875 0.6123046875 0.013671875 0.017578125
0 0.3115234375 0.607421875 0.013671875 0.021484375
0 0.4990234375 0.822265625 0.017578125 0.017578125
0 0.5146484375 0.7822265625 0.01953125 0.015625
0 0.552734375 0.736328125 0.01171875 0.01953125
0 0.576171875 0.775390625 0.013671875 0.015625
0 0.58203125 0.7548828125 0.013671875 0.015625
0 0.3896484375 0.8779296875 0.01171875 0.015625
0 0.43359375 0.7890625 0.015625 0.021484375
0 0.4423828125 0.8310546875 0.013671875 0.01953125
0 0.392578125 0.8193359375 0.013671875 0.017578125
0 0.24609375 0.8603515625 0.015625 0.017578125
0 0.2353515625 0.88671875 0.013671875 0.01953125
0 0.048828125 0.2939453125 0.01953125 0.0234375
0 0.0517578125 0.2568359375 0.015625 0.017578125
0 0.0400390625 0.2119140625 0.015625 0.025390625
0 0.0078125 0.1484375 0.015625 0.02734375
0 0.2197265625 0.4560546875 0.013671875 0.01953125
0 0.1162109375 0.41796875 0.021484375 0.015625
0 0.1298828125 0.42578125 0.013671875 0.017578125
0 0.1533203125 0.4189453125 0.013671875 0.013671875
0 0.6875 0.1533203125 0.015625 0.021484375
0 0.70703125 0.1357421875 0.01953125 0.01953125
0 0.98046875 0.826171875 0.017578125 0.0234375
0 0.814453125 0.75390625 0.015625 0.029296875