0 0.5263671875 0.404296875 0.017578125 0.017578125
0 0.5234375 0.375 0.0234375 0.021484375
0 0.4384765625 0.458984375 0.017578125 0.015625
0 0.431640625 0.484375 0.017578125 0.017578125
0 0.0302734375 0.337890625 0.017578125 0.015625
0 0.056640625 0.310546875 0.01953125 0.02734375
0 0.013671875 0.06640625 0.0234375 0.021484375
0 0.1494140625 0.3544921875 0.021484375 0.01953125
0 0.244140625 0.1953125 0.015625 0.01953125
0 0.1044921875 0.2314453125 0.01953125 0.013671875
0 0.263671875 0.234375 0.015625 0.013671875
0 0.291015625 0.255859375 0.013671875 0.017578125
0 0.32421875 0.2001953125 0.015625 0.013671875