0 0.0615234375 0.9970703125 0.0078125 0.005859375
0 0.052734375 0.9931640625 0.005859375 0.005859375
0 0.052734375 0.984375 0.0078125 0.009765625
0 0.0673828125 0.9912109375 0.0078125 0.0078125
0 0.3935546875 0.9970703125 0.005859375 0.005859375
0 0.228515625 0.9765625 0.00390625 0.001953125
0 0.4072265625 0.978515625 0.005859375 0.00390625
0 0.453125 0.9931640625 0.0078125 0.005859375
0 0.45703125 0.9453125 0.00390625 0.0078125
0 0.4755859375 0.9306640625 0.005859375 0.005859375
0 0.50390625 0.9638671875 0.0078125 0.005859375
0 0.51171875 0.9716796875 0.0078125 0.005859375
0 0.521484375 0.9716796875 0.005859375 0.009765625
0 0.505859375 0.9482421875 0.00390625 0.0078125
0 0.505859375 0.9345703125 0.0078125 0.0078125
0 0.513671875 0.9580078125 0.005859375 0.009765625
0 0.521484375 0.9501953125 0.0078125 0.0078125
0 0.533203125 0.9853515625 0.0078125 0.0078125
0 0.54296875 0.9501953125 0.0078125 0.009765625
0 0.5419921875 0.9296875 0.005859375 0.0078125
0 0.5478515625 0.935546875 0.005859375 0.0078125
0 0.5498046875 0.9267578125 0.0078125 0.009765625
0 0.5556640625 0.93359375 0.0078125 0.009765625
0 0.408203125 0.763671875 0.0078125 0.005859375
0 0.7587890625 0.990234375 0.005859375 0.009765625
0 0.7919921875 0.986328125 0.0078125 0.0078125
0 0.7783203125 0.9228515625 0.009765625 0.0078125
0 0.8037109375 0.966796875 0.005859375 0.01171875
0 0.8349609375 0.9521484375 0.009765625 0.009765625
0 0.8095703125 0.916015625 0.0078125 0.0078125
0 0.916015625 0.8427734375 0.01171875 0.009765625
0 0.853515625 0.93359375 0.0078125 0.009765625
0 0.91015625 0.9306640625 0.009765625 0.009765625
0 0.9423828125 0.8359375 0.009765625 0.0078125
0 0.9423828125 0.810546875 0.009765625 0.009765625
0 0.2314453125 0.19921875 0.009765625 0.0078125
0 0.224609375 0.19140625 0.009765625 0.013671875
0 0.15234375 0.119140625 0.0078125 0.009765625
0 0.142578125 0.1171875 0.01171875 0.01171875
0 0.1767578125 0.0810546875 0.009765625 0.0078125
0 0.3486328125 0.0458984375 0.0078125 0.0078125
0 0.345703125 0.0556640625 0.009765625 0.0078125
0 0.130859375 0.0107421875 0.01171875 0.009765625
0 0.923828125 0.015625 0.009765625 0.0078125
0 0.9296875 0.0107421875 0.0078125 0.009765625
0 0.923828125 0.0595703125 0.013671875 0.015625
0 0.974609375 0.2705078125 0.01953125 0.015625
0 0.986328125 0.2666015625 0.0078125 0.017578125