0 0.58041015625 0.09900390625 0.01236328125000008 0.010527343750000001
0 0.6015625 0.115625 0.0078125 0.007285156250000008
0 0.61166015625 0.1400390625 0.00716796874999992 0.006640625000000011
0 0.5673828125 0.14525390625 0.00716796874999992 0.006640625000000011
0 0.576171875 0.15404296875 0.00912109374999992 0.005996093749999987
0 0.537109375 0.14751953125 0.00912109374999992 0.008593750000000011
0 0.49154296875 0.17357421875 0.009121093750000031 0.006015625000000024
0 0.48046875 0.19798828125 0.010410156249999969 0.007968750000000024
0 0.46322265625 0.23837890625 0.007167968750000031 0.010605468750000013
0 0.59732421875 0.16869140625 0.00455078125000008 0.006660156249999993
0 0.52310546875 0.09314453125 0.00716796874999992 0.006621093750000001
0 0.859375 0.15208984375 0.0078125 0.009902343749999987
0 0.8720703125 0.09900390625 0.00716796874999992 0.007929687500000004
0 0.86556640625 0.1051953125 0.009765625 0.007265624999999998
0 0.55142578125 0.19962890625 0.00650390625000008 0.006015625000000024
0 0.53384765625 0.20875 0.01041015625000008 0.008632812499999976
0 0.533203125 0.22208984375 0.00912109374999992 0.006679687499999976
0 0.51888671875 0.22470703125 0.00912109374999992 0.009296874999999982
0 0.56869140625 0.22013671875 0.00716796874999992 0.007988281250000007
0 0.56283203125 0.238046875 0.00845703125000008 0.007343749999999982
0 0.57064453125 0.23283203125 0.005859375 0.009941406250000007
0 0.58169921875 0.22013671875 0.009765625 0.007988281250000007
0 0.58138671875 0.23185546875 0.01171875 0.007636718749999993
0 0.59212890625 0.22666015625 0.00716796874999992 0.007988281250000007
0 0.6025390625 0.22697265625 0.00845703125000008 0.009589843749999993
0 0.64388671875 0.23544921875 0.00650390625000008 0.017753906250000007
0 0.75130859375 0.25140625 0.0078125 0.010605468750000013
0 0.78580078125 0.32921875 0.00912109374999992 0.00740234375000004
0 0.64388671875 0.50701171875 0.00912109374999992 0.011406250000000062
0 0.564453125 0.6056640625 0.01431640625000008 0.008203125000000089
0 0.603515625 0.63236328125 0.01953125 0.006914062499999929
0 0.59732421875 0.60990234375 0.00716796874999992 0.008847656249999947
0 0.68619140625 0.57765625 0.01302734374999992 0.009492187500000027
0 0.66634765625 0.60599609375 0.00716796874999992 0.014062500000000089
0 0.67708984375 0.60923828125 0.0078125 0.012753906249999947
0 0.69595703125 0.60109375 0.00912109374999992 0.009492187500000027
0 0.6943359375 0.61607421875 0.01107421874999992 0.008203125000000089
0 0.70931640625 0.61998046875 0.00716796874999992 0.010820312499999929
0 0.71841796875 0.61900390625 0.00845703125000008 0.011972656249999991
0 0.81771484375 0.56072265625 0.0078125 0.0068749999999999645
0 0.83529296875 0.57341796875 0.00912109374999992 0.006230468750000107
0 0.8173828125 0.6076171875 0.01236328125000008 0.012109375000000089
0 0.80111328125 0.62650390625 0.01107421874999992 0.013417968750000009
0 0.56998046875 0.68673828125 0.009765625 0.008886718749999911
0 0.60677734375 0.70107421875 0.01302734374999992 0.008906249999999893
0 0.62173828125 0.6987890625 0.01431640625000008 0.011289062499999947
0 0.88119140625 0.66427734375 0.009765625 0.010839843749999911
0 0.9248046875 0.64017578125 0.00845703125000008 0.012128906250000071
0 0.93099609375 0.5883984375 0.015625 0.017949218750000107
0 0.9833984375 0.5708203125 0.00845703125000008 0.011425781250000044
0 0.98763671875 0.401171875 0.01171875 0.010683593750000053
0 0.99380859375 0.4184375 0.01107421874999992 0.014687499999999964
0 0.93587890625 0.50146484375 0.02017578125000008 0.013359375000000062
0 0.94271484375 0.5379296875 0.01302734374999992 0.013378906250000044
0 0.96224609375 0.53435546875 0.01041015625000008 0.011406250000000062
0 0.88412109375 0.8658203125 0.01302734374999992 0.010292968749999964
0 0.84896484375 0.90587890625 0.015625 0.009667968750000089
0 0.85580078125 0.9201953125 0.01236328125000008 0.011171875000000053
0 0.91177734375 0.8987109375 0.01107421874999992 0.010957031250000027
0 0.95638671875 0.89318359375 0.00912109374999992 0.010312499999999947