0 0.42287109375 0.383359375 0.014531249999999996 0.01726562499999995
0 0.4137890625 0.36291015625 0.020898437499999978 0.014531249999999996
0 0.38744140625 0.3574609375 0.01726562499999995 0.014531249999999996
0 0.39244140625 0.3113671875 0.020898437499999978 0.013164062500000018
0 0.17759765625 0.4994140625 0.018164062500000022 0.016796875000000044
0 0.21802734375 0.51439453125 0.01634765625000001 0.018613281249999947
0 0.263671875 0.55255859375 0.01953125 0.012265624999999947
0 0.22416015625 0.5759375 0.014980468749999976 0.012714843749999982
0 0.24527343749999997 0.58185546875 0.01634765625000001 0.014531250000000107
0 0.121953125 0.3892578125 0.014980468749999976 0.011816406250000022
0 0.2109765625 0.43376953125 0.021347656250000013 0.01634765625000001
0 0.16896484375 0.441953125 0.01998046874999998 0.014531249999999996
0 0.18033203125 0.39220703125 0.018164062500000022 0.01408203124999996
0 0.13990234375 0.24640625 0.018164062500000022 0.015898437499999973
0 0.1133203125 0.23505859375 0.020449218749999998 0.014082031250000016
0 0.705625 0.04837890625 0.02408203125000008 0.020449218749999998
0 0.7433203125 0.0515625 0.017714843750000098 0.014980468750000003
0 0.78828125 0.03974609375 0.025898437499999982 0.014980468750000003
0 0.851875 0.00818359375 0.027714843750000107 0.01634765625
0 0.54392578125 0.219609375 0.020449218750000053 0.013164062500000018
0 0.5823046875 0.11626953125 0.01634765625000001 0.021796874999999993
0 0.57390625 0.13013671875 0.017714843750000098 0.013164062500000018
0 0.581171875 0.15375 0.014082031250000071 0.014082031250000016
0 0.846875 0.6874609375 0.022265624999999956 0.01498046874999992
0 0.864375 0.70720703125 0.019082031249999964 0.019082031249999964
0 0.17396484375 0.98087890625 0.023613281250000007 0.017714843750000098
0 0.24640625 0.81486328125 0.02953125000000001 0.01634765625000001