0 0.033984375 0.7368359375 0.005449218749999998 0.0058203125000000355
0 0.069609375 0.7383984375 0.007968749999999997 0.006601562499999991
0 0.14072265625 0.86810546875 0.0072070312499999956 0.007402343749999929
0 0.15373046875 0.85419921875 0.005507812499999987 0.006152343749999956
0 0.16125 0.8069140625 0.006503906250000024 0.006523437500000062
0 0.17189453125 0.8073828125 0.0043164062500000155 0.005136718749999991
0 0.1771875 0.84125 0.006738281249999978 0.006425781249999929
0 0.18447265625 0.87763671875 0.006054687499999989 0.006562500000000027
0 0.171875 0.931171875 0.0078125 0.006972656250000098
0 0.1834765625 0.93041015625 0.00679687499999998 0.006660156249999938
0 0.18970703125 0.94421875 0.008437499999999987 0.009863281249999911
0 0.2062109375 0.914609375 0.005722656250000013 0.00796875000000008
0 0.19126953125 0.9707421875 0.00687500000000002 0.006933593749999911
0 0.19609375 0.96505859375 0.007128906250000011 0.00732421875
0 0.1807421875 0.99005859375 0.006503906250000024 0.00748046875000008
0 0.17208984375 0.94205078125 0.006582031250000009 0.007382812499999947
0 0.21595703125 0.94748046875 0.005019531249999987 0.006953124999999893
0 0.2219140625 0.95271484375 0.005644531249999973 0.008496093750000044
0 0.265078125 0.8434375 0.005468750000000022 0.006699218749999902
0 0.27052734375 0.862265625 0.005546874999999951 0.007675781249999902
0 0.27544921875 0.88025390625 0.004082031249999951 0.004140625000000009
0 0.2132421875 0.86650390625 0.006445312500000022 0.006445312499999911
0 0.2580078125 0.89962890625 0.006406249999999947 0.007949218750000098
0 0.2637109375 0.91166015625 0.005019531249999987 0.006445312499999911
0 0.266328125 0.92080078125 0.006484374999999987 0.007421874999999911
0 0.30341796875 0.9494921875 0.008398437500000022 0.006074218750000027
0 0.30455078125 0.8771875 0.006132812499999973 0.005996093750000098
0 0.31638671875 0.8553125 0.0050000000000000044 0.008164062499999902
0 0.24134765625 0.7326171875 0.005429687500000002 0.005156249999999973
0 0.253671875 0.7469140625 0.007519531250000044 0.005156249999999973
0 0.27119140625 0.72439453125 0.008007812500000044 0.005566406250000044
0 0.27296875 0.75814453125 0.005312500000000053 0.006230468750000107
0 0.2805078125 0.7436328125 0.0063085937500000355 0.006152343749999956
0 0.2872265625 0.738203125 0.007636718750000049 0.00619140624999992
0 0.27994140625 0.76162109375 0.00439453125 0.00537109375
0 0.38083984375 0.8197265625 0.006992187499999969 0.007539062500000027
0 0.41994140625 0.70359375 0.004726562500000031 0.007714843750000089
0 0.41873046875 0.713125 0.0054101562499999645 0.006445312499999911
0 0.4605859375 0.80615234375 0.005546874999999951 0.006171874999999938
0 0.47416015625 0.813828125 0.0057421874999999956 0.004707031249999938