0 0.01302734375 0.04560546875 0.0078125 0.007890624999999998
0 0.27408203125 0.2061328125 0.00390625 0.006035156250000007
0 0.271484375 0.21330078125 0.006503906249999969 0.004726562499999976
0 0.26986328125 0.2194921875 0.005859375 0.004082031250000007
0 0.28580078125 0.2194921875 0.009121093750000031 0.006679687499999976
0 0.28091796875 0.24748046875000002 0.007167968750000031 0.005390624999999982
0 0.26986328125 0.24912109375 0.005859375 0.006054687499999989
0 0.26693359375 0.2605078125 0.005214843750000031 0.0054101562499999645
0 0.2783203125 0.25498046875 0.008457031249999969 0.005664062499999956
0 0.2470703125 0.27060546875 0.007167968750000031 0.0021484375000000444
0 0.2451171875 0.27875 0.0032617187499999756 0.008027343750000027
0 0.400390625 0.2409765625 0.006503906249999969 0.008007812499999989
0 0.42447265625 0.25888671875 0.0078125 0.0073632812499999645
0 0.3779296875 0.2663671875 0.005859375 0.0067187499999999956
0 0.37662109375 0.27484375 0.005859375 0.0054101562499999645
0 0.384765625 0.27744140625 0.009121093750000031 0.007617187499999956
0 0.36978515625 0.2914453125 0.010410156249999969 0.0047656249999999956
0 0.36783203125 0.300234375 0.009121093750000031 0.0067187499999999956
0 0.43978515625 0.28232421875 0.007167968750000031 0.0047656249999999956
0 0.4462890625 0.296328125 0.009765625 0.0067187499999999956
0 0.3876953125 0.29208984375 0.007167968750000031 0.006074218750000027
0 0.39908203125 0.29470703125 0.009121093750000031 0.006074218750000027
0 0.400390625 0.3028515625 0.009121093750000031 0.006289062500000053
0 0.42513671875 0.3096875 0.009121093750000031 0.007382812499999947
0 0.3818359375 0.3090234375 0.011074218750000031 0.006074218750000027
0 0.39486328125 0.32271484375 0.013671875 0.010000000000000009
0 0.3994140625 0.33736328125 0.009765625 0.00544921875000004
0 0.40201171875 0.34646484375 0.008457031249999969 0.007578124999999991
0 0.39908203125 0.3565625 0.009121093750000031 0.00822265624999996
0 0.3779296875 0.377734375 0.008457031249999969 0.008066406249999991
0 0.3681640625 0.3796875 0.009765625 0.006777343750000053
0 0.35904296875 0.38130859375 0.009765625 0.007421875000000022
0 0.3603515625 0.3904296875 0.011074218750000031 0.008203124999999978
0 0.3720703125 0.389453125 0.011074218750000031 0.010156249999999978
0 0.3427734375 0.38490234375 0.008457031249999969 0.006777343750000053
0 0.34505859375 0.3953125 0.0078125 0.006777343750000053
0 0.34830078125 0.4018359375 0.009121093750000031 0.008847656249999947
0 0.3623046875 0.39921875 0.009765625 0.008847656249999947
0 0.3681640625 0.4099609375 0.008457031249999969 0.008183593749999996
0 0.34537109375 0.41126953125 0.008457031249999969 0.008183593749999996
0 0.7255859375 0.01078125 0.00845703125000008 0.008515624999999999
0 0.734375 0.00587890625 0.0078125 0.009179687499999999
0 0.75455078125 0.0042578125 0.01171875 0.0059179687500000005
0 0.75650390625 0.01109375 0.01041015625000008 0.006445312500000001
0 0.76822265625 0.0081640625 0.015625 0.012324218749999998
0 0.728515625 0.0257421875 0.00912109374999992 0.007226562499999999
0 0.72818359375 0.0384375 0.01236328125000008 0.011640625000000002
0 0.748046875 0.02705078125 0.00912109374999992 0.007226562499999999
0 0.74673828125 0.0374609375 0.01171875 0.008398437499999994
0 0.76498046875 0.030625 0.00650390625000008 0.006582031249999995
0 0.7724609375 0.03421875 0.009765625 0.007089843750000005
0 0.779296875 0.0459375 0.00912109374999992 0.009687500000000002
0 0.76626953125 0.04169921875 0.00650390625000008 0.007890624999999998
0 0.7666015625 0.051796875 0.00845703125000008 0.008378906249999998
0 0.76919921875 0.06123046875 0.01107421874999992 0.007734374999999988
0 0.54916015625 0.42755859375 0.00716796874999992 0.006152343749999956
0 0.5244140625 0.447734375 0.00716796874999992 0.007460937499999987
0 0.5009765625 0.45685546875 0.009765625 0.007460937499999987
0 0.51724609375 0.47736328125 0.00845703125000008 0.006816406250000018
0 0.52603515625 0.47998046875 0.01041015625000008 0.008808593749999982
0 0.51041015625 0.48779296875 0.0078125 0.0068359375
0 0.5263671875 0.4930078125 0.009765625 0.0087890625
0 0.5224609375 0.5047265625 0.009765625 0.0087890625
0 0.5126953125 0.5105859375 0.00845703125000008 0.01009765624999992
0 0.5185546875 0.52947265625 0.00845703125000008 0.006855468749999982
0 0.7314453125 0.5883984375 0.00716796874999992 0.010136718750000107
0 0.8154296875 0.4001953125 0.005859375 0.006132812499999973
0 0.82357421875 0.4425390625 0.01171875 0.007460937499999987
0 0.84146484375 0.447734375 0.00845703125000008 0.007460937499999987
0 0.85677734375 0.42365234375 0.0078125 0.006152343749999956
0 0.865234375 0.43146484375 0.00912109374999992 0.009472656250000044
0 0.87271484375 0.36861328125 0.00845703125000008 0.005468750000000022
0 0.87466796875 0.37642578125 0.013671875 0.007558593750000009
0 0.89388671875 0.364375 0.00912109374999992 0.002207031249999991
0 0.8984375 0.3708984375 0.01302734374999992 0.005605468750000009
0 0.90169921875 0.38001953125 0.01171875 0.008203124999999978
0 0.94986328125 0.3650390625 0.00912109374999992 0.00871093749999996
0 0.94009765625 0.3731640625 0.01041015625000008 0.00886718750000004
0 0.87240234375 0.38587890625 0.01041015625000008 0.009511718750000009
0 0.89193359375 0.3875 0.01041015625000008 0.008847656249999947
0 0.8955078125 0.401171875 0.013671875 0.010156249999999978
0 0.880859375 0.41291015625 0.00912109374999992 0.013300781250000004
0 0.8916015625 0.42658203125 0.01107421874999992 0.008828124999999964
0 0.8388671875 0.719296875 0.009765625 0.009316406249999964
0 0.82486328125 0.70888671875 0.01171875 0.008906249999999893
0 0.80078125 0.68869140625 0.01041015625000008 0.007597656249999973