0 0.095703125 0.2890625 0.009765625 0.009765625
0 0.3681640625 0.2333984375 0.013671875 0.009765625
0 0.3671875 0.2451171875 0.017578125 0.013671875
0 0.3505859375 0.251953125 0.01171875 0.01171875
0 0.1376953125 0.4287109375 0.013671875 0.013671875
0 0.0986328125 0.4892578125 0.01171875 0.013671875
0 0.4951171875 0.4697265625 0.013671875 0.017578125
0 0.4111328125 0.5498046875 0.01953125 0.01953125
0 0.4208984375 0.55859375 0.013671875 0.01953125
0 0.416015625 0.5966796875 0.01953125 0.013671875
0 0.41015625 0.6474609375 0.015625 0.009765625
0 0.5205078125 0.865234375 0.017578125 0.017578125
0 0.61328125 0.9453125 0.021484375 0.015625
0 0.5703125 0.8583984375 0.01953125 0.017578125
0 0.53125 0.640625 0.013671875 0.01171875
0 0.55078125 0.6318359375 0.017578125 0.017578125
0 0.5546875 0.541015625 0.01171875 0.01171875
0 0.580078125 0.5859375 0.015625 0.01171875
0 0.5947265625 0.51953125 0.021484375 0.013671875
0 0.59765625 0.466796875 0.021484375 0.01953125
0 0.595703125 0.3212890625 0.01953125 0.017578125
0 0.6953125 0.310546875 0.015625 0.015625
0 0.7080078125 0.2353515625 0.015625 0.017578125
0 0.6962890625 0.244140625 0.017578125 0.013671875
0 0.796875 0.3818359375 0.015625 0.013671875
0 0.7578125 0.4130859375 0.017578125 0.01171875
0 0.6943359375 0.6962890625 0.01953125 0.015625
0 0.76953125 0.7255859375 0.017578125 0.013671875
0 0.8173828125 0.591796875 0.03125 0.017578125
0 0.8466796875 0.623046875 0.015625 0.029296875
0 0.818359375 0.6611328125 0.017578125 0.017578125
0 0.9462890625 0.5390625 0.015625 0.01953125
0 0.9599609375 0.50390625 0.017578125 0.021484375
0 0.9248046875 0.5107421875 0.01953125 0.017578125
0 0.900390625 0.49609375 0.01953125 0.01953125
0 0.82421875 0.396484375 0.01953125 0.01953125
0 0.8271484375 0.375 0.01953125 0.01953125
0 0.9541015625 0.13671875 0.015625 0.025390625
0 0.9384765625 0.1591796875 0.013671875 0.01953125
0 0.9375 0.19140625 0.01171875 0.021484375
0 0.9052734375 0.6591796875 0.015625 0.017578125
0 0.9375 0.1103515625 0.015625 0.021484375
0 0.6884765625 0.1865234375 0.021484375 0.017578125