0 0.0136328125 0.1005859375 0.0153125 0.013671875
0 0.06353515625 0.12482421875 0.009843750000000012 0.02339843749999998
0 0.1349609375 0.0780078125 0.01171875 0.015468750000000003
0 0.2627734375 0.06634765625 0.006093750000000009 0.007949218749999987
0 0.2695703125 0.074296875 0.008320312499999982 0.008046875000000009
0 0.36818359375 0.0214453125 0.017929687500000013 0.01974609375
0 0.65044921875 0.0253125 0.008085937499999973 0.015781249999999997
0 0.502890625 0.01451171875 0.017636718749999947 0.013554687500000002
0 0.07130859375 0.16494140625 0.010058593750000011 0.013457031249999973
0 0.02421875 0.12498046874999999 0.009785156250000003 0.011777343750000002
0 0.2929296875 0.0710546875 0.008105468749999956 0.009687499999999988
0 0.1972265625 0.99599609375 0.007890624999999984 0.008007812500000044