0 0.4326171875 0.2431640625 0.009765625 0.009765625
0 0.3779296875 0.2724609375 0.005859375 0.005859375
0 0.048828125 0.8388671875 0.02734375 0.009765625
0 0.3203125 0.2490234375 0.015625 0.009765625
0 0.287109375 0.6494140625 0.015625 0.009765625
0 0.1181640625 0.8916015625 0.025390625 0.017578125
0 0.1630859375 0.927734375 0.013671875 0.0078125
0 0.9267578125 0.7861328125 0.013671875 0.009765625
0 0.9287109375 0.7744140625 0.017578125 0.005859375
0 0.9501953125 0.78125 0.005859375 0.0078125
0 0.5419921875 0.251953125 0.017578125 0.0078125
0 0.1533203125 0.912109375 0.021484375 0.01171875
0 0.251953125 0.9453125 0.01171875 0.00390625