0 0.41017578125 0.7304296875 0.015605468750000018 0.012031249999999938
0 0.4942578125 0.35927734375 0.01187500000000008 0.011503906249999973
0 0.72927734375 0.71564453125 0.013730468749999947 0.02156249999999993
0 0.739140625 0.7381640625 0.010000000000000009 0.01587890624999999
0 0.04787109375 0.91591796875 0.010175781250000002 0.011914062500000044
0 0.06171875 0.90240234375 0.00974609374999999 0.011953125000000009
0 0.24025390625 0.93251953125 0.012070312500000013 0.013847656250000062
0 0.1212109375 0.65802734375 0.008046875000000009 0.007753906250000053
0 0.08890625 0.71478515625 0.010097656250000003 0.008183593750000107
0 0.51490234375 0.41310546875 0.005976562499999893 0.013808593749999987
0 0.50978515625 0.4012109375 0.008183593750000107 0.009667968749999978
0 0.6416015625 0.14140625 0.009765625 0.009765625
0 0.73748046875 0.5507421875 0.010039062499999973 0.015917968749999956
0 0.7284765625 0.54091796875 0.008066406249999991 0.011914062500000044
0 0.721640625 0.5330859375 0.006074218750000027 0.008046875000000009