0 0.64453125 0.4482421875 0.0078125 0.009765625
0 0.76953125 0.470703125 0.01171875 0.0078125
0 0.7802734375 0.142578125 0.009765625 0.0078125
0 0.7900390625 0.1357421875 0.017578125 0.009765625
0 0.7548828125 0.7841796875 0.009765625 0.009765625
0 0.732421875 0.7685546875 0.0078125 0.005859375
0 0.7431640625 0.78125 0.009765625 0.0078125
0 0.759765625 0.6162109375 0.00390625 0.005859375
0 0.052734375 0.2568359375 0.01953125 0.009765625
0 0.12109375 0.2685546875 0.01171875 0.005859375
0 0.2587890625 0.7568359375 0.009765625 0.005859375
0 0.939453125 0.4931640625 0.0078125 0.013671875
0 0.4189453125 0.4541015625 0.005859375 0.005859375
0 0.6123046875 0.4970703125 0.009765625 0.009765625
0 0.310546875 0.857421875 0.015625 0.01171875
0 0.80078125 0.6630859375 0.0078125 0.005859375