0 0.19134765625 0.77615234375 0.008164062500000013 0.009804687499999964
0 0.19955078125 0.77724609375 0.007558593750000009 0.007988281250000062
0 0.23552734375 0.8612890625 0.00630859374999998 0.008261718750000036
0 0.1133203125 0.70505859375 0.011796875000000012 0.01603515625000007
0 0.155234375 0.72166015625 0.006171874999999993 0.0058984374999999645
0 0.1495703125 0.70111328125 0.010058593750000011 0.007910156249999911
0 0.26 0.67767578125 0.00789062500000004 0.007929687499999893
0 0.24130859375 0.67 0.006054687499999989 0.007636718749999938
0 0.1701171875 0.57103515625 0.007753906249999998 0.013789062499999893
0 0.1690234375 0.7530078125 0.013906250000000009 0.013906250000000009
0 0.18751953125 0.7490234375 0.011640625000000016 0.009765625
0 0.30666015625 0.4169921875 0.008203124999999978 0.013964843749999956
0 0.21978515625 0.22658203125 0.010136718749999996 0.01587890624999999
0 0.49908203125 0.77921875 0.01017578124999996 0.011855468750000098
0 0.305625 0.76251953125 0.0063085937500000355 0.009707031250000053
0 0.22658203125 0.24501953125 0.008164062500000013 0.005683593749999993
0 0.259765625 0.66203125 0.01171875 0.00796875000000008
0 0.2861328125 0.65220703125 0.006191406250000031 0.011582031249999902
0 0.283203125 0.684609375 0.01171875 0.009687500000000071
0 0.2178125 0.44130859375 0.006152343750000011 0.011523437499999956
0 0.357578125 0.49400390625 0.007968749999999969 0.011582031250000013
0 0.46486328125 0.66400390625 0.008105468749999956 0.011835937499999893
0 0.20125 0.49208984375 0.007988281250000007 0.011894531249999951