0 0.75681640625 0.432578125 0.010136718750000107 0.010410156249999969
0 0.72765625 0.3779296875 0.006113281249999991 0.0062304687499999956
0 0.16138671875 0.048671875 0.009882812500000004 0.027656249999999993
0 0.7509375 0.32033203125 0.010019531249999991 0.016152343749999964
0 0.3505859375 0.28708984375 0.010214843750000036 0.016074218750000036
0 0.1084375 0.11798828125 0.017890624999999993 0.025761718749999996
0 0.07234375 0.1628515625 0.008359375000000002 0.013652343750000018
0 0.213828125 0.9266796875 0.010234375000000018 0.013437499999999991
0 0.22556640625 0.9285546875 0.006210937500000013 0.017519531250000053
0 0.2186328125 0.9501171875 0.008535156250000009 0.005996093750000098
0 0.7480859375 0.54197265625 0.008398437499999911 0.01773437500000008
0 0.08779296875 0.15337890625 0.011914062499999989 0.021757812499999973
0 0.0546484375 0.2517578125 0.003964843750000002 0.01171875