0 0.857578125 0.481328125 0.011640625000000071 0.009628906250000013
0 0.6337109375 0.41982421875 0.006113281249999991 0.008007812500000044
0 0.91296875 0.962734375 0.013906250000000009 0.011992187499999973
0 0.48740234375 0.5673046875 0.009960937500000044 0.009941406250000062
0 0.5273046875 0.66791015625 0.012187500000000018 0.011992187499999973
0 0.38576171875 0.59658203125 0.006289062500000053 0.006054687500000044
0 0.75591796875 0.461015625 0.008027343750000027 0.011777343749999947
0 0.84169921875 0.4833984375 0.008007812500000044 0.005859375
0 0.89544921875 0.8466796875 0.013808593750000098 0.009746093750000018
0 0.87986328125 0.8662109375 0.009746093750000018 0.014101562500000053
0 0.88005859375 0.88384765625 0.009726562500000036 0.013808593750000098