0 0.58984375 0.73046875 0.015625 0.01171875
0 0.505859375 0.359375 0.01171875 0.01171875
0 0.2705078125 0.7158203125 0.013671875 0.021484375
0 0.2607421875 0.73828125 0.009765625 0.015625
0 0.9521484375 0.916015625 0.009765625 0.01171875
0 0.9384765625 0.90234375 0.009765625 0.01171875
0 0.759765625 0.9326171875 0.01171875 0.013671875
0 0.87890625 0.658203125 0.0078125 0.0078125
0 0.9111328125 0.71484375 0.009765625 0.0078125
0 0.4853515625 0.4130859375 0.005859375 0.013671875
0 0.490234375 0.4013671875 0.0078125 0.009765625
0 0.3583984375 0.1416015625 0.009765625 0.009765625
0 0.2626953125 0.55078125 0.009765625 0.015625
0 0.271484375 0.541015625 0.0078125 0.01171875
0 0.2783203125 0.533203125 0.005859375 0.0078125