0 0.55185546875 0.64431640625 0.009960937500000044 0.007851562499999964
0 0.52931640625 0.76939453125 0.008164062499999902 0.011601562500000107
0 0.85740234375 0.7801953125 0.008085937499999973 0.009394531249999893
0 0.86431640625 0.790078125 0.009648437500000107 0.01750000000000007
0 0.21578125 0.75498046875 0.009824218750000002 0.009570312499999956
0 0.2316015625 0.73234375 0.005996093749999987 0.007988281250000062
0 0.21896484375 0.743046875 0.007832031249999982 0.009628906249999902
0 0.383828125 0.7596875 0.005957031250000022 0.004082031250000062
0 0.7430078125 0.05287109375 0.010078124999999938 0.019414062499999996
0 0.7315234375 0.12109375 0.006171874999999938 0.012128906250000016
0 0.24326171875 0.25865234375 0.006054687499999989 0.009648437499999996
0 0.50685546875 0.93943359375 0.013730468749999947 0.00748046875000008
0 0.546015625 0.41890625 0.00570312499999992 0.005917968749999947
0 0.50287109375 0.6121875 0.009882812499999893 0.00960937499999992
0 0.14265625 0.31044921875 0.012089843749999996 0.015429687499999956
0 0.33701171875 0.8007421875 0.0058984374999999645 0.007636718749999938