0 0.07615234375 0.53318359375 0.008164062499999986 0.015664062499999964
0 0.114375 0.62779296875 0.010000000000000009 0.017871093749999956
0 0.06552734375 0.56619140625 0.013867187499999989 0.023496093749999947
0 0.05671875 0.59271484375 0.011894531250000007 0.017871093749999956
0 0.1044921875 0.7186328125 0.00978515625000001 0.011933593750000027
0 0.114375 0.71279296875 0.009531249999999991 0.011914062500000044
0 0.0244140625 0.2236328125 0.014042968749999996 0.009765625
0 0.4317578125 0.23025390625 0.011757812499999964 0.012050781249999976
0 0.16423828125 0.22861328125 0.00777343749999998 0.007597656249999973
0 0.40826171875 0.1320703125 0.008261718750000036 0.009921875000000024
0 0.71392578125 0.24908203125 0.006113281249999991 0.014199218749999964
0 0.90142578125 0.16880859375 0.010000000000000009 0.009648437499999996
0 0.79392578125 0.57521484375 0.010195312500000053 0.013632812500000036
0 0.14837890625 0.6846484375 0.015898437499999973 0.013847656250000062
0 0.70337890625 0.01267578125 0.01572265624999991 0.017636718749999995
0 0.07517578125 0.75787109375 0.006171874999999993 0.012128906250000071
0 0.94244140625 0.03326171875 0.010136718750000107 0.011601562499999996