0 0.533203125 0.076171875 0.015625 0.0078125
0 0.6279296875 0.1142578125 0.017578125 0.009765625
0 0.56640625 0.0654296875 0.0234375 0.013671875
0 0.5927734375 0.056640625 0.017578125 0.01171875
0 0.71875 0.1044921875 0.01171875 0.009765625
0 0.712890625 0.1142578125 0.01171875 0.009765625
0 0.2236328125 0.0244140625 0.009765625 0.013671875
0 0.23046875 0.431640625 0.01171875 0.01171875
0 0.228515625 0.1640625 0.0078125 0.0078125
0 0.1318359375 0.408203125 0.009765625 0.0078125
0 0.2490234375 0.7138671875 0.013671875 0.005859375
0 0.1689453125 0.9013671875 0.009765625 0.009765625
0 0.5751953125 0.7939453125 0.013671875 0.009765625
0 0.6845703125 0.1484375 0.013671875 0.015625
0 0.0126953125 0.703125 0.017578125 0.015625
0 0.7578125 0.0751953125 0.01171875 0.005859375
0 0.033203125 0.9423828125 0.01171875 0.009765625