0 0.80859375 0.7763671875 0.0078125 0.009765625
0 0.80078125 0.77734375 0.0078125 0.0078125
0 0.7646484375 0.861328125 0.005859375 0.0078125
0 0.88671875 0.705078125 0.01171875 0.015625
0 0.8447265625 0.7216796875 0.005859375 0.005859375
0 0.8505859375 0.701171875 0.009765625 0.0078125
0 0.740234375 0.677734375 0.0078125 0.0078125
0 0.7587890625 0.669921875 0.005859375 0.0078125
0 0.830078125 0.5712890625 0.0078125 0.013671875
0 0.8310546875 0.7529296875 0.013671875 0.013671875
0 0.8125 0.7490234375 0.01171875 0.009765625
0 0.693359375 0.4169921875 0.0078125 0.013671875
0 0.7802734375 0.2265625 0.009765625 0.015625
0 0.5009765625 0.779296875 0.009765625 0.01171875
0 0.6943359375 0.7626953125 0.005859375 0.009765625
0 0.7734375 0.2451171875 0.0078125 0.005859375
0 0.740234375 0.662109375 0.01171875 0.0078125
0 0.7138671875 0.65234375 0.005859375 0.01171875
0 0.716796875 0.6845703125 0.01171875 0.009765625
0 0.7822265625 0.44140625 0.005859375 0.01171875
0 0.642578125 0.494140625 0.0078125 0.01171875
0 0.53515625 0.6640625 0.0078125 0.01171875
0 0.798828125 0.4921875 0.0078125 0.01171875