0 0.10080078125 0.5779296875 0.009804687499999992 0.01953125
0 0.2266796875 0.3640625 0.011953125000000009 0.017558593750000018
0 0.212890625 0.3651953125 0.008398437500000022 0.012011718749999956
0 0.23052734375 0.0711328125 0.011855468749999987 0.013593749999999988
0 0.05958984375000001 0.08962890625 0.014042968749999996 0.01173828125000001
0 0.23251953125 0.53685546875 0.007871093750000002 0.011835937499999893
0 0.2286328125 0.449140625 0.011953125000000009 0.007968749999999969
0 0.22748046875 0.439296875 0.010019531249999991 0.00789062500000004
0 0.12998046875 0.2772265625 0.009980468750000027 0.015488281250000013
0 0.137734375 0.260625 0.013964843750000011 0.01734374999999999
0 0.31234375 0.3553125 0.008125000000000049 0.015566406250000053