0 0.2353125 0.02517578125 0.014140625000000018 0.019570312499999992
0 0.33201171875 0.0703515625 0.012148437500000053 0.023808593749999996
0 0.4471875 0.08091796875 0.011855468749999987 0.013554687499999996
0 0.45998046875 0.09353515625 0.010195312500000053 0.01955078125000001
0 0.31646484375 0.16978515625 0.015898437499999973 0.02373046875000001
0 0.11431640625 0.24591796875 0.009492187499999999 0.019472656250000053
0 0.305625 0.412890625 0.01806640625 0.021503906249999982
0 0.42478515625 0.35435546875 0.014101562500000053 0.017460937499999996
0 0.45509765625 0.366171875 0.012050781250000031 0.017949218749999996
0 0.50779296875 0.33873046875 0.012148437500000053 0.017929687500000013
0 0.503984375 0.31029296875 0.01187500000000008 0.027460937500000004
0 0.52634765625 0.347734375 0.00992187500000008 0.01578124999999997
0 0.54689453125 0.29185546875 0.01205078124999992 0.029570312499999973
0 0.5597265625 0.27236328125 0.009687500000000071 0.025605468750000027
0 0.57427734375 0.2362109375 0.012070312499999902 0.019804687499999973
0 0.58201171875 0.34666015625 0.011777343749999947 0.021503906249999982
0 0.3975390625 0.52228515625 0.009902343749999987 0.013613281250000053
0 0.4871875 0.50466796875 0.006074218750000027 0.013710937499999964
0 0.58986328125 0.50677734375 0.008164062499999902 0.013789062499999893
0 0.59958984375 0.5018359375 0.008183593750000107 0.01156249999999992
0 0.68158203125 0.51953125 0.012187500000000018 0.019667968750000098
0 0.6964453125 0.50193359375 0.009843749999999929 0.019589843749999947
0 0.73740234375 0.4805078125 0.009980468750000027 0.01570312500000004
0 0.77650390625 0.48818359375 0.013593750000000071 0.015820312500000044
0 0.38375 0.43923828125 0.010097656250000031 0.019570312499999964
0 0.09677734375 0.097578125 0.009960937499999989 0.015761718750000014
0 0.63580078125 0.7723046875 0.010039062499999973 0.009746093750000018
0 0.70806640625 0.902421875 0.010195312500000053 0.019550781249999982
0 0.68259765625 0.261796875 0.010390625000000098 0.015761718749999987
0 0.35751953125 0.50376953125 0.004082031249999951 0.008066406249999991
0 0.0537109375 0.693359375 0.013652343750000004 0.011679687500000036
0 0.72353515625 0.51248046875 0.009960937500000044 0.013574218750000089
0 0.67189453125 0.42958984375 0.0077734375000000355 0.007636718750000049
0 0.38962890625 0.6619921875 0.009746093750000018 0.011542968749999938