0 0.90234375 0.7373046875 0.0078125 0.021484375
0 0.9541015625 0.71875 0.009765625 0.01953125
0 0.970703125 0.6318359375 0.0078125 0.017578125
0 0.9599609375 0.64453125 0.005859375 0.0234375
0 0.9814453125 0.626953125 0.005859375 0.015625
0 0.935546875 0.708984375 0.01171875 0.03515625
0 0.8720703125 0.802734375 0.009765625 0.02734375
0 0.884765625 0.7822265625 0.0078125 0.029296875
0 0.9892578125 0.6630859375 0.009765625 0.029296875
0 0.873046875 0.833984375 0.0078125 0.01171875
0 0.880859375 0.830078125 0.0078125 0.01171875
0 0.982421875 0.689453125 0.0078125 0.01171875