0 0.1005859375 0.013671875 0.013671875 0.015625
0 0.125 0.0634765625 0.0234375 0.009765625
0 0.078125 0.134765625 0.015625 0.01171875
0 0.06640625 0.2626953125 0.0078125 0.005859375
0 0.07421875 0.26953125 0.0078125 0.0078125
0 0.021484375 0.3681640625 0.01953125 0.017578125
0 0.025390625 0.650390625 0.015625 0.0078125
0 0.0146484375 0.5029296875 0.013671875 0.017578125
0 0.1650390625 0.0712890625 0.013671875 0.009765625
0 0.125 0.0244140625 0.01171875 0.009765625
0 0.0712890625 0.29296875 0.009765625 0.0078125
0 0.99609375 0.197265625 0.0078125 0.0078125