0 0.0517578125 0.294921875 0.021484375 0.015625
0 0.078125 0.2998046875 0.02734375 0.013671875
0 0.0849609375 0.1025390625 0.017578125 0.009765625
0 0.0947265625 0.1083984375 0.009765625 0.005859375
0 0.0927734375 0.162109375 0.013671875 0.0078125
0 0.1005859375 0.1484375 0.025390625 0.01171875
0 0.115234375 0.0927734375 0.0234375 0.009765625
0 0.12109375 0.197265625 0.015625 0.01171875
0 0.0732421875 0.083984375 0.009765625 0.01171875
0 0.0791015625 0.064453125 0.013671875 0.01171875
0 0.0361328125 0.0400390625 0.013671875 0.009765625
0 0.1337890625 0.28125 0.017578125 0.0078125
0 0.123046875 0.2822265625 0.00390625 0.009765625
0 0.1318359375 0.302734375 0.025390625 0.01171875
0 0.1435546875 0.2666015625 0.013671875 0.009765625
0 0.1123046875 0.2841796875 0.009765625 0.005859375
0 0.126953125 0.267578125 0.01953125 0.01171875
0 0.0791015625 0.4033203125 0.009765625 0.005859375
0 0.0966796875 0.4228515625 0.013671875 0.009765625
0 0.08984375 0.4306640625 0.01171875 0.005859375
0 0.2421875 0.4208984375 0.015625 0.005859375
0 0.2451171875 0.16796875 0.009765625 0.0078125
0 0.130859375 0.46875 0.01171875 0.00390625
0 0.01953125 0.580078125 0.0078125 0.0078125
0 0.16015625 0.4365234375 0.0078125 0.005859375
0 0.1611328125 0.412109375 0.005859375 0.00390625
0 0.19921875 0.4208984375 0.0078125 0.005859375
0 0.15625 0.4033203125 0.0078125 0.005859375
0 0.2783203125 0.4736328125 0.009765625 0.005859375
0 0.2958984375 0.43359375 0.009765625 0.00390625
0 0.2568359375 0.3154296875 0.013671875 0.013671875
0 0.2822265625 0.390625 0.005859375 0.0078125
0 0.0517578125 0.7666015625 0.009765625 0.013671875