0 0.102937 0.35336 0.0089546 0.00938407
0 0.945789 0.784209 0.00935364 0.0101811
0 0.597585 0.749706 0.0115366 0.0114355
0 0.653207 0.909635 0.0114889 0.0112442
0 0.950986 0.136079 0.00977629 0.0105708
0 0.270592 0.929186 0.0131001 0.0126362
0 0.438374 0.919032 0.0131386 0.0133969
0 0.548517 0.361761 0.0118025 0.0115679
0 0.792623 0.687895 0.0110994 0.0109041
0 0.624268 0.861855 0.0127997 0.0123466
0 0.937418 0.0809537 0.0111983 0.0111983
0 0.777022 0.942304 0.00889593 0.00898612
0 0.111 0.849172 0.0135286 0.0132251
0 0.958858 0.769031 0.0112696 0.0108908
0 0.761788 0.952296 0.00986993 0.00973457
0 0.959772 0.611723 0.0111393 0.0114359
0 0.216684 0.955436 0.0109508 0.0110974
0 0.963208 0.104078 0.0097338 0.0096397
0 0.237793 0.96606 0.0114453 0.0104462
0 0.49622 0.960056 0.00921485 0.00908417
0 0.656833 0.971321 0.0111693 0.00963289
0 0.648914 0.831842 0.0115736 0.0109398
0 0.170218 0.307083 0.011805 0.0125577
0 0.904074 0.12778 0.0104698 0.0102103
0 0.693148 0.924553 0.0126179 0.0117989
0 0.916796 0.110415 0.0115799 0.0115435
0 0.201464 0.51416 0.0149212 0.0193914
0 0.292083 0.928379 0.0100129 0.0101904
0 0.848767 0.245366 0.00957298 0.00948972
0 0.82833 0.317585 0.0112127 0.0115111
0 0.153461 0.139167 0.0144643 0.0141784
0 0.761059 0.899502 0.0124655 0.013676
0 0.211256 0.864168 0.0139888 0.0134399
0 0.642846 0.897083 0.0112385 0.0110567
0 0.809446 0.247078 0.0104344 0.0105624
0 0.446304 0.859736 0.0144632 0.0124661
0 0.98389 0.256566 0.0127829 0.0118759
0 0.47739 0.934332 0.00850201 0.00985795
0 0.748467 0.917859 0.0111265 0.0129642
0 0.836939 0.628244 0.0152153 0.0150816
0 0.0522358 0.531962 0.0140447 0.0138079
0 0.902005 0.144395 0.0109587 0.0105643
0 0.0786313 0.787352 0.0134977 0.0138878
0 0.0150268 0.912475 0.0140826 0.0148117
0 0.434409 0.953134 0.0118546 0.0121735
0 0.955249 0.153214 0.0117018 0.0116486
0 0.536045 0.77567 0.0163537 0.012371
0 0.367308 0.00881054 0.0100184 0.0108185
0 0.0343257 0.438553 0.0129803 0.0112165
0 0.867334 0.321785 0.0128589 0.012562
0 0.50692 0.946491 0.00910419 0.0096615
0 0.913007 0.552563 0.0122173 0.0118855
0 0.621206 0.799071 0.0101458 0.00998843
0 0.144119 0.29402 0.0124989 0.0108038
0 0.978517 0.119462 0.0106873 0.0101171
0 0.516252 0.571958 0.0134948 0.0131073
0 0.459385 0.963805 0.0136154 0.0124609
0 0.896419 0.22758 0.0106629 0.0107768
0 0.921689 0.0661616 0.0118471 0.0120917
0 0.985107 0.0397887 0.0100902 0.00914534
0 0.466715 0.891132 0.0113998 0.0120266
0 0.684242 0.871101 0.0119712 0.0107843
0 0.10284 0.109792 0.0134146 0.0133926
0 0.290577 0.978322 0.011563 0.0113785
0 0.789986 0.254985 0.010343 0.0105441
0 0.672518 0.796775 0.0124192 0.0111219
0 0.154018 0.0758595 0.0133219 0.0112048
0 0.480793 0.963454 0.00856569 0.00883788
0 0.202825 0.515974 0.0111666 0.0151518
0 0.154524 0.924789 0.0151457 0.0115231
0 0.504095 0.7865 0.012585 0.0109135
0 0.960026 0.117954 0.00953943 0.0106552
0 0.98473 0.45261 0.0107292 0.0104059
0 0.635854 0.746502 0.0120212 0.0107605
0 0.945511 0.784197 0.0114601 0.012067
0 0.967132 0.0452328 0.0134842 0.0109792
0 0.505589 0.947491 0.00794411 0.00906754
0 0.226131 0.0770828 0.0132906 0.0106201
0 0.537099 0.775932 0.0198076 0.0146572
0 0.495712 0.940444 0.00824901 0.00833243
0 0.434105 0.953265 0.0143114 0.01521
0 0.0067769 0.978499 0.0111335 0.0129406
0 0.467153 0.891355 0.0137079 0.0143251
0 0.483382 0.882324 0.0124682 0.011113
0 0.0651165 0.947504 0.011826 0.0108792
0 0.96017 0.611575 0.0139496 0.0131695
0 0.314228 0.825411 0.0134026 0.0114754
0 0.670329 0.958941 0.00962389 0.00926816
0 0.654654 0.736143 0.0107706 0.00993598
0 0.858762 0.281663 0.011323 0.0104945
0 0.0358087 0.884167 0.0106242 0.0103165
0 0.161407 0.183088 0.0124621 0.0138478
0 0.597431 0.271806 0.0103956 0.0105813
0 0.607399 0.704962 0.0126464 0.0117943
0 0.913848 0.21614 0.0125904 0.0119324
0 0.809059 0.953987 0.0113811 0.0122631
0 0.805488 0.26485 0.00904411 0.00954169
0 0.873141 0.763331 0.011573 0.0127802
0 0.459393 0.963006 0.0156179 0.0167244
0 0.959068 0.769333 0.0139317 0.0130503
