0 0.339696 0.808913 0.0103907 0.0122297
0 0.593242 0.216527 0.00987029 0.0101072
0 0.713379 0.474613 0.0101086 0.00954971
0 0.754789 0.493578 0.0119455 0.0152088
0 0.454453 0.619113 0.0104006 0.0108382
0 0.667043 0.441845 0.0099721 0.0115468
0 0.726504 0.439379 0.00989354 0.0100949
0 0.748113 0.427218 0.00923133 0.00955257
0 0.695437 0.502142 0.011935 0.0104876
0 0.654351 0.52847 0.0086174 0.00952166
0 0.387664 0.895026 0.0127097 0.0147131
0 0.445519 0.969535 0.0113743 0.0108024
0 0.652042 0.514013 0.00852126 0.00877339
0 0.597202 0.989498 0.00808489 0.00878066
0 0.865667 0.647444 0.00871968 0.0102649
0 0.604912 0.202354 0.00872022 0.00944287
0 0.711764 0.451697 0.0089702 0.00941831
0 0.851 0.648651 0.00857717 0.00876695
0 0.655034 0.433472 0.00916702 0.010704
0 0.666373 0.370487 0.00939959 0.0105805
0 0.862772 0.775823 0.0125347 0.0142213
0 0.619432 0.343901 0.0130859 0.0132637
0 0.692222 0.361475 0.00895828 0.00909609
0 0.634919 0.490192 0.00892454 0.00907001
0 0.319883 0.870543 0.00871879 0.00970995
0 0.837232 0.414164 0.00989956 0.0108165
0 0.398229 0.932851 0.00938961 0.0103264
0 0.625044 0.506482 0.00797653 0.00842935
0 0.622807 0.538723 0.0101423 0.0107294
0 0.633198 0.260686 0.0065859 0.00705299
0 0.646268 0.180373 0.00917661 0.00863466
0 0.892583 0.64027 0.00933611 0.0114648
0 0.663986 0.390461 0.00964755 0.0113426
0 0.57324 0.149387 0.00738066 0.00714502
0 0.57594 0.295317 0.010892 0.00983739
0 0.6014 0.238144 0.00875342 0.0098331
0 0.648065 0.275337 0.00851744 0.00929084
0 0.567902 0.402081 0.00849062 0.00999221
0 0.471103 0.92927 0.00975639 0.00926453
0 0.357353 0.542733 0.00945577 0.00973165
0 0.575543 0.20406 0.0110039 0.0117011
0 0.740019 0.526381 0.00931609 0.00982088
0 0.299389 0.155559 0.0104155 0.0122223
0 0.446296 0.734848 0.0106023 0.0138022
0 0.784531 0.502278 0.00911558 0.0114267
0 0.789156 0.473017 0.0117059 0.0124182
0 0.670529 0.501518 0.0106857 0.00924292
0 0.654685 0.374285 0.00669211 0.00717801
0 0.732925 0.495344 0.00837308 0.00906163
0 0.539767 0.31515 0.00699914 0.00699547
0 0.337454 0.586282 0.00985223 0.0111912
0 0.395547 0.861251 0.0130312 0.0115635
0 0.569809 0.959234 0.0112922 0.0103867
0 0.802582 0.409815 0.00817776 0.0108406
0 0.542323 0.304855 0.00652945 0.00640315
0 0.440908 0.602963 0.00892869 0.00780201
0 0.628396 0.984792 0.00722486 0.0086683
0 0.204544 0.266752 0.00762434 0.00791019
0 0.846449 0.894016 0.00924397 0.00917339
0 0.652986 0.361471 0.00902331 0.00859481
0 0.261831 0.865905 0.0101866 0.0104307
0 0.449558 0.940511 0.00755739 0.00861549
0 0.384647 0.913977 0.00910386 0.0104929
0 0.364411 0.199224 0.00634903 0.00717831
0 0.944222 0.730223 0.00981981 0.00882071
0 0.658407 0.475816 0.00801718 0.00856447
0 0.225481 0.446524 0.0122996 0.0130954
0 0.247057 0.52081 0.00988284 0.0112499
0 0.592604 0.155104 0.00688666 0.00743541
0 0.849816 0.432973 0.00967824 0.0103869
0 0.790072 0.396707 0.00936902 0.00906879
0 0.552119 0.299736 0.00744838 0.0080497
0 0.290682 0.854029 0.0108457 0.0133125
0 0.33756 0.830428 0.0138852 0.0131083
0 0.477356 0.235275 0.0121596 0.0113465
0 0.56464 0.379256 0.00815183 0.00871843
0 0.697602 0.543155 0.00851119 0.00878406
0 0.565165 0.281513 0.0142279 0.0105033
0 0.638213 0.326848 0.00793761 0.0095728
0 0.610486 0.986456 0.0076009 0.00710183
0 0.513843 0.237859 0.00787866 0.00911617
0 0.82604 0.755005 0.00751072 0.00827849
0 0.413552 0.272435 0.0106789 0.011305
0 0.978123 0.646861 0.0104645 0.0124936
0 0.738346 0.542482 0.00849342 0.00955564
0 0.216882 0.647231 0.0088931 0.00996476
0 0.732249 0.494368 0.00773102 0.00872841
0 0.59306 0.302168 0.00920016 0.010375
0 0.0663411 0.297373 0.0109874 0.00966275
0 0.308115 0.624002 0.0103727 0.009597
0 0.507184 0.283048 0.00834274 0.00879812
0 0.853464 0.417034 0.00815123 0.00950718
0 0.676581 0.190538 0.00607061 0.00620618
0 0.431548 0.492712 0.00876006 0.00972822
0 0.416558 0.254279 0.0111368 0.00887798
0 0.350951 0.0977221 0.00863481 0.0119857
0 0.698458 0.482937 0.00816327 0.00920153
0 0.336907 0.252401 0.00801268 0.00926085
0 0.475711 0.942352 0.00702468 0.00776631
0 0.893003 0.917981 0.00999415 0.011245
0 0.447403 0.593386 0.00813055 0.00712276
0 0.407346 0.876095 0.0111527 0.0118526
0 0.154237 0.430831 0.00884624 0.00922489
0 0.542277 0.280549 0.00593668 0.00681901
0 0.373507 0.595863 0.00936726 0.00897694
0 0.259575 0.0968893 0.008046 0.00866763
0 0.69447 0.23989 0.00914979 0.00847749
0 0.834764 0.445412 0.0107405 0.00994873
0 0.43272 0.738711 0.00890428 0.00837195
0 0.690475 0.525293 0.0119848 0.017179
0 0.598789 0.506737 0.00773513 0.00806254
0 0.62583 0.26736 0.00722069 0.00751895
0 0.814228 0.373279 0.0139801 0.00995806
0 0.65254 0.294253 0.0085178 0.00894135
0 0.750291 0.913196 0.0110402 0.0102404
0 0.485305 0.279876 0.00912973 0.00893354
0 0.692942 0.277116 0.0121679 0.00976914
0 0.877556 0.444 0.0112358 0.0108999
0 0.848359 0.735307 0.00884169 0.0101511
0 0.319422 0.0792063 0.00735545 0.00900476
0 0.353579 0.204036 0.00974321 0.0095654
0 0.634271 0.273748 0.00626308 0.00720295
0 0.183684 0.43342 0.0105726 0.0120541
0 0.378524 0.260622 0.00737441 0.00995317
0 0.589086 0.416221 0.00934458 0.00896055
0 0.42817 0.587379 0.00703296 0.00781173
0 0.17314 0.288845 0.0070129 0.00786024
0 0.626295 0.492293 0.00888777 0.00972292
0 0.393699 0.23953 0.0097779 0.0118576
0 0.492703 0.894798 0.0081169 0.00907552
0 0.419854 0.96856 0.0109804 0.010092
0 0.909672 0.658255 0.00731206 0.00819749
0 0.338165 0.185968 0.00943622 0.0118565
0 0.481245 0.899343 0.00847608 0.0116013
0 0.857614 0.677064 0.0107117 0.00981677
0 0.708016 0.512064 0.00945413 0.00913483
0 0.638723 0.325497 0.00919038 0.0117823
0 0.348391 0.768633 0.0100425 0.0102834
0 0.328416 0.79754 0.00753751 0.00828201
0 0.469621 0.26099 0.00664464 0.00738889
0 0.267606 0.141199 0.00771627 0.00853844
0 0.861676 0.663209 0.0101131 0.00910282
0 0.197524 0.946936 0.00713266 0.00692844
0 0.453662 0.188503 0.00719386 0.00794367
0 0.788618 0.473241 0.0151883 0.0151215
0 0.325776 0.214333 0.00801384 0.00929432
0 0.447591 0.594222 0.00683841 0.00704211
0 0.352234 0.640519 0.00818244 0.00897133
0 0.903743 0.930944 0.00884098 0.00960481
0 0.645855 0.346045 0.00830346 0.00930429
0 0.351019 0.496371 0.0106435 0.0135415
0 0.953564 0.76233 0.00730073 0.00882435
0 0.832239 0.501044 0.009956 0.0101026
0 0.68905 0.528505 0.0121592 0.0188198
0 0.772066 0.86742 0.0092659 0.0105312
0 0.742768 0.498786 0.00768596 0.00803024
0 0.602576 0.41003 0.00865459 0.0105718
0 0.573809 0.165955 0.0116394 0.0113546
0 0.156906 0.333501 0.0100998 0.0102004
0 0.394575 0.237763 0.00771254 0.00971447
0 0.375495 0.530032 0.00834879 0.0088827
0 0.364405 0.607313 0.00938201 0.00925654
0 0.45129 0.211889 0.00804558 0.00760631
0 0.712106 0.451673 0.0116129 0.0113102
0 0.4624 0.737252 0.0101689 0.0120584
0 0.492112 0.920203 0.00763664 0.00812989
0 0.282368 0.268394 0.00910932 0.00878865
0 0.485435 0.28055 0.0114948 0.0100848
0 0.255389 0.147741 0.00780439 0.00779653
0 0.834862 0.483001 0.0114967 0.0107639
0 0.234099 0.51407 0.00994366 0.0105282
0 0.231773 0.30516 0.00965233 0.00734204
0 0.502981 0.228745 0.00834265 0.00823951
0 0.441971 0.20168 0.00843087 0.00900067
0 0.583573 0.1653 0.00852501 0.0091579
0 0.0329915 0.711152 0.00743057 0.00745696
0 0.449268 0.044574 0.00851327 0.00980134
0 0.878831 0.472597 0.0103409 0.0111507
0 0.684099 0.514662 0.00914228 0.010491
0 0.547818 0.918793 0.00808293 0.0090546
0 0.395243 0.511804 0.00945371 0.00875711
0 0.605777 0.533248 0.00821215 0.00886536
0 0.0758425 0.276259 0.00752928 0.00833476
0 0.486283 0.947288 0.00605679 0.00736731
0 0.956064 0.746538 0.0122612 0.0117383
0 0.295403 0.132393 0.0094839 0.00908709
0 0.0522597 0.40878 0.0109462 0.0105156
0 0.576653 0.166045 0.0191984 0.0131709
0 0.525445 0.317882 0.0106863 0.00890762
0 0.279845 0.256699 0.00843486 0.00879088
0 0.163885 0.522171 0.00807983 0.00929987
0 0.238922 0.314369 0.00665426 0.00658637
0 0.801417 0.464118 0.00768018 0.00901803
0 0.940748 0.987618 0.0273487 0.0220444
0 0.392035 0.256752 0.0081493 0.00765431
0 0.519919 0.305206 0.00815558 0.00695729
0 0.392212 0.240611 0.0104823 0.0121173
0 0.61179 0.29271 0.00935894 0.0103941
0 0.276899 0.581204 0.01085 0.0106474
0 0.840795 0.693033 0.00859815 0.00890714
0 0.331768 0.703334 0.00859937 0.00923371
0 0.446991 0.0211281 0.00688115 0.00785173
0 0.667038 0.442063 0.0128756 0.014533
0 0.346832 0.175834 0.00850984 0.00796568
0 0.2845 0.883925 0.00908735 0.00955105
0 0.426374 0.459506 0.00860378 0.0112701
0 0.750344 0.912771 0.0133174 0.0122741
0 0.578714 0.422493 0.00847876 0.0102661
0 0.425446 0.857587 0.00779438 0.00880474
0 0.361571 0.648836 0.00736228 0.00720143
0 0.122873 0.383579 0.00965801 0.0103379
0 0.800411 0.371181 0.00819552 0.00881645
0 0.492064 0.293127 0.00855723 0.00993037
0 0.36479 0.57165 0.0104195 0.0123264
