0 0.303864 0.387014 0.0173365 0.0147457
0 0.0968741 0.549576 0.0150298 0.0165611
0 0.917922 0.938934 0.0118294 0.0116726
0 0.509794 0.844047 0.0131477 0.0124305
0 0.459034 0.665684 0.0182585 0.0158554
0 0.587229 0.812517 0.0161217 0.0163323
0 0.506873 0.767728 0.0199901 0.0166851
0 0.18961 0.0125706 0.0202776 0.0194422
0 0.51026 0.84381 0.0173643 0.0145534
0 0.570297 0.778932 0.017518 0.0155191
0 0.49207 0.814712 0.012715 0.0116383
0 0.65008 0.66502 0.0167185 0.0167315
0 0.189337 0.0137189 0.0161695 0.0142834
0 0.557659 0.119237 0.0190819 0.0160273
0 0.0274654 0.260605 0.0142151 0.0122569
0 0.911566 0.816254 0.016024 0.0138806
0 0.903051 0.959697 0.017268 0.0154948
0 0.200479 0.222602 0.0170671 0.0171083
0 0.619313 0.769696 0.015843 0.0163159
0 0.143145 0.0351385 0.0169086 0.0167997
0 0.0277065 0.260518 0.0171195 0.0145425
0 0.351344 0.670603 0.0176275 0.0135832
0 0.218072 0.776446 0.0145593 0.0120443
0 0.073049 0.329786 0.0140863 0.0124613
0 0.0805647 0.21286 0.020648 0.0269993
0 0.547783 0.803302 0.0137722 0.0103769
0 0.0842296 0.304888 0.0144737 0.0130177
