0 0.948398 0.640993 0.0104105 0.0103515
0 0.383978 0.991833 0.0133676 0.0118599
0 0.241672 0.820873 0.0083375 0.0104244
0 0.733126 0.930308 0.0118872 0.0135643
0 0.983273 0.814838 0.0124245 0.0127991
0 0.684321 0.916864 0.0112846 0.0140709
0 0.579174 0.0415455 0.0164213 0.0143716
0 0.881866 0.751853 0.0135841 0.0119402
0 0.872979 0.771914 0.0162148 0.0148479
0 0.982851 0.813895 0.0150447 0.0166058
0 0.935563 0.867808 0.0207212 0.0174726
0 0.701486 0.853413 0.0140148 0.0144963
0 0.384216 0.991228 0.0162241 0.0146633
0 0.517941 0.47266 0.0131246 0.0120986
0 0.558047 0.0571287 0.0170797 0.017729
0 0.366403 0.403277 0.00962624 0.0111452
0 0.323373 0.225148 0.013172 0.0131303
0 0.732554 0.929555 0.0148714 0.0167782
0 0.418737 0.621905 0.015967 0.0132289
0 0.917216 0.650692 0.0145 0.0124729
0 0.945268 0.604496 0.0114696 0.0114695
0 0.791679 0.711458 0.0142632 0.0164318
0 0.7001 0.852572 0.0182959 0.0172455
0 0.369191 0.256029 0.0185339 0.0135273
0 0.941489 0.674631 0.0177032 0.0165472
0 0.776353 0.84736 0.013233 0.0129032
0 0.975155 0.830898 0.0131721 0.0116652
0 0.767381 0.278618 0.0133467 0.0127655
0 0.915354 0.64803 0.0190616 0.0182724
0 0.418665 0.98578 0.0154861 0.0140753
0 0.944925 0.603633 0.0140514 0.0149982
0 0.663251 0.278853 0.0138936 0.0138991
0 0.577082 0.330258 0.00962722 0.0126055
0 0.84299 0.147291 0.0120975 0.0150778
0 0.884802 0.180012 0.0101868 0.00930917
0 0.519768 0.0820787 0.0191601 0.0171163
0 0.994435 0.288646 0.0111303 0.0133876
0 0.263585 0.895886 0.0131781 0.0103104
0 0.954309 0.848725 0.0124292 0.015282
0 0.926234 0.62022 0.0101374 0.0116762
0 0.536676 0.17988 0.0140459 0.0158781
0 0.777741 0.988851 0.0167877 0.0134014
0 0.938684 0.788288 0.0161705 0.0142414
0 0.418512 0.621405 0.0189188 0.0160185
0 0.768205 0.239467 0.0132024 0.011895
0 0.662491 0.277889 0.0173383 0.0189211
0 0.418209 0.26387 0.0173704 0.00939921
0 0.699181 0.242871 0.0170269 0.0125389
0 0.982687 0.719757 0.00867391 0.00943404
0 0.263248 0.895967 0.0166222 0.0128552
0 0.614782 0.054883 0.0189823 0.0155233
0 0.507449 0.539705 0.0137562 0.0107422
0 0.247288 0.892889 0.00836591 0.0109379
0 0.980649 0.248692 0.0118653 0.0137797
0 0.961886 0.720374 0.00794929 0.00807762
0 0.763437 0.239159 0.0228155 0.0175561
0 0.917915 0.600569 0.0171894 0.0140133
0 0.699993 0.242918 0.0132418 0.0104971
0 0.958363 0.665726 0.0113594 0.0114151
0 0.952575 0.769568 0.0199952 0.0168028
0 0.41704 0.263474 0.0215244 0.0122163
0 0.683848 0.916804 0.01367 0.0169914
0 0.886658 0.18052 0.0139294 0.0109488
0 0.76678 0.23899 0.016856 0.0148488
0 0.681292 0.399059 0.00916994 0.0102851
0 0.754472 0.815807 0.0139916 0.0126262
0 0.995695 0.826063 0.00776023 0.0128285
0 0.576268 0.32979 0.0130105 0.0163921
