0 0.0332217 0.191477 0.00840703 0.00934644
0 0.597702 0.0394565 0.00680619 0.00768237
0 0.645104 0.12654 0.00927961 0.0101023
0 0.791162 0.328167 0.00747758 0.0084708
0 0.595322 0.146553 0.00969774 0.0108852
0 0.313706 0.189379 0.00784355 0.00805493
0 0.576997 0.0805337 0.00735056 0.00829814
0 0.101857 0.234915 0.00653596 0.00717402
0 0.559044 0.12383 0.00817519 0.0093564
0 0.124092 0.21751 0.00764094 0.00853777
0 0.513658 0.140617 0.00737494 0.00863774
0 0.700764 0.0846928 0.00900191 0.0104796
0 0.014503 0.245078 0.00782859 0.00982846
0 0.490111 0.032935 0.00824663 0.00945729
0 0.563026 0.0185435 0.00982261 0.0097708
0 0.864002 0.333943 0.00954247 0.0101634
0 0.53763 0.199287 0.00904542 0.0095996
0 0.0631521 0.203117 0.00722714 0.00944138
0 0.466917 0.201268 0.00757959 0.00805086
0 0.983782 0.144895 0.0106043 0.0104074
0 0.0205494 0.219727 0.00768517 0.00856484
0 0.407689 0.171058 0.00774375 0.00829139
0 0.764046 0.330218 0.00715715 0.00768995
0 0.0543991 0.177298 0.00657685 0.00659795
0 0.412906 0.191692 0.00937492 0.0106392
0 0.907055 0.303645 0.0108429 0.0104151
0 0.444847 0.168421 0.00797835 0.00926195
0 0.445937 0.189288 0.00605297 0.00763746
0 0.0385836 0.279218 0.00737216 0.00863418
0 0.519571 0.118035 0.00911409 0.00876632
0 0.712821 0.226646 0.00836855 0.00985822
0 0.853187 0.291042 0.00821513 0.00935698
0 0.457715 0.145761 0.00957325 0.0100956
0 0.613145 0.070413 0.00771195 0.00825064
0 0.628594 0.00474351 0.0084306 0.00880969
0 0.802957 0.329389 0.0078221 0.00747174
0 0.576331 0.0394143 0.00832367 0.00833752
0 0.481598 0.116946 0.00765458 0.00893603
0 0.0966876 0.180631 0.0101813 0.0104186
0 0.463219 0.122126 0.00716227 0.00699296
0 0.550848 0.15719 0.00765759 0.00823563
0 0.753757 0.333527 0.00630319 0.0067569
0 0.760272 0.345673 0.00671864 0.00708649
0 0.567332 0.157217 0.00793493 0.00857411
0 0.850587 0.305585 0.00808215 0.00893888
0 0.0264771 0.141911 0.00793784 0.00852987
0 0.101888 0.223572 0.00615034 0.0073289
0 0.485274 0.0960662 0.00894681 0.00960008
0 0.0617597 0.271593 0.00694835 0.00701731
0 0.571763 0.00741174 0.0111175 0.00975515
0 0.0121621 0.145672 0.00782349 0.00858325
0 0.292035 0.0463693 0.00617439 0.00685692
0 0.0945785 0.154674 0.00809541 0.00856408
0 0.0962165 0.19912 0.0073106 0.0111392
0 0.284264 0.143657 0.00919104 0.00808854
0 0.813578 0.335018 0.00656432 0.00698987
0 0.0810901 0.256377 0.011795 0.0134446
0 0.484691 0.180539 0.00629303 0.00691333
