0 0.989912 0.330552 0.0100899 0.0112747
0 0.72471 0.475341 0.0110413 0.0123346
0 0.757828 0.619535 0.0134857 0.0153032
0 0.559465 0.604786 0.0164631 0.0146906
0 0.942927 0.402134 0.0100204 0.0101475
0 0.788954 0.572466 0.0135347 0.0146976
0 0.670807 0.0145856 0.0157867 0.0138324
0 0.551284 0.673443 0.0149109 0.0154179
0 0.841812 0.679307 0.0130913 0.0136662
0 0.540784 0.717943 0.012115 0.0145428
0 0.604588 0.626736 0.00914896 0.00936681
0 0.0402469 0.817991 0.0121057 0.0137125
0 0.933809 0.700804 0.0118851 0.0129463
0 0.620372 0.570988 0.0129082 0.0117982
0 0.62278 0.264492 0.0164183 0.0157935
0 0.0349478 0.662868 0.0129976 0.0192866
0 0.324297 0.735009 0.0127964 0.0156485
0 0.0482942 0.695922 0.0144992 0.0143143
0 0.274061 0.194379 0.0115289 0.0118978
0 0.120849 0.524902 0.0158563 0.0164074
0 0.184477 0.0124077 0.011012 0.0106582
0 0.91475 0.651992 0.0112613 0.0137631
0 0.121952 0.718678 0.0152628 0.0148878
0 0.914455 0.712771 0.0121964 0.0109884
0 0.576278 0.64583 0.0150212 0.0123308
0 0.560808 0.876255 0.0147566 0.0138863
0 0.0277561 0.74489 0.0117179 0.0139124
0 0.0284183 0.746888 0.0118177 0.0137724
0 0.535053 0.913438 0.0146822 0.0137542
0 0.282572 0.617081 0.0220057 0.0168371
0 0.778689 0.685392 0.0110183 0.0103194
0 0.161989 0.598845 0.0165651 0.0156093
0 0.0931159 0.215858 0.0123539 0.0128771
0 0.598552 0.727132 0.011097 0.00941968
0 0.61765 0.728091 0.0111732 0.0133112
0 0.702887 0.00615865 0.011133 0.00997538
0 0.274185 0.194345 0.0143784 0.0144552
0 0.59177 0.795858 0.0141217 0.0140792
0 0.657223 0.503631 0.0140226 0.0129065
0 0.815661 0.718849 0.0147557 0.0128874
0 0.832328 0.626686 0.0126678 0.0123804
0 0.571316 0.54221 0.0119604 0.0119302
0 0.594527 0.633262 0.00803643 0.00853848
0 0.0293388 0.748658 0.0100931 0.0109829
0 0.0556682 0.67193 0.0144014 0.0170403
0 0.397024 0.568813 0.0142844 0.0136048
0 0.626709 0.786599 0.0114053 0.0117924
0 0.0416814 0.817974 0.017486 0.0173874
0 0.0344277 0.661593 0.0165503 0.0213091
0 0.832083 0.626002 0.0151766 0.0155334
0 0.604637 0.626257 0.0117582 0.0111538
0 0.298205 0.720357 0.0136008 0.0122533
