0 0.119374 0.792754 0.00796333 0.00864482
0 0.0903407 0.691064 0.00732056 0.0066244
0 0.160872 0.773533 0.00798716 0.00851279
0 0.104272 0.739658 0.00718744 0.00726521
0 0.114847 0.577703 0.011225 0.00944597
0 0.387228 0.976849 0.0102526 0.0111731
0 0.203889 0.740065 0.0074809 0.00833458
0 0.188594 0.628799 0.00776163 0.00818634
0 0.499376 0.649116 0.00822848 0.00897098
0 0.32701 0.936797 0.0077478 0.00782967
0 0.322154 0.903853 0.00695038 0.00732863
0 0.215064 0.651275 0.00853294 0.0094862
0 0.204144 0.802643 0.00808263 0.00859964
0 0.108298 0.674089 0.00723118 0.00760496
0 0.0197207 0.827188 0.00796606 0.00799483
0 0.289746 0.95218 0.00731316 0.00696826
0 0.496052 0.623752 0.00848177 0.00950891
0 0.489185 0.678812 0.00778544 0.0089674
0 0.32027 0.915625 0.00701562 0.00656909
0 0.469613 0.728412 0.00888184 0.00865102
0 0.0351951 0.700811 0.00685593 0.00791532
0 0.0964515 0.680437 0.00897811 0.00773776
0 0.110562 0.704389 0.0059638 0.00693941
0 0.425661 0.827374 0.00863466 0.00892997
0 0.273843 0.945923 0.00611389 0.00630611
0 0.0667807 0.611038 0.00732894 0.00758272
0 0.0567989 0.767619 0.00713794 0.00749761
0 0.132366 0.643167 0.00830826 0.00903296
0 0.40143 0.817555 0.00621486 0.00698739
0 0.00965826 0.783077 0.00689707 0.0083611
0 0.482585 0.595433 0.00722522 0.00704688
0 0.425625 0.788229 0.0087761 0.008564
0 0.140805 0.666332 0.00704499 0.00763208
0 0.236171 0.935438 0.00723162 0.00783277
0 0.0275531 0.76061 0.00754028 0.00781709
0 0.0970688 0.801142 0.0050111 0.00643486
0 0.402872 0.96613 0.00762215 0.00752145
0 0.0996204 0.707249 0.00719146 0.00722951
