0 0.533402 0.0109584 0.0108005 0.014282
0 0.568242 0.084487 0.00771332 0.00979567
0 0.564251 0.0570744 0.0100197 0.0100075
0 0.440125 0.0391475 0.00987378 0.00998817
0 0.13623 0.0584753 0.012194 0.0154208
0 0.565678 0.0207266 0.010239 0.0102549
0 0.561238 0.0374269 0.0106532 0.0121404
0 0.112092 0.0584304 0.00802422 0.00998683
0 0.18498 0.0443367 0.00903162 0.00886082
0 0.558468 0.0723563 0.00766355 0.00934346
0 0.173697 0.0221162 0.0094859 0.00983353
0 0.0718704 0.0482204 0.0088944 0.0081362
0 0.0135531 0.0467883 0.00843236 0.00938427
0 0.111651 0.113076 0.008865 0.0105915
0 0.495905 0.0120667 0.00737399 0.00771996
0 0.0254005 0.0867079 0.00945575 0.00873625
0 0.538463 0.0510536 0.00908709 0.00898249
0 0.442403 0.112798 0.0094904 0.00964057
0 0.636673 0.0955782 0.00822031 0.00944231
0 0.0512896 0.0594301 0.00773368 0.00847659
0 0.216463 0.025478 0.0115557 0.0101812
0 0.469334 0.047303 0.013403 0.0131797
0 0.454686 0.095099 0.00856343 0.0095809
0 0.0972102 0.116191 0.00914953 0.0101729
0 0.0852551 0.0465029 0.00785015 0.00805185
0 0.0961621 0.0133553 0.0095665 0.00931312
0 0.380424 0.0528208 0.00817314 0.00990285
0 0.116742 0.142774 0.0109231 0.0116125
0 0.0928257 0.0360106 0.0091406 0.00904005
0 0.463791 0.0829903 0.00860769 0.00931494
0 0.321188 0.0233407 0.0079453 0.0083901
0 0.0504007 0.0735356 0.00762213 0.00858748
0 0.0532581 0.140575 0.00799542 0.0104578
0 0.385884 0.0896664 0.0102667 0.00992543
0 0.161538 0.115347 0.00889616 0.0111305
0 0.465679 0.120624 0.00845701 0.00944515
0 0.0595682 0.112582 0.00876731 0.0100082
0 0.0614066 0.154025 0.00858038 0.00933565
0 0.648871 0.026845 0.00802898 0.00883195
0 0.512225 0.0815014 0.00776803 0.00838556
0 0.0931296 0.0583357 0.00759716 0.00829494
0 0.443153 0.0175554 0.00757658 0.00831841
0 0.0701933 0.0623032 0.0075354 0.00814651
0 0.0192739 0.0617871 0.00738609 0.00873299
0 0.313644 0.0396969 0.0114262 0.0130454
0 0.564087 0.0566003 0.0119807 0.0123679
0 0.0637051 0.101799 0.00893287 0.0087312
0 0.428983 0.163989 0.00935134 0.0106569
0 0.625958 0.0524198 0.0082764 0.00952327
0 0.226395 0.115084 0.00799075 0.00861242
0 0.0403033 0.0974318 0.00811291 0.00926556
0 0.275263 0.0411524 0.0087654 0.00960163
0 0.533497 0.0671906 0.00983 0.00994592
0 0.367612 0.0916952 0.00703439 0.00793991
0 0.340435 0.0399321 0.00724852 0.00809537
0 0.212628 0.166298 0.00825366 0.00914833
0 0.350902 0.0699799 0.00668365 0.0074124
0 0.499116 0.078287 0.00787738 0.0108429
0 0.0733393 0.00964719 0.0133533 0.0161314
0 0.0253597 0.17061 0.00841006 0.00924949
0 0.030914 0.157037 0.00829216 0.00999346
0 0.245814 0.0998837 0.00775012 0.00907442
0 0.521533 0.0224425 0.0133896 0.013677
0 0.644903 0.0149592 0.00728548 0.00726246
0 0.63447 0.0107803 0.00715274 0.00765042
0 0.528642 0.0632359 0.0101135 0.010848
0 0.171953 0.0805381 0.00728106 0.00773577
0 0.451534 0.00582495 0.0127533 0.0106284
0 0.178342 0.0901563 0.00713062 0.00865905
0 0.0671536 0.173631 0.00896417 0.0112172
0 0.291596 0.0757996 0.00745168 0.00799058
0 0.508048 0.00309256 0.0074476 0.00618512
0 0.06583 0.200971 0.00985606 0.00822037
0 0.0836917 0.0781797 0.00741933 0.00846983
0 0.533266 0.0118276 0.0135617 0.0194745
0 0.168422 0.0988015 0.00831018 0.00940488
0 0.412376 0.0423141 0.00851575 0.00918535
0 0.381345 0.103461 0.00918159 0.00936928
0 0.31504 0.249734 0.00817278 0.00830792
0 0.642833 0.00324989 0.00722551 0.00583277
0 0.093609 0.0377087 0.00839131 0.00949271
0 0.33466 0.00434535 0.00864241 0.00855677
0 0.526133 0.0269759 0.00861388 0.0101221
0 0.0368679 0.122447 0.0087096 0.00969772
0 0.409122 0.100809 0.00965816 0.00843883
0 0.515193 0.0655679 0.00929219 0.00934696
0 0.0607202 0.0702126 0.00745237 0.00895948
0 0.154133 0.045505 0.00975765 0.0101576
0 0.367019 0.126371 0.00915805 0.0102864
0 0.398962 0.045317 0.00708228 0.00737261
0 0.531308 0.0653578 0.0131194 0.0114409
