0 0.0157368 0.972978 0.0123595 0.0119478
0 0.0274779 0.944351 0.0119876 0.0114605
0 0.30658 0.205792 0.0103692 0.0104152
0 0.0892884 0.962991 0.0131532 0.0125925
0 0.0930301 0.862455 0.0134422 0.0131025
0 0.64937 0.763203 0.0122648 0.0121877
0 0.964142 0.583971 0.0128189 0.0115921
0 0.0852532 0.98204 0.0140878 0.0134264
0 0.75145 0.18498 0.0106578 0.01099
0 0.112004 0.969633 0.0150041 0.0124844
0 0.371263 0.63284 0.00998762 0.00954229
0 0.694969 0.505187 0.0107224 0.010677
0 0.837324 0.575042 0.0163397 0.0145615
0 0.844539 0.798859 0.0106792 0.0116209
0 0.302821 0.945078 0.00971928 0.00932354
0 0.535894 0.133782 0.0150402 0.0171345
0 0.682455 0.299565 0.0133625 0.0131686
0 0.917534 0.370659 0.00947416 0.0092448
0 0.622444 0.429964 0.0190024 0.0154658
0 0.489062 0.0497407 0.0127637 0.0123754
0 0.111146 0.890566 0.012549 0.0119842
0 0.517401 0.0467745 0.0142396 0.0137876
0 0.856958 0.589316 0.0127941 0.0129629
0 0.603458 0.179587 0.0172327 0.0205034
0 0.648219 0.4412 0.0135188 0.015517
0 0.680047 0.277102 0.0109076 0.00946203
0 0.633809 0.458936 0.0107565 0.0104322
0 0.0386254 0.0737725 0.0110451 0.00946343
0 0.961708 0.0145545 0.0147781 0.014159
0 0.142511 0.0214983 0.0121024 0.0115687
0 0.60354 0.180418 0.0128938 0.0158605
0 0.470038 0.0862244 0.0142965 0.0147396
0 0.0161022 0.97319 0.0150032 0.0141434
0 0.370899 0.632589 0.0127592 0.0114223
