0 0.942353 0.484251 0.00945741 0.0103029
0 0.930741 0.465854 0.00944561 0.0106785
0 0.828569 0.746662 0.0113314 0.0124633
0 0.983748 0.267693 0.00942194 0.0115749
0 0.878701 0.642472 0.0094555 0.0100704
0 0.980041 0.890874 0.00933784 0.0108364
0 0.852836 0.739781 0.00972021 0.0102697
0 0.916465 0.699948 0.0102959 0.0126754
0 0.901791 0.420904 0.00838947 0.00860032
0 0.945463 0.795448 0.00950396 0.00935388
0 0.771227 0.794128 0.00974768 0.00993347
0 0.857912 0.446113 0.00912476 0.00979203
0 0.860496 0.335791 0.00937539 0.00970891
0 0.904065 0.188758 0.010442 0.0100824
0 0.950106 0.922454 0.00909269 0.00929451
0 0.890488 0.728145 0.00936198 0.00972903
0 0.947393 0.765586 0.00828511 0.00926149
0 0.882639 0.611814 0.00959891 0.0102748
0 0.939058 0.354836 0.0090847 0.0101845
0 0.976556 0.12146 0.00943184 0.0109625
0 0.850529 0.327309 0.00715369 0.00863749
0 0.871647 0.835028 0.00918007 0.00992167
0 0.937952 0.307664 0.00850224 0.00970688
0 0.909245 0.593552 0.0103119 0.0100565
0 0.990595 0.451538 0.0089367 0.0095661
0 0.94123 0.167459 0.00788003 0.00851406
0 0.981226 0.554785 0.0099377 0.0110279
0 0.970452 0.611603 0.0109356 0.00843447
0 0.930166 0.732698 0.00856686 0.00917578
0 0.921116 0.723014 0.00961262 0.00956309
0 0.898282 0.705222 0.00806791 0.00895756
0 0.828002 0.679423 0.00998914 0.0109926
0 0.788146 0.789767 0.0102682 0.00989628
0 0.910818 0.614086 0.0107946 0.0150226
0 0.946884 0.823021 0.00759202 0.00841254
0 0.963045 0.229346 0.008968 0.00973311
0 0.946787 0.549451 0.00980949 0.0114942
0 0.976838 0.923817 0.0113762 0.011898
0 0.913716 0.405078 0.0068031 0.00626209
0 0.875227 0.173868 0.015514 0.0144205
0 0.925926 0.986769 0.00794202 0.00786728
0 0.90758 0.634822 0.00925487 0.0109364
0 0.950436 0.146949 0.0117176 0.0148816
0 0.971372 0.861773 0.012751 0.0114341
0 0.802078 0.75712 0.00931323 0.00963384
0 0.775119 0.745541 0.0102732 0.0105541
0 0.986223 0.760643 0.0082733 0.0095377
0 0.890525 0.636485 0.00800782 0.00895244
0 0.869601 0.477791 0.0105572 0.0111423
0 0.977558 0.587446 0.00975192 0.0103835
0 0.967811 0.771409 0.00873357 0.0101054
0 0.990117 0.140046 0.00980854 0.00904082
0 0.958291 0.56093 0.0106212 0.00959396
0 0.894226 0.600802 0.00887638 0.00929928
0 0.8215 0.590945 0.00737762 0.0086233
0 0.968984 0.934189 0.00767404 0.00976717
0 0.981121 0.70043 0.00866473 0.0113004
0 0.880158 0.450525 0.00903362 0.0101742
0 0.995196 0.282134 0.0084303 0.0105358
0 0.977688 0.925879 0.00844228 0.00934714
0 0.895328 0.548908 0.00716168 0.00785673
0 0.990988 0.427978 0.00722313 0.00880691
0 0.913899 0.414735 0.00567818 0.00678197
0 0.937568 0.324438 0.00824112 0.00902531
0 0.897919 0.439381 0.0079605 0.00847396
0 0.983789 0.608753 0.00758511 0.00797808
0 0.84582 0.772968 0.011121 0.0101143
0 0.945041 0.993967 0.0176036 0.011768
0 0.826262 0.565151 0.00859487 0.00938165
0 0.975361 0.922141 0.0106678 0.0103302
0 0.926902 0.36876 0.00947529 0.00957224
0 0.904312 0.401269 0.00630093 0.00658104
0 0.972694 0.62355 0.00815314 0.00813675
0 0.800813 0.708489 0.0126317 0.00980335
0 0.792133 0.776998 0.00838345 0.00862253
0 0.814796 0.621153 0.00922889 0.0104556
0 0.83035 0.707332 0.00776863 0.00863135
0 0.84439 0.598091 0.00849879 0.0103852
0 0.81322 0.693414 0.00835723 0.00939751
0 0.880679 0.477709 0.00892448 0.00991076
0 0.954141 0.888456 0.00574648 0.00692445
0 0.818243 0.578301 0.00697404 0.00861835
0 0.812836 0.778302 0.00897181 0.0101106
0 0.807961 0.570009 0.00867486 0.00894296
0 0.992718 0.837855 0.0116318 0.00947154
0 0.765968 0.753602 0.00824296 0.00995344
0 0.970783 0.345754 0.0163453 0.0116088
0 0.964246 0.217785 0.00765359 0.00710812
0 0.80766 0.587364 0.00751382 0.00714058
0 0.950828 0.594363 0.00932425 0.0101655
0 0.877933 0.680612 0.00625992 0.00744057
0 0.938636 0.355794 0.0115967 0.0116266
0 0.866885 0.648237 0.00821573 0.0091421
0 0.771322 0.610146 0.00772721 0.00900495
0 0.754526 0.771754 0.00910985 0.0106532
0 0.957226 0.429018 0.00905263 0.0133627
0 0.976104 0.298788 0.00898552 0.00863799
0 0.928219 0.296991 0.00905073 0.00899515
0 0.819148 0.577752 0.00726527 0.0079174
0 0.989798 0.801605 0.0117199 0.00951195
0 0.757585 0.586722 0.00749016 0.00746667
0 0.971871 0.289086 0.0127033 0.0111058
0 0.992442 0.304367 0.0110613 0.00931749
0 0.724315 0.785118 0.0174372 0.0184314
0 0.954358 0.887606 0.00691104 0.00750583
0 0.975002 0.298289 0.0105633 0.0104915
0 0.973817 0.86323 0.0116688 0.0110733
0 0.992531 0.317079 0.00863916 0.00934237
0 0.966342 0.360207 0.00994527 0.0107717
0 0.807894 0.727397 0.0071587 0.00897175
0 0.911615 0.353994 0.00938833 0.0101363
0 0.98908 0.775573 0.00733298 0.00748789
