0 0.425731 0.760616 0.0111717 0.0108232
0 0.415833 0.87444 0.0119902 0.0109268
0 0.348293 0.577208 0.00864774 0.00910085
0 0.83953 0.646634 0.00865555 0.00893819
0 0.0657969 0.984212 0.00899709 0.00838506
0 0.485576 0.902089 0.00722235 0.00778371
0 0.43588 0.811304 0.00797307 0.00800705
0 0.155341 0.894902 0.0135241 0.0143753
0 0.309449 0.858275 0.00766778 0.00763345
0 0.739393 0.667486 0.0064407 0.00695503
0 0.42762 0.602592 0.00818691 0.00863439
0 0.416445 0.580225 0.00875178 0.00841546
0 0.483093 0.797855 0.00884038 0.00911278
0 0.411452 0.635083 0.0102056 0.0101721
0 0.157807 0.91711 0.00733504 0.0074566
0 0.386287 0.642491 0.00781822 0.00834751
0 0.459593 0.778311 0.00576553 0.00709295
0 0.410132 0.822233 0.00846902 0.00777417
0 0.366332 0.523188 0.00833273 0.00875801
0 0.395289 0.563704 0.0086461 0.00845033
0 0.365383 0.50834 0.00918284 0.00925004
0 0.445798 0.802421 0.00850344 0.00884551
0 0.405247 0.862902 0.0100464 0.00966263
0 0.470463 0.627435 0.00966406 0.0101429
0 0.543207 0.702416 0.0123287 0.0135558
0 0.413107 0.621277 0.00816691 0.00855291
0 0.655449 0.697536 0.00845146 0.0104031
0 0.310048 0.549353 0.00953847 0.0105163
0 0.662997 0.540176 0.0103309 0.00990516
0 0.584468 0.958905 0.00839287 0.00945622
0 0.427855 0.639188 0.00702152 0.00649488
0 0.453142 0.65247 0.00766182 0.00804633
0 0.468637 0.652055 0.011124 0.00925922
0 0.466537 0.613545 0.0068844 0.0076111
0 0.689754 0.710783 0.0062995 0.00682926
0 0.449855 0.867794 0.00855848 0.00863117
0 0.377081 0.499372 0.00766265 0.00774631
0 0.515199 0.8613 0.0105356 0.00855541
0 0.363449 0.563379 0.00756884 0.00765991
0 0.171211 0.92182 0.00805859 0.00863343
0 0.545134 0.912144 0.00797844 0.00730211
0 0.554743 0.734404 0.00739557 0.00726336
0 0.802566 0.660823 0.00915444 0.0095154
0 0.50103 0.746828 0.0098545 0.0111864
0 0.428693 0.801386 0.00726414 0.00757045
0 0.334408 0.613355 0.0111144 0.009202
0 0.326876 0.580133 0.00947529 0.00926018
0 0.083938 0.883021 0.00688076 0.00690502
0 0.297868 0.863363 0.00840512 0.00844306
0 0.486593 0.628091 0.00746691 0.00926256
0 0.361832 0.4809 0.00843877 0.00995103
0 0.353074 0.601406 0.00882652 0.00782716
0 0.644857 0.640932 0.00683784 0.00784272
0 0.342805 0.559961 0.00768983 0.008811
0 0.653801 0.73407 0.00706041 0.00789797
0 0.464517 0.58347 0.00730819 0.00770742
0 0.357392 0.542584 0.00757244 0.00760531
0 0.438337 0.695191 0.0107616 0.0100052
0 0.655293 0.763624 0.00698054 0.00734788
0 0.537376 0.861064 0.0132166 0.0153244
0 0.708487 0.868482 0.00835669 0.00738031
0 0.326281 0.932402 0.00871372 0.00863457
0 0.311577 0.911966 0.0126555 0.0095017
0 0.457794 0.854014 0.00871965 0.0131317
0 0.521877 0.905871 0.0103436 0.0088461
0 0.491731 0.724426 0.00798932 0.00812584
0 0.84168 0.577412 0.0118673 0.0125545
0 0.495893 0.830869 0.00739631 0.00728911
0 0.752929 0.68554 0.00921971 0.00988311
0 0.527541 0.84832 0.00768769 0.00790977
0 0.397852 0.813324 0.00742188 0.00754052
0 0.374117 0.923362 0.0106538 0.0161408
0 0.503506 0.849017 0.00903052 0.0100837
0 0.561339 0.722734 0.00801051 0.00839847
0 0.622042 0.59899 0.00885534 0.0105079
0 0.61062 0.634477 0.0079664 0.0101147
0 0.323524 0.746895 0.00739366 0.00817108
0 0.412049 0.621457 0.0102428 0.00992149
0 0.407862 0.667233 0.0069353 0.00774169
0 0.573578 0.718799 0.00795335 0.00766414
0 0.383318 0.574095 0.0133789 0.00978327
0 0.7041 0.85759 0.00619936 0.00717282
0 0.370054 0.667517 0.00850466 0.00920749
0 0.0862553 0.930857 0.00784644 0.00770831
0 0.505565 0.630567 0.00689197 0.00727803
0 0.558854 0.77702 0.00683403 0.00800896
0 0.69262 0.685844 0.00869673 0.00899351
0 0.823397 0.571692 0.0118237 0.0114513
0 0.465734 0.700766 0.0102528 0.0105158
0 0.44488 0.733737 0.00772125 0.00904834
0 0.719382 0.58128 0.0114979 0.0128956
0 0.722837 0.853152 0.00883698 0.0100964
0 0.392404 0.792227 0.00879458 0.00783461
0 0.363346 0.563165 0.0094212 0.0104343
0 0.489899 0.888264 0.0118444 0.012042
0 0.60409 0.696956 0.00594276 0.00628585
0 0.690063 0.848082 0.00513554 0.00522232
0 0.341067 0.732801 0.0140693 0.00950283
0 0.827098 0.592764 0.0112451 0.010067
0 0.429152 0.830549 0.00711069 0.00880206
0 0.653367 0.86032 0.00659156 0.00652927
0 0.651114 0.87313 0.0096947 0.0088768
0 0.108571 0.852988 0.00696182 0.00656086
0 0.748162 0.582348 0.00741768 0.00738621
0 0.382793 0.731578 0.00796232 0.00770682
0 0.0643222 0.909687 0.00912818 0.00849569
0 0.326492 0.581477 0.0117975 0.0118618
0 0.108592 0.891176 0.0100329 0.0082733
0 0.150682 0.939998 0.00848842 0.00879365
0 0.603582 0.714792 0.00638676 0.00717586
0 0.455563 0.689861 0.0102711 0.00984782
0 0.933888 0.786996 0.00784016 0.00742775
0 0.396957 0.812733 0.00833219 0.00828284
0 0.3441 0.733425 0.00877643 0.00816077
0 0.372377 0.744741 0.00617284 0.00692195
0 0.764591 0.634512 0.0115139 0.0109087
0 0.852277 0.548981 0.00576365 0.00671929
0 0.657564 0.5868 0.00794047 0.00733763
0 0.212066 0.939592 0.00725651 0.00907093
0 0.167779 0.908647 0.00690259 0.00806236
0 0.697058 0.6725 0.00853962 0.0093168
0 0.332727 0.811867 0.0117941 0.0118191
0 0.595651 0.815814 0.00987202 0.00913775
0 0.658965 0.710929 0.0076105 0.0080986
0 0.367653 0.733715 0.00779694 0.00860357
0 0.304999 0.588197 0.0100598 0.0108061
0 0.470395 0.903862 0.00716686 0.00798285
0 0.328978 0.540138 0.00807902 0.0085513
0 0.474463 0.759874 0.00709364 0.00694442
0 0.3201 0.535544 0.00885746 0.00892371
0 0.661069 0.654824 0.0069468 0.00699806
0 0.531484 0.829955 0.00942135 0.00768739
0 0.565234 0.801084 0.00950217 0.0114849
0 0.45337 0.570319 0.00924513 0.0107903
0 0.516281 0.687412 0.00727814 0.00779027
0 0.368897 0.733188 0.00853395 0.00751972
0 0.0554173 0.924299 0.00674224 0.00674862
0 0.409486 0.704759 0.011026 0.00816494
0 0.128704 0.861086 0.00795253 0.00875664
0 0.397778 0.826953 0.00767529 0.00818866
0 0.382492 0.717772 0.0075345 0.0072403
0 0.803038 0.551128 0.00759619 0.00860631
0 0.623601 0.682007 0.00692052 0.00714189
0 0.351496 0.551616 0.00830761 0.00763494
0 0.381732 0.575412 0.0108436 0.00837231
0 0.835349 0.519295 0.00960386 0.00949115
0 0.696966 0.598207 0.0128573 0.013834
0 0.417004 0.830486 0.00594234 0.00686568
0 0.473217 0.543495 0.0072397 0.00747955
0 0.457954 0.856484 0.00822774 0.0118027
0 0.192232 0.352456 0.010321 0.0096519
0 0.670647 0.582072 0.00835419 0.00765187
0 0.882583 0.567372 0.0112946 0.0128988
0 0.458202 0.766175 0.00749952 0.00737923
0 0.554952 0.573673 0.00667131 0.0068506
0 0.437942 0.86088 0.00694811 0.0080086
0 0.65755 0.636792 0.00739169 0.00778818
0 0.0600457 0.911469 0.0123386 0.00972098
0 0.552766 0.815024 0.00800157 0.00817907
0 0.938091 0.808647 0.00706673 0.0086664
0 0.398004 0.688513 0.00884122 0.00985116
0 0.803044 0.54864 0.0101283 0.012875
0 0.420892 0.714521 0.00965062 0.0099566
0 0.918182 0.755521 0.00674593 0.0067811
