0 0.644032 0.85485 0.0097456 0.0123057
0 0.68152 0.88106 0.00975138 0.00946277
0 0.708611 0.952975 0.0103064 0.0114937
0 0.652799 0.96201 0.0087015 0.0096283
0 0.801763 0.954637 0.00930709 0.00904334
0 0.623563 0.841863 0.0096913 0.00975686
0 0.669891 0.893044 0.008165 0.00836259
0 0.907731 0.939395 0.00922549 0.00947303
0 0.659504 0.905463 0.00970227 0.00942785
0 0.785765 0.900363 0.011842 0.0121084
0 0.814363 0.956063 0.0078041 0.00868303
0 0.909515 0.961823 0.00920027 0.00866282
0 0.697035 0.900097 0.00836742 0.0083397
0 0.903675 0.921523 0.00944406 0.00934064
0 0.692263 0.978294 0.00884801 0.00969923
0 0.576533 0.817217 0.00928855 0.00947708
0 0.626338 0.766621 0.0105349 0.0103059
0 0.682711 0.926924 0.00835669 0.00921017
0 0.660127 0.622987 0.00935191 0.00944233
0 0.627109 0.667114 0.00980425 0.00994855
0 0.668147 0.637967 0.00975502 0.0100042
0 0.754209 0.872096 0.00918293 0.00941181
0 0.693695 0.873961 0.00905657 0.00960773
0 0.64627 0.653487 0.00943184 0.0104038
0 0.658328 0.847854 0.00944424 0.00933284
0 0.802678 0.831463 0.010648 0.0160538
0 0.629737 0.938251 0.00947756 0.0139307
0 0.601468 0.882892 0.00981379 0.00964797
0 0.57158 0.898989 0.00931966 0.00816494
0 0.724399 0.946961 0.0127286 0.0101288
0 0.677807 0.713074 0.0111834 0.0105641
0 0.659446 0.93974 0.010846 0.0127735
0 0.66916 0.868416 0.0102863 0.00925905
0 0.812062 0.933933 0.00785714 0.00941813
0 0.727759 0.972888 0.00876522 0.00910568
0 0.905135 0.908976 0.00824279 0.00925159
0 0.860259 0.974468 0.0111179 0.0124626
0 0.940305 0.89305 0.0108931 0.0121276
0 0.646291 0.72085 0.00810778 0.00885129
0 0.54492 0.909329 0.0150437 0.0104107
0 0.954934 0.913379 0.011009 0.0110817
0 0.524404 0.839208 0.00860423 0.00892681
0 0.684437 0.956524 0.0104147 0.00993973
0 0.820445 0.839266 0.0109436 0.0105023
0 0.77785 0.869309 0.0108418 0.0113537
0 0.532807 0.956429 0.00930786 0.00949901
0 0.570025 0.970164 0.00970352 0.010059
0 0.650521 0.612213 0.00879955 0.00953501
0 0.765651 0.897181 0.00856465 0.0109739
0 0.980708 0.920704 0.00834733 0.00892144
0 0.963622 0.852407 0.0107517 0.0108921
0 0.743297 0.846582 0.0135509 0.0105155
0 0.620455 0.986637 0.00917172 0.0132483
0 0.711158 0.913546 0.00804269 0.00795859
0 0.661937 0.791943 0.00855356 0.0102035
0 0.602162 0.994258 0.0140148 0.0102516
0 0.631834 0.970886 0.00881165 0.0093872
0 0.624204 0.862253 0.0111642 0.0128738
0 0.581531 0.907601 0.00790578 0.00819588
0 0.615969 0.646745 0.00863761 0.010396
0 0.641857 0.874119 0.00830346 0.0100647
0 0.332762 0.984032 0.0102364 0.00832784
0 0.628762 0.648756 0.00926131 0.00834006
0 0.606794 0.908317 0.00803685 0.0087288
0 0.551382 0.785951 0.00966626 0.0106287
0 0.948684 0.852965 0.00903624 0.0103697
0 0.760755 0.916634 0.00827962 0.0104381
0 0.90664 0.894107 0.00913483 0.0092079
0 0.564183 0.811477 0.00886571 0.00854659
0 0.721775 0.877309 0.00737661 0.00716269
0 0.671288 0.933544 0.00859994 0.00888711
0 0.67035 0.766872 0.00894833 0.00927693
0 0.296199 0.990987 0.0146225 0.0121241
0 0.0601718 0.990821 0.0090176 0.010841
0 0.617559 0.829982 0.00753117 0.0077728
0 0.53674 0.854474 0.00858325 0.0113953
0 0.550704 0.817875 0.00894409 0.00862885
0 0.588369 0.944037 0.00923115 0.0097748
0 0.734632 0.880309 0.00858325 0.00787485
0 0.664168 0.880681 0.00936848 0.00753993
0 0.713536 0.841079 0.00898975 0.0115299
0 0.981298 0.9197 0.00974315 0.00937635
0 0.732452 0.802255 0.00853235 0.00972611
0 0.509008 0.840019 0.0079127 0.0074026
0 0.621148 0.990029 0.0115358 0.0150076
0 0.215094 0.965086 0.00951314 0.0094896
0 0.664586 0.597944 0.0131601 0.012287
0 0.962365 0.897315 0.00995028 0.0107319
0 0.377319 0.976561 0.00969049 0.00889528
0 0.609104 0.852714 0.00920242 0.00972843
0 0.708257 0.756635 0.0143771 0.0145404
0 0.596859 0.834076 0.00792027 0.0081749
0 0.0882903 0.964822 0.00915418 0.010026
0 0.755337 0.901811 0.00760651 0.00944519
0 0.764732 0.739909 0.011196 0.0118608
0 0.555311 0.852422 0.00738543 0.007761
0 0.567567 0.841624 0.00797766 0.00863075
0 0.940515 0.996391 0.00971246 0.006616
0 0.709756 0.788219 0.00830972 0.00795966
0 0.577562 0.847433 0.00840831 0.00948048
0 0.637828 0.892692 0.00706911 0.00767934
0 0.0723771 0.888162 0.0101888 0.0108846
0 0.692727 0.916234 0.00737667 0.00879592
0 0.697232 0.618346 0.0134005 0.0105591
0 0.547331 0.886151 0.00807226 0.00765496
0 0.70278 0.776364 0.010265 0.0113076
0 0.767571 0.8415 0.0072729 0.00739437
0 0.67792 0.712179 0.0143028 0.013369
0 0.603492 0.771906 0.00804245 0.00815773
0 0.748231 0.805 0.00982702 0.0104332
0 0.136914 0.989182 0.00775343 0.00806212
0 0.772041 0.802828 0.0112001 0.0115398
0 0.671815 0.783183 0.00881404 0.0109113
0 0.606167 0.909564 0.00972509 0.00981069
0 0.972727 0.904847 0.00724453 0.00776136
0 0.607751 0.931122 0.00686514 0.00810969
0 0.741612 0.921771 0.01001 0.0109978
0 0.697835 0.721277 0.00915104 0.00801998
0 0.696032 0.796422 0.00880283 0.00945085
0 0.711031 0.936383 0.00768071 0.00804675
0 0.980055 0.872671 0.00812036 0.00932693
0 0.622326 0.746588 0.00690401 0.00787187
0 0.162947 0.957626 0.0220656 0.0222178
0 0.714345 0.825995 0.00891435 0.00918043
0 0.757372 0.754389 0.010007 0.00980818
0 0.803038 0.77137 0.0106087 0.00930363
0 0.74763 0.951757 0.0101863 0.00945014
0 0.607714 0.948403 0.00738698 0.00806844
