0 0.739748 0.787137 0.0161009 0.0145679
0 0.686946 0.983446 0.0160944 0.0140877
0 0.96084 0.518864 0.0164936 0.01687
0 0.851265 0.959556 0.0216223 0.0229946
0 0.683272 0.982784 0.0247847 0.0162426
0 0.877666 0.978782 0.0168663 0.0190681
0 0.834424 0.805288 0.0235991 0.0158043
0 0.840476 0.9855 0.0123039 0.0148621
0 0.801826 0.750278 0.0251223 0.0169014
0 0.370864 0.777744 0.0108915 0.0108806
0 0.540247 0.911303 0.0308545 0.0268818
0 0.540227 0.912306 0.0237192 0.0191849
0 0.0450769 0.0234597 0.00862992 0.00911162
0 0.140269 0.507319 0.0112294 0.00830269
0 0.781772 0.948379 0.00681549 0.00659329
0 0.777889 0.956506 0.00853556 0.0105139
0 0.74789 0.975625 0.00839686 0.0106524
0 0.231105 0.420793 0.00879925 0.00849798
0 0.778623 0.954861 0.00963283 0.0123817
0 0.928262 0.9666 0.00553918 0.00582391
