0 0.166321 0.873326 0.00959572 0.0093773
0 0.218876 0.0421583 0.0139616 0.016385
0 0.500704 0.20222 0.00936568 0.00916186
0 0.264804 0.392502 0.00916156 0.00910527
0 0.287213 0.369226 0.00871673 0.00957546
0 0.289504 0.409846 0.0105248 0.0112927
0 0.238755 0.938219 0.012016 0.0107391
0 0.23378 0.958497 0.00922394 0.00968474
0 0.338117 0.474306 0.0100624 0.00999242
0 0.241112 0.866286 0.0104192 0.00986826
0 0.161165 0.957673 0.0146818 0.0124763
0 0.204172 0.491373 0.0108641 0.0102196
0 0.315063 0.406547 0.0116354 0.0119788
0 0.316067 0.462106 0.0118687 0.0124649
0 0.132469 0.550778 0.0111125 0.0110155
0 0.166241 0.588554 0.01236 0.0112772
0 0.0949449 0.76957 0.0116549 0.0114479
0 0.242814 0.912378 0.0123817 0.0121207
0 0.857829 0.294168 0.0108448 0.0132419
0 0.30637 0.424089 0.0104797 0.0112904
0 0.397789 0.51899 0.0120229 0.00955659
0 0.229275 0.746812 0.0107953 0.0110376
0 0.471738 0.424483 0.00871468 0.00751379
0 0.324773 0.387803 0.00987053 0.0107203
0 0.276089 0.355973 0.0090889 0.00970486
0 0.274869 0.912626 0.0113767 0.0114204
0 0.349104 0.508266 0.00895888 0.00934964
0 0.224607 0.802317 0.0117947 0.0117109
0 0.058967 0.728795 0.0116475 0.0123341
0 0.410762 0.588797 0.0110601 0.0113215
0 0.225624 0.882952 0.0120196 0.0105097
0 0.350415 0.388347 0.0108197 0.00963223
0 0.2228 0.948238 0.00973406 0.0105194
0 0.446938 0.634161 0.0108178 0.0109943
0 0.277531 0.931838 0.0133148 0.0116999
0 0.536962 0.498338 0.010141 0.0113224
0 0.308008 0.388819 0.0111627 0.0103477
0 0.19131 0.72102 0.0118165 0.0114583
0 0.216961 0.898358 0.0128065 0.0116802
0 0.489376 0.00886182 0.00982952 0.0111791
0 0.178243 0.808872 0.00691572 0.00657958
0 0.404488 0.983888 0.0100628 0.00992167
0 0.258547 0.433099 0.0104827 0.0100868
0 0.20911 0.933206 0.0113907 0.0107483
0 0.360799 0.481639 0.0122598 0.0109234
0 0.129385 0.876535 0.0118996 0.0112877
0 0.183438 0.85265 0.0117323 0.0114269
0 0.21848 0.0426115 0.0169386 0.0194344
0 0.160577 0.859594 0.0099874 0.0108238
0 0.499197 0.672146 0.0123648 0.0127465
0 0.0972205 0.655423 0.0103213 0.0091486
0 0.299608 0.353514 0.0125172 0.0117034
0 0.204336 0.79775 0.0118829 0.0126295
0 0.341954 0.536877 0.00895691 0.00921392
0 0.464418 0.69503 0.0086399 0.0132101
0 0.339494 0.360464 0.0108097 0.0102069
0 0.122316 0.590811 0.0106733 0.0111502
0 0.265616 0.965673 0.0151434 0.0132908
0 0.455215 0.651771 0.0103732 0.0119319
0 0.625914 0.203835 0.00996953 0.0100578
0 0.177345 0.763088 0.0109965 0.0102279
0 0.0830256 0.841398 0.0122433 0.0119068
0 0.213662 0.737608 0.0111055 0.0109994
0 0.462056 0.484471 0.00988829 0.0100413
0 0.200489 0.51805 0.0103804 0.00913382
0 0.330809 0.516271 0.0095107 0.0105104
0 0.30632 0.444292 0.0122958 0.0109705
0 0.253246 0.461185 0.0118463 0.0118564
0 0.165017 0.891853 0.00977141 0.0106617
0 0.166773 0.874221 0.0119279 0.0106655
0 0.497294 0.452228 0.00902426 0.00861433
0 0.0471184 0.845515 0.0116467 0.0115368
0 0.450889 0.435606 0.00900707 0.00965348
0 0.233463 0.577265 0.00983721 0.00939047
0 0.4832 0.420277 0.00667611 0.00771686
0 0.315166 0.406516 0.0137315 0.0145575
0 0.128817 0.875834 0.0141268 0.0140282
0 0.494359 0.420566 0.00803319 0.00944519
0 0.489278 0.00875118 0.0124247 0.0133552
0 0.499906 0.201578 0.0110195 0.0112007
