0 0.329228 0.820071 0.018204 0.0174473
0 0.588352 0.489262 0.0135573 0.0179687
0 0.499978 0.673188 0.0131789 0.0162262
0 0.340345 0.70735 0.017717 0.0185637
0 0.326777 0.653865 0.0208201 0.0183098
0 0.259532 0.850185 0.0149527 0.0148117
0 0.491709 0.64416 0.0205365 0.0169573
0 0.0587527 0.892251 0.0138336 0.016465
0 0.214341 0.0753965 0.0161159 0.0168934
0 0.409392 0.643636 0.0214883 0.0186026
0 0.320911 0.0391052 0.014116 0.0175075
0 0.952967 0.165672 0.0233349 0.0216318
0 0.306752 0.790616 0.0160652 0.016989
0 0.503756 0.467447 0.0127804 0.0141926
0 0.830256 0.703666 0.0141216 0.0150299
0 0.976476 0.0359081 0.0159992 0.0179842
0 0.241001 0.182132 0.0134351 0.0156518
0 0.277755 0.0273378 0.0101878 0.0103185
0 0.845797 0.67086 0.0186573 0.0175053
0 0.897513 0.554847 0.0135811 0.0119272
0 0.343134 0.579388 0.0173564 0.0176134
0 0.243363 0.29859 0.0142919 0.0169197
0 0.817678 0.811025 0.0118156 0.0141678
0 0.275265 0.770528 0.0134012 0.0162411
0 0.12831 0.246882 0.0136517 0.0139938
0 0.171054 0.479796 0.0173901 0.0147236
0 0.783595 0.567578 0.0139278 0.0162918
0 0.0544441 0.792392 0.0188429 0.0186331
0 0.330722 0.899376 0.0164754 0.0152386
0 0.48478 0.0835667 0.0167477 0.0150603
0 0.944002 0.218011 0.0191441 0.0172236
0 0.213625 0.0735882 0.0198405 0.0230552
0 0.22524 0.857303 0.0134584 0.0161423
0 0.240411 0.325499 0.0193229 0.0171728
0 0.767753 0.368801 0.0113883 0.0136312
0 0.266768 0.0425939 0.012171 0.0143406
0 0.826314 0.575793 0.0174812 0.015719
0 0.457771 0.472202 0.0162744 0.019039
0 0.277409 0.024976 0.0131918 0.0154197
0 0.273326 0.683119 0.0142616 0.0140093
0 0.731947 0.407231 0.0153899 0.0179729
0 0.778883 0.393339 0.0175813 0.0159241
0 0.559083 0.56038 0.0128756 0.0156965
0 0.164756 0.237219 0.0151878 0.0154695
0 0.797124 0.814375 0.0162252 0.0177994
0 0.398215 0.135251 0.0149709 0.0156007
0 0.209324 0.128464 0.00922851 0.0115457
0 0.504685 0.467645 0.0175991 0.0178196
0 0.293727 0.0488068 0.0128489 0.0111586
0 0.86685 0.155607 0.0141945 0.016105
0 0.495629 0.0615352 0.0113117 0.0151562
0 0.452491 0.0380097 0.0167677 0.0169783
0 0.706591 0.393225 0.0178608 0.0177754
0 0.600809 0.863507 0.0134656 0.018009
0 0.14438 0.304322 0.0191467 0.0219716
0 0.292702 0.0485842 0.0160422 0.0149829
0 0.128289 0.245766 0.016725 0.0171316
0 0.785987 0.721371 0.0133993 0.0132319
0 0.0584377 0.892626 0.0189783 0.0182745
0 0.127606 0.815296 0.0104023 0.0122616
0 0.169425 0.204225 0.0188366 0.0158068
0 0.96452 0.017428 0.016732 0.0139909
0 0.2364 0.982615 0.0117903 0.0160103
0 0.369097 0.814429 0.0161881 0.0188435
0 0.0821824 0.921627 0.0124609 0.012291
0 0.556642 0.53738 0.0168789 0.0176699
0 0.273071 0.682463 0.0172025 0.0166295
0 0.124723 0.451187 0.0188631 0.0146708
0 0.784382 0.35322 0.0107511 0.0130922
0 0.154958 0.794102 0.012116 0.0134371
0 0.047453 0.50079 0.0155052 0.0135411
0 0.0543136 0.915666 0.00806153 0.00832218
0 0.0646391 0.631972 0.0150317 0.0187418
