0 0.491844 0.269133 0.0195246 0.0188124
0 0.40864 0.297509 0.00814456 0.00841126
0 0.411713 0.254336 0.0145587 0.0177523
0 0.366085 0.501859 0.0150544 0.0115488
0 0.666829 0.924637 0.0157061 0.0171551
0 0.418959 0.32659 0.0140859 0.0119795
0 0.421836 0.280809 0.0149013 0.0176335
0 0.340588 0.372784 0.0103685 0.0128037
0 0.428839 0.914984 0.0105141 0.0100483
0 0.41734 0.324508 0.0183241 0.0172146
0 0.893726 0.759324 0.0122563 0.0122766
0 0.367394 0.409151 0.0123939 0.0171436
0 0.902437 0.800525 0.0128952 0.0141399
0 0.261931 0.53368 0.0170294 0.01559
0 0.45893 0.535692 0.0206454 0.0189102
0 0.830512 0.318538 0.0169361 0.0198862
0 0.73077 0.318584 0.0167351 0.018478
0 0.437186 0.889415 0.0119717 0.0169404
0 0.240988 0.577052 0.0119292 0.01182
0 0.378657 0.544774 0.0136657 0.0178679
0 0.595988 0.744635 0.0154715 0.0177926
0 0.666603 0.356856 0.0137321 0.0203955
0 0.546218 0.959512 0.0178245 0.0181987
0 0.833329 0.347366 0.0158722 0.021358
0 0.795794 0.691681 0.0165731 0.0159556
0 0.48106 0.366349 0.0201561 0.0181278
0 0.581574 0.238895 0.0105761 0.00995927
0 0.3382 0.545929 0.0160729 0.0205515
0 0.592685 0.244248 0.0104414 0.00994715
0 0.340875 0.372796 0.0128704 0.0155638
0 0.33806 0.547165 0.014167 0.0157051
0 0.832092 0.3457 0.0128189 0.0175341
0 0.361159 0.25119 0.0250202 0.0197158
0 0.387409 0.499048 0.0140251 0.0206018
0 0.597949 0.770305 0.0129415 0.0110552
0 0.631475 0.635952 0.0160934 0.0197628
0 0.760162 0.335703 0.0119851 0.0142368
0 0.421208 0.281158 0.0177081 0.0217691
0 0.240336 0.576363 0.0151559 0.0137743
0 0.59375 0.244889 0.0145614 0.0115549
0 0.56115 0.239401 0.0168009 0.0164118
0 0.311277 0.698836 0.0140916 0.0132027
0 0.491705 0.269542 0.0237184 0.0224765
0 0.478906 0.865587 0.00804472 0.0104871
0 0.755287 0.312961 0.0119982 0.0176483
0 0.395145 0.521555 0.0147348 0.0129923
0 0.453408 0.223724 0.0163579 0.016762
0 0.621348 0.986889 0.00917947 0.0122482
0 0.838904 0.354114 0.00932217 0.012122
0 0.43712 0.327168 0.0132303 0.0230908
0 0.893734 0.760428 0.0182548 0.0162226
0 0.436623 0.329983 0.010471 0.0153813
0 0.311615 0.700315 0.0168684 0.018054
0 0.365516 0.250468 0.0153865 0.0131589
0 0.777028 0.272186 0.0121859 0.0147223
0 0.847652 0.596909 0.00892943 0.0110537
0 0.434457 0.320016 0.0127623 0.0189803
0 0.834465 0.349089 0.0199585 0.0258926
0 0.750178 0.395512 0.0170717 0.0171609
