0 0.415238 0.760683 0.00663194 0.00700152
0 0.491287 0.845246 0.00860366 0.00847322
0 0.290858 0.873579 0.00861228 0.00892752
0 0.423282 0.884417 0.0112246 0.0115715
0 0.373884 0.756543 0.0101565 0.0118377
0 0.379799 0.926552 0.00881186 0.0087952
0 0.309521 0.866231 0.00934532 0.00920713
0 0.384499 0.746543 0.00894937 0.00892156
0 0.47355 0.829629 0.0105332 0.0102919
0 0.232525 0.724206 0.00783139 0.00777358
0 0.310083 0.840714 0.0103293 0.0103565
0 0.539982 0.67428 0.00902212 0.00793415
0 0.43896 0.622092 0.00887814 0.0106314
0 0.396304 0.636101 0.00694063 0.00686502
0 0.469785 0.604307 0.00903741 0.00917876
0 0.953572 0.920707 0.00831586 0.0084362
0 0.645325 0.867503 0.00880969 0.00892448
0 0.446448 0.8965 0.00875244 0.00990909
0 0.627437 0.633325 0.00854892 0.00833499
0 0.522281 0.836096 0.00670153 0.0080536
0 0.689148 0.71589 0.00872988 0.0101854
0 0.482598 0.779088 0.00701293 0.00771874
0 0.508346 0.883521 0.00846082 0.00876808
0 0.402546 0.799147 0.0102062 0.0100361
0 0.611649 0.896071 0.00798094 0.00895673
0 0.512859 0.366166 0.0106755 0.0106773
0 0.609072 0.699016 0.00860924 0.00781155
0 0.415921 0.821735 0.00975448 0.0101563
0 0.226814 0.74704 0.00881524 0.0109159
0 0.514581 0.897488 0.00696242 0.00791204
0 0.571195 0.635303 0.00623053 0.0069049
0 0.569192 0.808875 0.00808001 0.00919032
0 0.672275 0.822306 0.00845736 0.0082798
0 0.595286 0.722713 0.0067215 0.00682276
0 0.39247 0.808648 0.0080587 0.00921398
0 0.487839 0.636563 0.00947696 0.00872129
0 0.514882 0.797143 0.00851065 0.00909936
0 0.579501 0.753046 0.0109789 0.0119469
0 0.407208 0.979924 0.00827122 0.00836182
0 0.935125 0.923347 0.00893974 0.00959778
0 0.220254 0.780345 0.0084949 0.00809669
0 0.175575 0.820317 0.00773379 0.00859332
0 0.509674 0.761869 0.00710064 0.00736153
0 0.395435 0.773156 0.00774616 0.00882035
0 0.630766 0.412808 0.00858629 0.00947705
0 0.425919 0.758599 0.00679359 0.00690287
0 0.331509 0.705197 0.0104506 0.0114985
0 0.925779 0.983414 0.00938755 0.00954551
0 0.535365 0.361521 0.00910765 0.00906152
0 0.385747 0.702854 0.00866437 0.00986749
0 0.630402 0.66093 0.0102696 0.0102112
0 0.705945 0.735424 0.0089131 0.00979137
0 0.584115 0.694815 0.00897008 0.0092209
0 0.667668 0.850104 0.0101868 0.00965118
0 0.305224 0.964909 0.00954255 0.0105263
0 0.629947 0.646438 0.0083105 0.00855792
0 0.393507 0.736885 0.0101036 0.0087471
0 0.464234 0.724668 0.00905111 0.00937688
0 0.582255 0.394977 0.00930297 0.00960091
0 0.545034 0.317975 0.00871634 0.00824872
0 0.490216 0.96109 0.00811425 0.00727141
0 0.607634 0.373352 0.00693017 0.00729942
0 0.69423 0.909109 0.00721371 0.00809288
0 0.532968 0.634212 0.00652039 0.00668496
0 0.358392 0.785791 0.00805256 0.00883412
0 0.332673 0.95179 0.00795197 0.00862163
0 0.487474 0.973182 0.00947744 0.00975347
0 0.468873 0.775496 0.00922966 0.00919199
0 0.503028 0.898522 0.00892067 0.00857121
0 0.459582 0.705938 0.00800887 0.00784779
0 0.569744 0.785495 0.0125436 0.0117426
0 0.247331 0.733769 0.00846043 0.00844496
0 0.621044 0.40121 0.00989878 0.00998849
0 0.374105 0.698236 0.00715339 0.00740641
0 0.694991 0.866291 0.00677687 0.00855505
0 0.685543 0.744304 0.007725 0.00773048
0 0.554776 0.831776 0.00930333 0.00912398
0 0.546809 0.736108 0.00710392 0.00812358
0 0.496685 0.932354 0.00880739 0.00919151
0 0.893987 0.804626 0.0107132 0.011771
0 0.628996 0.85856 0.00767404 0.00729334
0 0.209732 0.69009 0.00950794 0.00928432
0 0.26096 0.712705 0.00837421 0.0086816
0 0.580916 0.711931 0.00893176 0.0105327
0 0.370059 0.686028 0.00832552 0.00853693
0 0.70291 0.753053 0.00646526 0.00755608
0 0.651125 0.661923 0.00760245 0.00740242
0 0.561308 0.729139 0.00902021 0.00988621
0 0.362823 0.58087 0.00910026 0.00909841
0 0.557596 0.817641 0.0073204 0.00817263
0 0.638635 0.395673 0.00919706 0.00965309
0 0.481021 0.670111 0.00832701 0.00865155
0 0.60008 0.738853 0.00806653 0.00881618
0 0.559194 0.327803 0.00760454 0.00869346
0 0.751182 0.888959 0.0107694 0.00914651
0 0.938246 0.895348 0.00735188 0.00776309
0 0.376039 0.674051 0.00943649 0.00815374
0 0.578637 0.645333 0.0112516 0.00923473
0 0.476678 0.332849 0.00762844 0.00814819
0 0.827073 0.836469 0.00880873 0.0080936
0 0.396455 0.930899 0.00785407 0.0080837
0 0.34648 0.908251 0.0078662 0.00828743
0 0.192467 0.488502 0.00816087 0.0083296
0 0.52511 0.86814 0.00925756 0.00933975
0 0.377557 0.580349 0.00873145 0.00889856
0 0.420604 0.977419 0.00762129 0.00887185
0 0.667425 0.809652 0.00918603 0.0114084
0 0.671668 0.67087 0.00890875 0.00871986
0 0.529513 0.344941 0.0104255 0.00967112
0 0.423856 0.421314 0.00997218 0.00986308
0 0.763518 0.22149 0.0180742 0.0148726
0 0.22418 0.832012 0.00860386 0.00854909
0 0.983321 0.754053 0.00861132 0.00907475
0 0.490815 0.614331 0.00865495 0.00711632
0 0.898995 0.991744 0.00695002 0.00711751
0 0.468945 0.933726 0.00822812 0.00885433
0 0.457852 0.630206 0.00613526 0.00631046
0 0.690374 0.774521 0.00897646 0.00983036
0 0.347745 0.94033 0.00944972 0.0094021
0 0.190895 0.786767 0.00909841 0.0089308
0 0.521505 0.624726 0.0093649 0.00769949
0 0.167631 0.801416 0.00879535 0.00897872
0 0.560253 0.396903 0.0095064 0.00989679
0 0.173722 0.145605 0.00685224 0.0070592
0 0.454289 0.609252 0.00565052 0.00589037
0 0.687038 0.624579 0.00930613 0.00951749
0 0.495096 0.950932 0.00753108 0.00897962
0 0.63241 0.617443 0.00843221 0.00974733
0 0.689132 0.855324 0.00829583 0.0076046
0 0.408426 0.435037 0.00703135 0.00746632
0 0.613175 0.828247 0.00763685 0.0086391
0 0.4525 0.667192 0.01133 0.00982791
0 0.204283 0.805128 0.00670309 0.00634307
0 0.331465 0.705611 0.013191 0.0144921
0 0.242712 0.491648 0.00802469 0.00917998
0 0.705378 0.833608 0.00830907 0.00762522
0 0.257556 0.844734 0.00837234 0.00889319
0 0.380348 0.926482 0.0113525 0.00982136
0 0.623885 0.802276 0.00779033 0.00788903
0 0.554054 0.715755 0.0056982 0.00612903
0 0.273606 0.674367 0.0139592 0.0178199
0 0.208627 0.141208 0.00961265 0.00965528
0 0.943087 0.883717 0.00818825 0.0090515
0 0.499489 0.755941 0.00775453 0.00743866
0 0.679335 0.732227 0.00650203 0.00738531
0 0.550591 0.682418 0.0075928 0.00826979
0 0.284175 0.840525 0.00665015 0.00651795
0 0.681995 0.639306 0.00743139 0.00850868
0 0.752744 0.811764 0.00862408 0.00797498
0 0.394217 0.916201 0.00708231 0.00765729
0 0.700845 0.897877 0.00679678 0.00744629
0 0.898424 0.905688 0.00723952 0.00688171
0 0.235955 0.542138 0.00754686 0.00832385
0 0.20974 0.814045 0.00717206 0.00711441
0 0.642563 0.787425 0.00839978 0.00902903
0 0.238774 0.69638 0.0102681 0.0081113
0 0.555109 0.616723 0.00864142 0.00867212
0 0.371501 0.916803 0.00634962 0.00673884
0 0.671566 0.770595 0.00708079 0.00865275
0 0.628735 0.816347 0.00678712 0.00709838
0 0.515059 0.637426 0.00967026 0.00844932
0 0.559282 0.851184 0.00661755 0.0074001
0 0.686672 0.878248 0.00676376 0.00752121
0 0.622265 0.67659 0.00587654 0.0068754
0 0.386749 0.666585 0.00871888 0.00849867
0 0.539368 0.492227 0.00748348 0.00861865
0 0.273922 0.624575 0.00900459 0.00946158
0 0.319347 0.987171 0.00899956 0.0101207
0 0.489241 0.702628 0.00824088 0.00857621
0 0.250397 0.230512 0.00761651 0.00782113
0 0.290388 0.847266 0.00660387 0.00734258
0 0.55643 0.440312 0.00905949 0.0100115
0 0.695441 0.84669 0.0074687 0.0072819
0 0.661485 0.789685 0.00850868 0.00857943
0 0.49477 0.949474 0.00835437 0.00981176
0 0.688853 0.715865 0.0104902 0.0121361
0 0.508326 0.82916 0.00766957 0.00783348
0 0.968416 0.756797 0.00833225 0.00841761
0 0.605259 0.851764 0.00769442 0.00783044
0 0.497223 0.688904 0.00769737 0.00872535
0 0.311795 0.459014 0.00820807 0.00898752
0 0.513631 0.740188 0.0080322 0.00865883
0 0.900436 0.894519 0.00792444 0.00774616
0 0.192868 0.808812 0.00788951 0.00772882
0 0.355278 0.915602 0.00674993 0.00827634
0 0.229128 0.436209 0.00805597 0.00842285
0 0.530239 0.458577 0.00791645 0.00837633
0 0.521761 0.607974 0.00812596 0.00811559
0 0.166844 0.498827 0.00770438 0.00765368
0 0.544489 0.317993 0.0105863 0.0100175
0 0.659329 0.670438 0.00645542 0.0065611
0 0.575796 0.485943 0.00705224 0.00696117
0 0.365058 0.925246 0.00768536 0.00828648
0 0.66419 0.777557 0.00801623 0.00738025
0 0.501469 0.816821 0.0142126 0.0112854
0 0.29656 0.361115 0.0080153 0.0079585
0 0.691792 0.89124 0.00766677 0.00841486
0 0.209861 0.464371 0.00662012 0.0073843
0 0.386178 0.701852 0.0104704 0.0116796
0 0.661949 0.638702 0.00738317 0.00761968
0 0.14859 0.817329 0.00940256 0.00937653
0 0.223736 0.714555 0.00669841 0.0063898
0 0.55863 0.498475 0.00776166 0.00794488
0 0.297213 0.613163 0.00797361 0.00911635
0 0.33599 0.311786 0.00794351 0.00792056
0 0.71059 0.797454 0.00651747 0.00615346
0 0.589977 0.354762 0.00823671 0.0103439
0 0.857358 0.815193 0.00946355 0.0106483
0 0.4021 0.798741 0.0125189 0.0119253
0 0.577788 0.364722 0.00720936 0.00645766
0 0.642447 0.824609 0.00694865 0.00742984
0 0.147107 0.183648 0.00670515 0.00629564
0 0.524134 0.676935 0.00683594 0.00711215
0 0.522569 0.850946 0.00679207 0.00741082
0 0.672484 0.72064 0.00550801 0.00800306
0 0.409503 0.65215 0.00622272 0.0114582
0 0.67863 0.785881 0.00878447 0.00833684
0 0.900383 0.893286 0.00894397 0.00784606
0 0.658316 0.712 0.00723791 0.00720799
0 0.291529 0.428722 0.00886336 0.00924397
0 0.514757 0.672752 0.00701141 0.00769407
0 0.252748 0.218138 0.00659119 0.0069271
