0 0.554389 0.237939 0.0151353 0.0133825
0 0.590376 0.115312 0.0157358 0.019153
0 0.162996 0.968208 0.0131983 0.0179634
0 0.191035 0.279439 0.00931787 0.00977665
0 0.548288 0.509452 0.01498 0.0157583
0 0.58623 0.273407 0.0142027 0.0146178
0 0.119256 0.862327 0.0180374 0.0235449
0 0.0986208 0.0860078 0.0190854 0.0210662
0 0.291711 0.876617 0.0173415 0.0181954
0 0.333933 0.448682 0.0180634 0.0164248
0 0.630817 0.942743 0.0125254 0.0131599
0 0.119803 0.861978 0.0149642 0.0186455
0 0.052513 0.072281 0.0175554 0.0164008
0 0.364184 0.0323546 0.0188987 0.020218
0 0.0302746 0.0821387 0.0155467 0.0161847
0 0.309384 0.455205 0.0150265 0.0137055
0 0.241492 0.266838 0.0139666 0.0146547
0 0.513716 0.419364 0.0107296 0.0123259
0 0.142867 0.117956 0.0150621 0.0169382
0 0.558152 0.204158 0.0112671 0.0144211
0 0.642006 0.663022 0.0191544 0.019361
