0 0.362185 0.340468 0.0177074 0.0232282
0 0.653464 0.444432 0.0154656 0.0149218
0 0.204518 0.386953 0.014477 0.0145851
0 0.446963 0.451632 0.0172213 0.0182892
0 0.371623 0.991462 0.0106174 0.0137793
0 0.336704 0.29787 0.0153991 0.0152508
0 0.227761 0.243208 0.0128117 0.013141
0 0.599079 0.223758 0.0171086 0.0157824
0 0.318467 0.298523 0.0113744 0.0116511
0 0.371358 0.990724 0.0136819 0.0164158
0 0.400805 0.429091 0.015108 0.0135786
0 0.512374 0.37718 0.0109375 0.0110109
0 0.399929 0.968602 0.0105336 0.0134251
0 0.0672128 0.550669 0.0123074 0.0121542
0 0.178887 0.398315 0.0151242 0.015771
0 0.0415637 0.924001 0.0100972 0.0129609
0 0.116074 0.327367 0.0149016 0.0151965
0 0.232743 0.868633 0.0160567 0.0132248
0 0.330751 0.327308 0.0194218 0.0175398
0 0.785997 0.188648 0.012336 0.0141091
0 0.179582 0.625362 0.0146721 0.0113903
0 0.58273 0.27056 0.0148632 0.0183147
0 0.169034 0.56292 0.017822 0.0228289
0 0.114745 0.778203 0.0166693 0.0164362
0 0.163861 0.346944 0.0200955 0.0196178
0 0.27069 0.279014 0.0114385 0.0150667
0 0.62133 0.49256 0.0133273 0.0157383
0 0.844042 0.17288 0.0161331 0.0164187
0 0.644683 0.395031 0.0108658 0.0111319
0 0.126978 0.518622 0.0164326 0.0136169
0 0.483764 0.726824 0.0146934 0.0159438
0 0.714014 0.359422 0.0125931 0.0166268
0 0.530681 0.369746 0.0108911 0.0138612
0 0.452819 0.329014 0.0122 0.0123292
0 0.602164 0.518295 0.0138779 0.0167236
0 0.49212 0.267629 0.0180155 0.0164354
0 0.600489 0.475992 0.0159044 0.0160875
0 0.0925594 0.611674 0.0206572 0.016371
0 0.0727372 0.281674 0.0158946 0.014778
0 0.156443 0.775118 0.0132894 0.0193011
0 0.713457 0.35837 0.0149286 0.0202603
0 0.25959 0.789281 0.0199972 0.018158
0 0.105061 0.80882 0.0153956 0.0174679
0 0.121225 0.791372 0.00730562 0.00826222
0 0.604049 0.379479 0.00828248 0.0102898
0 0.156591 0.774591 0.0107823 0.0152888
0 0.171235 0.520501 0.012837 0.0173626
0 0.0464093 0.5779 0.00645832 0.00599414
0 0.483441 0.72624 0.0183313 0.0189547
0 0.228133 0.243651 0.0152995 0.015997
0 0.383477 0.45843 0.0127639 0.0137775
0 0.303996 0.331601 0.0165351 0.0230569
0 0.816426 0.152839 0.00566065 0.00627108
0 0.275176 0.844914 0.0169116 0.019668
0 0.0414671 0.924269 0.0126144 0.015443
0 0.534802 0.652004 0.0151301 0.014596
0 0.271131 0.278607 0.0135082 0.0183317
0 0.491121 0.410376 0.0078024 0.0102232
0 0.0758806 0.568301 0.0202287 0.0154978
0 0.0288438 0.60546 0.0157905 0.0238676
