0 0.287258 0.911972 0.0159154 0.0209171
0 0.898544 0.91249 0.0216412 0.0216215
0 0.880769 0.942761 0.0168453 0.016548
0 0.268027 0.968266 0.0148922 0.0161538
0 0.954603 0.967128 0.0149956 0.0130581
0 0.0441926 0.5901 0.0191941 0.0180128
0 0.331624 0.969277 0.0162921 0.01686
0 0.689833 0.84321 0.017095 0.0177028
0 0.956887 0.966862 0.021396 0.0166626
0 0.129702 0.959563 0.0182572 0.019309
0 0.330685 0.648992 0.0145363 0.0172366
0 0.866581 0.897907 0.00927889 0.0101034
0 0.299374 0.953126 0.0138492 0.0150978
0 0.132657 0.527863 0.00663812 0.0069496
0 0.328336 0.649096 0.0186912 0.0200589
0 0.271163 0.530859 0.0262281 0.0271623
0 0.574887 0.63103 0.0190265 0.0194235
0 0.87083 0.897424 0.0205172 0.0154569
0 0.612099 0.917424 0.0175957 0.0210278
0 0.297654 0.953599 0.0168033 0.0178637
0 0.612863 0.917361 0.014149 0.0157955
0 0.0652407 0.543983 0.0156956 0.0130068
