0 0.152329 0.618926 0.0218662 0.0218214
0 0.142141 0.110738 0.0160287 0.0162321
0 0.510512 0.048957 0.0137144 0.0155818
0 0.754929 0.800005 0.0118019 0.0148293
0 0.0673193 0.90993 0.0171321 0.0193176
0 0.0180181 0.968906 0.0188348 0.0177665
0 0.653341 0.970212 0.0127432 0.0119629
0 0.2138 0.163429 0.017305 0.0182539
0 0.671584 0.964221 0.0135078 0.0156971
0 0.382354 0.574508 0.0128928 0.0147961
0 0.147806 0.141532 0.0162807 0.0141691
0 0.695933 0.529541 0.0115824 0.0126284
0 0.724041 0.829174 0.0134436 0.0142605
0 0.696638 0.776484 0.00988817 0.0120455
0 0.416228 0.601366 0.0188883 0.0184946
0 0.734338 0.582611 0.0153506 0.0177858
0 0.697012 0.847802 0.010503 0.0114158
0 0.649533 0.920553 0.0173157 0.0171289
0 0.289379 0.629641 0.0189366 0.0216792
0 0.349508 0.947631 0.0122414 0.0142469
0 0.262634 0.2723 0.0189814 0.0200174
0 0.61333 0.343525 0.0147314 0.0200598
0 0.213535 0.71071 0.0206903 0.0165722
0 0.27983 0.807034 0.0144183 0.0171455
0 0.192188 0.293956 0.0117689 0.0152318
0 0.559765 0.882779 0.0115814 0.0113197
0 0.0937178 0.953942 0.0143428 0.0174274
0 0.221185 0.228656 0.0168198 0.0163712
0 0.31364 0.519671 0.0189044 0.0217711
0 0.297583 0.547305 0.0267125 0.0216328
0 0.807165 0.536006 0.0138265 0.0147421
0 0.592234 0.887165 0.0145645 0.0163763
0 0.0781928 0.933723 0.0122533 0.0173432
0 0.640691 0.942442 0.0206776 0.0186563
0 0.42105 0.157603 0.0143877 0.0152601
0 0.964127 0.432341 0.0109646 0.0109421
0 0.6981 0.848368 0.0147871 0.0140266
0 0.179603 0.214882 0.0172984 0.0200773
0 0.314247 0.523214 0.0169834 0.0157667
0 0.176437 0.294289 0.0112604 0.0137321
0 0.764014 0.595287 0.0113761 0.0149887
0 0.263742 0.623264 0.015854 0.0217745
0 0.0719003 0.953999 0.00979597 0.0124974
0 0.807031 0.557544 0.0172157 0.0144274
0 0.636614 0.942368 0.0270517 0.0192348
0 0.775191 0.532778 0.0152998 0.0169325
0 0.63545 0.941279 0.037158 0.0254127
0 0.944985 0.638815 0.00989723 0.0119715
0 0.769559 0.565634 0.00986785 0.0118799
0 0.926201 0.661789 0.00848329 0.00810754
0 0.493124 0.0167655 0.0198094 0.025216
0 0.899047 0.703851 0.00568694 0.00627005
0 0.230555 0.690789 0.00706458 0.00855517
0 0.673768 0.279869 0.0131467 0.0151392
0 0.304309 0.9582 0.00952721 0.0115719
0 0.696356 0.776448 0.0130129 0.0151674
