0 0.658668 0.332961 0.0232277 0.0235455
0 0.822345 0.289157 0.0172203 0.0203554
0 0.132923 0.390317 0.0175482 0.0153516
0 0.755303 0.23301 0.0169126 0.0119974
0 0.183119 0.726018 0.0191284 0.0197855
0 0.829067 0.371512 0.0128176 0.0123764
0 0.634694 0.836539 0.0208691 0.0183536
0 0.595042 0.823086 0.0117176 0.0119654
0 0.952024 0.503384 0.0120896 0.0143251
0 0.737442 0.306709 0.0126551 0.0183427
0 0.845399 0.394286 0.0172955 0.0188854
0 0.816674 0.214054 0.0221295 0.0143743
0 0.593759 0.823932 0.0161147 0.0144974
0 0.0997351 0.200493 0.0130219 0.0134881
0 0.796749 0.258227 0.0233286 0.0225105
0 0.843441 0.210031 0.018899 0.0144063
0 0.133008 0.391092 0.0202869 0.0196961
0 0.895965 0.428351 0.0144119 0.0147188
0 0.902413 0.391843 0.0119793 0.0155836
0 0.887013 0.366766 0.0123631 0.0136479
0 0.951316 0.503624 0.0163584 0.0175529
0 0.887003 0.366673 0.0157824 0.0166381
0 0.989773 0.609887 0.0204532 0.0205414
0 0.592848 0.8237 0.020204 0.0171955
0 0.0443582 0.194703 0.0105526 0.0152085
0 0.78958 0.21579 0.0208572 0.028487
0 0.956357 0.476683 0.0143017 0.0130112
