0 0.277992 0.147847 0.0152891 0.015126
0 0.361643 0.145706 0.016037 0.0201783
0 0.934505 0.735775 0.0135063 0.0147507
0 0.390136 0.0685368 0.0125599 0.0151355
0 0.0278488 0.0330852 0.0206574 0.0222427
0 0.410965 0.0193504 0.0144632 0.014804
0 0.295268 0.110438 0.0147848 0.0184006
0 0.292846 0.0185379 0.0160077 0.0172506
0 0.0534374 0.0534602 0.019448 0.0178175
0 0.468198 0.0783589 0.0162137 0.016293
0 0.674249 0.634585 0.0172768 0.0176339
0 0.32018 0.179218 0.0128279 0.013023
0 0.750753 0.243682 0.0234892 0.0234282
0 0.558033 0.862563 0.016441 0.0183552
0 0.328829 0.0916346 0.0128229 0.0155102
0 0.330483 0.0172337 0.0149941 0.0188664
0 0.185633 0.00802196 0.0139067 0.0144132
0 0.640077 0.241806 0.0145497 0.0179636
0 0.619385 0.236127 0.0112982 0.0142764
0 0.242169 0.0407215 0.0151546 0.0185944
0 0.0868769 0.0743039 0.0148958 0.0172184
0 0.715461 0.144183 0.0142205 0.0156179
0 0.616928 0.92485 0.0141193 0.016785
0 0.309778 0.0705393 0.0171703 0.0157914
0 0.031386 0.0827875 0.0159388 0.0222601
0 0.281276 0.50449 0.012672 0.0147248
0 0.718064 0.766035 0.0155386 0.0165753
0 0.557884 0.602956 0.0161092 0.0178596
0 0.622125 0.493519 0.0146409 0.0176178
0 0.920989 0.784216 0.016717 0.0174741
0 0.816336 0.395134 0.0189957 0.0186003
0 0.0769956 0.659674 0.013886 0.01667
0 0.948101 0.0362697 0.0102276 0.0121225
0 0.975321 0.123806 0.0153572 0.0192337
0 0.589463 0.64207 0.0105383 0.0136636
0 0.650933 0.470634 0.0136443 0.013699
0 0.731985 0.223018 0.00984788 0.0137115
0 0.479709 0.468378 0.0178511 0.0195309
0 0.753352 0.243269 0.0176994 0.0197006
0 0.898984 0.781247 0.0113277 0.0139136
0 0.173983 0.228145 0.00997467 0.0109801
0 0.0760275 0.658934 0.0172033 0.0195324
0 0.686375 0.43084 0.0193838 0.0216354
0 0.582555 0.772385 0.0140066 0.0140156
0 0.443057 0.00511006 0.0119217 0.00985692
0 0.487906 0.112541 0.0117207 0.0142034
0 0.169221 0.5598 0.0108798 0.0140764
0 0.457363 0.474754 0.0126377 0.015535
0 0.884643 0.200204 0.0125303 0.0139671
0 0.782312 0.33016 0.0105165 0.0120623
0 0.723027 0.991216 0.0227281 0.0175683
0 0.202548 0.0972528 0.0108677 0.0114815
0 0.841639 0.334609 0.0142052 0.0155931
0 0.885279 0.656119 0.0100048 0.014033
0 0.278872 0.555897 0.0120513 0.0158188
0 0.977028 0.125743 0.0118423 0.0158502
0 0.140344 0.283421 0.0184109 0.0169234
0 0.710783 0.400913 0.015483 0.012244
0 0.702857 0.209611 0.0119205 0.0116922
0 0.320076 0.176882 0.0154819 0.0199104
0 0.352072 0.650217 0.0202425 0.0226686
0 0.74992 0.246495 0.0202332 0.0180998
0 0.372058 0.176344 0.0102961 0.0138711
