0 0.967869 0.217306 0.0132152 0.0134538
0 0.804338 0.0184559 0.0130558 0.0104239
0 0.859674 0.426489 0.00768888 0.00810003
0 0.729057 0.431537 0.0102437 0.0107115
0 0.302859 0.400464 0.0145766 0.0158698
0 0.815234 0.0373467 0.0172268 0.0149991
0 0.703804 0.0380791 0.0149992 0.0124374
0 0.32154 0.422228 0.0133742 0.0144274
0 0.320928 0.422852 0.0159101 0.017539
0 0.408045 0.15026 0.0180042 0.0153616
0 0.501238 0.242066 0.0125568 0.0162247
0 0.698459 0.586982 0.0137612 0.017564
0 0.921674 0.584562 0.0103669 0.0113432
0 0.676119 0.615235 0.0148292 0.0125404
