0 0.0825761 0.077502 0.0179592 0.0195166
0 0.764907 0.458864 0.0127855 0.0128841
0 0.153472 0.119753 0.0140357 0.0166064
0 0.569652 0.855626 0.0125422 0.016304
0 0.556794 0.909883 0.0112813 0.0125138
0 0.513636 0.17396 0.0192729 0.0177149
0 0.140837 0.081814 0.0115127 0.0114032
0 0.214965 0.0124089 0.0166373 0.0160225
0 0.341672 0.72717 0.0136197 0.0159144
0 0.772892 0.883386 0.0146381 0.0199009
0 0.663449 0.988905 0.0119082 0.0119236
0 0.473898 0.119671 0.0122877 0.0134738
0 0.347726 0.94305 0.0119299 0.0148079
0 0.709237 0.780761 0.0180343 0.0192094
0 0.587432 0.660738 0.0144061 0.0133173
0 0.650233 0.0990448 0.0116888 0.0145855
0 0.55351 0.977649 0.00894624 0.0118435
0 0.568693 0.63028 0.0160984 0.0197417
0 0.331348 0.668628 0.0165085 0.0141405
0 0.625524 0.31909 0.0208138 0.0214176
0 0.613003 0.943352 0.0126866 0.0148827
0 0.849764 0.806178 0.00948715 0.0168884
0 0.649312 0.294426 0.0139057 0.0142236
0 0.308095 0.37201 0.0140773 0.0132201
0 0.384428 0.91952 0.013097 0.0167877
0 0.232255 0.887499 0.0145638 0.0179996
0 0.778038 0.825476 0.0138563 0.0150837
0 0.722367 0.799334 0.0137579 0.0156048
0 0.570773 0.829755 0.0138971 0.0156983
0 0.443281 0.958204 0.0156136 0.0147135
0 0.800464 0.876103 0.0127329 0.0138023
0 0.618878 0.638056 0.0162522 0.0144781
0 0.988356 0.384673 0.0213814 0.0210561
0 0.0462232 0.0976955 0.0117871 0.0117496
0 0.49951 0.391584 0.0101475 0.0095098
0 0.175735 0.128808 0.0191198 0.0157724
0 0.140112 0.0822829 0.0150702 0.013539
0 0.338454 0.784807 0.0110763 0.0139391
0 0.662033 0.31629 0.0154576 0.0184695
0 0.238308 0.202795 0.0115398 0.0125277
0 0.324753 0.908187 0.021594 0.0181711
0 0.554745 0.725721 0.0112478 0.0165241
0 0.710172 0.147286 0.00868684 0.0106642
