0 0.626012 0.765369 0.0172464 0.0177801
0 0.937791 0.891403 0.0162876 0.017708
0 0.770371 0.211307 0.0120838 0.0153811
0 0.840855 0.457117 0.0127587 0.0141996
0 0.418781 0.914702 0.0126381 0.0160633
0 0.807876 0.136685 0.0163874 0.0195507
0 0.385121 0.313481 0.0115852 0.0148303
0 0.805952 0.394946 0.0183561 0.0180234
0 0.897969 0.390377 0.0135746 0.0157009
0 0.467418 0.664482 0.0136079 0.0167063
0 0.601207 0.691587 0.012369 0.0120741
0 0.64172 0.11302 0.0174635 0.0179309
0 0.663353 0.318278 0.0167568 0.01712
0 0.646772 0.259013 0.0164241 0.0166972
0 0.0236562 0.840529 0.0146201 0.0149711
0 0.770093 0.868593 0.0109848 0.015366
0 0.417469 0.595281 0.0178013 0.0199972
0 0.708405 0.330494 0.0195049 0.0189359
0 0.70695 0.6909 0.01364 0.0140608
0 0.816523 0.803855 0.012011 0.0143162
0 0.537272 0.638858 0.0132113 0.0171622
0 0.816584 0.461783 0.0109415 0.0132164
0 0.361543 0.371638 0.0161015 0.0174039
0 0.505675 0.823914 0.0177859 0.017812
0 0.650475 0.671967 0.0137619 0.015217
0 0.541408 0.850174 0.0168931 0.0178192
0 0.879498 0.700216 0.0143666 0.0174338
0 0.559562 0.785264 0.0131109 0.0136617
0 0.769894 0.266913 0.0140007 0.0148363
0 0.968044 0.883882 0.0133865 0.0132624
0 0.445508 0.941065 0.0129326 0.0146335
0 0.543482 0.55059 0.0139959 0.0159515
0 0.726327 0.403664 0.0151308 0.0162579
0 0.41155 0.310599 0.016868 0.0186029
0 0.466642 0.856069 0.0107004 0.0101433
0 0.0452704 0.80513 0.0193141 0.0145825
0 0.832175 0.787206 0.0124775 0.0157244
0 0.66717 0.806716 0.0161062 0.0180001
0 0.766272 0.894476 0.0121671 0.0152931
0 0.442696 0.674553 0.0103678 0.0139593
0 0.700305 0.740095 0.0124935 0.014982
0 0.781641 0.853001 0.011269 0.0137878
0 0.405123 0.379837 0.00839958 0.00985289
0 0.307834 0.944079 0.0136081 0.0186793
0 0.414749 0.649448 0.0120125 0.0128201
0 0.29537 0.430598 0.0125293 0.0140516
0 0.407845 0.618583 0.0152676 0.0143316
0 0.584647 0.528809 0.00975531 0.0109892
0 0.746573 0.416344 0.0142367 0.0157879
0 0.421376 0.517585 0.0131824 0.0190074
0 0.981792 0.926342 0.0139182 0.0150082
0 0.493878 0.530139 0.0124969 0.0172321
0 0.53226 0.463157 0.0149398 0.0182301
0 0.671204 0.654224 0.0177293 0.0154285
0 0.356537 0.877532 0.0123622 0.0161831
0 0.927493 0.318642 0.0173634 0.0240476
0 0.729563 0.904901 0.0124117 0.015053
0 0.968325 0.804461 0.0140747 0.0167284
0 0.801914 0.827518 0.0106106 0.0122787
0 0.422121 0.958893 0.0141301 0.0147535
0 0.897754 0.390107 0.015797 0.0200837
0 0.923059 0.762962 0.0205191 0.0169616
0 0.0576551 0.826171 0.0146392 0.0141771
0 0.746415 0.317294 0.0125864 0.0118598
0 0.595314 0.664595 0.0160015 0.0123129
0 0.768414 0.572964 0.0199139 0.0252185
0 0.552744 0.460179 0.0123601 0.0137592
0 0.604184 0.159814 0.0155635 0.018695
0 0.326911 0.733744 0.0192597 0.0221945
0 0.905504 0.801955 0.010354 0.0145876
0 0.972021 0.725524 0.0158686 0.016123
0 0.619429 0.126607 0.0106169 0.0118962
0 0.576576 0.316364 0.00962353 0.010024
0 0.592955 0.645177 0.0151796 0.0159404
0 0.198376 0.589886 0.0124452 0.012129
0 0.646365 0.364262 0.0119818 0.0140665
0 0.398265 0.358583 0.015764 0.0168279
0 0.894322 0.457652 0.0122269 0.0177908
0 0.591412 0.595838 0.00798225 0.0101647
0 0.670312 0.294269 0.0155128 0.0182478
0 0.875694 0.446685 0.0166973 0.0193575
0 0.416041 0.454687 0.0163225 0.0169728
0 0.889294 0.243824 0.0171047 0.0182161
0 0.42859 0.883233 0.0140729 0.0182738
0 0.774461 0.50014 0.0142207 0.0104872
0 0.495546 0.741039 0.0112633 0.0134171
0 0.826132 0.842407 0.0106052 0.009413
0 0.0598384 0.104888 0.016038 0.0153966
0 0.512804 0.477723 0.0153844 0.0142612
0 0.833663 0.284542 0.0183746 0.0185328
0 0.428019 0.886747 0.0116584 0.0138438
0 0.46598 0.413476 0.0104891 0.0129316
0 0.437513 0.3559 0.00904447 0.010949
0 0.493883 0.529936 0.0170117 0.022885
0 0.434736 0.74826 0.0123488 0.0130745
0 0.659534 0.380291 0.00924206 0.012177
0 0.355627 0.908293 0.0130093 0.0103882
0 0.164519 0.610119 0.0201768 0.0192059
0 0.528639 0.574574 0.0148752 0.0218641
0 0.379316 0.265568 0.024977 0.0213451
0 0.449739 0.473113 0.0123512 0.0130083
0 0.991427 0.809865 0.0171465 0.0172992
0 0.440713 0.418721 0.0146019 0.0176546
0 0.0960695 0.439179 0.0149184 0.0164766
0 0.659792 0.381463 0.00724059 0.0102711
0 0.690633 0.492643 0.0219703 0.0231589
0 0.263234 0.0926863 0.011596 0.0122433
0 0.628111 0.14199 0.011256 0.0125694
0 0.172476 0.934489 0.00907406 0.0115124
0 0.540792 0.8187 0.0113182 0.0133459
0 0.723646 0.153656 0.010814 0.0111511
0 0.218466 0.916833 0.0103534 0.0128525
0 0.815334 0.686893 0.0144392 0.0145026
0 0.164686 0.611203 0.0165738 0.0161344
0 0.631796 0.492884 0.00993925 0.0100506
0 0.97787 0.847691 0.00832176 0.00933421
0 0.814826 0.241517 0.00853217 0.0102795
0 0.31498 0.789894 0.0115384 0.0119194
0 0.0789976 0.817597 0.0170863 0.0167431
0 0.142797 0.425108 0.0174614 0.0177607
0 0.697841 0.427374 0.0100115 0.0104833
0 0.310952 0.786646 0.00866967 0.00824243
0 0.506573 0.700159 0.0267206 0.0240767
0 0.938723 0.83397 0.00677031 0.00981599
0 0.871341 0.515808 0.0120073 0.0127707
0 0.548642 0.60175 0.0144517 0.0142959
0 0.738485 0.565644 0.0167753 0.0255485
0 0.685276 0.328089 0.0143644 0.0130986
0 0.699299 0.675333 0.00822419 0.013169
0 0.769378 0.267038 0.0174861 0.0174162
0 0.437595 0.748084 0.0199305 0.0148272
0 0.0443369 0.342602 0.0121184 0.0158982
0 0.979969 0.852242 0.00990087 0.012598
0 0.799202 0.439939 0.00885051 0.00733995
0 0.783555 0.283568 0.0139618 0.0150537
0 0.495517 0.740644 0.0127586 0.0169544
0 0.313585 0.787632 0.0131795 0.0119491
0 0.560874 0.373814 0.00648814 0.00699848
0 0.647134 0.710244 0.00858498 0.00959647
0 0.760329 0.732917 0.00850582 0.0105545
0 0.449736 0.474102 0.0154232 0.0144413
0 0.497576 0.427833 0.0166014 0.0206694
0 0.089302 0.854616 0.0168716 0.0176651
0 0.761221 0.698097 0.0133914 0.0160404
0 0.575239 0.316316 0.0138586 0.0122756
0 0.526653 0.573339 0.0156937 0.0170618
0 0.145401 0.168208 0.013419 0.0100856
0 0.498964 0.425112 0.0130535 0.0157367
0 0.899123 0.985449 0.00888801 0.00997812
0 0.796204 0.304362 0.0126215 0.0175395
0 0.968596 0.70042 0.0166836 0.017453
0 0.6502 0.671732 0.0164816 0.0187514
0 0.734263 0.236957 0.0126176 0.0140186
0 0.923148 0.760113 0.0227925 0.0248123
0 0.295328 0.178549 0.0134211 0.0144886
0 0.800732 0.438766 0.0105415 0.00944614
0 0.376737 0.263147 0.0146503 0.0166665
0 0.527301 0.576147 0.0194613 0.0292122
0 0.758455 0.452193 0.0173878 0.0134749
0 0.422678 0.95983 0.0176643 0.0217297
0 0.735411 0.490089 0.0133823 0.0170475
0 0.757522 0.478409 0.0108129 0.0104885
0 0.919348 0.537257 0.00931019 0.0114382
0 0.954111 0.177902 0.00961131 0.011973
0 0.21594 0.454564 0.0118167 0.0119505
0 0.600919 0.876733 0.00847751 0.00925601
0 0.662288 0.210018 0.0101862 0.0124128
0 0.216752 0.691385 0.0143664 0.0189694
0 0.137861 0.135701 0.0161232 0.0154915
0 0.202913 0.869562 0.0135773 0.011405
0 0.690764 0.430642 0.0118341 0.0144028
0 0.500956 0.401477 0.0122385 0.0113892
0 0.849304 0.747384 0.0202568 0.0228428
0 0.243472 0.860497 0.0140136 0.0123482
0 0.741077 0.430366 0.00742781 0.00711516
0 0.882132 0.968941 0.0127831 0.00994873
0 0.467212 0.664298 0.0176724 0.0192744
0 0.864212 0.92489 0.0101001 0.0143162
0 0.333946 0.151418 0.0203179 0.0231716
0 0.801589 0.437311 0.00894451 0.00901452
0 0.927864 0.321595 0.0151806 0.0164
0 0.771342 0.533988 0.0113669 0.0120215
0 0.516801 0.548216 0.00553018 0.00701141
0 0.838562 0.509288 0.00877035 0.0108123
0 0.804024 0.876005 0.0115314 0.0127678
0 0.384689 0.313035 0.0143622 0.0180713
0 0.885832 0.487655 0.00940382 0.0123085
0 0.333178 0.388351 0.0152566 0.0172813
0 0.782518 0.854368 0.0132594 0.0215904
0 0.352206 0.500436 0.00860921 0.00983477
0 0.21735 0.917995 0.0100887 0.0121025
0 0.234585 0.422472 0.0102241 0.00988141
0 0.545158 0.526708 0.00845033 0.0157272
0 0.767429 0.533834 0.0216263 0.0146855
0 0.826909 0.16486 0.00878066 0.0118792
