0 0.199428 0.555319 0.0164704 0.0181054
0 0.193713 0.62194 0.0150401 0.0145987
0 0.107276 0.14081 0.0173254 0.0174183
0 0.391815 0.67862 0.01546 0.0165796
0 0.206568 0.459659 0.0174608 0.0181766
0 0.217362 0.602419 0.0165889 0.0171519
0 0.229168 0.63013 0.0133568 0.0129603
0 0.506477 0.907303 0.0157007 0.0150669
0 0.296863 0.957561 0.0123203 0.0146414
0 0.250908 0.614971 0.0147313 0.0138767
0 0.421718 0.986704 0.0120048 0.0114263
0 0.0428681 0.120901 0.0149326 0.0184627
0 0.0973338 0.444711 0.0167848 0.0186266
0 0.176329 0.218479 0.0121439 0.0146912
0 0.203876 0.144464 0.0122142 0.0149333
0 0.358776 0.689244 0.0191992 0.0188263
0 0.256115 0.66392 0.0161727 0.0191901
0 0.257898 0.778551 0.013099 0.0189451
0 0.342413 0.966693 0.0149125 0.0147713
0 0.561156 0.950752 0.013999 0.0161545
0 0.127474 0.0813909 0.0153309 0.014607
0 0.305531 0.928692 0.0122754 0.0167111
0 0.276906 0.669412 0.0148487 0.0181352
0 0.0278746 0.276819 0.0125489 0.0126205
0 0.362221 0.64234 0.0129578 0.0173917
0 0.53266 0.579153 0.0105473 0.014914
0 0.138289 0.455168 0.0130403 0.0161997
0 0.0442048 0.0568557 0.0119634 0.0121897
0 0.0491703 0.63059 0.0153371 0.0169721
0 0.11144 0.628917 0.0127582 0.0153301
0 0.230969 0.761094 0.010634 0.0142139
0 0.298925 0.291927 0.0138966 0.0180018
0 0.178588 0.466638 0.012614 0.0148298
0 0.309524 0.663377 0.00847182 0.00953102
0 0.38678 0.584207 0.0100651 0.0107525
0 0.356372 0.587531 0.013101 0.0159218
0 0.0132385 0.0208168 0.0197897 0.0250465
0 0.10382 0.666367 0.0155235 0.0162224
0 0.179367 0.467605 0.0149965 0.0183233
0 0.130896 0.416774 0.0158844 0.0224894
0 0.422461 0.199778 0.00850695 0.0102909
0 0.316372 0.719038 0.0123265 0.0124996
0 0.62851 0.576891 0.00686318 0.00824893
0 0.632629 0.571004 0.00956821 0.010547
0 0.445995 0.786287 0.0171061 0.0194065
0 0.316419 0.716549 0.0134885 0.0166143
0 0.579564 0.521986 0.00949377 0.0110356
0 0.0654434 0.0970143 0.00871147 0.00986213
0 0.967966 0.223667 0.0151596 0.0207196
0 0.692231 0.922118 0.012396 0.0129307
0 0.124145 0.433825 0.0123038 0.0123648
0 0.978199 0.551255 0.0142454 0.0144181
0 0.277867 0.435019 0.0181932 0.0140003
0 0.258763 0.58188 0.0156558 0.020426
0 0.66104 0.264007 0.012656 0.0133404
0 0.953519 0.293149 0.0156866 0.021118
0 0.289681 0.557869 0.0104899 0.0126103
0 0.451064 0.993537 0.0187679 0.0127186
0 0.142407 0.0413386 0.0152101 0.0217786
0 0.189989 0.591899 0.0146728 0.0167332
0 0.0394035 0.826223 0.0168923 0.018806
0 0.421672 0.986627 0.0144101 0.0141335
