0 0.815154 0.700782 0.0144607 0.0150577
0 0.574076 0.396081 0.0134308 0.0170472
0 0.849655 0.750113 0.0122277 0.0146558
0 0.210039 0.0539569 0.0122891 0.013295
0 0.886821 0.712514 0.0168373 0.016983
0 0.79617 0.0960058 0.0110568 0.0121523
0 0.839714 0.665552 0.0135868 0.0141645
0 0.745954 0.734279 0.0111513 0.0124668
0 0.441906 0.427012 0.0134951 0.0127197
0 0.31113 0.311776 0.0161485 0.0147997
0 0.271258 0.0160501 0.015005 0.0195931
0 0.495333 0.490088 0.0176677 0.020528
0 0.435114 0.463163 0.0123728 0.0129972
0 0.750297 0.0777592 0.0109777 0.0132606
0 0.693898 0.127379 0.0156807 0.0128147
0 0.307717 0.923439 0.0106196 0.0159981
0 0.25809 0.849441 0.0102493 0.013048
0 0.578586 0.99393 0.0132024 0.0115662
0 0.474714 0.261598 0.0156338 0.018258
0 0.255686 0.767754 0.0130897 0.0151438
0 0.366478 0.874556 0.00658169 0.00832254
0 0.695296 0.104297 0.0105692 0.0101954
0 0.494114 0.363928 0.012891 0.0129086
