0 0.884045 0.686705 0.0152798 0.0169203
0 0.644194 0.717648 0.0159274 0.0176799
0 0.912521 0.856504 0.013662 0.0180362
0 0.271563 0.921787 0.0191495 0.0162992
0 0.757 0.978275 0.0123529 0.0159763
0 0.678394 0.910747 0.0166897 0.0152357
0 0.952461 0.711829 0.0132176 0.0171778
0 0.186225 0.968261 0.0165284 0.0201263
0 0.549542 0.719943 0.0144186 0.0184588
0 0.888999 0.850636 0.0142397 0.0147244
0 0.740927 0.846926 0.0163082 0.014048
0 0.2726 0.539536 0.0164245 0.0145556
0 0.735458 0.697439 0.0146839 0.0156559
0 0.672155 0.796792 0.0146821 0.0159031
0 0.233593 0.386959 0.0159006 0.016248
0 0.504348 0.790819 0.0130464 0.0146387
0 0.469023 0.696895 0.0159206 0.019138
0 0.224319 0.930471 0.0144122 0.0149875
0 0.168679 0.77907 0.0134842 0.0158638
0 0.0221086 0.343894 0.0149258 0.0168922
0 0.879611 0.630712 0.0166677 0.0177916
0 0.945283 0.647179 0.0212372 0.0171905
0 0.848755 0.985011 0.00795209 0.0090704
0 0.129607 0.739872 0.0164356 0.0140908
0 0.899849 0.728746 0.0143059 0.0205578
0 0.721705 0.854592 0.013163 0.0162704
0 0.872404 0.889963 0.00965464 0.010512
0 0.684811 0.662612 0.01174 0.0142002
0 0.57361 0.843047 0.0109224 0.0129128
0 0.854423 0.774761 0.0143755 0.018342
0 0.32631 0.992597 0.012628 0.012797
0 0.84598 0.615614 0.0108532 0.0142567
0 0.21349 0.337777 0.0159226 0.0184142
0 0.716981 0.661131 0.0166439 0.0184605
0 0.657798 0.670086 0.0120506 0.0122585
0 0.605003 0.707801 0.0142714 0.0165899
0 0.683707 0.637902 0.0126196 0.0126011
0 0.833822 0.814939 0.00966913 0.0120459
0 0.481433 0.652825 0.0182584 0.0230212
0 0.186221 0.353734 0.0185556 0.0157457
0 0.585905 0.991793 0.0155208 0.0120953
0 0.784863 0.990055 0.0103738 0.0108622
0 0.876405 0.768041 0.0146358 0.0186448
0 0.0129959 0.602897 0.0259919 0.0282764
0 0.906392 0.896795 0.0110611 0.0194788
0 0.878565 0.630755 0.0225666 0.0193403
0 0.812888 0.892903 0.0121212 0.00920582
0 0.0380952 0.388813 0.0190456 0.0184737
0 0.722641 0.855218 0.0165111 0.0202612
0 0.110269 0.66035 0.0116576 0.0151467
0 0.652412 0.477452 0.0174776 0.0180613
0 0.0656129 0.0955529 0.012243 0.0136956
0 0.664415 0.81144 0.00826454 0.00880951
0 0.0153901 0.607009 0.0188433 0.0182541
