0 0.266667 0.603726 0.00968504 0.0107674
0 0.301589 0.64109 0.00832111 0.00935382
0 0.282601 0.617324 0.00837985 0.00917971
0 0.317044 0.651948 0.00893047 0.00963193
0 0.209457 0.542179 0.0118313 0.0144838
0 0.227897 0.553768 0.00851345 0.010087
0 0.722902 0.709078 0.00978315 0.0102546
0 0.324246 0.626679 0.0113561 0.0116167
0 0.721344 0.691918 0.00965911 0.0109486
0 0.171717 0.423899 0.0076984 0.0093956
0 0.170049 0.49502 0.00752798 0.00956422
0 0.961616 0.738287 0.0094437 0.00972414
0 0.61894 0.209918 0.00931966 0.0106556
0 0.628474 0.200387 0.00935018 0.0116998
0 0.645489 0.215336 0.0106381 0.0109126
0 0.157826 0.486988 0.00871767 0.00990525
0 0.22692 0.497845 0.00784531 0.00967121
0 0.211307 0.517268 0.00707301 0.0073601
0 0.185322 0.438543 0.00906765 0.00961256
0 0.386527 0.1796 0.0140242 0.0165024
0 0.809281 0.922978 0.0129001 0.0120949
0 0.939797 0.771688 0.00850165 0.00960201
