0 0.365675 0.540406 0.00883102 0.0102277
0 0.438588 0.552124 0.00988114 0.0100199
0 0.392068 0.566571 0.00855893 0.00987351
0 0.277602 0.541469 0.00840643 0.010673
0 0.551421 0.647032 0.00777096 0.00866538
0 0.302522 0.593463 0.00842282 0.00771946
0 0.266262 0.544983 0.00778627 0.00934696
0 0.984363 0.414666 0.00917852 0.00984517
0 0.466373 0.515593 0.00690213 0.0081656
0 0.5085 0.551129 0.00887907 0.00894833
0 0.305823 0.633096 0.00831878 0.00932121
0 0.405568 0.627696 0.0073292 0.00877559
0 0.436657 0.574256 0.00784454 0.00851423
0 0.422781 0.524459 0.00755578 0.00834227
0 0.295973 0.883781 0.00919151 0.0101654
0 0.491675 0.520221 0.00854197 0.00932771
0 0.320834 0.697946 0.00964221 0.0108635
0 0.350553 0.353365 0.00921223 0.0097909
0 0.488414 0.57428 0.00752792 0.00818902
0 0.400559 0.555378 0.00708583 0.00819147
0 0.0416461 0.302963 0.00950004 0.0112458
0 0.439656 0.536598 0.0123329 0.00994468
0 0.743149 0.244448 0.0104889 0.0109345
0 0.465436 0.539824 0.00721541 0.00838566
0 0.483767 0.558011 0.00834846 0.00942725
0 0.382472 0.67024 0.00807077 0.00791311
0 0.414779 0.592627 0.00855827 0.0101806
0 0.392707 0.62511 0.00888938 0.0093832
0 0.411311 0.583462 0.0144539 0.013659
0 0.462042 0.526492 0.0070526 0.00791532
0 0.372657 0.968169 0.00932947 0.00976253
0 0.268502 0.765365 0.0150645 0.0116661
0 0.278222 0.90485 0.00755483 0.00913429
0 0.400869 0.536803 0.00857097 0.00887918
0 0.45482 0.53601 0.00739154 0.00754303
0 0.799175 0.271772 0.00838894 0.00961187
0 0.429546 0.623952 0.0069893 0.0078373
0 0.256822 0.90004 0.00990325 0.0121033
0 0.00704075 0.356918 0.0094802 0.0095661
0 0.514584 0.525981 0.00870973 0.00941533
0 0.41203 0.587276 0.0141598 0.0186372
0 0.364516 0.561166 0.00962734 0.0102199
0 0.4005 0.537725 0.00990906 0.0121505
0 0.504278 0.522844 0.008688 0.00889206
0 0.719605 0.225526 0.0138596 0.0150868
0 0.297209 0.735406 0.00842789 0.00835907
0 0.392238 0.566259 0.0110496 0.0112279
0 0.399571 0.539322 0.010389 0.0139841
0 0.796211 0.267517 0.0176521 0.0186183
0 0.30098 0.745077 0.00917739 0.00925636
0 0.405891 0.626512 0.00951663 0.0113775
0 0.550903 0.647126 0.00943869 0.010383
