0 0.323194 0.928168 0.0117857 0.0129213
0 0.358772 0.555178 0.00742516 0.00769901
0 0.357485 0.347551 0.00753576 0.00869048
0 0.359294 0.439719 0.00798216 0.00862524
0 0.562607 0.703312 0.00957829 0.0102803
0 0.385398 0.589616 0.00842559 0.0090788
0 0.503636 0.32944 0.00926894 0.0100476
0 0.446308 0.548002 0.0103625 0.00958782
0 0.546587 0.691021 0.00793153 0.00949055
0 0.751514 0.52902 0.00782341 0.00855619
0 0.421891 0.592658 0.00795603 0.00850511
0 0.406772 0.57283 0.00787449 0.00925827
0 0.315262 0.500479 0.00892931 0.00984317
0 0.913441 0.177495 0.00835073 0.0096913
0 0.131998 0.984486 0.00744863 0.0102663
0 0.282797 0.897861 0.00880766 0.00890237
0 0.411049 0.258707 0.0073612 0.00795823
0 0.442527 0.625803 0.00893307 0.0100435
0 0.383732 0.564975 0.00783443 0.00818729
0 0.42371 0.916282 0.00725785 0.00849837
0 0.624474 0.546373 0.00859201 0.0104245
0 0.443348 0.694911 0.00791693 0.00902426
0 0.468273 0.27026 0.00892583 0.0105843
0 0.440228 0.652647 0.00917682 0.00996667
0 0.316409 0.546623 0.00870296 0.00985199
0 0.265011 0.553334 0.00644848 0.00761425
0 0.709417 0.233122 0.00813007 0.00874424
0 0.402762 0.586926 0.00856274 0.00745994
0 0.465834 0.561504 0.00905877 0.00834346
0 0.315101 0.634325 0.00696972 0.00699216
0 0.377386 0.579205 0.00761431 0.00779581
0 0.488504 0.477408 0.010197 0.0107867
0 0.681944 0.121637 0.00838131 0.0100193
0 0.548997 0.559453 0.00779665 0.00921196
0 0.678496 0.297984 0.00840789 0.00973493
0 0.452997 0.673808 0.00804555 0.00901663
0 0.647317 0.217799 0.00898904 0.00868435
0 0.820131 0.303698 0.0106564 0.0101682
0 0.888129 0.318385 0.00867009 0.00911158
0 0.748898 0.395566 0.00774419 0.00849754
0 0.344467 0.955289 0.00764579 0.00794888
0 0.152243 0.664507 0.00735521 0.00768632
0 0.223136 0.609279 0.00781083 0.0090996
0 0.667564 0.183868 0.00766861 0.00835128
0 0.16816 0.533244 0.00712609 0.00903738
0 0.277052 0.573602 0.00895911 0.00983387
0 0.492642 0.570812 0.00745288 0.00809193
0 0.664841 0.138411 0.00929469 0.0106066
0 0.186377 0.840459 0.00760221 0.0094046
0 0.334937 0.400702 0.00763342 0.00773725
0 0.488272 0.43517 0.00905478 0.0100544
0 0.447088 0.454632 0.00979021 0.0107448
0 0.171801 0.739484 0.00970452 0.0103515
0 0.264341 0.599895 0.00818428 0.00926942
0 0.544122 0.659428 0.00750941 0.00904095
0 0.454416 0.567458 0.00792313 0.00766623
0 0.589707 0.68848 0.00732279 0.00857407
0 0.678097 0.584705 0.00833565 0.00914633
0 0.334188 0.650547 0.00852641 0.00877905
0 0.343157 0.851976 0.00706053 0.0080198
0 0.340846 0.685972 0.00894594 0.00923812
0 0.426355 0.51772 0.0117645 0.0102949
0 0.290872 0.605456 0.0103046 0.0116468
0 0.458292 0.517444 0.00744963 0.0081203
0 0.241429 0.522624 0.00787306 0.00891668
0 0.735832 0.322851 0.00765437 0.00763795
0 0.260112 0.909321 0.00795993 0.00804293
0 0.402279 0.365675 0.00808981 0.00918674
0 0.683537 0.277664 0.0066883 0.00665262
0 0.308347 0.510791 0.00734359 0.00693327
0 0.106784 0.714808 0.00825725 0.0105361
0 0.219612 0.459857 0.00914511 0.00946999
0 0.37096 0.861165 0.00771236 0.00786746
0 0.390417 0.947636 0.00652209 0.00628322
0 0.196975 0.748725 0.00700606 0.00916469
0 0.96747 0.18639 0.00801885 0.00891504
0 0.621658 0.341532 0.00875509 0.00822219
0 0.565645 0.760841 0.00734532 0.00916731
0 0.196227 0.910986 0.00682887 0.00755614
0 0.620388 0.587771 0.00900614 0.0103616
0 0.689704 0.218606 0.00865728 0.00973167
0 0.495428 0.687263 0.00777608 0.00781143
0 0.125582 0.736587 0.0102813 0.00905627
0 0.469902 0.573818 0.00812799 0.00778389
0 0.167496 0.654528 0.00626078 0.00705546
0 0.275242 0.88379 0.00822291 0.00973415
0 0.338724 0.562293 0.00785732 0.00935382
0 0.19421 0.57408 0.00727434 0.00769997
0 0.512924 0.679927 0.0097872 0.0103024
0 0.625842 0.564862 0.00715655 0.00845283
0 0.608986 0.362904 0.00871259 0.00838727
0 0.371815 0.632286 0.00610247 0.007276
0 0.108552 0.813848 0.00851238 0.00931835
0 0.476407 0.449843 0.00824854 0.0092966
0 0.354129 0.539773 0.00771934 0.00900519
0 0.480378 0.636926 0.00844461 0.0104955
0 0.702694 0.492539 0.0096817 0.0110807
0 0.388154 0.621597 0.00736266 0.00863743
0 0.352564 0.420347 0.00850326 0.009161
0 0.371537 0.549209 0.00841597 0.0126879
0 0.404755 0.916699 0.00668842 0.00764787
0 0.340504 0.916313 0.0122413 0.0117829
0 0.347348 0.659606 0.00937796 0.00985432
0 0.184711 0.478924 0.00830194 0.00983641
0 0.886943 0.177152 0.00744629 0.00889665
0 0.45088 0.945039 0.00779667 0.00825727
0 0.216555 0.688971 0.00693713 0.00783825
0 0.302426 0.43873 0.00743017 0.0100669
0 0.340318 0.432269 0.00950727 0.00935781
0 0.164455 0.889472 0.00892574 0.00982153
0 0.652804 0.57303 0.00893956 0.0117162
0 0.25805 0.523025 0.00743344 0.00849581
0 0.272072 0.472357 0.0066551 0.0072892
0 0.712689 0.266743 0.00709224 0.00808802
0 0.279658 0.437169 0.00775778 0.0072031
0 0.67944 0.603178 0.00847244 0.0082351
0 0.340758 0.579169 0.00662479 0.00772762
0 0.602537 0.261741 0.00649202 0.00761834
0 0.602328 0.336886 0.00714219 0.00785932
0 0.664685 0.607114 0.00788975 0.00987417
0 0.223242 0.703806 0.0105698 0.0111624
0 0.709336 0.384667 0.00749731 0.00859976
0 0.483847 0.501841 0.00631639 0.00701106
0 0.658819 0.192026 0.0112236 0.0123864
0 0.727099 0.309811 0.00712466 0.00754404
0 0.419092 0.501956 0.00799444 0.00949764
0 0.418027 0.926376 0.00705984 0.0074299
0 0.429457 0.292476 0.0094513 0.00970107
0 0.453904 0.717037 0.0131676 0.0142357
0 0.760233 0.305867 0.00930977 0.0103036
0 0.469417 0.959542 0.00793591 0.00820965
0 0.524474 0.267453 0.00803787 0.0092454
0 0.472004 0.702826 0.00812799 0.00874633
0 0.702039 0.368207 0.00795984 0.00804386
0 0.40844 0.993637 0.00824213 0.00880855
0 0.392323 0.410084 0.00789511 0.00853395
0 0.28236 0.897273 0.0110025 0.0103385
0 0.234307 0.583009 0.00795126 0.0104456
0 0.214411 0.748237 0.00756522 0.00797498
0 0.142854 0.930243 0.00800876 0.0100178
0 0.438426 0.89801 0.0080713 0.00854111
0 0.255572 0.993508 0.00860703 0.00936645
0 0.28004 0.913382 0.00770149 0.00779724
0 0.501609 0.660834 0.0126658 0.0126939
0 0.577209 0.233554 0.00643945 0.0064683
0 0.389159 0.545039 0.00763893 0.00907636
0 0.461939 0.683236 0.00913087 0.00977534
0 0.969785 0.239761 0.00800169 0.00904226
0 0.198819 0.677653 0.00777505 0.0100617
0 0.111983 0.956783 0.00780434 0.00903761
0 0.229968 0.465394 0.00708771 0.00783357
0 0.51572 0.636935 0.00809354 0.00917149
0 0.65948 0.560909 0.0096426 0.00879323
0 0.168239 0.533528 0.00858603 0.0110188
0 0.408583 0.882174 0.00814894 0.0085333
0 0.143309 0.866846 0.00818539 0.00902408
0 0.170838 0.942958 0.00590634 0.00781155
0 0.540595 0.570739 0.00796854 0.00859851
0 0.374932 0.381287 0.00806713 0.00841346
0 0.388716 0.96613 0.00774279 0.0090065
0 0.0893806 0.940498 0.0100685 0.00892752
0 0.544864 0.29823 0.0119405 0.012481
0 0.582288 0.220497 0.00693417 0.00761451
0 0.457276 0.357101 0.00908089 0.0107022
0 0.542427 0.654236 0.012041 0.0162622
0 0.35141 0.613569 0.00709543 0.00757903
0 0.178552 0.895547 0.00734524 0.00767899
0 0.44728 0.288966 0.0103502 0.00865152
0 0.306829 0.643077 0.00721478 0.00736636
0 0.482118 0.682384 0.00832978 0.00972766
0 0.302561 0.462764 0.0074091 0.00853673
0 0.248443 0.510974 0.00705892 0.0077709
0 0.24065 0.602772 0.00663023 0.0075106
0 0.529671 0.650245 0.0090934 0.0132573
0 0.212205 0.717476 0.00974664 0.00908434
0 0.613899 0.274831 0.00724465 0.00802219
0 0.39475 0.336867 0.0070034 0.00800514
0 0.333816 0.441632 0.00609025 0.00724334
0 0.337075 0.458007 0.00808924 0.00870913
0 0.420627 0.707478 0.00840339 0.00934392
0 0.234847 0.564338 0.0069644 0.00690955
0 0.4685 0.426483 0.00844687 0.00969627
0 0.945785 0.227224 0.00696528 0.00960006
0 0.155671 0.779905 0.00882573 0.0113435
0 0.698319 0.589677 0.0080198 0.00885028
0 0.679178 0.184045 0.00827771 0.0110099
0 0.321659 0.850362 0.00944722 0.00970632
0 0.324606 0.435863 0.00725517 0.00828257
0 0.628011 0.214291 0.00675505 0.00676742
0 0.272488 0.407615 0.00706214 0.00794563
0 0.465259 0.441973 0.00821334 0.00890693
0 0.377827 0.611516 0.0076499 0.00774574
0 0.197779 0.658574 0.0133111 0.00932217
0 0.68651 0.254536 0.00775832 0.00977612
0 0.240975 0.757452 0.00766791 0.00918567
0 0.732168 0.423984 0.00750321 0.00749511
0 0.728556 0.280336 0.00804961 0.00735027
0 0.484086 0.544701 0.00772819 0.00774133
0 0.384746 0.705242 0.0122569 0.0118844
0 0.738415 0.41366 0.00690812 0.00776976
0 0.186309 0.633469 0.00753228 0.00765395
0 0.208059 0.738758 0.00749902 0.0072946
0 0.347428 0.599622 0.00793809 0.00778276
0 0.504333 0.636108 0.00656086 0.00710618
0 0.164443 0.888007 0.00980075 0.0111269
0 0.18153 0.912076 0.00903246 0.00950432
0 0.503776 0.663179 0.010188 0.00963271
0 0.528776 0.64889 0.00926268 0.0133687
0 0.280795 0.458027 0.00780746 0.00869921
0 0.370642 0.396923 0.0122327 0.01069
0 0.535461 0.600752 0.00835419 0.00827885
0 0.26298 0.538617 0.00771216 0.00984329
0 0.17126 0.502714 0.00763929 0.0091486
0 0.465898 0.66427 0.00676164 0.00689125
0 0.172364 0.641629 0.00651383 0.006118
0 0.750356 0.280196 0.00791299 0.0106379
0 0.124422 0.830508 0.00762276 0.00868285
0 0.398351 0.55992 0.00735435 0.00831431
0 0.344874 0.834807 0.00702921 0.00833642
0 0.750683 0.283208 0.00760394 0.0125507
0 0.385366 0.336349 0.00725186 0.00705567
0 0.661362 0.194058 0.0143799 0.0134488
0 0.700765 0.310913 0.00780493 0.00836769
0 0.134866 0.874812 0.00758258 0.00797391
0 0.389951 0.892835 0.00936118 0.00894928
0 0.899156 0.183943 0.00707763 0.00759134
0 0.147861 0.801494 0.00864148 0.00915557
0 0.721303 0.290326 0.00614053 0.00666052
0 0.17077 0.716281 0.00573072 0.00763035
0 0.144925 0.574132 0.00723143 0.00795758
0 0.139441 0.677437 0.00771004 0.00765496
0 0.646533 0.298916 0.00716305 0.00744581
0 0.71585 0.472201 0.011191 0.0145397
0 0.0660866 0.319532 0.0111718 0.017809
0 0.689898 0.482223 0.00735414 0.00765419
0 0.20218 0.694335 0.00676437 0.00777912
0 0.43031 0.69917 0.00856572 0.00829107
0 0.532112 0.669099 0.00811803 0.00928086
0 0.329169 0.421961 0.0107285 0.0081045
0 0.644289 0.263485 0.00708407 0.00803557
0 0.778906 0.40466 0.00852031 0.00938714
0 0.921213 0.224334 0.00788152 0.0081338
0 0.168831 0.957457 0.00944369 0.00877148
0 0.179676 0.651093 0.00805226 0.0084635
0 0.303185 0.917827 0.00911212 0.00937271
0 0.222424 0.727136 0.00727792 0.00732654
0 0.455523 0.963211 0.00754794 0.00708431
0 0.581769 0.437124 0.00789124 0.00915125
0 0.559285 0.294422 0.00670779 0.00882769
0 0.280173 0.437532 0.00931215 0.00890142
0 0.349447 0.630405 0.00749463 0.00774121
0 0.641884 0.369024 0.00777435 0.00793362
0 0.505339 0.466658 0.00812382 0.00806093
0 0.354188 0.402771 0.00664946 0.00689375
0 0.452611 0.290264 0.0131956 0.00976419
0 0.238429 0.727024 0.00771657 0.00701445
0 0.635816 0.20503 0.00696886 0.0077281
0 0.76043 0.537859 0.00752681 0.00890094
0 0.166588 0.817848 0.00702758 0.00794792
0 0.3077 0.922953 0.0101432 0.0104836
0 0.385489 0.706292 0.0101861 0.00963837
0 0.333938 0.827285 0.00702944 0.00750846
0 0.614782 0.557712 0.00712299 0.0073393
0 0.131455 0.607142 0.00821953 0.00880051
0 0.104255 0.987345 0.00874949 0.00791126
0 0.119294 0.668507 0.00818457 0.00944006
0 0.168109 0.853334 0.0088179 0.00948602
0 0.62025 0.328808 0.00676119 0.00749826
0 0.489044 0.655585 0.00704402 0.0073601
0 0.133487 0.807957 0.00685684 0.00700682
0 0.504886 0.624281 0.0091095 0.00917262
0 0.297444 0.505786 0.00912714 0.00907093
0 0.482105 0.698898 0.00752181 0.00774616
0 0.415299 0.552325 0.00760534 0.00844342
0 0.40497 0.54669 0.00767556 0.00812757
0 0.227987 0.629055 0.00776911 0.00832331
0 0.17825 0.683159 0.00750802 0.00812608
0 0.160676 0.980437 0.00835323 0.00841653
0 0.600226 0.558056 0.00770491 0.00934964
0 0.930729 0.233366 0.0071426 0.00887622
0 0.176206 0.848816 0.00791569 0.00842893
0 0.728909 0.441203 0.00909591 0.00967351
0 0.693524 0.350011 0.00761348 0.00827491
0 0.533163 0.649944 0.0210683 0.0199585
0 0.588975 0.560415 0.00816458 0.00976467
0 0.694278 0.453978 0.00984091 0.00983831
0 0.323781 0.671984 0.00879717 0.00909787
0 0.246438 0.56364 0.00724448 0.00721896
0 0.527529 0.668163 0.0142878 0.0109152
0 0.342188 0.342893 0.00891182 0.0118423
0 0.743893 0.374343 0.0121148 0.00898075
0 0.331626 0.620592 0.00704098 0.00853229
0 0.986409 0.464994 0.00872517 0.0109494
0 0.363073 0.887391 0.0079973 0.00906068
0 0.331775 0.421005 0.011961 0.0093767
0 0.276091 0.42034 0.00797826 0.0086399
0 0.297606 0.530865 0.00644293 0.0074091
0 0.317834 0.623241 0.00648081 0.00691247
0 0.458713 0.585563 0.0109789 0.00827348
0 0.615931 0.353018 0.00678271 0.006843
