0 0.145595 0.097588 0.0103366 0.0102065
0 0.109886 0.045508 0.0101559 0.00995746
0 0.1156 0.0610479 0.00828893 0.0101901
0 0.108037 0.157393 0.00886665 0.00853114
0 0.104146 0.108141 0.0138502 0.0110167
0 0.0618707 0.0612125 0.0100785 0.0117806
0 0.111738 0.143035 0.0109403 0.0137253
0 0.077135 0.0330405 0.0110924 0.0104374
0 0.11104 0.141401 0.0108653 0.0125461
0 0.0166825 0.0950335 0.0101854 0.0117641
0 0.158229 0.0927691 0.00692949 0.00756979
0 0.154538 0.133054 0.0109073 0.0110841
0 0.077671 0.0473154 0.00978444 0.00980186
0 0.151983 0.129426 0.0154749 0.0147995
0 0.0850783 0.0570962 0.00627617 0.00758077
0 0.0416971 0.101096 0.00828893 0.0085215
0 0.0340866 0.109993 0.0116715 0.0100889
0 0.085446 0.0561286 0.0066755 0.00715499
0 0.766031 0.0166925 0.0122226 0.0118879
0 0.157987 0.0934025 0.00771622 0.00991561
