0 0.918526 0.249959 0.0118042 0.0125912
0 0.942673 0.564897 0.00942951 0.0106241
0 0.553636 0.63271 0.0109842 0.0108919
0 0.882976 0.332995 0.00923425 0.00948086
0 0.963612 0.310208 0.00811499 0.00996178
0 0.582593 0.302098 0.00864738 0.00953093
0 0.783835 0.229855 0.0094707 0.0101409
0 0.933594 0.602027 0.00808066 0.00875545
0 0.750697 0.25944 0.0113013 0.011017
0 0.751719 0.339995 0.00910187 0.0111671
0 0.840707 0.897504 0.0104364 0.0108229
0 0.545958 0.297607 0.00880373 0.00954407
0 0.945762 0.358365 0.00901836 0.00997782
0 0.91893 0.345432 0.00885564 0.00988325
0 0.738579 0.341282 0.00769109 0.00965852
0 0.981226 0.684554 0.0105656 0.0144044
0 0.888916 0.53835 0.010866 0.0125126
0 0.478791 0.640303 0.00892869 0.010457
0 0.935037 0.347787 0.00704044 0.00787383
0 0.926192 0.984805 0.00934368 0.0096516
0 0.572416 0.348389 0.00877988 0.0100225
0 0.87324 0.928448 0.0086599 0.00948524
0 0.911017 0.308003 0.00868374 0.010143
0 0.50324 0.482614 0.00933817 0.00988406
0 0.942615 0.610351 0.00731319 0.00936764
0 0.932443 0.336287 0.00766909 0.00732616
0 0.723752 0.264927 0.00776595 0.0083808
0 0.92687 0.316327 0.00807476 0.00998303
0 0.982969 0.7126 0.00881022 0.00942159
0 0.78964 0.339177 0.00779378 0.00916117
0 0.577297 0.315946 0.00939929 0.00996199
0 0.777173 0.26657 0.00911748 0.00894299
0 0.859195 0.339946 0.0086937 0.0100624
0 0.775885 0.363982 0.00837708 0.00877094
0 0.902978 0.282707 0.00801218 0.00815555
0 0.989841 0.670771 0.00818521 0.00970072
0 0.493052 0.665336 0.0110729 0.0133305
0 0.90624 0.953755 0.011964 0.014101
0 0.307616 0.927213 0.0101978 0.01298
0 0.583748 0.33331 0.0069176 0.00865287
0 0.790962 0.271586 0.00995952 0.0104214
0 0.905987 0.633101 0.00725782 0.00957662
0 0.911193 0.307311 0.0112053 0.0106656
0 0.808204 0.352206 0.00908089 0.00985187
0 0.904532 0.955991 0.0106518 0.0148844
0 0.947639 0.269227 0.0103531 0.0108297
0 0.863114 0.288989 0.0125828 0.00993949
0 0.959562 0.291046 0.00684547 0.00720304
0 0.892857 0.292216 0.00787473 0.0101406
0 0.904267 0.163607 0.00905436 0.0101922
0 0.571631 0.286345 0.00764865 0.0114852
0 0.738469 0.310148 0.00968158 0.0177097
0 0.874545 0.319393 0.00759524 0.00818887
0 0.804553 0.2829 0.0073902 0.00763112
0 0.914061 0.329516 0.00778049 0.00870171
0 0.981086 0.268136 0.0084942 0.0105541
0 0.827622 0.910448 0.00795728 0.0104912
0 0.572184 0.287522 0.00694692 0.010233
0 0.779932 0.282132 0.00804389 0.00840834
0 0.32788 0.838203 0.00880137 0.0108345
0 0.946146 0.357112 0.0103012 0.00990522
0 0.915757 0.292529 0.00736809 0.00742993
0 0.738699 0.308047 0.0111576 0.0153613
0 0.783932 0.322416 0.00715846 0.00844008
0 0.552088 0.646192 0.00817299 0.00851458
0 0.859089 0.277332 0.00989115 0.00817928
0 0.865515 0.265609 0.0083794 0.00922215
0 0.780564 0.252539 0.00714362 0.00867991
0 0.826735 0.420753 0.00846708 0.00918043
0 0.274487 0.953321 0.00739947 0.00820082
0 0.766445 0.310895 0.00818253 0.00963011
0 0.879592 0.238259 0.00706905 0.00766869
0 0.567892 0.105584 0.0144019 0.0148177
0 0.836616 0.297589 0.00757444 0.00756627
0 0.75755 0.379535 0.0113956 0.00989419
0 0.973191 0.667803 0.00601882 0.00684798
0 0.847481 0.30128 0.00717831 0.00823611
0 0.840623 0.443178 0.00834125 0.00962266
0 0.99244 0.344349 0.00592327 0.00681695
0 0.90828 0.553403 0.0118778 0.0124453
0 0.79216 0.371757 0.00870568 0.0113435
0 0.327732 0.836961 0.010677 0.0130512
0 0.964721 0.278333 0.00696909 0.00751689
0 0.487397 0.715879 0.00830957 0.00890386
0 0.982657 0.607538 0.00621909 0.00666869
0 0.814491 0.280669 0.0058893 0.00737715
0 0.862807 0.288524 0.0158787 0.0127457
0 0.861054 0.276733 0.0134422 0.00814933
0 0.267149 0.984637 0.00825882 0.00880283
0 0.256447 0.991512 0.00794259 0.00880319
0 0.308686 0.888948 0.0152395 0.0148521
0 0.827653 0.439981 0.0101822 0.0120498
0 0.805924 0.423219 0.00828248 0.0101273
0 0.759825 0.248065 0.00809574 0.00856934
0 0.767724 0.257647 0.00758028 0.00817516
0 0.906796 0.234632 0.0119976 0.00858994
0 0.964834 0.262934 0.0103027 0.012807
0 0.786431 0.310131 0.00631505 0.00807557
0 0.283749 0.941712 0.0116216 0.0124058
0 0.814487 0.281722 0.00724638 0.00854224
