0 0.562709 0.25009 0.00821608 0.0092188
0 0.543657 0.304319 0.00949013 0.00877661
0 0.729815 0.0287928 0.0108759 0.0118887
0 0.523402 0.2848 0.00741827 0.0104757
0 0.502502 0.489729 0.00749636 0.00813276
0 0.509447 0.393021 0.00813693 0.0100856
0 0.544013 0.265411 0.00765204 0.00830439
0 0.545436 0.553379 0.0108536 0.0115509
0 0.604679 0.401328 0.00848448 0.00906563
0 0.466013 0.566192 0.00735998 0.00952196
0 0.644923 0.373475 0.0110059 0.00894284
0 0.568004 0.399041 0.00819016 0.00978595
0 0.498896 0.46126 0.00633681 0.00747928
0 0.575477 0.237886 0.0090186 0.0104377
0 0.607744 0.304549 0.00874424 0.00865063
0 0.430681 0.335783 0.0125833 0.0133062
0 0.748868 0.00813266 0.00722468 0.00857735
0 0.519887 0.350868 0.00807309 0.00803587
