0 0.521864 0.073058 0.0123392 0.0125528
0 0.513325 0.0933947 0.0103338 0.00952127
0 0.542001 0.092791 0.0111015 0.0116531
0 0.49004 0.0954299 0.00966588 0.01061
0 0.820984 0.124948 0.0136879 0.0146859
0 0.489777 0.0950447 0.0121164 0.0132114
0 0.556235 0.0257235 0.0136325 0.014383
0 0.520868 0.110537 0.0100372 0.0109851
0 0.526952 0.0518361 0.0161709 0.0181856
0 0.360318 0.0674311 0.0141718 0.0153832
0 0.845815 0.134128 0.0153099 0.0176113
0 0.551042 0.0790667 0.0111111 0.0103087
0 0.835579 0.154627 0.0177658 0.0164895
0 0.838952 0.1112 0.0112848 0.00969453
0 0.489521 0.0948557 0.0144265 0.0172245
0 0.845568 0.13466 0.0132923 0.0140128
0 0.838689 0.112342 0.0138848 0.011541
