0 0.988714 0.316383 0.0204054 0.0208715
0 0.95737 0.659244 0.0117481 0.0114239
0 0.960131 0.621666 0.00857735 0.00883377
0 0.931402 0.243117 0.00941294 0.00916381
0 0.983148 0.709447 0.0130016 0.0103273
0 0.93723 0.164344 0.00755119 0.00848584
0 0.963588 0.156357 0.0124168 0.015917
0 0.949485 0.253105 0.00990224 0.0103871
0 0.969575 0.632954 0.0068785 0.00803268
0 0.96488 0.608291 0.0108883 0.00841767
0 0.965567 0.583927 0.00585896 0.00791651
0 0.992594 0.275494 0.0148125 0.015421
0 0.927874 0.68512 0.00888693 0.0115521
