0 0.31746 0.893539 0.0122041 0.012706
0 0.547384 0.891927 0.00770813 0.00875109
0 0.585258 0.928397 0.00675052 0.00698817
0 0.374244 0.948213 0.0123328 0.0102905
0 0.303957 0.929756 0.00917271 0.00849533
0 0.436705 0.488131 0.00671291 0.00773352
0 0.448068 0.534058 0.00577116 0.00569999
0 0.542799 0.853231 0.00745171 0.00660056
0 0.397315 0.889941 0.0073494 0.00863075
0 0.359315 0.940051 0.0120715 0.00989377
0 0.279221 0.996539 0.0120558 0.00692272
0 0.551866 0.585809 0.00588018 0.00528169
0 0.367359 0.91525 0.0115934 0.0130825
0 0.448957 0.553854 0.00613812 0.00611001
0 0.348885 0.947816 0.00816849 0.00981617
0 0.439898 0.575599 0.00985307 0.0100285
0 0.326784 0.948909 0.0123146 0.00992334
0 0.369077 0.913476 0.00984699 0.0118372
0 0.553561 0.599547 0.00767344 0.00729614
0 0.353721 0.924139 0.0100012 0.00944483
0 0.624564 0.540873 0.00844008 0.0108261
0 0.323814 0.950335 0.0133873 0.00994611
