0 0.871478 0.834617 0.0101921 0.0109074
0 0.916367 0.700503 0.0103588 0.0127653
0 0.941842 0.484151 0.00979352 0.0100149
0 0.947403 0.765433 0.00901222 0.0095551
0 0.95778 0.560509 0.0121682 0.0104554
0 0.890184 0.728265 0.0104012 0.010217
0 0.903854 0.18875 0.0110733 0.0120834
0 0.897974 0.704802 0.00897735 0.00983793
0 0.941079 0.167177 0.00819439 0.00952514
0 0.962915 0.229297 0.00950432 0.00939293
0 0.852501 0.739757 0.00982648 0.0107687
0 0.827834 0.679108 0.0104084 0.0108495
0 0.878413 0.642473 0.010973 0.0112457
0 0.930422 0.465796 0.0102178 0.0105482
0 0.945442 0.795253 0.0092476 0.00952679
0 0.98606 0.760684 0.00970894 0.0108994
0 0.821421 0.590858 0.00937158 0.0104044
0 0.913652 0.404347 0.00779802 0.00847882
0 0.983872 0.267259 0.00985831 0.0113752
0 0.860608 0.33548 0.00976831 0.0102403
0 0.967309 0.77126 0.0101318 0.0108948
0 0.901546 0.42109 0.0085808 0.00821248
0 0.983213 0.608074 0.00839573 0.0086031
0 0.857614 0.445645 0.00853729 0.00909767
0 0.969978 0.611477 0.010294 0.0103863
0 0.818322 0.57837 0.00866282 0.0100252
0 0.828513 0.74634 0.0116543 0.0131401
0 0.907396 0.63481 0.00962412 0.0105604
0 0.771609 0.794402 0.0106711 0.0104964
0 0.979745 0.890887 0.0089798 0.00971222
0 0.981176 0.554901 0.0105921 0.011277
0 0.909127 0.594498 0.0108589 0.0101893
0 0.882206 0.61182 0.0096615 0.0102608
0 0.947007 0.549419 0.0110514 0.0129721
0 0.897465 0.439769 0.00794101 0.00886843
0 0.913373 0.41454 0.00655556 0.00679722
0 0.91128 0.612249 0.0122429 0.0159065
0 0.920647 0.723029 0.00916213 0.00991005
0 0.991124 0.451276 0.00919777 0.00954723
0 0.938854 0.354891 0.00957716 0.0104829
0 0.929672 0.732691 0.00909501 0.00974751
0 0.976353 0.121084 0.0100819 0.012034
0 0.949825 0.922571 0.00953126 0.0092032
0 0.787622 0.789862 0.0104632 0.0108261
0 0.989963 0.140162 0.0096752 0.0097862
0 0.927914 0.296974 0.0101803 0.00994813
0 0.974559 0.298264 0.00910836 0.00863671
0 0.8746 0.173231 0.0173442 0.0180298
0 0.802558 0.756934 0.00952971 0.0104065
0 0.890568 0.636256 0.00884777 0.0101128
0 0.825361 0.56497 0.0104668 0.0115178
0 0.977716 0.586937 0.00905758 0.0100112
0 0.774179 0.745408 0.00991905 0.0100341
0 0.903798 0.401665 0.00664693 0.00717956
0 0.894308 0.600648 0.0102779 0.00974613
0 0.937473 0.307645 0.0102383 0.0109901
0 0.991418 0.427828 0.00812989 0.0101934
0 0.951049 0.146765 0.0101376 0.0134993
0 0.927568 0.369925 0.0105293 0.0108401
0 0.92575 0.986392 0.00857925 0.00973564
0 0.815398 0.620971 0.0115712 0.0118393
0 0.895134 0.548254 0.00744283 0.00908822
0 0.866108 0.648575 0.00856328 0.0103588
0 0.849564 0.327428 0.00801617 0.00922289
0 0.879507 0.450042 0.00978661 0.0112943
0 0.808023 0.569369 0.0104744 0.0108488
0 0.800431 0.708634 0.011808 0.00944179
0 0.968289 0.933999 0.00865138 0.0108847
0 0.869865 0.477776 0.0104339 0.0110899
0 0.897065 0.613741 0.00938487 0.00993675
0 0.791763 0.776719 0.00830913 0.00834817
0 0.94647 0.823066 0.00643003 0.00827008
0 0.972655 0.623556 0.0087719 0.00757962
0 0.964321 0.218083 0.00779724 0.0075862
0 0.845507 0.772425 0.0102358 0.0108118
0 0.956314 0.428007 0.0093891 0.0133997
0 0.830086 0.707432 0.00813389 0.00922447
0 0.766157 0.752494 0.00830871 0.00891495
0 0.990006 0.775265 0.010017 0.00838816
0 0.81282 0.694344 0.00796527 0.00972229
0 0.91325 0.977631 0.00825673 0.00955373
0 0.958336 0.126773 0.00946844 0.0104429
0 0.807324 0.588351 0.00847667 0.0095188
0 0.81215 0.778107 0.00876009 0.0101088
0 0.971917 0.288861 0.0121694 0.00922585
0 0.936895 0.324263 0.00909501 0.00958091
0 0.879977 0.477303 0.0080725 0.00944403
0 0.976004 0.863936 0.00666976 0.00830787
0 0.99716 0.61134 0.00568086 0.0122309
0 0.825804 0.556496 0.0103558 0.0118479
0 0.923708 0.600255 0.00989401 0.0100007
0 0.996141 0.771651 0.00771862 0.0114645
0 0.771273 0.610299 0.00909477 0.0121102
0 0.954473 0.888602 0.00696701 0.00811541
0 0.995318 0.281622 0.00860769 0.010426
0 0.878236 0.680502 0.00653613 0.00746518
0 0.886613 0.437598 0.00772494 0.0086937
0 0.757374 0.586497 0.00785649 0.00895828
0 0.795148 0.583255 0.0099709 0.00934654
0 0.963148 0.997302 0.00847131 0.00539684
0 0.84428 0.597898 0.00810283 0.0111168
0 0.808791 0.709439 0.00733984 0.00829142
0 0.966808 0.360253 0.00969386 0.00986469
0 0.904272 0.332107 0.00968152 0.0102748
0 0.977162 0.925228 0.0106117 0.0107357
0 0.991637 0.305077 0.00825274 0.00824434
0 0.970361 0.861229 0.0107559 0.0112088
0 0.993168 0.66533 0.0115322 0.0165771
0 0.981269 0.700743 0.00886035 0.0104008
0 0.97473 0.921933 0.0100565 0.0112041
0 0.973577 0.288112 0.0111948 0.00852269
0 0.991391 0.316293 0.00751477 0.00831956
0 0.9117 0.353875 0.00999814 0.0100725
0 0.927724 0.384322 0.00985223 0.0094119
0 0.950897 0.594514 0.00893342 0.0094834
0 0.761253 0.738614 0.0081048 0.00908375
0 0.975801 0.923761 0.0126756 0.0141109
0 0.989685 0.801388 0.0132454 0.0107225
0 0.917434 0.37788 0.00818461 0.0100449
0 0.942652 0.371757 0.0101891 0.0102136
0 0.946647 0.993428 0.0124348 0.0112537
0 0.956748 0.813262 0.00764352 0.00883925
0 0.994906 0.250497 0.00870764 0.00978231
0 0.939745 0.993328 0.0105873 0.0106857
0 0.974588 0.287333 0.00889051 0.00834009
0 0.972004 0.86193 0.0146472 0.0133337
0 0.92356 0.399245 0.00645751 0.0067625
0 0.900606 0.342778 0.00753176 0.00799513
0 0.764652 0.61194 0.0156258 0.0139691
0 0.991414 0.837271 0.00779229 0.00877702
0 0.828769 0.746268 0.0138794 0.0161417
0 0.917132 0.332105 0.00760347 0.00973707
0 0.871085 0.96137 0.00622785 0.00667626
0 0.835836 0.97975 0.00893652 0.0103546
0 0.816783 0.620725 0.0155575 0.0140079
0 0.925724 0.340834 0.0115467 0.013197
0 0.964125 0.886469 0.00630134 0.00672054
0 0.725502 0.784796 0.0146936 0.0173321
0 0.807718 0.569769 0.0125836 0.012912
0 0.844579 0.77245 0.0134484 0.0126879
0 0.726401 0.786409 0.0106039 0.0150619
0 0.754582 0.771417 0.00824165 0.0100001
0 0.766258 0.611454 0.0204582 0.0159621
0 0.893317 0.942762 0.00743049 0.00788176
0 0.924047 0.341373 0.0115444 0.0130334
0 0.925384 0.810905 0.00767499 0.00794029
0 0.950798 0.146459 0.0134731 0.016967
0 0.924411 0.384319 0.0123596 0.0109271
0 0.830007 0.707656 0.0100973 0.010825
0 0.977597 0.811059 0.00692481 0.00779152
0 0.953714 0.865037 0.00771755 0.00868225
0 0.938743 0.355191 0.0115311 0.0128162
0 0.97397 0.862977 0.0118061 0.0116946
0 0.985554 0.713795 0.0105915 0.00911576
0 0.806771 0.717984 0.00803643 0.00761038
0 0.910703 0.614823 0.0132162 0.0170975
