0 0.224668 0.446323 0.0130039 0.0136427
0 0.45416 0.619421 0.0106069 0.0112554
0 0.215943 0.647357 0.00892869 0.00971639
0 0.654033 0.528131 0.00937712 0.00982249
0 0.667071 0.441497 0.0104454 0.0111515
0 0.387501 0.893932 0.0142466 0.013599
0 0.747751 0.426843 0.00896895 0.00899658
0 0.713517 0.474301 0.00933504 0.0099102
0 0.357026 0.542377 0.00908002 0.00979096
0 0.6952 0.502034 0.0121757 0.0104911
0 0.836577 0.413603 0.0106434 0.0114326
0 0.850927 0.648265 0.00890595 0.00952262
0 0.634335 0.489809 0.00936812 0.00995103
0 0.299278 0.155338 0.0109058 0.0121482
0 0.865448 0.647688 0.0097729 0.010944
0 0.862249 0.775755 0.0129368 0.0141697
0 0.3371 0.586087 0.0104549 0.0107142
0 0.711239 0.451526 0.00864488 0.00929698
0 0.246614 0.520643 0.0110127 0.0110124
0 0.319669 0.870448 0.00857627 0.00967449
0 0.259027 0.0967108 0.00865766 0.0088458
0 0.666273 0.36997 0.0101168 0.01107
0 0.80235 0.409895 0.00905341 0.0108316
0 0.261521 0.865663 0.0105023 0.0107679
0 0.663601 0.390523 0.00926292 0.0107587
0 0.592898 0.216276 0.0103834 0.00988045
0 0.539011 0.315376 0.00770867 0.00831494
0 0.59714 0.989364 0.00828284 0.00911593
0 0.431706 0.492269 0.00860214 0.010047
0 0.440827 0.602689 0.00963363 0.00857753
0 0.651392 0.513934 0.00768566 0.00864106
0 0.339715 0.808558 0.0118468 0.0120732
0 0.725767 0.439402 0.00865531 0.010424
0 0.453709 0.188983 0.00825852 0.00965333
0 0.977803 0.646709 0.0113434 0.0136267
0 0.397874 0.932797 0.00878167 0.0104538
0 0.604807 0.20268 0.00830954 0.00852266
0 0.372879 0.595717 0.00987291 0.00950015
0 0.670325 0.501394 0.00858057 0.00891036
0 0.331743 0.704016 0.00839111 0.0091331
0 0.653179 0.361492 0.00928766 0.00932047
0 0.632939 0.260048 0.00690889 0.00796059
0 0.542018 0.304377 0.00746441 0.00767455
0 0.789683 0.396731 0.008762 0.00898761
0 0.789909 0.472549 0.0120829 0.0121641
0 0.290677 0.852945 0.0112251 0.013739
0 0.234084 0.51365 0.0107846 0.0103173
0 0.853439 0.417534 0.00968933 0.0101725
0 0.337812 0.185287 0.0095093 0.0133771
0 0.739909 0.526201 0.0086844 0.00981236
0 0.348016 0.767736 0.00948668 0.0109349
0 0.846678 0.894447 0.00898057 0.00908357
0 0.0663617 0.297447 0.0114332 0.0101589
0 0.502034 0.228546 0.00881943 0.00922662
0 0.336756 0.252417 0.00882781 0.010309
0 0.307637 0.623904 0.00912914 0.0095644
0 0.892275 0.639978 0.00914001 0.0116564
0 0.849232 0.432744 0.0108227 0.0118017
0 0.204149 0.266302 0.0084693 0.0085063
0 0.412171 0.272495 0.0117073 0.00998202
0 0.624902 0.505878 0.0088408 0.00879401
0 0.691903 0.361196 0.00926018 0.00917673
0 0.267669 0.141052 0.0080646 0.00801258
0 0.753968 0.491354 0.0121523 0.0116571
0 0.625934 0.267041 0.00695211 0.00733969
0 0.353419 0.204045 0.0112184 0.0101423
0 0.477659 0.235225 0.0120429 0.0114903
0 0.470853 0.929 0.00863659 0.0093357
0 0.834986 0.445143 0.0103836 0.00981522
0 0.415756 0.254573 0.01283 0.0100509
0 0.44655 0.0215602 0.00768679 0.00821424
0 0.506742 0.283387 0.00850838 0.00897416
0 0.317151 0.229856 0.00955227 0.0113061
0 0.492133 0.895094 0.00900459 0.00980949
0 0.592467 0.301921 0.00921977 0.0103071
0 0.445332 0.968807 0.0119508 0.010654
0 0.647888 0.275187 0.00877398 0.00969905
0 0.814708 0.373281 0.0140694 0.0104282
0 0.848968 0.484372 0.0091877 0.0104742
0 0.172896 0.288645 0.0071342 0.00823951
0 0.698633 0.482741 0.00728685 0.00759792
0 0.654718 0.433017 0.00961804 0.0103487
0 0.89249 0.917729 0.0110838 0.0116178
0 0.646417 0.346269 0.0077917 0.00950426
0 0.407212 0.875679 0.0127634 0.0125347
0 0.328295 0.797824 0.00741401 0.00888503
0 0.633701 0.274067 0.00680351 0.00671104
0 0.271449 0.0955592 0.00652003 0.00775636
0 0.601348 0.237521 0.00823343 0.00928617
0 0.570449 0.959123 0.0102002 0.00971872
0 0.834615 0.483138 0.011878 0.0112322
0 0.826163 0.75433 0.0072428 0.0084902
0 0.183896 0.433739 0.011465 0.0122628
0 0.542305 0.280293 0.00614262 0.00685415
0 0.354219 0.0330691 0.00668699 0.00666021
0 0.307883 0.272517 0.00604638 0.00706708
0 0.432983 0.738912 0.00861341 0.00909424
0 0.638229 0.326789 0.00789666 0.0086689
0 0.784273 0.501834 0.00954837 0.0116678
0 0.202157 0.56469 0.00876141 0.00981086
0 0.492127 0.920835 0.007938 0.00825691
0 0.275449 0.132859 0.00643826 0.00767671
0 0.622563 0.538419 0.0096302 0.00952226
0 0.0589252 0.460479 0.00755019 0.00750542
0 0.032716 0.710926 0.00742647 0.00865936
0 0.575413 0.29487 0.00937486 0.0093092
0 0.630694 0.304095 0.00866812 0.00861615
0 0.351936 0.641065 0.00861195 0.00933349
0 0.803767 0.471595 0.00935131 0.0108946
0 0.861704 0.662595 0.00961876 0.00911212
0 0.870937 0.457666 0.00910091 0.00902042
0 0.504116 0.217833 0.00899675 0.00824304
0 0.375424 0.529721 0.00870249 0.0096941
0 0.404271 0.26364 0.00799561 0.00854874
0 0.625956 0.492195 0.00871861 0.00930631
0 0.441469 0.201321 0.00904942 0.00918883
0 0.395855 0.860502 0.013382 0.0120636
0 0.481882 0.900215 0.00928441 0.00988925
0 0.64609 0.180133 0.00843525 0.0083046
0 0.319224 0.0788045 0.00780186 0.00885743
0 0.567898 0.402095 0.00824243 0.0104216
0 0.276627 0.581203 0.0102264 0.0106352
0 0.279503 0.257308 0.00820798 0.00857925
0 0.574832 0.204537 0.0110904 0.0101531
0 0.364392 0.200471 0.00851813 0.00987948
0 0.232543 0.288201 0.00642857 0.00708488
0 0.654615 0.374019 0.00739592 0.00735366
0 0.732643 0.495347 0.00814933 0.00967428
0 0.38483 0.913856 0.00888848 0.00967598
0 0.592337 0.154903 0.00717622 0.00786062
0 0.163421 0.522211 0.00961429 0.00950831
0 0.836786 0.46891 0.00766182 0.0084261
0 0.395794 0.51146 0.00968775 0.00855923
0 0.697897 0.542895 0.00923061 0.00999641
0 0.58362 0.165804 0.00817072 0.00758629
0 0.185854 0.33639 0.00893736 0.00849941
0 0.691201 0.522873 0.0109175 0.0122466
0 0.877795 0.443199 0.0106777 0.0113375
0 0.286461 0.872489 0.00861576 0.00898039
0 0.840885 0.693274 0.00871944 0.0107746
0 0.691616 0.277119 0.0121191 0.00900611
0 0.238886 0.314479 0.00699072 0.00595403
0 0.738088 0.542468 0.00813508 0.0104257
0 0.693861 0.24075 0.0079304 0.00850038
0 0.875397 0.925236 0.0118549 0.0129982
0 0.284236 0.883822 0.0107664 0.0106583
0 0.57306 0.149211 0.00769615 0.00775647
0 0.301442 0.278277 0.00639147 0.0060311
0 0.255249 0.147387 0.00819254 0.00737399
0 0.475646 0.942306 0.00705481 0.00778371
0 0.295887 0.132483 0.00880828 0.00875682
0 0.451386 0.211931 0.00803947 0.00829864
0 0.65824 0.475627 0.00681615 0.00758952
0 0.754369 0.493318 0.0134928 0.0158863
0 0.856959 0.676792 0.0114704 0.010341
0 0.756916 0.857749 0.012215 0.0128975
0 0.353359 0.520171 0.00879443 0.00978434
0 0.198443 0.53275 0.00941937 0.0103533
0 0.424835 0.858021 0.00760871 0.00927293
0 0.743153 0.49861 0.00705737 0.00809678
0 0.617221 0.344789 0.0102339 0.0108099
0 0.598349 0.50673 0.00778788 0.00779027
0 0.689109 0.526406 0.0132477 0.0177928
0 0.688853 0.530281 0.0115895 0.0128158
0 0.4611 0.736814 0.0102783 0.0112579
0 0.573745 0.382753 0.00639582 0.00691107
0 0.212806 0.50813 0.0143857 0.0161315
0 0.485527 0.280096 0.00936604 0.00923073
0 0.628282 0.984802 0.00705642 0.0086292
0 0.294551 0.248377 0.0063388 0.00728245
0 0.153787 0.43073 0.00915831 0.00886497
0 0.602038 0.409869 0.00879526 0.0116137
0 0.8791 0.472239 0.00997692 0.0112459
0 0.288108 0.117114 0.00640208 0.00660551
0 0.692689 0.252944 0.00670415 0.00654626
0 0.449321 0.940717 0.00754148 0.00781614
0 0.392161 0.255737 0.00816387 0.00840494
0 0.122271 0.383566 0.0102311 0.0106652
0 0.701779 0.0277226 0.00705588 0.00771117
0 0.60563 0.533104 0.00865233 0.00898951
0 0.445091 0.732396 0.0103521 0.0122408
0 0.0990043 0.353628 0.00873125 0.00950417
0 0.38634 0.576301 0.007687 0.00751454
0 0.305374 0.249187 0.00731689 0.00756145
0 0.827358 0.465951 0.00770456 0.00873011
0 0.573583 0.166103 0.010393 0.0111695
0 0.399269 0.49964 0.00892708 0.00828078
0 0.40985 0.575489 0.0127977 0.0114692
0 0.4473 0.593533 0.00777435 0.00773525
0 0.428188 0.587138 0.00668183 0.00754279
0 0.170802 0.433014 0.0071876 0.00972921
0 0.638359 0.429251 0.0115734 0.012192
0 0.387172 0.54019 0.00984558 0.0101374
0 0.807217 0.960128 0.00847322 0.00929815
0 0.564888 0.37893 0.00867885 0.00874874
0 0.0890495 0.422693 0.00741432 0.0078142
0 0.398659 0.538959 0.0112781 0.0113342
0 0.34664 0.176115 0.00840035 0.0086821
0 0.0953834 0.4305 0.00684766 0.00731611
0 0.232424 0.305013 0.00804619 0.00764713
0 0.772008 0.86763 0.0104108 0.0113888
0 0.446459 0.734567 0.0115846 0.0149782
0 0.485853 0.947483 0.00677946 0.00724864
0 0.0270848 0.329575 0.0088849 0.010935
0 0.809295 0.800758 0.00911254 0.00805819
0 0.275821 0.535232 0.00769612 0.00850278
0 0.437821 0.868088 0.0089733 0.00989914
0 0.802039 0.46476 0.00878185 0.0108887
0 0.266641 0.541837 0.00678921 0.00770515
0 0.236987 0.278368 0.00684291 0.00698504
0 0.831963 0.50038 0.0103176 0.0120398
0 0.610439 0.985984 0.00752926 0.00785941
0 0.696663 0.558594 0.00950009 0.0101929
0 0.0587995 0.428879 0.00844202 0.00802252
0 0.157906 0.36796 0.00991622 0.00943834
0 0.394589 0.238634 0.0072751 0.0091958
0 0.333736 0.264579 0.00652543 0.00702086
0 0.0511844 0.408243 0.00823531 0.00960723
0 0.447494 0.737135 0.0108964 0.0116121
0 0.337987 0.830187 0.0129941 0.0117536
0 0.307044 0.285558 0.00643373 0.00634235
0 0.826514 0.457344 0.00819892 0.00957632
0 0.378465 0.260315 0.00889051 0.011057
0 0.652224 0.293545 0.00786364 0.00724602
0 0.34761 0.0248512 0.00936517 0.00974601
0 0.469886 0.260292 0.0063732 0.00737715
0 0.135959 0.353454 0.00921507 0.0109474
0 0.058297 0.411483 0.0075134 0.00793278
0 0.351077 0.0975733 0.00904369 0.0117792
0 0.811218 0.823709 0.00792259 0.00998235
0 0.800014 0.371422 0.00892299 0.0100659
0 0.390348 0.56043 0.0109103 0.0126416
0 0.344451 0.510273 0.0105425 0.0102766
0 0.625476 0.266898 0.00875777 0.00860196
0 0.365027 0.607355 0.0105073 0.00981891
0 0.585275 0.144525 0.00752985 0.0075023
0 0.299915 0.608532 0.00814077 0.00998825
0 0.683891 0.514287 0.00829887 0.0103916
0 0.230665 0.064895 0.0101809 0.011742
0 0.909378 0.658314 0.00725633 0.00794542
0 0.651659 0.512663 0.0076704 0.00814533
0 0.224254 0.223723 0.00823155 0.00933166
0 0.123005 0.707905 0.00895796 0.00937861
0 0.325645 0.213883 0.00713149 0.00821863
0 0.903485 0.930466 0.00904483 0.010803
0 0.578762 0.422133 0.00986636 0.0105949
0 0.466072 0.196359 0.00889322 0.00959754
0 0.944047 0.729718 0.00863594 0.00932389
0 0.311925 0.241876 0.00773692 0.00677042
0 0.448825 0.0444942 0.00829488 0.00790102
0 0.565902 0.282031 0.0115818 0.00905389
0 0.67618 0.190284 0.00668812 0.00744148
0 0.480418 0.0926145 0.00683767 0.00692225
0 0.197369 0.946473 0.00840138 0.00816458
0 0.138191 0.333249 0.00856872 0.0083541
0 0.363794 0.524179 0.00768107 0.00738126
0 0.109891 0.35438 0.0106416 0.00840092
0 0.953128 0.763052 0.00820518 0.00914824
0 0.478467 0.190419 0.00818807 0.00930853
0 0.812954 0.811606 0.00855064 0.00926059
0 0.826053 0.456064 0.00909656 0.010005
0 0.463438 0.0633037 0.017499 0.0113128
0 0.395261 0.237698 0.00737381 0.00854386
0 0.312828 0.296709 0.00755984 0.00738364
0 0.391968 0.0211269 0.00897184 0.00904955
0 0.290859 0.622028 0.00854596 0.00981271
0 0.176693 0.953906 0.0101859 0.0103516
0 0.317264 0.231326 0.0109982 0.0136363
0 0.197264 0.274655 0.00876074 0.00741124
0 0.295502 0.131233 0.00900555 0.00894465
0 0.285209 0.603745 0.00940433 0.00947034
0 0.593915 0.167533 0.00743139 0.00772025
0 0.658236 0.302813 0.00930727 0.00963813
0 0.588586 0.416134 0.00949383 0.00933856
0 0.027616 0.331295 0.00929329 0.00991622
0 0.386635 0.225609 0.00626412 0.00687703
0 0.315169 0.239842 0.00942963 0.00752716
0 0.432321 0.973373 0.00742891 0.00884855
0 0.281596 0.269083 0.00931004 0.00791186
0 0.191324 0.284887 0.00950241 0.00807047
0 0.358332 0.0643623 0.00607052 0.00721763
0 0.551994 0.299395 0.00718647 0.00766823
0 0.392204 0.241303 0.00867727 0.0096747
0 0.200826 0.550122 0.0111441 0.0119851
0 0.613204 0.520281 0.0073154 0.00811726
0 0.351115 0.495694 0.0114187 0.0151993
0 0.267308 0.0584562 0.00785533 0.00749363
0 0.749865 0.912793 0.0125049 0.0107182
0 0.711329 0.450511 0.010776 0.0103578
0 0.0209786 0.315743 0.00927713 0.0110672
0 0.70775 0.51146 0.00787878 0.00776726
0 0.481161 0.212588 0.0124927 0.0132892
0 0.788911 0.473135 0.0153721 0.0147218
0 0.396893 0.586762 0.00842342 0.00743711
0 0.158683 0.510866 0.0113628 0.0108092
0 0.789285 0.753332 0.00826705 0.00894183
0 0.848533 0.735689 0.00786209 0.00871623
0 0.0590576 0.473163 0.0100153 0.0105323
0 0.563826 0.281622 0.0118424 0.00843811
0 0.0838228 0.282742 0.00733469 0.007622
