0 0.963903 0.583912 0.0149933 0.0139472
0 0.015751 0.973463 0.0143658 0.0135347
0 0.751754 0.184537 0.0143355 0.0134523
0 0.305955 0.20577 0.0144173 0.0135937
0 0.0929775 0.862131 0.0174891 0.016705
0 0.535772 0.133722 0.0169754 0.0173847
0 0.111089 0.890524 0.0133835 0.0131741
0 0.837652 0.574847 0.0174663 0.0159376
0 0.11241 0.970598 0.0185708 0.0172485
0 0.517215 0.0460655 0.0160463 0.0151922
0 0.0855241 0.981784 0.0158698 0.014946
0 0.84442 0.798775 0.0151825 0.0136189
0 0.695003 0.50513 0.0129974 0.0114945
0 0.682055 0.298738 0.0180178 0.0181135
0 0.489086 0.0486453 0.0153506 0.0162645
0 0.603039 0.178355 0.0209073 0.0219166
0 0.0271992 0.944692 0.0118732 0.0120438
0 0.622523 0.429109 0.0206131 0.0169148
0 0.0893232 0.962871 0.0159819 0.014814
0 0.856951 0.588994 0.0154106 0.01534
0 0.6489 0.763559 0.014686 0.0143308
0 0.633684 0.45913 0.0120011 0.0116469
0 0.917377 0.370378 0.0119202 0.0106295
0 0.370909 0.63271 0.0119011 0.0116751
0 0.648156 0.440516 0.0155212 0.0160189
0 0.865169 0.71604 0.0130957 0.01183
0 0.302946 0.944829 0.0129662 0.0113968
0 0.680077 0.277418 0.0116144 0.0112484
0 0.469891 0.0858694 0.0150389 0.0151263
0 0.961264 0.0136492 0.013913 0.0152312
0 0.816209 0.440868 0.01486 0.0139923
0 0.56442 0.110739 0.00942135 0.00899106
0 0.0384192 0.0736455 0.0116635 0.0105106
0 0.86079 0.414548 0.0139399 0.0158597
0 0.778942 0.965685 0.0144032 0.0110115
0 0.0997347 0.0150484 0.01211 0.0116138
0 0.142471 0.0212829 0.0120991 0.0096898
0 0.901804 0.229486 0.0134701 0.0121766
0 0.0292527 0.961501 0.00987095 0.0101721
0 0.963655 0.177865 0.0107613 0.0127238
0 0.98857 0.567368 0.00944215 0.0105833
0 0.647837 0.440744 0.0193359 0.0186436
