0 0.204114 0.802717 0.00920701 0.00985605
0 0.321969 0.903849 0.00773335 0.00837266
0 0.114736 0.577789 0.0117701 0.0101146
0 0.203856 0.740377 0.0081571 0.0096857
0 0.0899404 0.690338 0.00743654 0.00833565
0 0.110311 0.704294 0.00729945 0.00883085
0 0.160681 0.773107 0.00764002 0.00890595
0 0.104111 0.739735 0.00796547 0.00912529
0 0.119551 0.792359 0.00781105 0.00879037
0 0.499304 0.649229 0.00914463 0.00999016
0 0.108329 0.674084 0.00862809 0.00862473
0 0.0666876 0.610536 0.00815111 0.0085997
0 0.0960956 0.680414 0.00817909 0.00798726
0 0.278699 0.930255 0.00785837 0.0075466
0 0.386937 0.976573 0.0119147 0.0115738
0 0.319737 0.915139 0.00666448 0.00795025
0 0.289747 0.952253 0.00902131 0.00940478
0 0.496025 0.623133 0.00843698 0.0107804
0 0.211727 0.85087 0.00973922 0.012038
0 0.188349 0.628639 0.00749746 0.00884444
0 0.0274793 0.760496 0.00715261 0.00752002
0 0.402813 0.966324 0.00799856 0.0086937
0 0.215217 0.651332 0.008504 0.0104902
0 0.273887 0.945992 0.00688016 0.00720936
0 0.236534 0.935069 0.00690198 0.00876653
0 0.488763 0.678666 0.00734559 0.00971466
0 0.245296 0.93236 0.00596341 0.00764942
0 0.140757 0.665964 0.0065677 0.00725937
0 0.267944 0.930758 0.00676689 0.00752676
0 0.0149005 0.764528 0.00703958 0.00827599
0 0.559054 0.665 0.0121686 0.017935
0 0.469361 0.729037 0.00879708 0.0093956
0 0.0194831 0.827835 0.00755779 0.0088833
0 0.0095078 0.782917 0.00836185 0.00950325
0 0.035281 0.700831 0.00618549 0.0078333
0 0.394935 0.959957 0.00602201 0.00787544
0 0.13208 0.642848 0.00713362 0.00870347
0 0.0230238 0.553412 0.00841291 0.0119573
0 0.142847 0.673848 0.00716004 0.00784206
0 0.0566958 0.767107 0.00730452 0.00800943
0 0.42596 0.78723 0.00849161 0.0091688
0 0.425688 0.827666 0.0109304 0.0107532
0 0.245154 0.867191 0.00699273 0.00696069
0 0.327479 0.936466 0.00768137 0.00875205
0 0.0969102 0.800985 0.00574577 0.00652564
0 0.0706322 0.776688 0.00549189 0.00677055
0 0.467857 0.674255 0.00782034 0.00923491
0 0.432299 0.835241 0.00749788 0.0083769
0 0.558462 0.665034 0.0158832 0.0205868
0 0.462838 0.68473 0.00715408 0.00789398
0 0.0996739 0.706694 0.00729711 0.0081591
0 0.491722 0.864982 0.00765181 0.0102055
0 0.40153 0.817095 0.00574732 0.00720942
0 0.035334 0.69988 0.00716305 0.00913638
