0 0.593553 0.983204 0.016422 0.013549
0 0.59176 0.962855 0.0173781 0.0148762
0 0.552421 0.541528 0.0137382 0.0136043
0 0.553457 0.403233 0.0207966 0.0145896
0 0.053267 0.241007 0.0234162 0.0185769
0 0.65902 0.836012 0.0167108 0.0116398
0 0.0307724 0.0546219 0.018922 0.0133467
0 0.429476 0.140169 0.0209607 0.0171693
0 0.231175 0.542881 0.018639 0.0148163
0 0.180511 0.842626 0.0137504 0.00968111
0 0.212641 0.683375 0.0165967 0.0137919
0 0.0162356 0.00375743 0.0215203 0.00751485
0 0.0204756 0.992478 0.00910002 0.0118284
0 0.424724 0.786581 0.0168643 0.0133559
0 0.153874 0.764566 0.00768903 0.00896949
0 0.543347 0.83135 0.0194913 0.0116951
0 0.0193113 0.915768 0.00800946 0.0087589
0 0.214189 0.681388 0.0203973 0.0196573
