0 0.683349 0.983102 0.0239998 0.0161861
0 0.85082 0.958857 0.0218461 0.0216987
0 0.370598 0.77725 0.0117756 0.0116816
0 0.739182 0.787121 0.0166382 0.0142395
0 0.834125 0.805384 0.023951 0.0154201
0 0.726317 0.263329 0.0164528 0.0146371
0 0.877683 0.977421 0.0168041 0.017936
0 0.0162171 0.42037 0.0192016 0.0150717
0 0.959957 0.51873 0.0177643 0.0160841
0 0.928201 0.966709 0.00564212 0.00625271
0 0.799855 0.750234 0.0226435 0.0158525
0 0.15549 0.862272 0.0116128 0.0173517
0 0.593918 0.845102 0.0215985 0.0201557
0 0.53853 0.911016 0.0270506 0.0245121
0 0.994822 0.605792 0.00952339 0.0112299
0 0.747473 0.97457 0.00886363 0.0124958
0 0.707638 0.860587 0.0161794 0.0127336
0 0.937597 0.221367 0.0123312 0.0137022
0 0.00880936 0.126957 0.0170099 0.0146059
0 0.139796 0.507653 0.0115983 0.00900662
0 0.392288 0.377618 0.00536507 0.00606561
0 0.819472 0.883048 0.0167416 0.0173174
0 0.778038 0.955058 0.0107965 0.0133839
0 0.105351 0.140865 0.0110001 0.0146956
0 0.945122 0.953049 0.0126306 0.0109704
0 0.441855 0.338869 0.00622749 0.00683051
0 0.42942 0.35311 0.00881803 0.0103638
0 0.158118 0.989254 0.0165827 0.0120823
0 0.730422 0.894985 0.0112133 0.0120575
0 0.458342 0.0648047 0.00967902 0.0109669
0 0.00280303 0.570595 0.00532492 0.00706404
0 0.452308 0.370117 0.0093542 0.00796747
0 0.944264 0.95243 0.0153324 0.0132934
0 0.990653 0.369746 0.0109857 0.0103493
0 0.839674 0.985831 0.014722 0.0187603
0 0.0589234 0.563418 0.0113772 0.0102421
0 0.0175828 0.564941 0.00891006 0.00925827
0 0.954215 0.425362 0.00992775 0.0104434
0 0.162063 0.402547 0.0179261 0.0105198
0 0.416727 0.829163 0.00939313 0.00989455
0 0.135334 0.520742 0.008711 0.00811785
0 0.969562 0.406337 0.0137097 0.0139192
0 0.145197 0.421084 0.00907795 0.00957927
0 0.281017 0.700912 0.0126011 0.014407
0 0.78509 0.921928 0.00928825 0.0150238
0 0.929207 0.490181 0.0136957 0.0125458
0 0.731586 0.995527 0.0115806 0.00799483
0 0.703943 0.908563 0.00924551 0.00909084
0 0.430042 0.337159 0.00657311 0.00710908
0 0.733015 0.933199 0.00779182 0.00853002
0 0.0185371 0.56387 0.00858575 0.00904238
0 0.545679 0.178729 0.0110014 0.0108039
0 0.422988 0.117782 0.019902 0.0131903
0 0.725503 0.0456661 0.0139289 0.0107737
0 0.776044 0.984064 0.00959259 0.00947911
0 0.132198 0.986924 0.0196386 0.0158848
0 0.811393 0.459282 0.0215923 0.015218
0 0.312074 0.635605 0.0124343 0.0120407
0 0.860987 0.922409 0.0204026 0.0170349
0 0.156328 0.524424 0.00886039 0.00936902
0 0.41929 0.799294 0.00796127 0.00855571
0 0.012796 0.553432 0.0106891 0.00769657
0 0.896574 0.3144 0.00833744 0.00939718
0 0.824033 0.992838 0.0124323 0.0124038
0 0.351782 0.97239 0.0074423 0.0074625
