0 0.424081 0.918907 0.0191208 0.0197273
0 0.646329 0.400807 0.0191522 0.0202557
0 0.395787 0.370949 0.0196055 0.0164325
0 0.332713 0.685741 0.0260888 0.0150948
0 0.939261 0.743466 0.0158964 0.0179623
0 0.841522 0.783946 0.0211384 0.0180674
0 0.217654 0.952059 0.0146082 0.0159668
0 0.191467 0.386836 0.0164787 0.0225765
0 0.526984 0.967683 0.0153278 0.013258
0 0.35316 0.314269 0.0151522 0.0179462
0 0.299268 0.386936 0.0151675 0.0127852
0 0.472569 0.931481 0.0244818 0.0172619
0 0.321577 0.321452 0.00594616 0.00554627
0 0.39081 0.746221 0.0184891 0.0159394
0 0.249792 0.948155 0.0196985 0.0157608
0 0.280215 0.330505 0.0127393 0.0122903
0 0.676271 0.275895 0.0173519 0.0199228
0 0.276542 0.957607 0.0199646 0.0146656
0 0.264968 0.347121 0.0113448 0.0112121
0 0.117799 0.929125 0.0285126 0.0141606
0 0.779473 0.343898 0.0206827 0.0163042
0 0.504561 0.901191 0.0164584 0.0156593
0 0.230507 0.854548 0.00845718 0.00875336
0 0.789518 0.56621 0.0109186 0.010454
0 0.0025856 0.322575 0.00517119 0.00759149
0 0.233842 0.31335 0.00933962 0.010224
0 0.209779 0.326376 0.0131349 0.00947836
0 0.895704 0.823856 0.0224983 0.0165043
0 0.601391 0.374746 0.0138496 0.0165782
0 0.0791998 0.338346 0.0137064 0.0098635
0 0.0636605 0.830433 0.0101753 0.00935173
0 0.842058 0.947588 0.0113647 0.011109
0 0.590082 0.356353 0.0116835 0.0117909
0 0.738653 0.306418 0.0124666 0.0107681
0 0.930359 0.817672 0.0180017 0.0132618
0 0.93149 0.819262 0.0156468 0.0106403
