0 0.904187 0.128102 0.0111599 0.0121631
0 0.62458 0.861951 0.0157303 0.0152882
0 0.437671 0.918139 0.015173 0.0148014
0 0.102632 0.353596 0.010847 0.0100454
0 0.937323 0.0804995 0.0140412 0.013244
0 0.945772 0.784058 0.0115154 0.0121576
0 0.951507 0.136026 0.0119274 0.0117354
0 0.11136 0.849554 0.0160172 0.0158234
0 0.922367 0.0654447 0.0144192 0.0137242
0 0.44592 0.859432 0.015065 0.0135117
0 0.516595 0.570925 0.0154889 0.0140042
0 0.597828 0.7495 0.0135771 0.0136992
0 0.433992 0.952822 0.014094 0.0140728
0 0.916851 0.109939 0.0122158 0.0135519
0 0.64922 0.832595 0.0139942 0.0133637
0 0.548757 0.361648 0.0134439 0.0122801
0 0.867628 0.321749 0.0135528 0.012872
0 0.959089 0.768072 0.0130438 0.0131475
0 0.211553 0.864405 0.0140711 0.0140182
0 0.367062 0.00907177 0.0102859 0.011653
0 0.836527 0.628849 0.0189766 0.0187421
0 0.170266 0.306668 0.0131831 0.0131438
0 0.0520097 0.531224 0.0161571 0.0151102
0 0.653289 0.909366 0.0126856 0.0120676
0 0.959823 0.118065 0.0112078 0.0129228
0 0.956025 0.15327 0.0129929 0.0129861
0 0.96741 0.0453869 0.0151926 0.0136097
0 0.959803 0.611832 0.0128624 0.0133809
0 0.896799 0.227314 0.011988 0.0124834
0 0.201054 0.513383 0.0185084 0.0201363
0 0.153602 0.138544 0.0143117 0.0145701
0 0.762067 0.952099 0.0112323 0.010523
0 0.792377 0.687651 0.0120921 0.0119114
0 0.978754 0.119106 0.0122902 0.0131037
0 0.495963 0.959936 0.0103844 0.0101456
0 0.962936 0.103772 0.0110676 0.0114663
0 0.984772 0.452037 0.0129095 0.0129043
0 0.14472 0.293658 0.0137895 0.0111583
0 0.693856 0.924098 0.013802 0.0137203
0 0.809754 0.247224 0.0118976 0.0112475
0 0.848795 0.245273 0.0111467 0.0116486
0 0.642562 0.896793 0.0121512 0.0124
0 0.761105 0.899542 0.0137385 0.0147396
0 0.828325 0.316997 0.0125729 0.0116551
0 0.748723 0.917856 0.0124189 0.0140473
0 0.0350328 0.438447 0.0142666 0.0126386
0 0.216564 0.955482 0.012446 0.01184
0 0.776825 0.942492 0.0102753 0.0106718
0 0.913655 0.216333 0.0139872 0.013265
0 0.98556 0.0394545 0.012426 0.0102201
0 0.902619 0.143638 0.0124874 0.0121869
0 0.597235 0.271621 0.0115954 0.0122454
0 0.270668 0.928719 0.015465 0.0131679
0 0.983656 0.254539 0.0145828 0.0145971
0 0.226053 0.0771112 0.014879 0.0119696
0 0.0149248 0.912067 0.0137882 0.0146463
0 0.63718 0.746855 0.0148602 0.0127141
0 0.790599 0.254002 0.012061 0.0119538
0 0.673012 0.797334 0.0150309 0.0118248
0 0.291981 0.928674 0.0123812 0.010874
0 0.538004 0.77528 0.0206821 0.0160477
0 0.0651779 0.947243 0.0129649 0.0119265
0 0.505946 0.947115 0.00918531 0.0104786
0 0.912948 0.552008 0.0168192 0.0151783
0 0.655479 0.972021 0.0132269 0.0118439
0 0.608055 0.704324 0.0155653 0.012425
0 0.504415 0.786102 0.0144556 0.0130146
0 0.102864 0.109315 0.0144228 0.0140073
0 0.236403 0.965781 0.0120675 0.0110428
0 0.621651 0.798737 0.0113052 0.0110936
0 0.858973 0.281808 0.0116398 0.0125276
0 0.939673 0.465723 0.0108372 0.0114249
0 0.805925 0.264984 0.0110933 0.0110844
0 0.684938 0.870932 0.01401 0.0114372
0 0.863815 0.302455 0.0110855 0.0118571
0 0.811572 0.611099 0.0142372 0.0147781
0 0.00616873 0.978036 0.0117968 0.0139633
0 0.873443 0.763905 0.0133068 0.0147045
0 0.477353 0.934386 0.00898227 0.00979918
0 0.290926 0.977873 0.0130734 0.0125206
0 0.655896 0.98621 0.0164644 0.0119362
0 0.654805 0.735672 0.0111147 0.0106049
0 0.0778755 0.786923 0.0136765 0.0129715
0 0.154475 0.0752532 0.0132011 0.0120482
0 0.458585 0.963621 0.0140575 0.0139523
0 0.0359352 0.883969 0.0121934 0.011515
0 0.21807 0.0915404 0.00965829 0.00891116
0 0.655409 0.982242 0.0196133 0.0218334
0 0.314151 0.825111 0.0139115 0.0119721
0 0.480687 0.963116 0.0103958 0.0101608
0 0.787939 0.283041 0.0143518 0.0140888
0 0.786489 0.911016 0.010403 0.0100361
0 0.00603761 0.931716 0.0120752 0.0143927
0 0.907404 0.259666 0.0111545 0.0114339
0 0.456175 0.790251 0.0144517 0.014262
0 0.194189 0.953826 0.0109089 0.0112289
0 0.161429 0.183277 0.0123779 0.0143386
0 0.511431 0.957951 0.00820655 0.00822049
0 0.984048 0.253869 0.017317 0.0184506
0 0.654875 0.978432 0.0200306 0.0252052
0 0.809174 0.953199 0.0129646 0.0137962
0 0.541945 0.987481 0.019092 0.0158205
0 0.829609 0.279989 0.0125416 0.0103175
0 0.155143 0.923813 0.0167122 0.0133613
0 0.670257 0.959077 0.00966322 0.010819
0 0.495596 0.941053 0.00892818 0.00913048
0 0.644213 0.930452 0.00852758 0.00878239
0 0.483972 0.881806 0.0159605 0.0138847
0 0.235018 0.997052 0.0102691 0.00589639
0 0.776109 0.992099 0.0110348 0.00850451
0 0.272198 0.929028 0.0194855 0.0152864
0 0.959549 0.611842 0.0165291 0.0148836
0 0.771044 0.777637 0.0117278 0.0110186
0 0.104518 0.932621 0.0129948 0.0128687
0 0.503136 0.829036 0.0106861 0.0123917
0 0.0788668 0.786939 0.0180055 0.0154883
0 0.236238 0.963577 0.0173934 0.0177999
0 0.986126 0.038786 0.0148947 0.012512
0 0.982896 0.251758 0.0184929 0.0248753
0 0.466281 0.890275 0.0116514 0.0114045
0 0.810089 0.229637 0.00865209 0.00842996
0 0.230251 0.97784 0.00855359 0.00804579
