0 0.724706 0.474251 0.0162195 0.0165309
0 0.788532 0.571556 0.0162704 0.0160046
0 0.990065 0.329513 0.011478 0.0133494
0 0.670619 0.0143336 0.0160524 0.01469
0 0.757353 0.619496 0.0163051 0.0170229
0 0.559492 0.604821 0.0171629 0.0160236
0 0.623418 0.263254 0.0170523 0.0163706
0 0.62079 0.570496 0.0153967 0.0141682
0 0.162225 0.59873 0.0184372 0.0168161
0 0.0929443 0.215047 0.014968 0.0152517
0 0.041048 0.817064 0.0168958 0.0175083
0 0.842258 0.678645 0.0144485 0.01474
0 0.0494237 0.696002 0.017047 0.0156498
0 0.282126 0.616996 0.0234308 0.018499
0 0.540251 0.717958 0.0141918 0.0155047
0 0.942275 0.401009 0.0127819 0.0133787
0 0.0331738 0.66195 0.0192257 0.0235756
0 0.274142 0.193004 0.0157943 0.0171938
0 0.551449 0.672688 0.0155615 0.0166097
0 0.120799 0.524469 0.0174107 0.0173978
0 0.915306 0.650106 0.0147957 0.0163377
0 0.0755252 0.103723 0.0184808 0.0147322
0 0.121999 0.718222 0.0153884 0.0161386
0 0.657526 0.502977 0.0147728 0.0142765
0 0.604749 0.62698 0.0110283 0.0120656
0 0.324329 0.732092 0.016891 0.0227745
0 0.323642 0.732003 0.0226829 0.0268807
0 0.626973 0.785904 0.0140461 0.0147071
0 0.561779 0.87652 0.0163215 0.0157751
0 0.575657 0.64566 0.0149102 0.0140241
0 0.831908 0.622839 0.0157238 0.0204205
0 0.591759 0.795496 0.0156384 0.0148855
0 0.933587 0.700484 0.0141726 0.0161144
0 0.915455 0.712105 0.0153614 0.011923
0 0.0286034 0.745966 0.015054 0.0157364
0 0.571584 0.541432 0.0136029 0.0129955
0 0.0562901 0.672115 0.0150601 0.0176789
0 0.756584 0.532368 0.0149094 0.0153362
0 0.617878 0.727325 0.0132626 0.0174637
0 0.298506 0.719904 0.0144655 0.0132647
0 0.816279 0.718312 0.0167294 0.0135533
0 0.360457 0.687564 0.013538 0.0138469
0 0.619 0.726838 0.0170719 0.0211352
0 0.969741 0.709745 0.0145483 0.0170232
0 0.624145 0.520698 0.0111569 0.0112028
0 0.613432 0.643645 0.00990117 0.0100136
0 0.283407 0.743446 0.0118739 0.011508
0 0.594357 0.633052 0.00871307 0.0106487
0 0.963201 0.30989 0.0118555 0.0128411
0 0.698239 0.722353 0.0156637 0.0144922
0 0.632426 0.540006 0.0103104 0.0106788
0 0.535281 0.913362 0.0150851 0.0149921
0 0.779605 0.685615 0.0129778 0.0101421
0 0.598427 0.7271 0.0125563 0.0099864
0 0.67244 0.734354 0.0106851 0.0148796
0 0.648223 0.850516 0.0179173 0.0162166
0 0.811909 0.529861 0.0132454 0.00957108
0 0.567013 0.697854 0.00693005 0.00771618
0 0.184208 0.0123981 0.0104659 0.00996343
0 0.767515 0.472531 0.0142413 0.0146159
0 0.577878 0.644521 0.0158488 0.0144508
0 0.396989 0.568542 0.0158851 0.0138407
0 0.788926 0.459551 0.0162279 0.0145723
0 0.572179 0.54154 0.0165334 0.0154839
0 0.948206 0.691326 0.0108227 0.0102415
0 0.859864 0.666964 0.0113419 0.0119883
0 0.0423436 0.778585 0.0132592 0.0102827
0 0.334224 0.112225 0.0140653 0.0138589
0 0.361104 0.687476 0.0162023 0.016713
0 0.581852 0.781231 0.0149983 0.0102881
0 0.598967 0.630124 0.0204914 0.0169033
0 0.786677 0.606778 0.0126157 0.0118785
0 0.798327 0.670092 0.0123008 0.0114111
0 0.731896 0.4231 0.01373 0.0120266
0 0.573208 0.730902 0.0107685 0.00952321
0 0.380407 0.688822 0.0087564 0.00912094
0 0.599163 0.68989 0.00702935 0.00773227
0 0.62804 0.641853 0.00835758 0.0127012
0 0.702448 0.00530109 0.0106472 0.00954192
0 0.583351 0.653021 0.0057041 0.00395298
