0 0.660096 0.622674 0.00953025 0.00986588
0 0.903554 0.921527 0.00967789 0.00886649
0 0.681517 0.880744 0.0118313 0.0113357
0 0.645962 0.653513 0.0100307 0.0108492
0 0.626948 0.66718 0.00962752 0.0104752
0 0.860644 0.973881 0.0112709 0.0114857
0 0.948392 0.852629 0.010286 0.0106228
0 0.708445 0.952946 0.00997126 0.010774
0 0.65813 0.848127 0.0107323 0.00986898
0 0.692027 0.978595 0.00917572 0.00875092
0 0.907733 0.939328 0.00957376 0.00932288
0 0.811732 0.93358 0.00880051 0.0100269
0 0.954535 0.912605 0.0108811 0.0113261
0 0.801523 0.954562 0.00886691 0.00964051
0 0.667715 0.638119 0.00931418 0.0105131
0 0.626195 0.766418 0.0100567 0.0101196
0 0.659624 0.904801 0.0100207 0.00989056
0 0.753853 0.872122 0.0101218 0.0103018
0 0.659059 0.939141 0.0117095 0.0139548
0 0.567958 0.841328 0.00946331 0.00956231
0 0.69776 0.72206 0.0103723 0.0101487
0 0.646118 0.72061 0.00806093 0.00949323
0 0.909307 0.961611 0.00939256 0.00948185
0 0.98034 0.872957 0.00945932 0.00981653
0 0.661929 0.791785 0.0092203 0.0103891
0 0.615945 0.646769 0.00942326 0.0101619
0 0.980043 0.920685 0.0101074 0.00940663
0 0.608728 0.852679 0.0094654 0.009655
0 0.904818 0.909615 0.00851285 0.00837785
0 0.623411 0.84159 0.0106869 0.0105098
0 0.940274 0.892442 0.0117596 0.0120056
0 0.601349 0.882818 0.00846481 0.00899732
0 0.669052 0.868487 0.0100718 0.00995255
0 0.60348 0.772167 0.00968492 0.00938797
0 0.532976 0.956765 0.00881767 0.00906485
0 0.732667 0.802023 0.00972939 0.00974524
0 0.961643 0.897858 0.00961572 0.0107285
0 0.642065 0.873826 0.00841922 0.009803
0 0.677704 0.712262 0.0120915 0.0117245
0 0.643378 0.854772 0.0102901 0.0112951
0 0.624206 0.861991 0.0103729 0.0116947
0 0.664725 0.596735 0.0144322 0.0119293
0 0.754671 0.901649 0.00854778 0.00942308
0 0.702958 0.776229 0.0112347 0.0117115
0 0.693855 0.873628 0.00856227 0.010193
0 0.571862 0.898906 0.0101103 0.00941122
0 0.524428 0.839527 0.00967658 0.00971907
0 0.551092 0.785718 0.00929433 0.0108877
0 0.785515 0.900336 0.0111403 0.0124302
0 0.802753 0.829939 0.0121279 0.0141861
0 0.629689 0.937229 0.0108655 0.0130833
0 0.682427 0.926847 0.00800991 0.00929642
0 0.56088 0.797347 0.00712574 0.00793517
0 0.756778 0.754394 0.0109562 0.0102183
0 0.8144 0.955797 0.00824702 0.00954366
0 0.652625 0.962086 0.00882751 0.00987476
0 0.576178 0.816866 0.00853521 0.00945795
0 0.671796 0.933526 0.00865459 0.00840759
0 0.692855 0.916742 0.00825089 0.00943142
0 0.617424 0.829979 0.0085966 0.008663
0 0.650104 0.612412 0.0103492 0.0103754
0 0.536408 0.853947 0.00992835 0.0115467
0 0.778339 0.86963 0.0104954 0.0105335
0 0.551217 0.817831 0.00804937 0.00785899
0 0.953043 0.889142 0.00844991 0.0085575
0 0.609686 0.585175 0.0130757 0.011585
0 0.820625 0.839278 0.0111393 0.0101578
0 0.629525 0.649468 0.0094099 0.0088647
0 0.696911 0.618736 0.0149727 0.0125109
0 0.663103 0.920493 0.00894707 0.00873697
0 0.64708 0.925903 0.0107247 0.00950396
0 0.50878 0.84028 0.00898278 0.00820541
0 0.760484 0.916919 0.00965989 0.0109657
0 0.766319 0.89651 0.0100309 0.0112262
0 0.669922 0.767114 0.00922501 0.00973684
0 0.764042 0.739829 0.0123928 0.0116806
0 0.749939 0.737511 0.00952256 0.0127316
0 0.680265 0.606418 0.0100119 0.0108606
0 0.706933 0.758144 0.0138282 0.0126775
0 0.735065 0.879951 0.00806427 0.00923133
0 0.906713 0.893424 0.00897902 0.00882989
0 0.674376 0.748402 0.008766 0.00895154
0 0.377433 0.976548 0.00963712 0.00887489
0 0.215276 0.964658 0.0112884 0.0094685
0 0.741822 0.921568 0.00888711 0.010223
0 0.580575 0.907672 0.00919855 0.00863916
0 0.755413 0.889379 0.00800914 0.00906008
0 0.33229 0.984151 0.00924352 0.00788099
0 0.550672 0.818032 0.0114462 0.00965846
0 0.61308 0.570251 0.0112988 0.00964814
0 0.643521 0.590976 0.00965029 0.0105209
0 0.733585 0.816241 0.00971472 0.00971431
0 0.669766 0.893022 0.00863421 0.00916767
0 0.69732 0.900524 0.0082466 0.00828475
0 0.671731 0.782374 0.010341 0.0117971
0 0.74146 0.758315 0.00965941 0.00979465
0 0.707337 0.756911 0.0160071 0.016063
0 0.710609 0.787498 0.00937063 0.00949824
0 0.631756 0.970961 0.0081687 0.00962794
0 0.617116 0.560167 0.0091759 0.00843543
0 0.608223 0.625643 0.00938362 0.00844973
0 0.5638 0.811562 0.00821894 0.00850105
0 0.545264 0.843478 0.00951445 0.0123356
0 0.972415 0.904642 0.00776935 0.00819433
0 0.545825 0.845213 0.0088312 0.0101784
0 0.73581 0.776799 0.00878125 0.0090698
0 0.589154 0.943584 0.00874394 0.0101528
0 0.584213 0.840187 0.00994033 0.0103943
0 0.721928 0.793214 0.00905788 0.00934011
0 0.600551 0.790968 0.0115525 0.0116666
0 0.748511 0.804948 0.00989205 0.00943792
0 0.69593 0.796463 0.00992662 0.00931644
0 0.727606 0.972868 0.00846559 0.00871891
0 0.552225 0.589076 0.00889033 0.00856322
0 0.0570641 0.889696 0.00961827 0.0108711
0 0.554567 0.852369 0.00806141 0.00809515
0 0.577365 0.847239 0.0085091 0.0088535
0 0.724039 0.94686 0.0119324 0.00967431
0 0.749741 0.738464 0.0116341 0.015415
0 0.745763 0.884011 0.00681317 0.00721973
0 0.544029 0.908947 0.0156527 0.0103161
0 0.646169 0.924717 0.0117369 0.0101132
0 0.985563 0.862118 0.00895846 0.008407
0 0.58531 0.916925 0.00864345 0.00732195
0 0.916929 0.889509 0.00620556 0.00760919
0 0.673436 0.730577 0.00946254 0.0108055
0 0.754295 0.827658 0.00777858 0.00794679
0 0.606947 0.908297 0.00749934 0.00863916
0 0.720807 0.795309 0.0104532 0.0109674
0 0.554691 0.806982 0.0083105 0.00783038
0 0.654196 0.872649 0.00773597 0.00769293
0 0.344428 0.991998 0.00762996 0.00878102
0 0.605749 0.909301 0.0100138 0.0102652
0 0.136544 0.990244 0.00870909 0.00845051
0 0.710812 0.839409 0.0165707 0.0151772
0 0.963406 0.852331 0.0107994 0.0108513
0 0.595685 0.927822 0.00972366 0.00858003
0 0.714201 0.82617 0.00909615 0.00901413
0 0.54337 0.703964 0.00961363 0.00874931
0 0.692857 0.735146 0.0083155 0.010091
0 0.630332 0.916574 0.00910282 0.0100275
0 0.70234 0.775733 0.0132757 0.0142528
0 0.637255 0.89264 0.00717658 0.00788099
0 0.730589 0.920853 0.00834846 0.00942421
0 0.754763 0.900158 0.00901204 0.00957263
0 0.622618 0.746091 0.00752354 0.00929052
0 0.802796 0.771102 0.0125305 0.010647
0 0.713081 0.840994 0.010634 0.0109756
0 0.742942 0.847361 0.0119529 0.00961381
0 0.597438 0.834206 0.00713485 0.00733411
0 0.772247 0.802289 0.00954378 0.0101166
0 0.731811 0.921007 0.0111775 0.0111736
0 0.764215 0.73882 0.0143207 0.0157642
0 0.620514 0.983982 0.0100999 0.0115469
0 0.561641 0.813306 0.00816017 0.00787389
0 0.606811 0.932316 0.00772738 0.00850278
0 0.67564 0.997327 0.0112309 0.0053457
0 0.966507 0.920328 0.00862235 0.00769728
0 0.650331 0.551131 0.00709766 0.00852585
0 0.763379 0.823418 0.00687635 0.00704366
0 0.555395 0.805821 0.00846499 0.00787848
0 0.745053 0.818382 0.0071609 0.00750983
0 0.743275 0.89414 0.00727445 0.00846976
0 0.591727 0.957155 0.00792044 0.00753021
0 0.161387 0.957381 0.0210572 0.0201416
0 0.592626 0.927097 0.0120659 0.00881386
0 0.743276 0.937762 0.00836486 0.0104939
0 0.398206 0.996316 0.011021 0.00736767
0 0.720683 0.877256 0.00679076 0.00679016
0 0.797233 0.773487 0.0179254 0.0118889
0 0.793473 0.774715 0.0106434 0.01042
0 0.570281 0.798213 0.0060463 0.00695598
0 0.677886 0.617263 0.00590926 0.00501168
0 0.607728 0.93136 0.00715923 0.00795209
0 0.35678 0.992434 0.00710264 0.00806195
0 0.344538 0.992271 0.00988856 0.00984532
0 0.154009 0.896869 0.008083 0.0084579
0 0.204274 0.809368 0.0113985 0.0107689
0 0.710883 0.913314 0.00839996 0.00780523
0 0.554042 0.702694 0.00655937 0.00721723
0 0.532612 0.956538 0.0105547 0.0108352
0 0.0722203 0.953079 0.00763158 0.00813961
0 0.570219 0.969622 0.010071 0.00967026
0 0.632073 0.915987 0.00823152 0.00934964
0 0.719046 0.797397 0.00961 0.00999403
0 0.664415 0.880161 0.00767881 0.00712854
0 0.560294 0.809866 0.0106243 0.0123684
0 0.661432 0.92136 0.0109364 0.00950205
0 0.0918769 0.93504 0.00820123 0.00896227
0 0.684782 0.955872 0.00961691 0.0084852
0 0.154897 0.88495 0.00679506 0.00680447
0 0.743762 0.846397 0.0146779 0.0106966
0 0.939576 0.997237 0.0116877 0.00552595
0 0.6076 0.948276 0.00769758 0.00841463
0 0.297189 0.990658 0.0143098 0.0122812
0 0.716747 0.72748 0.00942409 0.00931782
0 0.602387 0.788651 0.0151047 0.016019
0 0.605614 0.933663 0.00831401 0.00870115
0 0.74752 0.951647 0.0103205 0.00931185
0 0.53813 0.83307 0.00690782 0.00677073
