0 0.791136 0.327913 0.00896043 0.00941992
0 0.595476 0.146236 0.0107997 0.0114481
0 0.467063 0.201376 0.00857392 0.00962113
0 0.519654 0.118364 0.00998151 0.0106842
0 0.0327492 0.191453 0.00793215 0.00949779
0 0.490303 0.0326925 0.00966319 0.0105659
0 0.803351 0.329709 0.00781786 0.00841218
0 0.6448 0.126402 0.00996876 0.0118314
0 0.852911 0.290842 0.00886631 0.0108661
0 0.753514 0.333395 0.00667512 0.0078063
0 0.101376 0.223396 0.0063195 0.00738116
0 0.700806 0.0840069 0.00940192 0.0110303
0 0.863926 0.333643 0.00949132 0.0115906
0 0.559266 0.123202 0.00936699 0.0111405
0 0.124191 0.217791 0.00813914 0.00888434
0 0.906146 0.304197 0.01292 0.0129252
0 0.0203433 0.219412 0.00792501 0.00937396
0 0.983821 0.144669 0.0109541 0.011557
0 0.56279 0.017686 0.00978243 0.0118963
0 0.850616 0.30525 0.00821114 0.0103159
0 0.445149 0.168278 0.00873271 0.00957769
0 0.763886 0.330055 0.0073368 0.00870249
0 0.537496 0.199252 0.00953943 0.010108
0 0.407229 0.170971 0.00872868 0.010685
0 0.446073 0.188986 0.00601941 0.00832014
0 0.012114 0.145019 0.0102897 0.0111736
0 0.0141616 0.244845 0.00796467 0.0103325
0 0.0257801 0.141439 0.00790083 0.0108026
0 0.513435 0.140604 0.00781852 0.0102896
0 0.628849 0.00456059 0.00858462 0.00912117
0 0.577208 0.0804996 0.00823611 0.00939873
0 0.463282 0.121814 0.00738001 0.00799987
0 0.412107 0.191628 0.00893363 0.0103807
0 0.313529 0.189732 0.00745189 0.00876038
0 0.45778 0.145355 0.00932884 0.010563
0 0.101201 0.234537 0.00684507 0.00806445
0 0.484884 0.180447 0.0074766 0.00734802
0 0.567005 0.157219 0.0078665 0.00824885
0 0.813401 0.334786 0.00723284 0.00862321
0 0.550939 0.156865 0.00746322 0.00848661
0 0.0382138 0.279267 0.00740398 0.00946772
0 0.798594 0.346624 0.0075779 0.00763169
0 0.0544267 0.177383 0.00569122 0.00720048
0 0.571249 0.00716201 0.0108591 0.011476
0 0.576352 0.0398952 0.00857192 0.00981334
0 0.0953925 0.197709 0.00604994 0.00688869
0 0.597248 0.0397082 0.00722378 0.00949773
0 0.481676 0.117285 0.00797042 0.00952402
0 0.0968325 0.180875 0.00996604 0.0107118
0 0.0555014 0.194931 0.00629368 0.00729309
0 0.712175 0.226659 0.00811386 0.00988345
0 0.88617 0.504171 0.0102898 0.0110109
0 0.760317 0.345872 0.00776178 0.00825709
0 0.869686 0.528737 0.0099293 0.0125195
0 0.0943608 0.154172 0.00800909 0.00994223
0 0.0618036 0.272205 0.00667571 0.00748405
0 0.955189 0.36898 0.00937152 0.0101031
0 0.754903 0.244332 0.00784093 0.00811128
0 0.613158 0.0701929 0.00739253 0.0088042
0 0.48522 0.0963091 0.00775108 0.0102859
0 0.744645 0.00690521 0.00817215 0.00915622
0 0.0624324 0.203435 0.00745102 0.00995426
0 0.990564 0.205042 0.00910318 0.00974321
0 0.56139 0.138465 0.00728166 0.00846858
0 0.284415 0.143371 0.00834069 0.00782542
0 0.948648 0.538851 0.0109112 0.0105355
0 0.292037 0.0464746 0.00699598 0.00837693
0 0.0433318 0.210982 0.0067617 0.00754222
0 0.740677 0.348805 0.00810593 0.00883678
0 0.0988761 0.205084 0.00672136 0.00746068
0 0.256654 0.194658 0.0075326 0.00814581
0 0.980295 0.192697 0.00876999 0.0106253
0 0.0323417 0.191439 0.00989984 0.0108923
0 0.625893 0.0207387 0.0059191 0.0063393
0 0.727269 0.172022 0.00653744 0.0101831
0 0.984667 0.144632 0.0143398 0.0145413
