0 0.0715166 0.048095 0.00968771 0.0101089
0 0.564478 0.0571102 0.0102438 0.0106231
0 0.0531683 0.140664 0.00828538 0.010437
0 0.565591 0.0206838 0.0100834 0.010091
0 0.440046 0.0391685 0.010125 0.010637
0 0.380149 0.0530261 0.00874552 0.0100715
0 0.173351 0.0218969 0.00924021 0.0100543
0 0.561042 0.0367103 0.011304 0.012375
0 0.0971131 0.116078 0.00935598 0.0101511
0 0.0511455 0.0595144 0.00786655 0.00872491
0 0.0852551 0.0464103 0.00897297 0.00963506
0 0.135972 0.058437 0.0123688 0.0157836
0 0.0927819 0.036042 0.00914147 0.00962528
0 0.216474 0.0256789 0.011172 0.00912303
0 0.454347 0.0951013 0.00860548 0.00993294
0 0.0400911 0.0970131 0.00876869 0.0102303
0 0.558471 0.0717765 0.00798804 0.00963726
0 0.367528 0.0913218 0.00755692 0.00910397
0 0.46366 0.0824339 0.00837976 0.00964545
0 0.0132413 0.0470311 0.00852605 0.00967049
0 0.161172 0.115537 0.00945638 0.0111399
0 0.18498 0.0441365 0.00950712 0.00973887
0 0.321179 0.0232274 0.00889736 0.00936943
0 0.465632 0.120637 0.0094139 0.00964255
0 0.245709 0.0995034 0.00832224 0.0101998
0 0.533404 0.0117039 0.0108603 0.0145918
0 0.340499 0.039327 0.0072923 0.00842449
0 0.0364442 0.122359 0.00933058 0.011182
0 0.226225 0.115346 0.00821647 0.00943261
0 0.538266 0.0510467 0.00788206 0.00863645
0 0.63647 0.0954702 0.00826323 0.00926929
0 0.567686 0.084308 0.00910169 0.0096832
0 0.111279 0.111985 0.00895123 0.0107135
0 0.112147 0.0584276 0.00949557 0.0106466
0 0.398568 0.0454246 0.00826821 0.00920785
0 0.313711 0.0391456 0.0132504 0.0136199
0 0.0244851 0.0862217 0.00969448 0.00925519
0 0.070754 0.0620763 0.00746697 0.00816492
0 0.428623 0.163965 0.00979912 0.010982
0 0.648322 0.0262386 0.00864565 0.00849776
0 0.212127 0.166459 0.0086236 0.00957008
0 0.0503927 0.0739588 0.00900989 0.00918734
0 0.274749 0.0413684 0.00883922 0.0102667
0 0.092845 0.0582216 0.00861853 0.00847032
0 0.0670471 0.173487 0.00937766 0.0113282
0 0.643833 0.0155516 0.00838292 0.00839915
0 0.44241 0.112971 0.00923625 0.0102283
0 0.495838 0.0127836 0.00749028 0.00840907
0 0.533912 0.0678209 0.00803483 0.0079984
0 0.0308919 0.157843 0.00816081 0.00966659
0 0.0614639 0.153826 0.00841539 0.00928007
0 0.153948 0.0454318 0.00876653 0.0098747
0 0.291433 0.075916 0.00849086 0.00978009
0 0.401314 0.108952 0.00746021 0.00827868
0 0.468447 0.0464912 0.0151819 0.015734
0 0.442853 0.0171609 0.0082365 0.00898354
0 0.335106 0.00408727 0.00851575 0.00804448
0 0.059067 0.113092 0.00983429 0.0116999
0 0.50788 0.00276007 0.00815332 0.00529854
0 0.117133 0.143233 0.0099771 0.0113777
0 0.0966567 0.0132377 0.0087183 0.010182
0 0.386227 0.0893232 0.00835818 0.00919008
0 0.498714 0.0776539 0.00800341 0.0101631
0 0.426956 0.0916009 0.0077875 0.008145
0 0.380754 0.102935 0.00835142 0.00988932
0 0.0632397 0.101438 0.00869489 0.00846975
0 0.0245202 0.170952 0.00918774 0.00965981
0 0.314943 0.249572 0.00858217 0.00944902
0 0.625741 0.0527896 0.00831145 0.00982238
0 0.409171 0.100731 0.0104892 0.00823049
0 0.0190368 0.061762 0.00785277 0.00850558
0 0.516619 0.0644388 0.00711519 0.0080036
0 0.0594262 0.0684932 0.00937623 0.00924859
0 0.0598707 0.0699585 0.00971891 0.00942168
0 0.338086 0.0282321 0.00661978 0.00777641
0 0.348425 0.0328862 0.00641736 0.00755153
0 0.0128392 0.159309 0.00735462 0.00851922
0 0.408168 0.0994608 0.00972193 0.00811336
0 0.00411459 0.152427 0.00757725 0.0103402
0 0.16834 0.0985507 0.00775962 0.00937528
0 0.525833 0.0260698 0.00873375 0.00925097
0 0.52643 0.0613942 0.00843298 0.00885668
0 0.642578 0.0039457 0.00787938 0.00727897
0 0.538655 0.0498256 0.0080626 0.00788338
0 0.526471 0.0249007 0.00795412 0.00850043
0 0.178026 0.0895804 0.00785457 0.00953735
0 0.366371 0.126776 0.00913441 0.0112949
0 0.0120654 0.170826 0.00734594 0.00835149
0 0.172277 0.0806132 0.00735955 0.00848506
0 0.0667128 0.201174 0.00873421 0.00756007
0 0.518657 0.0178997 0.00842822 0.00912323
0 0.224357 0.0672009 0.00808792 0.00884117
0 0.452163 0.00484452 0.0130026 0.00968905
0 0.412211 0.0418769 0.00777853 0.00915945
0 0.634948 0.0113606 0.0074873 0.00790485
0 0.511728 0.080799 0.00836372 0.00844059
0 0.510538 0.0698079 0.00797158 0.00655716
0 0.0732423 0.00939926 0.0128984 0.0169493
0 0.542234 0.0392852 0.00776982 0.00749637
0 0.117031 0.143531 0.0122936 0.0132933
0 0.384206 0.0660666 0.00708327 0.00771606
0 0.380501 0.0920421 0.00854081 0.00830326
0 0.390405 0.115506 0.00619015 0.00659985
0 0.351205 0.0701439 0.00630262 0.00742533
0 0.5085 0.0620412 0.00561857 0.00592193
0 0.528151 0.0630249 0.0110115 0.0112491
0 0.0343564 0.109589 0.00775813 0.00817924
0 0.634389 0.0123728 0.00738281 0.00826359
0 0.413488 0.0890672 0.00782269 0.00910342
0 0.0728873 0.185101 0.00955198 0.00920257
0 0.0248104 0.169693 0.0109991 0.0104411
0 0.33783 0.0278702 0.00838909 0.00886787
0 0.189953 0.05564 0.00753689 0.00725794
0 0.024901 0.0873046 0.011395 0.0111876
