0 0.210759 0.282618 0.0201778 0.0206228
0 0.976735 0.814108 0.00853306 0.00896913
0 0.755679 0.111288 0.012158 0.0140186
0 0.901045 0.813824 0.00783592 0.00934714
0 0.974329 0.798406 0.0108663 0.0123681
0 0.873733 0.781802 0.00850028 0.00883198
0 0.902099 0.796908 0.0065884 0.00750202
0 0.863371 0.783577 0.00786251 0.00918633
0 0.661691 0.3476 0.00893152 0.0111387
0 0.664567 0.0157931 0.00838661 0.00981378
0 0.800702 0.451033 0.0119703 0.0132832
0 0.888636 0.705265 0.00780982 0.0087589
0 0.68183 0.811868 0.00775266 0.00902021
0 0.736223 0.335469 0.00771308 0.00844961
0 0.626325 0.0486955 0.00658178 0.00724706
