0 0.458862 0.665327 0.019733 0.0174347
0 0.303728 0.386973 0.0181741 0.0166031
0 0.200294 0.221001 0.0191672 0.0190219
0 0.586743 0.812387 0.0183815 0.0173445
0 0.0263358 0.258481 0.0204711 0.018772
0 0.569711 0.778162 0.0187481 0.0160483
0 0.90314 0.959458 0.0169002 0.0153017
0 0.507053 0.767042 0.0210879 0.0188176
0 0.649216 0.664278 0.019708 0.0175058
0 0.0969482 0.549399 0.0190736 0.0180387
0 0.55749 0.117874 0.0201257 0.0178241
0 0.188527 0.0129065 0.0184744 0.0168247
0 0.618583 0.7702 0.0199215 0.0172873
0 0.917833 0.938174 0.0132849 0.0121573
0 0.0793546 0.211399 0.021022 0.0261803
0 0.511088 0.844179 0.0172356 0.0136123
0 0.911746 0.815208 0.0174785 0.0156532
0 0.291619 0.695745 0.0163719 0.0144385
0 0.350986 0.669793 0.0184626 0.0153077
0 0.492416 0.814272 0.0148632 0.0134474
0 0.0839685 0.302518 0.0156763 0.0174873
0 0.0725946 0.32849 0.0155124 0.015318
0 0.511924 0.844343 0.0204552 0.0170788
0 0.411054 0.71948 0.0167833 0.0142571
0 0.640956 0.591912 0.0196341 0.0174237
0 0.143315 0.0343245 0.0172675 0.0171337
0 0.923274 0.791634 0.0149883 0.0168963
0 0.440504 0.718157 0.016241 0.0153255
0 0.219023 0.776086 0.0182788 0.0139743
0 0.639812 0.372543 0.0202028 0.0194477
0 0.0969576 0.982452 0.0122781 0.0120815
0 0.992714 0.834378 0.014572 0.0143543
0 0.494206 0.820309 0.0146023 0.0169735
0 0.995221 0.778139 0.00955808 0.0124615
0 0.221029 0.514385 0.0167333 0.0175796
0 0.244852 0.676549 0.0134 0.016553
0 0.230238 0.649207 0.0177123 0.016301
0 0.677063 0.45839 0.0150369 0.0116088
0 0.54941 0.803197 0.0194457 0.0115698
0 0.495622 0.824635 0.0109696 0.0101727
0 0.173375 0.760253 0.0111064 0.0107728
0 0.0245939 0.124063 0.0211196 0.0179716
0 0.700753 0.993651 0.0152565 0.0121155
0 0.631894 0.958094 0.0142121 0.0152574
0 0.193174 0.558383 0.013923 0.0166941
0 0.0709242 0.326012 0.0200191 0.0212933
0 0.452919 0.835675 0.0159731 0.00990218
