0 0.556944 0.055988 0.0197955 0.0216974
0 0.579047 0.041421 0.0173542 0.0162922
0 0.872959 0.771572 0.0171413 0.0165502
0 0.732097 0.929601 0.0141301 0.016427
0 0.766991 0.278209 0.0143574 0.0141302
0 0.683794 0.916736 0.012971 0.0160751
0 0.662441 0.277603 0.018708 0.0213736
0 0.418688 0.985367 0.017122 0.014854
0 0.980381 0.248584 0.0133074 0.0151113
0 0.383961 0.99115 0.0163085 0.014999
0 0.519005 0.0810575 0.0208073 0.0199772
0 0.934937 0.867684 0.0232844 0.0192927
0 0.974888 0.830345 0.0129339 0.0122181
0 0.323605 0.224982 0.0143983 0.0145509
0 0.369338 0.256263 0.021227 0.015542
0 0.881047 0.751253 0.0161245 0.0146176
0 0.982215 0.814245 0.0147693 0.0153843
0 0.842232 0.145863 0.0149885 0.0197973
0 0.765359 0.238286 0.02066 0.0178307
0 0.791495 0.710881 0.0168077 0.0200367
0 0.944102 0.602219 0.0166492 0.0162042
0 0.241761 0.820329 0.00781928 0.0108612
0 0.417907 0.620154 0.0198006 0.0166942
0 0.61381 0.0541156 0.0220062 0.0196223
0 0.536086 0.179624 0.0151083 0.0177801
0 0.775919 0.846204 0.0153968 0.0154572
0 0.91372 0.646043 0.0229322 0.0241321
0 0.515502 0.471777 0.0185341 0.0137987
0 0.367182 0.40237 0.012292 0.0142669
0 0.576167 0.329024 0.011277 0.013999
0 0.699455 0.242064 0.0158756 0.0129291
0 0.699665 0.852134 0.0198034 0.0177414
0 0.99453 0.288865 0.0109401 0.0138648
0 0.767064 0.238409 0.0164076 0.015418
0 0.941845 0.674497 0.0179467 0.0184828
0 0.994769 0.826003 0.010462 0.0140457
0 0.762614 0.239636 0.027828 0.023345
0 0.925809 0.619727 0.00994265 0.0142899
0 0.948577 0.639665 0.0115681 0.0104928
0 0.58949 0.0243817 0.0120905 0.0107343
0 0.588137 0.176804 0.0210901 0.0198446
0 0.57519 0.32822 0.0151899 0.0181908
0 0.938632 0.787354 0.0155632 0.0154233
0 0.643143 0.309117 0.0209042 0.0323929
0 0.593751 0.0110687 0.0145996 0.0150778
0 0.263846 0.895564 0.0156381 0.0109316
0 0.954174 0.8484 0.0136231 0.0174233
0 0.917555 0.599664 0.018666 0.0168001
0 0.247149 0.892494 0.00733362 0.0103891
0 0.887151 0.179884 0.0170164 0.0118078
0 0.507291 0.539284 0.0147465 0.0113916
0 0.723184 0.316823 0.0255121 0.0197153
0 0.841515 0.145739 0.0196167 0.02299
0 0.915227 0.648381 0.0193905 0.0184336
0 0.777793 0.988081 0.0186716 0.0145714
0 0.982023 0.717999 0.0106621 0.0133345
0 0.58922 0.514361 0.018865 0.0161414
0 0.961815 0.720279 0.0093258 0.00969601
0 0.599423 0.205172 0.0231411 0.0194807
0 0.952103 0.769674 0.0230103 0.0230419
0 0.75466 0.815478 0.015506 0.0129929
0 0.575192 0.203275 0.00963837 0.0115943
0 0.670685 0.222113 0.00648099 0.00728284
0 0.416451 0.263671 0.0249666 0.0119212
0 0.948414 0.639852 0.0137756 0.0127951
0 0.952656 0.833197 0.0105066 0.00916523
0 0.504108 0.538922 0.0225108 0.0146602
0 0.515006 0.470742 0.0231221 0.016732
0 0.797184 0.821976 0.0191973 0.0117733
0 0.95791 0.665824 0.0137696 0.0150095
0 0.9961 0.194989 0.00779951 0.020345
0 0.332306 0.419366 0.0253141 0.0225626
0 0.590276 0.176516 0.0254965 0.0236345
0 0.698942 0.85234 0.0232199 0.0237352
0 0.91031 0.924595 0.0136845 0.0123661
0 0.934462 0.179637 0.0206249 0.0153171
0 0.91065 0.925832 0.0165739 0.0153111
0 0.899318 0.157188 0.00889736 0.0111801
0 0.683628 0.36101 0.0101258 0.014172
0 0.573453 0.203121 0.0153958 0.0134804
0 0.957354 0.666196 0.0156671 0.0190572
0 0.981046 0.717964 0.0145592 0.016247
0 0.897514 0.202078 0.0108757 0.013857
0 0.912678 0.935387 0.0142918 0.0128841
0 0.958111 0.889901 0.0164844 0.0107347
0 0.672801 0.230446 0.00662535 0.00790186
0 0.56735 0.00325887 0.0136638 0.00651774
0 0.644806 0.313721 0.0199059 0.0244995
0 0.552819 0.149167 0.0116415 0.0136429
0 0.518989 0.0807656 0.0257008 0.0232998
0 0.897028 0.201212 0.0140472 0.0165642
0 0.483065 0.48486 0.0118036 0.00978526
0 0.835442 0.669212 0.0162052 0.0154135
0 0.91262 0.932406 0.0168586 0.0211089
