0 0.0657043 0.984356 0.00948048 0.00883067
0 0.415985 0.873948 0.0117359 0.0108418
0 0.839491 0.646614 0.0085451 0.00877845
0 0.802434 0.660623 0.00923806 0.00973243
0 0.366177 0.523073 0.00845626 0.00856686
0 0.411316 0.634783 0.00927401 0.00963575
0 0.542696 0.701769 0.0123351 0.0139387
0 0.351052 0.551174 0.0080612 0.00778759
0 0.852262 0.548801 0.00605887 0.00649792
0 0.427743 0.602295 0.00778139 0.00824112
0 0.365011 0.508222 0.00850913 0.0082441
0 0.348088 0.576892 0.00812539 0.00816661
0 0.157472 0.916121 0.00790265 0.00875586
0 0.46005 0.778371 0.00648746 0.00666684
0 0.692513 0.685513 0.00922966 0.00933743
0 0.154122 0.894984 0.0130671 0.0141378
0 0.32864 0.540088 0.00821114 0.00776994
0 0.663025 0.540686 0.00877863 0.00877047
0 0.752734 0.685528 0.0100128 0.0105632
0 0.31036 0.549412 0.0098753 0.0103261
0 0.445639 0.802326 0.00757742 0.00837249
0 0.42525 0.760562 0.0106551 0.00991035
0 0.416169 0.580197 0.0075984 0.00726277
0 0.689916 0.847753 0.00588095 0.00586319
0 0.739468 0.666983 0.00666213 0.00756454
0 0.342798 0.559401 0.00795859 0.00831366
0 0.561712 0.722638 0.00841397 0.00923085
0 0.38579 0.641952 0.0074977 0.00793725
0 0.4108 0.822655 0.00781849 0.00755084
0 0.823511 0.571517 0.0121017 0.0122111
0 0.413436 0.621547 0.00688449 0.00830764
0 0.58432 0.958914 0.00891143 0.00937921
0 0.60378 0.714387 0.00728768 0.00690633
0 0.427783 0.639132 0.00668648 0.00674516
0 0.660578 0.654899 0.00790066 0.00765115
0 0.363588 0.563136 0.0074769 0.00758576
0 0.394863 0.563312 0.00811943 0.00806755
0 0.445431 0.734073 0.00790989 0.00837731
0 0.436071 0.810905 0.00770587 0.00801885
0 0.326858 0.579582 0.00852141 0.0088129
0 0.377052 0.499203 0.00729805 0.00813761
0 0.392235 0.792437 0.00904664 0.00849819
0 0.428899 0.830303 0.00894907 0.00935197
0 0.772436 0.603878 0.00680906 0.00670433
0 0.689475 0.710473 0.00644338 0.00832462
0 0.4052 0.86208 0.00937349 0.0097298
0 0.438315 0.6956 0.00951692 0.0100385
0 0.470902 0.627138 0.0101443 0.0102538
0 0.776027 0.610009 0.00648326 0.00678426
0 0.170704 0.922038 0.00743456 0.00842822
0 0.308536 0.858378 0.00723973 0.0074566
0 0.46421 0.583898 0.00803268 0.00834316
0 0.514674 0.861065 0.00930768 0.00910378
0 0.428085 0.801585 0.00749111 0.00706673
0 0.655539 0.697347 0.00956613 0.0115349
0 0.357187 0.542041 0.00727758 0.00755751
0 0.108246 0.853037 0.00688539 0.00790256
0 0.653828 0.734073 0.00680178 0.00730777
0 0.379717 0.677286 0.00809151 0.00887471
0 0.429424 0.840853 0.00645924 0.00604916
0 0.505311 0.63005 0.00743848 0.00840282
0 0.468266 0.65194 0.0100065 0.00913996
0 0.167544 0.90821 0.00778575 0.00780028
0 0.107045 0.89061 0.00881305 0.00866777
0 0.499991 0.747355 0.00906962 0.0102793
0 0.323381 0.746648 0.00710496 0.00713825
0 0.704271 0.85794 0.00720465 0.00755346
0 0.554361 0.734125 0.00723535 0.0071699
0 0.578473 0.772061 0.00884801 0.008596
0 0.0832932 0.883169 0.00763072 0.00708658
0 0.353059 0.60155 0.0077084 0.00772238
0 0.212125 0.939896 0.00812732 0.00875509
0 0.655217 0.763697 0.00705647 0.00752354
0 0.482432 0.79791 0.00833166 0.00870854
0 0.679162 0.527895 0.00910938 0.0109422
0 0.361363 0.480798 0.00882351 0.00972214
0 0.719694 0.580601 0.0134874 0.0129032
0 0.465984 0.613577 0.00707206 0.0072422
0 0.584577 0.738973 0.0108652 0.0104041
0 0.319636 0.535848 0.00722989 0.00810319
0 0.4316 0.571297 0.00732842 0.00703621
0 0.0550914 0.923874 0.00584321 0.00642926
0 0.701059 0.766459 0.0065186 0.00647879
0 0.298184 0.863585 0.00808659 0.00883275
0 0.334821 0.612274 0.0101778 0.00955838
0 0.150516 0.940326 0.00817519 0.00806886
0 0.677762 0.523767 0.00949609 0.0109835
0 0.696158 0.673003 0.00905246 0.0103452
0 0.579462 0.809808 0.00724888 0.00791055
0 0.479042 0.620134 0.00610781 0.00696868
0 0.708701 0.86788 0.00730634 0.00805986
0 0.486382 0.627317 0.00783768 0.00837708
0 0.383448 0.731902 0.00852501 0.00773048
0 0.835526 0.559283 0.00731695 0.00816321
0 0.417302 0.663264 0.00734738 0.00758249
0 0.766373 0.615259 0.00961548 0.0109887
0 0.128788 0.861547 0.00755174 0.00878215
0 0.326008 0.932048 0.00764164 0.00802654
0 0.522561 0.905654 0.0107086 0.00800896
0 0.558085 0.776778 0.00762743 0.00801617
0 0.397832 0.827584 0.00795585 0.00762022
0 0.595557 0.815812 0.0105081 0.00910014
0 0.742047 0.591138 0.00841552 0.00894803
0 0.430283 0.571276 0.00821933 0.00726032
0 0.653441 0.860797 0.00705487 0.00683975
0 0.623053 0.715795 0.00736248 0.00712419
0 0.401997 0.706832 0.00780287 0.00731105
0 0.748477 0.58262 0.00653362 0.0067448
0 0.529871 0.830208 0.00655955 0.00660646
0 0.427534 0.580365 0.00778896 0.00699425
0 0.344411 0.733752 0.00742227 0.00774491
0 0.974254 0.990419 0.0128574 0.0132574
0 0.449356 0.867416 0.00896597 0.00920832
0 0.694955 0.807391 0.0069344 0.00717926
0 0.777652 0.514752 0.00815696 0.00884098
0 0.485556 0.902337 0.00713006 0.00727195
0 0.671096 0.581776 0.00846767 0.00758553
0 0.386981 0.573007 0.00702727 0.00793153
0 0.645846 0.640586 0.00755388 0.00756538
0 0.474425 0.760156 0.00700092 0.00734711
0 0.650382 0.65429 0.00821441 0.00826758
0 0.55221 0.765806 0.00768661 0.00845844
0 0.573368 0.719166 0.0090307 0.00803524
0 0.304697 0.587215 0.0112525 0.0113111
0 0.491296 0.76675 0.0089508 0.0101692
0 0.0649094 0.909709 0.00800719 0.00791317
0 0.261551 0.846788 0.00770396 0.00931478
0 0.717906 0.53244 0.00942516 0.0108351
0 0.453402 0.743769 0.0107445 0.0113771
0 0.658778 0.710777 0.00762206 0.00772715
0 0.442047 0.666745 0.0061985 0.00662005
0 0.361927 0.607343 0.00675049 0.0073486
0 0.555605 0.759555 0.00675911 0.00807369
0 0.496019 0.830473 0.00594082 0.00683135
0 0.592601 0.803909 0.00802743 0.00860023
0 0.34163 0.732878 0.0128677 0.00962722
0 0.448325 0.841883 0.00657243 0.00677091
0 0.974805 0.286473 0.00894129 0.00885075
0 0.459216 0.857875 0.00657672 0.00710106
0 0.383288 0.730643 0.00827038 0.00794083
0 0.857643 0.539343 0.0080179 0.00917673
0 0.495335 0.586409 0.00567588 0.00620192
0 0.407996 0.666945 0.00761145 0.00796181
0 0.399002 0.840839 0.0067769 0.00766373
0 0.620553 0.725758 0.00910211 0.00787795
0 0.411576 0.704952 0.0070219 0.00722563
0 0.934226 0.78653 0.0079006 0.00775313
0 0.452885 0.652582 0.00686073 0.00771332
0 0.24356 0.878967 0.0104322 0.0107571
0 0.459819 0.829022 0.00690746 0.00708711
0 0.634132 0.633183 0.0064978 0.0068205
0 0.438016 0.86014 0.00680047 0.00729603
0 0.330771 0.810572 0.0119232 0.0117607
0 0.468126 0.795007 0.00643674 0.00637609
0 0.773844 0.623896 0.00774163 0.00801945
0 0.1194 0.900583 0.00763128 0.00750619
0 0.888966 0.707073 0.00714892 0.00662792
0 0.840951 0.576596 0.0123947 0.0126786
0 0.38529 0.742641 0.00661689 0.00629121
0 0.8862 0.391995 0.00993764 0.00932503
0 0.669779 0.70872 0.00776339 0.0111659
0 0.369706 0.667421 0.00743833 0.00982481
0 0.463941 0.738114 0.00685722 0.00767326
0 0.90206 0.35402 0.00923425 0.00978357
0 0.603907 0.696998 0.00591505 0.00599557
0 0.914542 0.444391 0.00758892 0.0117156
0 0.382318 0.71776 0.00677082 0.00708085
0 0.918111 0.754835 0.00727195 0.00789094
0 0.604182 0.564508 0.00684738 0.006558
0 0.734321 0.528001 0.0106622 0.011072
0 0.939863 0.721383 0.00824106 0.00789756
0 0.253481 0.839915 0.00590798 0.00678062
0 0.0862475 0.930936 0.00829729 0.00780183
0 0.938144 0.809033 0.00748271 0.00957412
0 0.389454 0.811904 0.00620717 0.0062111
0 0.198248 0.941185 0.00694323 0.00745445
0 0.3969 0.813336 0.0079549 0.00785828
0 0.5226 0.576987 0.00725269 0.00984544
0 0.545896 0.911972 0.00780475 0.007608
0 0.816117 0.559705 0.00797576 0.00734997
0 0.323739 0.539312 0.0140041 0.0141565
0 0.379654 0.575996 0.00674391 0.00677252
0 0.561273 0.854908 0.00711155 0.00854379
0 0.215666 0.953523 0.00655662 0.00739628
0 0.896172 0.690849 0.00654316 0.00645286
0 0.546841 0.783672 0.00656849 0.00709379
0 0.642685 0.665142 0.00801235 0.0115444
0 0.691929 0.571931 0.00857276 0.0105854
0 0.916318 0.727141 0.00990218 0.0103391
0 0.421967 0.844834 0.00622004 0.0067234
0 0.338787 0.731944 0.0116442 0.00842249
0 0.952373 0.741709 0.00652832 0.006468
0 0.843588 0.554636 0.00694579 0.00680983
0 0.411175 0.851793 0.0072054 0.00761068
0 0.97408 0.989891 0.0155296 0.016082
0 0.558971 0.651513 0.00832629 0.00767517
0 0.651417 0.822111 0.00611544 0.00648075
0 0.651145 0.873447 0.00877631 0.0107853
0 0.64326 0.832308 0.00658125 0.00686532
0 0.903136 0.395971 0.00688553 0.00621644
0 0.731922 0.525832 0.0164825 0.0174629
0 0.491593 0.724218 0.00756514 0.00826627
0 0.329937 0.795723 0.00867787 0.00936937
0 0.254919 0.877104 0.00588605 0.00738186
0 0.412493 0.621799 0.00826606 0.00987965
0 0.572838 0.824776 0.0076372 0.00763547
0 0.475348 0.557923 0.00665855 0.00670528
0 0.416854 0.830502 0.0066224 0.00675797
0 0.502941 0.849023 0.00808737 0.00940514
0 0.651534 0.752594 0.0060392 0.00696027
0 0.722534 0.853374 0.0089438 0.00989151
0 0.520524 0.657027 0.00686759 0.00698531
0 0.564715 0.801952 0.00790137 0.00759238
0 0.583945 0.533968 0.00706947 0.00688589
0 0.575429 0.78271 0.00842232 0.00836402
0 0.516364 0.687274 0.00664413 0.00739652
0 0.390961 0.682606 0.00762281 0.007568
0 0.966812 0.790541 0.00675046 0.00708443
0 0.466389 0.612507 0.00758266 0.00806332
0 0.825583 0.558241 0.00769389 0.0081045
0 0.393121 0.713187 0.00677308 0.00694311
0 0.0595117 0.911879 0.0114374 0.00745052
0 0.63051 0.772694 0.00699502 0.00737804
0 0.952483 0.722225 0.00741309 0.00779569
0 0.138045 0.979715 0.00654769 0.00666237
0 0.388903 0.802842 0.00693598 0.00706619
0 0.376917 0.810971 0.00898215 0.00782394
0 0.844268 0.554 0.00661641 0.0072524
0 0.195423 0.959114 0.00642823 0.00651973
0 0.444394 0.588233 0.00626382 0.00692761
0 0.587982 0.854762 0.00663835 0.00752389
0 0.528054 0.848744 0.00743377 0.00786173
0 0.565094 0.874112 0.00685942 0.00751913
0 0.689877 0.602433 0.00940889 0.00879908
0 0.337594 0.731195 0.0091438 0.00791186
0 0.574355 0.773174 0.00865251 0.00750542
0 0.375801 0.691408 0.00674328 0.00758231
0 0.473377 0.544212 0.00667658 0.00731391
0 0.670141 0.706642 0.00683153 0.00859356
0 0.882102 0.567444 0.0124332 0.0122139
0 0.124263 0.990379 0.00647383 0.00650233
0 0.869449 0.551527 0.00865036 0.0109892
0 0.416347 0.831592 0.00676003 0.00716853
0 0.550804 0.671288 0.0062843 0.00678158
0 0.40111 0.72871 0.00767648 0.0092259
0 0.659945 0.808058 0.00672132 0.00698221
0 0.441934 0.711794 0.00921133 0.0104262
0 0.139938 0.988313 0.0069174 0.00683671
0 0.5611 0.856259 0.00678986 0.00768548
0 0.191066 0.307917 0.00881381 0.0096485
0 0.763636 0.634095 0.0117794 0.0112391
0 0.76588 0.613274 0.00884223 0.0101042
0 0.555001 0.572842 0.0075717 0.00782269
0 0.702295 0.777947 0.00666267 0.00669497
0 0.48908 0.865055 0.00642356 0.00648385
0 0.821265 0.517026 0.00765705 0.00873125
0 0.68168 0.57952 0.00694978 0.00805974
0 0.421279 0.714019 0.010072 0.00901067
0 0.964662 0.658835 0.0132999 0.0148106
0 0.948698 0.788157 0.00736159 0.00711572
0 0.623592 0.682149 0.00730264 0.00769168
0 0.733675 0.599609 0.00673932 0.00797397
0 0.319214 0.536186 0.00946417 0.00967449
0 0.222735 0.309127 0.00691494 0.00619367
0 0.322841 0.544322 0.00771117 0.00707442
0 0.365284 0.695783 0.00666437 0.00705278
0 0.50193 0.592371 0.00700045 0.00670713
0 0.657412 0.586733 0.00835758 0.00815922
