0 0.338284 0.473962 0.0119385 0.0114979
0 0.308376 0.388592 0.0125216 0.0126679
0 0.0951723 0.769309 0.0142877 0.0130859
0 0.165987 0.5879 0.014638 0.0144026
0 0.299587 0.353724 0.0134451 0.0136519
0 0.264838 0.392022 0.0108786 0.0109167
0 0.306258 0.424175 0.0116619 0.0125488
0 0.191739 0.72069 0.0131765 0.0131419
0 0.276165 0.355554 0.0119818 0.0122699
0 0.16147 0.957453 0.0162118 0.0128925
0 0.2181 0.041398 0.0175804 0.0211642
0 0.316025 0.462023 0.0133177 0.0134928
0 0.625943 0.203828 0.0118935 0.0123068
0 0.499348 0.671939 0.0120564 0.0136259
0 0.229877 0.74664 0.0130351 0.0126818
0 0.166075 0.873388 0.0114226 0.0101385
0 0.315282 0.405934 0.0136972 0.0140952
0 0.446905 0.633585 0.0127678 0.0135033
0 0.233534 0.958745 0.0101607 0.0109274
0 0.410582 0.588426 0.012464 0.0140372
0 0.337932 0.357428 0.0179287 0.0192727
0 0.224735 0.802267 0.0132055 0.0138632
0 0.204376 0.491182 0.0125519 0.0112671
0 0.238718 0.937403 0.0137125 0.0136215
0 0.274338 0.913065 0.0127696 0.0127845
0 0.289645 0.409578 0.0119129 0.0126827
0 0.222722 0.948113 0.0135012 0.0132515
0 0.398015 0.51895 0.0128722 0.0119278
0 0.32466 0.38734 0.011553 0.0116588
0 0.132493 0.550159 0.0126283 0.0126356
0 0.26492 0.965473 0.0167075 0.0140942
0 0.857804 0.293645 0.013266 0.015364
0 0.204855 0.797556 0.0139911 0.0137041
0 0.200653 0.51802 0.0118803 0.00917786
0 0.500037 0.201961 0.0122913 0.0109788
0 0.058991 0.728752 0.0127647 0.0124363
0 0.160817 0.859615 0.0118906 0.0127981
0 0.277876 0.931119 0.0136831 0.0135046
0 0.0833124 0.841249 0.0150507 0.0133026
0 0.241188 0.866363 0.0122597 0.0105831
0 0.213889 0.737661 0.0126821 0.0124329
0 0.404211 0.983363 0.0125105 0.0116821
0 0.287568 0.368919 0.0116237 0.0123407
0 0.209551 0.933106 0.0129986 0.0126945
0 0.306594 0.444216 0.0132594 0.0131737
0 0.217568 0.897341 0.0146513 0.0138057
0 0.243215 0.912153 0.0141108 0.0136265
0 0.122239 0.59062 0.0118394 0.0118281
0 0.183974 0.852287 0.0140859 0.0140015
0 0.166935 0.892667 0.0171547 0.013451
0 0.536762 0.497944 0.0108687 0.012808
0 0.349301 0.508396 0.0103814 0.0109046
0 0.225451 0.88274 0.0150911 0.0126445
0 0.483153 0.420467 0.00876454 0.00950623
0 0.45506 0.6513 0.0118253 0.0147179
0 0.0475592 0.845204 0.0132133 0.0133915
0 0.177802 0.763548 0.0132477 0.0124319
0 0.488865 0.0087159 0.0101912 0.011693
0 0.471682 0.42395 0.00851613 0.00867388
0 0.350433 0.388081 0.0125749 0.012392
0 0.249226 0.477734 0.0123925 0.0121567
0 0.496877 0.452313 0.0105111 0.00969619
0 0.33119 0.515889 0.0113943 0.0110393
0 0.340564 0.398803 0.0129315 0.0127582
0 0.258832 0.92499 0.012655 0.0133779
0 0.331481 0.547207 0.0120237 0.0124197
0 0.476756 0.385023 0.0131531 0.0135343
0 0.188441 0.785193 0.01304 0.0138543
0 0.360918 0.481332 0.0137538 0.0122301
0 0.525642 0.483436 0.0106644 0.0119026
0 0.129043 0.874571 0.0142709 0.0173264
0 0.0972054 0.655148 0.0110484 0.0104069
0 0.464973 0.695786 0.0115389 0.0175843
0 0.258762 0.433017 0.0104601 0.0112545
0 0.146314 0.683947 0.0140655 0.013943
0 0.863495 0.185306 0.0118408 0.0133128
0 0.154086 0.845517 0.0135425 0.012952
0 0.461921 0.484787 0.0110277 0.011471
0 0.291242 0.464038 0.0116093 0.0136444
0 0.450262 0.435613 0.0110221 0.0113365
0 0.341389 0.537202 0.00941435 0.011059
0 0.00571457 0.84039 0.0114291 0.0132542
0 0.160982 0.858864 0.0144202 0.0153309
0 0.468444 0.582392 0.0113228 0.0133728
0 0.462978 0.62402 0.00944138 0.0122797
0 0.119388 0.433721 0.0118858 0.0119402
0 0.23328 0.577192 0.0108519 0.0101253
0 0.724084 0.441576 0.0104594 0.0121216
0 0.254717 0.460343 0.0154292 0.0142
0 0.349482 0.389382 0.0140224 0.0155193
0 0.225604 0.353303 0.0110888 0.00940585
0 0.118507 0.759964 0.012076 0.0106509
0 0.338743 0.499203 0.010629 0.010687
0 0.48037 0.442512 0.00806358 0.00940096
0 0.177985 0.80912 0.00768542 0.00663757
0 0.171831 0.799705 0.0120522 0.0100989
0 0.126538 0.640062 0.00954886 0.0107585
0 0.535926 0.161035 0.0108414 0.0098758
0 0.168433 0.893491 0.0227351 0.0174961
0 0.209023 0.709717 0.0128255 0.0111551
0 0.898769 0.449081 0.0069977 0.00844419
0 0.342828 0.396436 0.019117 0.019554
0 0.494375 0.420898 0.00853547 0.0102892
0 0.1667 0.874303 0.0145024 0.011842
0 0.699645 0.809517 0.00990069 0.0110049
0 0.142097 0.582234 0.0109702 0.0120199
0 0.126202 0.699635 0.0121193 0.0119438
0 0.590989 0.962797 0.0147171 0.0118525
