0 0.329106 0.819725 0.020288 0.0200219
0 0.340124 0.707215 0.0180764 0.0194814
0 0.326522 0.653445 0.0221508 0.0200812
0 0.499208 0.672466 0.0140234 0.0164132
0 0.952422 0.165766 0.0238732 0.0233384
0 0.845569 0.669526 0.0196903 0.0201564
0 0.274692 0.769744 0.0147773 0.0175865
0 0.588356 0.48859 0.016314 0.0200129
0 0.408653 0.643522 0.0220383 0.0191515
0 0.305903 0.790363 0.0180863 0.0201223
0 0.321063 0.0379182 0.0157807 0.0202042
0 0.830642 0.702808 0.0169821 0.0181425
0 0.342868 0.57863 0.0181932 0.0207013
0 0.601106 0.863008 0.0149349 0.018576
0 0.259152 0.849966 0.0149159 0.0159214
0 0.944329 0.21762 0.0204663 0.0200934
0 0.452438 0.0372741 0.0177178 0.0180857
0 0.212952 0.0722002 0.0213208 0.0239229
0 0.0541463 0.792165 0.0203672 0.0201156
0 0.225656 0.857714 0.0169455 0.0174112
0 0.0583499 0.892146 0.0157826 0.0162487
0 0.369 0.814269 0.0168993 0.0184145
0 0.89779 0.554434 0.0147597 0.0125412
0 0.128207 0.244513 0.0178505 0.018737
0 0.491505 0.644707 0.0207188 0.0179634
0 0.398573 0.134279 0.0163358 0.0162939
0 0.504298 0.468148 0.0204274 0.0203167
0 0.273266 0.682629 0.0162587 0.0162165
0 0.165157 0.236241 0.0167897 0.0178684
0 0.975888 0.0354242 0.0183529 0.0203401
0 0.171459 0.478815 0.0215891 0.0200728
0 0.132784 0.814519 0.0217789 0.016135
0 0.14447 0.303826 0.0191524 0.0229298
0 0.24113 0.18005 0.0147844 0.0200737
0 0.485012 0.0830228 0.0189131 0.0159635
0 0.783518 0.567268 0.0143495 0.0158504
0 0.559286 0.560375 0.0175373 0.0182101
0 0.457329 0.471665 0.0174555 0.0199139
0 0.767769 0.367709 0.0145191 0.0172135
0 0.796861 0.813725 0.0162587 0.0171421
0 0.107611 0.647682 0.0152176 0.015979
0 0.778456 0.392922 0.0196252 0.017957
0 0.557205 0.536783 0.0199159 0.0216509
0 0.826292 0.575574 0.0181229 0.016701
0 0.980332 0.203779 0.0181744 0.0180251
0 0.62527 0.878762 0.0178995 0.0197479
0 0.66875 0.0458206 0.0186455 0.0145413
0 0.0285501 0.843645 0.0199694 0.0200523
0 0.70698 0.392719 0.0181063 0.0191941
0 0.0142233 0.61793 0.0284465 0.0228702
0 0.154931 0.789649 0.0160675 0.0228297
0 0.0924007 0.452499 0.00975214 0.011664
0 0.756927 0.412768 0.0158163 0.0187978
0 0.255207 0.497433 0.0280623 0.0231853
0 0.236221 0.982201 0.0139634 0.018375
0 0.124571 0.450626 0.0204317 0.0179168
0 0.20224 0.692426 0.0231681 0.0161934
0 0.496012 0.0619699 0.0149465 0.01854
0 0.817235 0.811156 0.0123982 0.0150007
0 0.732248 0.406609 0.016803 0.0183304
0 0.331042 0.899514 0.0188246 0.0187756
0 0.937993 0.303281 0.0188835 0.0200094
0 0.0643391 0.631125 0.0167424 0.0206888
0 0.0170063 0.465154 0.0164866 0.0183746
0 0.276947 0.0256167 0.0114299 0.0131689
0 0.169214 0.202321 0.0195801 0.0192349
0 0.867395 0.155689 0.0153626 0.0180121
0 0.243603 0.297717 0.0157483 0.0213922
0 0.770344 0.339113 0.0169389 0.0186071
0 0.240176 0.32503 0.0199481 0.0196474
0 0.00783481 0.868244 0.0156696 0.0145493
0 0.133539 0.815284 0.024795 0.0205738
0 0.0477312 0.500845 0.0152967 0.0148521
0 0.0691937 0.491594 0.0139645 0.011647
0 0.00843989 0.676728 0.0157404 0.021261
0 0.254938 0.52374 0.0151941 0.0159082
0 0.784571 0.352444 0.0123684 0.0160175
0 0.0210036 0.507288 0.0149036 0.015626
0 0.14574 0.350599 0.0204015 0.0205915
0 0.739298 0.286736 0.0210724 0.0179902
0 0.380211 0.421687 0.0115717 0.0129464
0 0.0345214 0.453882 0.0213942 0.0203203
0 0.785815 0.721632 0.0145683 0.0155674
0 0.564426 0.146514 0.0173848 0.0159696
0 0.599152 0.192579 0.022473 0.0219182
0 0.919691 0.33046 0.015282 0.0160762
0 0.919655 0.308018 0.0136429 0.0140019
0 0.0378012 0.455088 0.0144028 0.0157844
0 0.344573 0.301991 0.0184571 0.0192138
0 0.0115275 0.707518 0.0129149 0.0174357
0 0.148362 0.265421 0.0146559 0.0165985
0 0.99487 0.118345 0.0102592 0.0167897
0 0.217657 0.519605 0.0092732 0.0134656
0 0.589044 0.488412 0.0206319 0.0235033
0 0.267424 0.0422901 0.0136776 0.0160078
0 0.399787 0.604037 0.0190917 0.0267019
0 0.478255 0.877459 0.0198418 0.0230738
0 0.0728818 0.381313 0.0198348 0.020186
0 0.264481 0.831832 0.0097838 0.0139166
0 0.293435 0.0486892 0.0140813 0.0139931
0 0.93936 0.324767 0.0162624 0.0154489
0 0.206817 0.126797 0.014394 0.0160345
0 0.182886 0.14626 0.0194245 0.0193774
0 0.964921 0.0177978 0.0175862 0.014493
0 0.915758 0.330482 0.022052 0.0209137
0 0.2768 0.0240538 0.0133428 0.0163768
0 0.106741 0.647512 0.0185267 0.0200838
0 0.477712 0.877056 0.0145767 0.019442
0 0.204939 0.125816 0.01995 0.0201391
0 0.305782 0.791226 0.0227487 0.0243999
0 0.21322 0.15752 0.0189962 0.0232944
0 0.0757415 0.33675 0.0190929 0.0182686
0 0.266007 0.828045 0.00954664 0.0129822
0 0.783601 0.567132 0.0168522 0.0209673
0 0.39618 0.603226 0.0262046 0.0211778
0 0.0813268 0.921424 0.0150184 0.0143909
0 0.293369 0.0477849 0.0171414 0.0181333
0 0.258443 0.631558 0.0227706 0.0226803
0 0.120167 0.495079 0.00839453 0.00902271
0 0.399989 0.603399 0.0143803 0.0209206
0 0.593591 0.00356867 0.0166079 0.00712246
0 0.0207636 0.506459 0.017775 0.0193854
0 0.0419556 0.751512 0.00752887 0.0076918
0 0.226945 0.857485 0.0229617 0.0209591
0 0.566172 0.88303 0.0170396 0.0183262
0 0.121606 0.527243 0.0180607 0.024657
0 0.600349 0.394659 0.0149015 0.0226685
0 0.712569 0.425418 0.0143337 0.0149228
0 0.289428 0.342198 0.0143867 0.0143161
0 0.316216 0.321886 0.0140184 0.0150509
0 0.541238 0.704174 0.0102631 0.00956804
0 0.965648 0.989068 0.0243017 0.0218641
0 0.0606962 0.48272 0.00973229 0.00987825
