0 0.570393 0.571744 0.0227273 0.0178593
0 0.544276 0.598996 0.0194163 0.0182663
0 0.732859 0.569932 0.0187883 0.0165005
0 0.921302 0.00741784 0.0139662 0.0130531
0 0.10984 0.379082 0.0143733 0.0195561
0 0.578704 0.829521 0.0154589 0.0178177
0 0.572355 0.788244 0.0116522 0.0112619
0 0.545092 0.50687 0.0194235 0.0130464
0 0.540735 0.446196 0.0163193 0.0124726
0 0.456567 0.570656 0.0158767 0.012627
0 0.583539 0.591406 0.0239509 0.0137693
0 0.855321 0.460301 0.00808489 0.00953886
0 0.836927 0.00946959 0.00878775 0.00881962
0 0.635406 0.59716 0.017921 0.0143554
0 0.484317 0.659546 0.0104153 0.01104
0 0.57959 0.0525674 0.00957406 0.0132962
0 0.922981 0.0298485 0.00942594 0.00752572
0 0.924907 0.0278544 0.00843161 0.00914303
