0 0.626999 0.633345 0.00826818 0.00850123
0 0.629795 0.647076 0.00826395 0.00889236
0 0.629503 0.660533 0.0106093 0.0098573
0 0.309175 0.866218 0.0105844 0.0101551
0 0.702761 0.753262 0.0079177 0.00973833
0 0.671941 0.822436 0.00973099 0.0096119
0 0.446008 0.896835 0.00977078 0.0107712
0 0.416139 0.821774 0.00896206 0.0100906
0 0.423008 0.883982 0.0135572 0.0136982
0 0.29069 0.87333 0.00953969 0.00968933
0 0.507686 0.828791 0.00774348 0.00821286
0 0.512333 0.366163 0.0127082 0.0122441
0 0.438918 0.622045 0.00921154 0.0102258
0 0.691629 0.891583 0.00858039 0.00950241
0 0.46991 0.603884 0.00901777 0.00933158
0 0.514331 0.897226 0.00768298 0.0101938
0 0.491282 0.845208 0.00860253 0.00907707
0 0.423354 0.42136 0.0111347 0.0116886
0 0.502482 0.898511 0.00910971 0.00864637
0 0.23275 0.723841 0.00801821 0.00819838
0 0.473224 0.829334 0.0106768 0.0102015
0 0.305109 0.964988 0.0106299 0.0125698
0 0.490138 0.614733 0.00801364 0.00845391
0 0.608861 0.69894 0.00916237 0.00859088
0 0.3098 0.840217 0.0106157 0.0111984
0 0.330898 0.705741 0.0119307 0.014229
0 0.620972 0.400857 0.0115369 0.0116597
0 0.379436 0.9267 0.0100453 0.00999796
0 0.75107 0.888774 0.0129916 0.011754
0 0.630462 0.412944 0.0103949 0.0123907
0 0.688842 0.715746 0.00908947 0.0108401
0 0.694563 0.866305 0.00721186 0.0089466
0 0.670993 0.770986 0.00865334 0.0104759
0 0.6793 0.786196 0.00748652 0.00747091
0 0.384173 0.746382 0.00939602 0.00969601
0 0.508283 0.883886 0.00871181 0.00893992
0 0.52216 0.83635 0.00764865 0.00805664
0 0.414781 0.760261 0.00731981 0.00846195
0 0.373065 0.756251 0.010994 0.0120069
0 0.534987 0.361324 0.00996149 0.0106212
0 0.645061 0.867491 0.00909024 0.0102081
0 0.407105 0.979311 0.009462 0.0102822
0 0.529087 0.345183 0.0102328 0.00928208
0 0.290399 0.847367 0.00771713 0.00792277
0 0.611301 0.896 0.0086391 0.0101459
0 0.57915 0.752941 0.0115275 0.0121596
0 0.561247 0.72905 0.00914544 0.0101025
0 0.558916 0.327477 0.00826204 0.00933456
0 0.48968 0.960805 0.00756857 0.00749934
0 0.705718 0.735544 0.00905418 0.0100832
0 0.539945 0.673791 0.00949728 0.00973994
0 0.420132 0.977577 0.00853178 0.0113816
0 0.599447 0.738628 0.00995713 0.0102701
0 0.235616 0.542117 0.00794058 0.00849187
0 0.454227 0.608824 0.00626925 0.00694883
0 0.242418 0.491543 0.00834404 0.00899696
0 0.220234 0.779911 0.00885276 0.00900096
0 0.402713 0.798956 0.0101869 0.0106592
0 0.24698 0.733823 0.00966102 0.00997305
0 0.89374 0.804443 0.0131664 0.0137393
0 0.482134 0.779095 0.00789812 0.00910646
0 0.167445 0.801293 0.00962329 0.0101455
0 0.226628 0.746846 0.00876069 0.0114253
0 0.628143 0.816523 0.00661904 0.00810432
0 0.554545 0.831855 0.00932217 0.00938147
0 0.208402 0.140739 0.0104536 0.0107072
0 0.395672 0.63561 0.00671452 0.00722963
0 0.663699 0.778711 0.00727117 0.00743598
0 0.671898 0.72024 0.00636643 0.00788003
0 0.20942 0.689951 0.00905527 0.00982779
0 0.373914 0.698055 0.00783861 0.00842321
0 0.355344 0.915587 0.00812483 0.00940853
0 0.555045 0.616414 0.0091877 0.00909019
0 0.204864 0.804974 0.0074801 0.00779212
0 0.637911 0.395067 0.0103393 0.00993711
0 0.686453 0.878163 0.00727177 0.00841296
0 0.408205 0.434658 0.00877944 0.0100937
0 0.192928 0.809311 0.00733747 0.00882417
0 0.58219 0.394262 0.00998038 0.0107816
0 0.291554 0.4286 0.00862321 0.00873336
0 0.580618 0.711779 0.00947094 0.0107002
0 0.233025 0.708037 0.00633019 0.00738239
0 0.953243 0.920548 0.00849265 0.00908428
0 0.20953 0.464544 0.00739823 0.00792924
0 0.391887 0.808767 0.00816035 0.00972784
0 0.59547 0.722463 0.00799692 0.00854337
0 0.311304 0.458618 0.00998729 0.0108509
0 0.935188 0.923035 0.00886798 0.0103971
0 0.496939 0.688688 0.00779855 0.00779337
0 0.252817 0.218086 0.00803594 0.00808096
0 0.223327 0.715073 0.0081708 0.00760692
0 0.564377 0.628486 0.00642949 0.00750798
0 0.623855 0.802289 0.00858307 0.00873506
0 0.690139 0.774599 0.0087387 0.0100389
0 0.371166 0.916722 0.00847283 0.00879365
0 0.148206 0.816881 0.0100595 0.00991595
0 0.48708 0.973233 0.0111574 0.0108051
0 0.539187 0.492299 0.00942785 0.0104645
0 0.173383 0.145763 0.00792256 0.00892249
0 0.283552 0.84059 0.00819045 0.00883162
0 0.346361 0.908435 0.00906783 0.00998002
0 0.509847 0.761323 0.00853992 0.00974852
0 0.192556 0.488289 0.00781345 0.00785005
0 0.628992 0.858728 0.00853175 0.00817221
0 0.514885 0.797029 0.00845718 0.00931019
0 0.524979 0.867496 0.00832438 0.00915605
0 0.310995 0.31344 0.0125703 0.0122699
0 0.560126 0.396904 0.00957143 0.010038
0 0.476549 0.332581 0.00857371 0.0090948
0 0.328092 0.322966 0.0117801 0.012124
0 0.409175 0.653404 0.00681466 0.00843233
0 0.532847 0.63386 0.00744444 0.00852871
0 0.187738 0.796194 0.0080664 0.0078184
0 0.332622 0.951634 0.00842243 0.00978774
0 0.622414 0.676539 0.00706464 0.00688267
0 0.667297 0.810213 0.00798571 0.0103424
0 0.425733 0.758562 0.00750616 0.00868338
0 0.568985 0.808551 0.00817114 0.00960141
0 0.189981 0.451969 0.00708133 0.00838852
0 0.468496 0.775686 0.0112066 0.0110886
0 0.393422 0.736983 0.0113707 0.010002
0 0.686999 0.624149 0.00952339 0.00988406
0 0.667378 0.849753 0.0095706 0.00998461
0 0.52164 0.625409 0.0112103 0.00875646
0 0.544262 0.317833 0.00791341 0.00965223
0 0.753067 0.811851 0.0107381 0.0101261
0 0.319313 0.986868 0.00933668 0.0113297
0 0.557541 0.817746 0.0072872 0.00797117
0 0.365181 0.923697 0.00797161 0.00786436
0 0.523831 0.850989 0.00685441 0.00760841
0 0.926056 0.983066 0.0106775 0.0108704
0 0.463921 0.724756 0.00877666 0.00995046
0 0.361573 0.672035 0.00850669 0.00859576
0 0.942969 0.884001 0.00890541 0.010619
0 0.584415 0.694796 0.00922984 0.00957823
0 0.671074 0.670647 0.00896162 0.00969476
0 0.553942 0.715729 0.00645179 0.00687522
0 0.216268 0.522924 0.00730315 0.00900573
0 0.529621 0.458933 0.00895733 0.0106119
0 0.818923 0.912457 0.00895917 0.0109032
0 0.523847 0.676777 0.00695848 0.00771314
0 0.250498 0.230035 0.00813265 0.00984697
0 0.396473 0.931236 0.00940865 0.0094986
0 0.897956 0.905388 0.00848275 0.00866681
0 0.385348 0.702822 0.00881186 0.00953639
0 0.228939 0.436202 0.00859304 0.00864622
0 0.681973 0.63913 0.00804865 0.0095709
0 0.577888 0.496034 0.00931472 0.00875229
0 0.174846 0.820335 0.00939667 0.0101094
0 0.827131 0.836092 0.00917929 0.00928575
0 0.856656 0.814468 0.0107101 0.0115703
0 0.362087 0.580486 0.0090538 0.00868094
0 0.658926 0.670571 0.00737572 0.00803775
0 0.689048 0.855598 0.00812304 0.0067879
0 0.704536 0.865737 0.00668198 0.00796396
0 0.190938 0.7867 0.00946145 0.00969744
0 0.335701 0.312157 0.00880989 0.00998357
0 0.569192 0.785519 0.012579 0.0122009
0 0.192174 0.210864 0.00927496 0.00825377
0 0.641929 0.626592 0.00757885 0.00733644
0 0.908267 0.903439 0.00663304 0.00751609
0 0.672356 0.622429 0.00846362 0.00973576
0 0.504669 0.679882 0.00971434 0.00829726
0 0.574968 0.485547 0.00849646 0.00848064
0 0.616157 0.655348 0.0074572 0.00752503
0 0.246964 0.199335 0.00990295 0.00969021
0 0.631984 0.617344 0.00741631 0.00897264
0 0.409587 0.645602 0.00641918 0.00766838
0 0.565619 0.488681 0.00826204 0.00869122
0 0.570691 0.635587 0.00669616 0.00699234
0 0.705282 0.833223 0.00960636 0.0089367
0 0.296011 0.361114 0.00928378 0.00951242
0 0.453312 0.667565 0.00992966 0.00943488
0 0.521537 0.607874 0.00794142 0.00848258
0 0.685392 0.744495 0.00945878 0.00945109
0 0.393633 0.916626 0.00818649 0.00926608
0 0.589694 0.354467 0.00743026 0.00931534
0 0.412125 0.772434 0.00712538 0.00765282
0 0.499449 0.81765 0.0094721 0.0104241
0 0.374954 0.672955 0.00880566 0.00968766
0 0.467368 0.43502 0.016196 0.0194147
0 0.347521 0.940913 0.00927323 0.0107639
0 0.558103 0.497788 0.00863421 0.00985223
0 0.488254 0.63631 0.00831127 0.00882441
0 0.242828 0.70717 0.00721253 0.00766259
0 0.650923 0.661696 0.00715923 0.00783461
0 0.555891 0.440118 0.00940371 0.0122997
0 0.205386 0.520429 0.00781012 0.00929707
0 0.515314 0.637828 0.0101257 0.00950402
0 0.499267 0.755895 0.00885808 0.00891507
0 0.496796 0.932267 0.00873703 0.00911981
0 0.459855 0.705617 0.00728998 0.00773656
0 0.261005 0.713285 0.00914103 0.00974959
0 0.523588 0.790735 0.00623125 0.00767899
0 0.546523 0.735738 0.00717604 0.00826401
0 0.898676 0.991683 0.00806105 0.00811344
0 0.982955 0.753876 0.00904942 0.0100867
0 0.559493 0.851115 0.00680393 0.00769466
0 0.1979 0.177984 0.0110102 0.0112245
0 0.357796 0.785325 0.00702021 0.0083766
0 0.700514 0.897334 0.00706249 0.00853938
0 0.146585 0.183511 0.0071858 0.0074876
0 0.122664 0.137352 0.00842371 0.0100122
0 0.578806 0.645258 0.0124611 0.00971186
0 0.22411 0.832391 0.00792751 0.00846559
0 0.489269 0.70273 0.00719061 0.00789809
0 0.90039 0.893786 0.0110897 0.00983906
0 0.273586 0.625172 0.009442 0.0107008
0 0.762565 0.220469 0.0194551 0.0164874
0 0.467791 0.589744 0.00687885 0.0080899
0 0.693872 0.8466 0.00835168 0.00785238
0 0.488418 0.335678 0.0075981 0.00885758
0 0.255588 0.179444 0.00783569 0.00879884
0 0.348797 0.692317 0.00709438 0.00841236
0 0.938016 0.895114 0.00788575 0.00834525
0 0.513937 0.672885 0.0065459 0.00731277
0 0.167222 0.49853 0.00808239 0.00798389
0 0.639435 0.90774 0.0136795 0.0132118
0 0.340535 0.592862 0.00829488 0.00973439
0 0.607512 0.373268 0.00694531 0.00779247
0 0.369981 0.686272 0.00767648 0.00776595
0 0.506993 0.815336 0.00647038 0.00858134
0 0.226857 0.4597 0.00722465 0.00797701
0 0.273331 0.674797 0.0148798 0.0185438
0 0.458172 0.630085 0.00580025 0.00639588
0 0.174555 0.482276 0.00664258 0.0072664
0 0.299104 0.61313 0.0105215 0.00973034
0 0.376364 0.580042 0.00796708 0.00987607
0 0.526019 0.315143 0.00656623 0.00859413
0 0.238218 0.69726 0.00963207 0.00862706
0 0.386366 0.666507 0.00763446 0.00841033
0 0.679348 0.732119 0.00819355 0.00809175
0 0.468464 0.93372 0.00761119 0.00940818
0 0.61287 0.827494 0.00720561 0.00825578
0 0.449161 0.601676 0.00651464 0.00700897
0 0.257469 0.843636 0.00842506 0.00948125
0 0.286863 0.619909 0.010111 0.0103787
0 0.642502 0.788426 0.00821018 0.0090543
0 0.131551 0.136645 0.00854424 0.0105067
0 0.671904 0.635759 0.00692958 0.00734174
0 0.968945 0.756781 0.00943142 0.00943547
0 0.69409 0.9092 0.00729489 0.00825614
0 0.54731 0.332056 0.00709057 0.00738746
0 0.506492 0.679463 0.00756437 0.0077219
0 0.605209 0.851611 0.00771123 0.0086382
0 0.494808 0.949583 0.00830975 0.0118644
0 0.660634 0.788582 0.00874084 0.00833285
0 0.161577 0.180623 0.0078682 0.00845131
0 0.673414 0.715947 0.00795972 0.0127989
0 0.627908 0.776207 0.00598752 0.00643176
0 0.631993 0.617077 0.0101925 0.0115261
0 0.637909 0.633858 0.00727868 0.0080049
0 0.633288 0.61112 0.008362 0.00964433
0 0.566323 0.487782 0.0100483 0.0104156
0 0.533655 0.794818 0.00585669 0.00621712
0 0.399463 0.43935 0.00836444 0.010687
0 0.533595 0.332745 0.00780284 0.00878069
0 0.693419 0.755976 0.00790256 0.00860274
0 0.619771 0.666715 0.0061326 0.00768489
0 0.500846 0.817073 0.013225 0.0110035
0 0.238428 0.166131 0.0084364 0.00981545
0 0.154582 0.174732 0.00781791 0.00818449
0 0.524489 0.810195 0.00689781 0.00800073
0 0.706287 0.833284 0.0130901 0.0107902
0 0.310797 0.567265 0.0257545 0.0280284
0 0.658478 0.711718 0.00582618 0.00659543
0 0.550291 0.682104 0.00821573 0.00908345
0 0.488284 0.313222 0.00704345 0.00755453
0 0.710414 0.797206 0.00653213 0.00711828
0 0.68066 0.897619 0.00665176 0.00740933
0 0.213667 0.443355 0.00985284 0.0093855
0 0.530116 0.858202 0.00686502 0.00727558
0 0.210567 0.813129 0.0071723 0.00728226
0 0.281797 0.362888 0.00889349 0.00856313
0 0.194596 0.22187 0.0080688 0.00752717
0 0.769822 0.857994 0.00798833 0.00846523
0 0.673301 0.712723 0.00692648 0.00814098
0 0.218041 0.201558 0.01107 0.0102127
0 0.947559 0.932807 0.00818825 0.00897676
0 0.22585 0.745794 0.00987335 0.0140171
0 0.00260736 0.538596 0.00512422 0.00766456
0 0.661959 0.63895 0.00736505 0.00864065
0 0.579363 0.752599 0.0143439 0.0141653
0 0.767145 0.884862 0.00784779 0.0076645
0 0.533745 0.33122 0.00797707 0.00837138
0 0.300287 0.61223 0.0146006 0.0100744
0 0.312917 0.263369 0.016222 0.0150656
0 0.467644 0.908806 0.0069294 0.00768435
0 0.302052 0.614227 0.0157219 0.0157306
0 0.19303 0.210731 0.0124364 0.00902453
0 0.642734 0.824641 0.00684601 0.00787926
0 0.130523 0.136805 0.0107338 0.0123228
0 0.667087 0.807723 0.00839651 0.0116439
0 0.359789 0.376335 0.0132484 0.0104508
0 0.577261 0.364356 0.00685197 0.00730991
0 0.631718 0.61863 0.00802779 0.00845194
0 0.39517 0.773279 0.00676647 0.00786096
0 0.694613 0.86578 0.0094654 0.00966644
0 0.315497 0.366174 0.00764391 0.00924531
0 0.37617 0.67432 0.0094403 0.00915766
