0 0.447457 0.451152 0.0197857 0.0209175
0 0.163888 0.347289 0.0229068 0.0236499
0 0.361618 0.339557 0.0211706 0.0255483
0 0.178898 0.398126 0.0160709 0.0188233
0 0.653521 0.444127 0.0175781 0.0178165
0 0.78538 0.188229 0.0138845 0.0159688
0 0.400366 0.429047 0.0172804 0.0156609
0 0.168916 0.562455 0.0204433 0.0264109
0 0.116486 0.327095 0.0177128 0.0191281
0 0.228208 0.244177 0.0161052 0.0172907
0 0.712656 0.356663 0.0170941 0.0251532
0 0.843574 0.17299 0.0183197 0.0188828
0 0.491469 0.266567 0.0215906 0.0227461
0 0.74887 0.190906 0.0162744 0.021617
0 0.330269 0.326461 0.0201548 0.0206533
0 0.304897 0.330813 0.0199539 0.0260652
0 0.203801 0.386858 0.0174792 0.0189653
0 0.0281141 0.604973 0.0186834 0.0245497
0 0.258525 0.787548 0.0232469 0.0226614
0 0.274886 0.844347 0.0177008 0.0207912
0 0.337199 0.298294 0.0184251 0.0189295
0 0.38256 0.457539 0.0164573 0.0192915
0 0.0928004 0.613496 0.0222544 0.020332
0 0.169999 0.519385 0.0203509 0.0261194
0 0.114156 0.778341 0.0178733 0.0181782
0 0.622254 0.491505 0.0170784 0.0201696
0 0.318182 0.298383 0.0138749 0.0166242
0 0.273285 0.279307 0.0208655 0.0227231
0 0.599275 0.223567 0.0182296 0.0177858
0 0.506664 0.72515 0.0169393 0.0239579
0 0.155817 0.774589 0.0140083 0.0213078
0 0.601873 0.519664 0.0175901 0.0210953
0 0.371385 0.990123 0.0130427 0.016147
0 0.177503 0.748047 0.0183376 0.0232466
0 0.125355 0.51527 0.0207553 0.0233688
0 0.232342 0.869033 0.0190089 0.0167999
0 0.482862 0.726907 0.0188196 0.0199102
0 0.210241 0.3404 0.0181192 0.0247247
0 0.400425 0.967275 0.0134574 0.0205395
0 0.0395569 0.924558 0.0160754 0.018531
0 0.120419 0.790946 0.0110517 0.0140259
0 0.600106 0.475577 0.0176216 0.0187065
0 0.0675338 0.550539 0.0154061 0.0152529
0 0.103986 0.807878 0.0196827 0.0239273
0 0.179956 0.625882 0.0161319 0.0129358
0 0.0725091 0.280801 0.0174682 0.0173569
0 0.0634684 0.608782 0.0185101 0.0200954
0 0.0748771 0.568013 0.0215293 0.0166148
0 0.0973096 0.689265 0.0133844 0.0166338
0 0.576061 0.508139 0.0209156 0.0221096
0 0.530188 0.368817 0.0148033 0.0198881
0 0.582285 0.269966 0.0154263 0.0184337
0 0.0771798 0.347957 0.0227036 0.0287481
0 0.452354 0.329461 0.0151127 0.0160137
0 0.543988 0.623408 0.0140994 0.0201908
0 0.528903 0.666987 0.017515 0.0186086
0 0.370789 0.990317 0.0165006 0.0193666
0 0.463775 0.31246 0.0200544 0.0210151
0 0.540656 0.529458 0.0196095 0.0179302
0 0.51199 0.377842 0.0121306 0.0140219
0 0.600062 0.244118 0.0147427 0.0159232
0 0.644808 0.39493 0.0108915 0.0108135
0 0.103736 0.71988 0.0177689 0.0168414
0 0.167439 0.314686 0.0254361 0.0259221
0 0.726189 0.162801 0.0273594 0.0298399
0 0.0384163 0.924254 0.021633 0.0219979
0 0.102192 0.658479 0.0211447 0.0182271
0 0.514887 0.693898 0.018868 0.0277141
0 0.529185 0.662551 0.0211105 0.0289351
0 0.106365 0.720191 0.0129585 0.0141079
0 0.60586 0.379967 0.0133839 0.0149994
0 0.585622 0.534296 0.010345 0.0120131
0 0.232535 0.29985 0.0236003 0.0225717
0 0.669087 0.433824 0.0184071 0.0175408
0 0.518586 0.391757 0.0147671 0.0162178
0 0.61205 0.582944 0.0122434 0.0127525
0 0.607473 0.380041 0.0180696 0.0185952
0 0.0412213 0.978529 0.0110712 0.0105845
0 0.454551 0.354754 0.026547 0.0233297
0 0.59847 0.222359 0.0221035 0.0223517
0 0.533529 0.651987 0.0188463 0.0206553
0 0.451314 0.32862 0.019758 0.0193861
0 0.676006 0.490059 0.0117705 0.0139594
0 0.487971 0.408121 0.015509 0.0179335
0 0.499475 0.770263 0.0113368 0.0122434
0 0.816292 0.153212 0.00560224 0.00618792
0 0.581481 0.270962 0.0195938 0.0226341
0 0.719438 0.553077 0.017923 0.0184691
0 0.00495658 0.56743 0.00975352 0.0228716
0 0.58912 0.549004 0.0103753 0.0100136
0 0.516414 0.697324 0.0154673 0.0194827
0 0.663356 0.470106 0.016908 0.0178671
0 0.006979 0.566964 0.013958 0.0242381
0 0.00697489 0.524061 0.0139498 0.0228481
0 0.725375 0.16997 0.0277857 0.0254329
0 0.531095 0.657916 0.0241623 0.0372887
0 0.241939 0.854496 0.0107573 0.016757
0 0.0787483 0.346966 0.0150079 0.0237956
0 0.485666 0.406001 0.0192919 0.0232368
0 0.287178 0.00789519 0.018591 0.0157593
0 0.554949 0.757373 0.0177668 0.017783
0 0.727396 0.159608 0.0322039 0.0381856
0 0.598228 0.559452 0.0124898 0.0104544
0 0.603188 0.496976 0.0118673 0.0135784
0 0.00268843 0.354992 0.00525597 0.0154117
0 0.115742 0.78206 0.0217435 0.0269453
0 0.519607 0.389286 0.0170551 0.0219426
0 0.23859 0.858896 0.0193162 0.0272703
0 0.730348 0.152131 0.0252474 0.0207081
0 0.232696 0.866266 0.021984 0.0207569
0 0.797942 0.178682 0.00947309 0.0119603
0 0.500262 0.769418 0.0146714 0.0145227
0 0.533581 0.655421 0.0221033 0.0272142
0 0.731004 0.154568 0.0278447 0.0286008
0 0.229033 0.301093 0.0229096 0.0192786
