0 0.490296 0.269732 0.0238393 0.0229975
0 0.337976 0.546714 0.0200206 0.0254675
0 0.45871 0.535984 0.0233013 0.022737
0 0.565622 0.386313 0.0223978 0.0264525
0 0.829899 0.317934 0.0207987 0.0229914
0 0.663908 0.355691 0.0201337 0.0266636
0 0.41082 0.253602 0.0184776 0.0215072
0 0.420909 0.281544 0.017257 0.020303
0 0.802272 0.603442 0.0322958 0.0355246
0 0.366163 0.409522 0.0182416 0.0241631
0 0.774515 0.269831 0.0196328 0.0203135
0 0.545957 0.95951 0.0190449 0.0207016
0 0.450912 0.221495 0.0203795 0.0220464
0 0.893302 0.759354 0.0151532 0.0139114
0 0.595709 0.744318 0.0167807 0.0191559
0 0.366224 0.501158 0.016719 0.0145859
0 0.833588 0.348986 0.0221397 0.0290174
0 0.730815 0.317673 0.0188869 0.0202752
0 0.262333 0.533822 0.0194633 0.0176735
0 0.668248 0.924887 0.0190578 0.0201694
0 0.363188 0.252 0.02823 0.0281669
0 0.437123 0.889603 0.0155146 0.0191442
0 0.795733 0.6924 0.0188233 0.0215296
0 0.408676 0.297232 0.00969732 0.00973758
0 0.417832 0.323608 0.0196647 0.0201588
0 0.308771 0.539909 0.0189865 0.0225384
0 0.580891 0.462516 0.0261221 0.0290016
0 0.366139 0.366484 0.0172434 0.0223934
0 0.340891 0.373003 0.0129737 0.0181608
0 0.37886 0.544061 0.0156433 0.0198023
0 0.238011 0.575524 0.0192629 0.0171745
0 0.750465 0.394841 0.0194561 0.0216286
0 0.391904 0.457066 0.0201549 0.0238121
0 0.436606 0.325055 0.0175524 0.0327294
0 0.598827 0.769872 0.0162314 0.0136438
0 0.403267 0.501619 0.010348 0.0122424
0 0.754983 0.312714 0.0118298 0.0190982
0 0.595451 0.218882 0.0185806 0.015312
0 0.410932 0.538914 0.0182796 0.0176142
0 0.478523 0.364056 0.0258011 0.0241515
0 0.760053 0.335725 0.0126718 0.0164395
0 0.281764 0.618906 0.0185911 0.0151985
0 0.386916 0.499129 0.0156879 0.0209883
0 0.311443 0.701139 0.0182667 0.0200098
0 0.943448 0.871235 0.0150276 0.0143437
0 0.902664 0.799693 0.0130976 0.0156922
0 0.483097 0.862567 0.0204081 0.0230498
0 0.551786 0.480896 0.0126274 0.0124283
0 0.183985 0.648585 0.0181284 0.023098
0 0.564463 0.383941 0.0192358 0.019966
0 0.399152 0.935052 0.0230165 0.0272434
0 0.395019 0.520687 0.0163654 0.016448
0 0.845775 0.625952 0.0225652 0.0245382
0 0.622153 0.98715 0.00915813 0.0132675
0 0.59295 0.243622 0.0125237 0.010024
0 0.243965 0.641682 0.019877 0.0287651
0 0.832241 0.346578 0.0172046 0.0218659
0 0.397727 0.935047 0.0201246 0.0217668
0 0.630838 0.635187 0.0200917 0.0258433
0 0.62314 0.277848 0.00922161 0.0112113
0 0.848688 0.626861 0.0146601 0.0195193
0 0.282037 0.622681 0.0204729 0.0237476
0 0.806904 0.737397 0.0157017 0.0208391
0 0.345463 0.4956 0.0140387 0.0169007
0 0.83256 0.522107 0.0153664 0.0195156
0 0.941278 0.854744 0.00896108 0.0105391
0 0.785403 0.350402 0.0220796 0.021001
0 0.772541 0.471521 0.0205401 0.018569
0 0.8482 0.59698 0.00929183 0.0125685
0 0.582264 0.238301 0.0100181 0.0111121
0 0.192376 0.675508 0.0136263 0.0166743
0 0.60591 0.78628 0.0176575 0.016519
0 0.428168 0.915074 0.0107159 0.00965917
0 0.952163 0.854743 0.0108017 0.0104332
0 0.243869 0.645324 0.0154679 0.0221934
0 0.63706 0.661385 0.0172729 0.018219
0 0.953474 0.854966 0.0191131 0.0150202
0 0.756201 0.354457 0.01346 0.0143268
0 0.559941 0.240341 0.0200756 0.0194133
0 0.854786 0.315524 0.00648618 0.00794464
0 0.806592 0.275247 0.019043 0.0226957
0 0.40352 0.493595 0.0111358 0.0109752
0 0.586247 0.300961 0.0138792 0.0166436
0 0.848228 0.59834 0.0119404 0.0156133
0 0.459243 0.874549 0.0168287 0.0185314
0 0.59758 0.255227 0.0163344 0.0157442
0 0.362129 0.532312 0.0118299 0.0113602
0 0.637406 0.387613 0.0262474 0.0253223
0 0.599776 0.254428 0.010021 0.0105908
0 0.551654 0.481238 0.0154034 0.0146872
0 0.360395 0.25057 0.0220868 0.0215114
0 0.638258 0.384247 0.0348088 0.0365573
0 0.995846 0.464693 0.00815541 0.0143805
0 0.616232 0.965344 0.0135469 0.0163258
0 0.661704 0.278735 0.0171123 0.0231884
0 0.90302 0.799888 0.0158321 0.0188689
0 0.779381 0.521003 0.0264425 0.0296445
0 0.955025 0.852915 0.0229697 0.0227509
0 0.973388 0.743395 0.0114257 0.0105194
0 0.263005 0.535077 0.0230843 0.0221287
0 0.852271 0.297372 0.00568271 0.0052377
0 0.403267 0.497486 0.0119677 0.017827
0 0.798403 0.694335 0.0208961 0.0291031
0 0.561146 0.24059 0.0221171 0.0252458
0 0.580811 0.458505 0.0245731 0.0243061
0 0.837943 0.6792 0.0207876 0.0235862
0 0.242056 0.638017 0.0143133 0.0194996
0 0.77356 0.473339 0.0257319 0.0237085
0 0.340322 0.371753 0.0165004 0.0207244
0 0.224126 0.69101 0.00922899 0.00999743
0 0.422854 0.929345 0.0139978 0.014397
0 0.837744 0.678027 0.0160202 0.0167267
0 0.565644 0.508203 0.0200762 0.0233418
0 0.845235 0.693505 0.0133904 0.0141236
0 0.805087 0.602496 0.026239 0.0299264
0 0.950534 0.854814 0.0169476 0.0141296
0 0.811337 0.710905 0.00813448 0.00711864
0 0.215208 0.631971 0.0158874 0.0223253
0 0.368078 0.368588 0.0194129 0.0312348
