0 0.0982648 0.0852425 0.0195506 0.023234
0 0.590692 0.115187 0.018939 0.0214891
0 0.0295883 0.082086 0.0180872 0.0184742
0 0.547852 0.509384 0.0169155 0.0184353
0 0.363781 0.0322731 0.0192537 0.0221505
0 0.119691 0.862058 0.0201239 0.0251821
0 0.554681 0.237675 0.01544 0.0143643
0 0.332879 0.447761 0.0196693 0.0214145
0 0.290648 0.875991 0.0189563 0.0197664
0 0.585862 0.273667 0.0145704 0.0160971
0 0.0510816 0.0716014 0.0217477 0.0206008
0 0.161844 0.967902 0.0155441 0.0201626
0 0.429939 0.326167 0.0211566 0.0209494
0 0.630385 0.942559 0.0130121 0.0150265
0 0.308288 0.454099 0.0188611 0.0210471
0 0.0448916 0.960334 0.0199549 0.0265646
0 0.472079 0.856037 0.0228422 0.0195152
0 0.2413 0.265589 0.0161545 0.0175634
0 0.513589 0.418935 0.012549 0.0142433
0 0.639722 0.66304 0.0229616 0.0193532
0 0.191507 0.279185 0.010149 0.0104235
0 0.0138392 0.865981 0.014992 0.0206894
0 0.510371 0.449979 0.0138405 0.0169071
0 0.142252 0.118191 0.0163599 0.0195021
0 0.110336 0.256024 0.0222953 0.0174093
0 0.556988 0.203373 0.0145555 0.0180403
0 0.558426 0.425609 0.0225741 0.0237871
0 0.310878 0.82844 0.0203245 0.0198002
0 0.405889 0.349173 0.0164843 0.0160907
0 0.569123 0.920607 0.0189636 0.0235279
0 0.253034 0.0293941 0.0187232 0.0197414
0 0.652245 0.622102 0.0187048 0.0218015
0 0.34066 0.471254 0.0165565 0.0185669
0 0.658771 0.959476 0.0162631 0.017791
0 0.154905 0.834017 0.0189763 0.0173004
0 0.599032 0.215148 0.0163073 0.0217906
0 0.240838 0.264587 0.0196682 0.0212663
0 0.595248 0.616668 0.0203494 0.0253072
0 0.614862 0.494361 0.0221266 0.0198004
0 0.566779 0.16851 0.00954896 0.0115729
0 0.522783 0.440145 0.00911546 0.0100576
0 0.575211 0.157505 0.0121485 0.017557
0 0.657701 0.589539 0.0203607 0.0234577
0 0.57175 0.188838 0.0104315 0.0163318
0 0.201665 0.292154 0.0192819 0.015272
0 0.207556 0.273566 0.0149487 0.0107263
0 0.26448 0.0532302 0.0153197 0.0166968
0 0.53724 0.574278 0.0137424 0.0134544
0 0.507991 0.589967 0.011735 0.0206113
0 0.558771 0.25952 0.0132203 0.014718
0 0.208094 0.34431 0.0117241 0.0102123
0 0.40361 0.385948 0.00736487 0.0093686
0 0.335578 0.289036 0.0181191 0.020988
0 0.17343 0.298514 0.0200289 0.0251873
0 0.542081 0.179208 0.0125664 0.0105875
0 0.46143 0.0258921 0.0129768 0.0156725
0 0.106476 0.992649 0.0123028 0.0134113
0 0.317456 0.340443 0.0207942 0.0246902
0 0.173708 0.293713 0.0146006 0.0145174
0 0.482564 0.812427 0.0207634 0.0185667
0 0.648029 0.154995 0.0158294 0.0210017
0 0.26916 0.985345 0.0156995 0.0187405
0 0.0779559 0.0457404 0.00820705 0.00974074
0 0.575384 0.157586 0.0151613 0.020188
0 0.195665 0.437185 0.0182758 0.0173852
0 0.507133 0.589978 0.0170269 0.0256804
0 0.206598 0.275104 0.0211725 0.0136195
0 0.416438 0.706851 0.0217272 0.0178844
