0 0.657893 0.332805 0.0229343 0.0228038
0 0.822078 0.288437 0.0181652 0.0202836
0 0.633488 0.835827 0.022103 0.0214028
0 0.844214 0.393469 0.0200972 0.0194063
0 0.181714 0.724895 0.0204926 0.0205387
0 0.712301 0.447631 0.0299719 0.0366344
0 0.895426 0.428313 0.0168239 0.0171623
0 0.0995287 0.200833 0.0148329 0.0162461
0 0.787113 0.214442 0.0238174 0.0282989
0 0.754785 0.232276 0.016542 0.0121256
0 0.132476 0.391196 0.0192403 0.0190916
0 0.691432 0.548609 0.0271226 0.0271156
0 0.15316 0.260341 0.0207117 0.022656
0 0.0469953 0.129104 0.0199225 0.0201152
0 0.592133 0.824118 0.0201838 0.0217525
0 0.0775572 0.129192 0.0198346 0.026646
0 0.147358 0.173303 0.0203367 0.0238201
0 0.989382 0.609351 0.021236 0.0219553
0 0.817024 0.214722 0.0226463 0.0136826
0 0.739005 0.605232 0.0257928 0.0266764
0 0.79492 0.259174 0.0284759 0.0254026
0 0.843045 0.20933 0.0206345 0.0173651
0 0.527956 0.0895139 0.0198439 0.0199607
0 0.989778 0.229874 0.0182427 0.019252
0 0.0438602 0.193512 0.0140143 0.0178129
0 0.885919 0.366863 0.0160934 0.0170875
0 0.109496 0.191131 0.0297282 0.0342915
0 0.0286367 0.109226 0.0200981 0.0235725
0 0.111923 0.19001 0.0235231 0.0285525
0 0.951518 0.503783 0.0163593 0.0177065
0 0.712491 0.916925 0.0197174 0.0235252
0 0.0622155 0.148456 0.017609 0.0227603
0 0.829209 0.371402 0.0145283 0.0136622
0 0.0224963 0.177649 0.00926187 0.0146539
0 0.979909 0.432792 0.0286205 0.0198904
0 0.982173 0.431917 0.0341137 0.0281214
0 0.116693 0.268 0.0119071 0.0131923
0 0.0829078 0.235545 0.0181042 0.0202917
0 0.955406 0.475872 0.0168842 0.016581
0 0.972279 0.435888 0.0110178 0.010665
0 0.0624686 0.146612 0.015947 0.0175412
0 0.712363 0.916694 0.0171002 0.0188057
0 0.176643 0.197069 0.0158373 0.017996
0 0.823926 0.434397 0.0127747 0.0109704
0 0.113921 0.187952 0.0197231 0.0236074
0 0.901434 0.391414 0.0140865 0.0175223
0 0.920998 0.40283 0.0115626 0.0134922
0 0.0257303 0.105835 0.0140509 0.0156905
0 0.584398 0.879484 0.0116423 0.0149986
0 0.922767 0.503965 0.00629467 0.00921857
0 0.969517 0.387125 0.0245253 0.0304686
0 0.977658 0.435016 0.0232962 0.0180281
0 0.940885 0.3686 0.0160614 0.0232193
0 0.971518 0.386851 0.0355785 0.0401155
0 0.973791 0.38368 0.0250435 0.0277161
0 0.92114 0.396811 0.0159239 0.0280788
0 0.931915 0.504677 0.00731999 0.00973719
0 0.930362 0.371075 0.00783503 0.0103506
0 0.0122284 0.207405 0.0192365 0.0159926
0 0.939855 0.367407 0.0216255 0.0284512
0 0.966103 0.391656 0.0144653 0.0178846
0 0.947336 0.461431 0.00885659 0.00986472
0 0.582263 0.880868 0.0185491 0.0190937
0 0.571014 0.0760448 0.0117115 0.013786
0 0.785529 0.211015 0.0208513 0.0196051
0 0.899898 0.391636 0.0190846 0.0217285
0 0.0644796 0.240127 0.00939963 0.0102796
0 0.973799 0.378275 0.0129776 0.0150071
0 0.545302 0.089033 0.00880373 0.00972624
0 0.919827 0.392319 0.0134025 0.0169297
0 0.941073 0.372915 0.0132977 0.0173975
