0 0.151361 0.618484 0.0212061 0.0228075
0 0.612951 0.343686 0.0156269 0.0205028
0 0.213174 0.163541 0.0174297 0.0178244
0 0.262161 0.271663 0.0194407 0.020703
0 0.733882 0.581777 0.0166566 0.0171761
0 0.51088 0.0489305 0.0145509 0.0161226
0 0.416501 0.601057 0.018627 0.0191594
0 0.147624 0.141571 0.0159605 0.0143307
0 0.288952 0.628981 0.0203844 0.0233992
0 0.38146 0.574041 0.0144256 0.015292
0 0.0670046 0.909565 0.018947 0.0203099
0 0.263166 0.621866 0.0179199 0.0210925
0 0.14223 0.110985 0.0162053 0.0163081
0 0.649614 0.919938 0.0186084 0.0188761
0 0.312347 0.517927 0.0205047 0.0262709
0 0.29573 0.546563 0.0241873 0.021158
0 0.652838 0.969741 0.0137941 0.0131493
0 0.670987 0.963541 0.0145691 0.015403
0 0.493017 0.0158471 0.0186788 0.0237862
0 0.191816 0.293895 0.0131575 0.0158443
0 0.213141 0.710874 0.0193805 0.0160891
0 0.724066 0.828445 0.0147398 0.015522
0 0.559491 0.882374 0.0115231 0.0122072
0 0.221359 0.228943 0.0157889 0.0164202
0 0.63391 0.941085 0.0303673 0.0200935
0 0.696573 0.776183 0.0109183 0.0133252
0 0.179246 0.214316 0.0174575 0.0196759
0 0.175997 0.293899 0.0123971 0.015234
0 0.754327 0.799834 0.0129156 0.0160998
0 0.763448 0.594374 0.0146061 0.019127
0 0.280034 0.806566 0.0147052 0.0180981
0 0.093882 0.953253 0.0149104 0.0190452
0 0.349077 0.947543 0.0129568 0.014791
0 0.806281 0.557243 0.0185347 0.0166607
0 0.6957 0.528951 0.0125425 0.0135431
0 0.420767 0.157491 0.0139216 0.0151634
0 0.806781 0.536453 0.0151463 0.0177512
0 0.0175495 0.968838 0.0189005 0.0187681
0 0.591899 0.887023 0.0160615 0.0176041
0 0.551825 0.371797 0.0161041 0.0203493
0 0.944043 0.451464 0.0184076 0.0224853
0 0.0775182 0.9321 0.0130751 0.0175583
0 0.697865 0.848112 0.01311 0.0137504
0 0.963733 0.431873 0.013003 0.0120039
0 0.837695 0.535586 0.0119076 0.0162094
0 0.774957 0.531485 0.0136342 0.0172037
0 0.673856 0.279218 0.0138066 0.0153799
0 0.230068 0.691112 0.00737333 0.0100029
0 0.0715217 0.953948 0.0102681 0.0119632
0 0.722791 0.514793 0.011647 0.0158554
0 0.94378 0.63848 0.00869256 0.011289
0 0.26361 0.329939 0.012838 0.0159505
0 0.249043 0.383378 0.0195708 0.019877
0 0.768764 0.564646 0.0108961 0.0135862
0 0.816374 0.096165 0.0112013 0.0142327
0 0.628005 0.940382 0.0190111 0.0184461
0 0.640711 0.271309 0.0138466 0.0138854
0 0.329033 0.552316 0.0173324 0.0198539
0 0.697371 0.776167 0.0133103 0.0157444
0 0.293249 0.544594 0.0206532 0.0185696
0 0.313441 0.521906 0.0189816 0.0173985
0 0.433963 0.817477 0.0105624 0.0097065
0 0.903391 0.599169 0.011822 0.0104877
0 0.783076 0.0420342 0.00828373 0.00976577
0 0.446198 0.143031 0.0126546 0.0158125
0 0.457984 0.0672825 0.0117308 0.0139815
0 0.7084 0.517501 0.00909728 0.0111943
