0 0.430066 0.707213 0.0173945 0.0165699
0 0.487328 0.747349 0.0159203 0.0188911
0 0.467283 0.730449 0.0144818 0.0147693
0 0.464219 0.700399 0.0140684 0.0159169
0 0.464974 0.641634 0.0140311 0.0140769
0 0.517294 0.655087 0.0108616 0.012962
0 0.465681 0.603599 0.0122513 0.0143554
0 0.442428 0.662875 0.0136482 0.0162763
0 0.473227 0.480783 0.00997886 0.00994003
0 0.467244 0.595917 0.0123732 0.0172929
0 0.468155 0.594418 0.0103796 0.0130078
0 0.504319 0.666169 0.0112751 0.0127691
0 0.494522 0.678296 0.0106798 0.0122504
0 0.539312 0.76926 0.0169819 0.0136216
0 0.848024 0.760509 0.0140827 0.0158563
0 0.529538 0.819915 0.00888389 0.0142315
0 0.646143 0.499883 0.0236771 0.0212789
0 0.605119 0.568864 0.026292 0.0185005
0 0.541154 0.767774 0.0138348 0.0123731
