0 0.898297 0.912866 0.02201 0.024205
0 0.267079 0.968383 0.0187068 0.0203873
0 0.129755 0.958721 0.0202706 0.0226223
0 0.287209 0.912003 0.0160488 0.019049
0 0.0434886 0.588652 0.0193199 0.0198678
0 0.880658 0.942658 0.0175575 0.0187302
0 0.611632 0.917176 0.0213596 0.0232658
0 0.270791 0.531785 0.0257914 0.0248653
0 0.327233 0.648379 0.0223375 0.023035
0 0.957358 0.966265 0.022096 0.0190504
0 0.33099 0.968277 0.0156746 0.0168636
0 0.689502 0.843009 0.0198696 0.0180886
0 0.298238 0.952589 0.0182965 0.0198856
0 0.827432 0.453294 0.020227 0.0229006
0 0.867193 0.897024 0.0107124 0.0135862
0 0.351484 0.0837368 0.0207213 0.0214801
0 0.673934 0.520945 0.0175964 0.0208027
0 0.660967 0.177387 0.0150387 0.0183009
0 0.132498 0.527861 0.00657992 0.00733948
0 0.650976 0.966047 0.0177043 0.0162468
0 0.0652886 0.543624 0.0161026 0.0134651
0 0.870829 0.896312 0.0207016 0.0194427
0 0.917391 0.302714 0.0110813 0.0122031
0 0.0669667 0.983034 0.019861 0.0200617
0 0.247644 0.990734 0.0283637 0.0185314
0 0.0117371 0.605699 0.0212152 0.0236333
0 0.246292 0.991207 0.0246225 0.0146004
0 0.574287 0.629614 0.0184904 0.0189279
0 0.86915 0.897165 0.0160976 0.015303
0 0.625467 0.48164 0.0164571 0.019935
0 0.0581004 0.807626 0.0221642 0.0195993
0 0.673075 0.936684 0.0244907 0.0179135
0 0.0582411 0.807672 0.0246521 0.0269014
0 0.445133 0.9863 0.00883809 0.0115017
0 0.664809 0.212942 0.0168123 0.0210175
0 0.445937 0.988617 0.0110762 0.0158665
