0 0.307838 0.371399 0.0146382 0.0141072
0 0.0822058 0.0770138 0.0180564 0.0196056
0 0.709074 0.780894 0.0176614 0.0192438
0 0.618643 0.637819 0.0180501 0.015773
0 0.513308 0.174231 0.0183117 0.017594
0 0.764467 0.458276 0.013681 0.0148907
0 0.569032 0.855552 0.0146015 0.0167019
0 0.624626 0.318908 0.0196348 0.0193461
0 0.341655 0.726668 0.0140153 0.0167613
0 0.571958 0.743193 0.0173708 0.015895
0 0.153167 0.119161 0.0149355 0.0168809
0 0.473851 0.119576 0.011788 0.0135662
0 0.557011 0.90969 0.0105619 0.0119667
0 0.722285 0.799248 0.0141479 0.0179577
0 0.176191 0.12869 0.0206689 0.0187673
0 0.347918 0.94177 0.0114573 0.0149015
0 0.772738 0.883066 0.0145326 0.0198942
0 0.214183 0.012022 0.0165256 0.0144557
0 0.987237 0.382881 0.0196945 0.0199789
0 0.55384 0.977265 0.00964051 0.012167
0 0.231769 0.887862 0.0157166 0.0170609
0 0.778644 0.825105 0.0179554 0.0182274
0 0.586517 0.660357 0.0167996 0.0144235
0 0.932223 0.549648 0.0186928 0.0157852
0 0.849437 0.805791 0.0117192 0.0174044
0 0.555102 0.725364 0.0142044 0.0179049
0 0.685161 0.934442 0.0152639 0.0159454
0 0.119607 0.183298 0.0236418 0.0165829
0 0.66309 0.988528 0.0134774 0.0127668
0 0.248555 0.273386 0.0138346 0.0177411
0 0.140303 0.0812801 0.0121059 0.012387
0 0.337709 0.784862 0.0122904 0.0150028
0 0.568159 0.628651 0.0166597 0.0198228
0 0.722749 0.902521 0.0216188 0.0169778
0 0.612563 0.943081 0.0138222 0.0160233
0 0.800095 0.87475 0.0140045 0.0171154
0 0.44383 0.959084 0.0155577 0.0128738
0 0.612955 0.0661009 0.0134754 0.0126854
0 0.649285 0.0996697 0.0147562 0.01449
0 0.662001 0.315563 0.0165076 0.0196534
0 0.570305 0.828905 0.0159976 0.0173641
0 0.59569 0.775472 0.0122755 0.0125226
0 0.635087 0.800688 0.0177572 0.0201648
0 0.647665 0.294697 0.0160235 0.013657
0 0.237123 0.202137 0.0129201 0.0132357
0 0.642211 0.677753 0.0109549 0.0106989
0 0.71472 0.97644 0.0122961 0.0142498
0 0.592224 0.854145 0.0137634 0.0149407
0 0.383858 0.918649 0.0141119 0.0170753
0 0.921764 0.204773 0.0125934 0.014949
0 0.115837 0.693267 0.0231507 0.0194355
0 0.330983 0.668817 0.0152848 0.0140861
0 0.182201 0.504253 0.0169486 0.0154122
0 0.796573 0.842244 0.0127388 0.017079
0 0.324598 0.907304 0.0218103 0.019585
0 0.585704 0.659512 0.0192493 0.0180362
0 0.00575683 0.0603386 0.00970125 0.0127108
0 0.209592 0.637041 0.0104277 0.00996977
0 0.920525 0.64729 0.0236607 0.0256214
0 0.499017 0.39139 0.0114793 0.0101724
0 0.323455 0.361512 0.0136965 0.0132605
0 0.0453786 0.0979661 0.0139839 0.0132226
0 0.201509 0.28485 0.0183742 0.0220757
0 0.593138 0.62228 0.0156118 0.00866067
0 0.78011 0.827377 0.0174673 0.0172215
0 0.602019 0.804781 0.0112472 0.0140626
0 0.62937 0.0480234 0.00927812 0.00803837
0 0.574732 0.727722 0.012192 0.0113602
0 0.760578 0.625632 0.0213742 0.0164196
0 0.877426 0.53463 0.0137621 0.0139112
0 0.344411 0.649804 0.0146799 0.0166502
0 0.676831 0.798041 0.0228505 0.032382
0 0.938858 0.748011 0.00680768 0.00678349
0 0.984659 0.690585 0.00780445 0.0102762
0 0.120736 0.187257 0.0250409 0.0241816
0 0.448417 0.788725 0.0218104 0.0276991
0 0.727852 0.97879 0.00759542 0.0104774
0 0.422947 0.928538 0.00732327 0.00751513
0 0.992634 0.684768 0.00844038 0.00985128
0 0.975844 0.219427 0.0176258 0.0159462
0 0.829701 0.660133 0.0158215 0.0183662
0 0.509647 0.123302 0.0157031 0.0123624
0 0.586592 0.951517 0.0100405 0.0138008
0 0.345481 0.941999 0.0188715 0.0190269
0 0.504843 0.0952781 0.0155016 0.0131083
0 0.413334 0.944761 0.00822774 0.0088318
0 0.624768 0.318754 0.0246407 0.0223944
0 0.666103 0.739612 0.0120959 0.0179855
0 0.709223 0.146446 0.00999355 0.0108239
0 0.4313 0.940115 0.00949508 0.0130308
0 0.202822 0.774531 0.0128105 0.0179365
0 0.872487 0.488256 0.017769 0.013816
0 0.171099 0.851536 0.0152491 0.0105476
0 0.338938 0.802413 0.0184622 0.0110979
0 0.665037 0.73971 0.0147396 0.0213678
