0 0.937797 0.891039 0.0157104 0.0170132
0 0.807772 0.135899 0.0167277 0.0201211
0 0.418312 0.914582 0.0136173 0.0157608
0 0.625702 0.765094 0.0172274 0.0176764
0 0.467266 0.664379 0.0144948 0.0181704
0 0.641346 0.112715 0.0171978 0.0176401
0 0.770321 0.211126 0.0140449 0.017627
0 0.650049 0.67117 0.0145174 0.0157806
0 0.531083 0.462921 0.0168713 0.0180138
0 0.41143 0.309748 0.0172466 0.0186693
0 0.0235974 0.840176 0.0154657 0.0151626
0 0.840524 0.456688 0.0136755 0.0158428
0 0.44545 0.940661 0.0135124 0.0149666
0 0.325821 0.732684 0.0188022 0.021698
0 0.356203 0.876891 0.0141015 0.0169502
0 0.360477 0.370988 0.0166934 0.0161282
0 0.897512 0.389901 0.0144882 0.0155992
0 0.805946 0.39482 0.0187378 0.0191835
0 0.505247 0.824209 0.0182896 0.0177845
0 0.416835 0.596168 0.01642 0.0172021
0 0.662865 0.318384 0.0180997 0.0174544
0 0.385042 0.313423 0.0122112 0.0152608
0 0.699572 0.739455 0.0140311 0.01534
0 0.060046 0.10475 0.0160001 0.0154043
0 0.81655 0.803121 0.0118756 0.0140995
0 0.666839 0.806468 0.0157381 0.0186455
0 0.540923 0.850476 0.0155636 0.0173047
0 0.707532 0.329951 0.0178871 0.0200543
0 0.967495 0.883416 0.0132968 0.0136253
0 0.746735 0.415769 0.0142947 0.0168135
0 0.307463 0.943746 0.0144583 0.0181209
0 0.64658 0.258189 0.0162613 0.0179465
0 0.879644 0.699179 0.0149816 0.0178036
0 0.923801 0.762775 0.0199718 0.017926
0 0.552182 0.459893 0.013631 0.0135815
0 0.926955 0.318313 0.0163562 0.0211673
0 0.875351 0.445302 0.016449 0.0168639
0 0.421266 0.516718 0.0149387 0.0215378
0 0.294102 0.430691 0.0145337 0.0160229
0 0.592664 0.645329 0.014798 0.0163565
0 0.559433 0.784511 0.0128725 0.0127237
0 0.5369 0.638519 0.0128538 0.0166553
0 0.81636 0.461331 0.0114267 0.0124134
0 0.706533 0.690219 0.0141968 0.0147146
0 0.527318 0.571678 0.0169042 0.0184148
0 0.495423 0.740267 0.0135084 0.0147446
0 0.769538 0.868365 0.0137001 0.0165467
0 0.595218 0.663627 0.0158629 0.0151445
0 0.766544 0.894901 0.0135189 0.0158973
0 0.768309 0.573128 0.0198442 0.0239899
0 0.198327 0.589752 0.0113474 0.011554
0 0.543478 0.550183 0.0155344 0.0171719
0 0.905176 0.801199 0.011887 0.014855
0 0.832758 0.284657 0.0182274 0.0222581
0 0.781185 0.852409 0.0123264 0.0151159
0 0.584331 0.528806 0.0102998 0.0120883
0 0.618786 0.126672 0.011564 0.0128297
0 0.894079 0.457444 0.0146183 0.0172586
0 0.263028 0.0922331 0.013426 0.0129046
0 0.603673 0.159533 0.0161301 0.0191238
0 0.466474 0.855432 0.0106947 0.00951886
0 0.0442935 0.805075 0.0184429 0.0160227
0 0.769375 0.266496 0.0167511 0.0145679
0 0.725908 0.402665 0.0172371 0.0163922
0 0.971657 0.725617 0.015913 0.0179346
0 0.291308 0.545249 0.0249407 0.0327574
0 0.427848 0.883347 0.0135065 0.0189278
0 0.441417 0.418261 0.0187565 0.0201825
0 0.888835 0.242971 0.0157711 0.0171342
0 0.163588 0.610646 0.0190185 0.0179321
0 0.233606 0.194758 0.0180823 0.0175547
0 0.590955 0.595551 0.00875056 0.011015
0 0.967521 0.802453 0.0142543 0.0184661
0 0.0953331 0.437983 0.0149016 0.0180962
0 0.332824 0.149858 0.0206582 0.0220982
0 0.397579 0.358484 0.0144745 0.0184404
0 0.738888 0.5664 0.01752 0.0273902
0 0.243881 0.115467 0.0242803 0.0235308
0 0.422192 0.958877 0.016865 0.0173355
0 0.295399 0.177988 0.01364 0.0158412
0 0.627275 0.141749 0.0115773 0.0130303
0 0.801412 0.826847 0.0107937 0.0110037
0 0.441997 0.673904 0.0101308 0.0135906
0 0.670905 0.653433 0.0166935 0.0145278
0 0.670058 0.294574 0.0157195 0.0168099
0 0.141671 0.424969 0.0203236 0.0194649
0 0.928471 0.258532 0.0167248 0.0189437
0 0.831859 0.78652 0.015485 0.0170253
0 0.118595 0.414939 0.0174215 0.0178883
0 0.216365 0.688861 0.0132067 0.0160769
0 0.698652 0.674712 0.00947016 0.0117127
0 0.0565312 0.826073 0.0144856 0.0136284
0 0.172597 0.934297 0.00901516 0.0119129
0 0.87127 0.515584 0.0125307 0.0165397
0 0.688478 0.491545 0.0209205 0.025132
0 0.723355 0.153455 0.0114021 0.0104958
0 0.0792637 0.817622 0.0161731 0.0171986
0 0.138285 0.135536 0.0171844 0.0155499
0 0.414763 0.649531 0.0133995 0.0146216
0 0.494563 0.528986 0.0120882 0.0172272
0 0.217838 0.917482 0.010663 0.0129795
0 0.746086 0.316983 0.0123784 0.0121115
0 0.601167 0.69129 0.0131854 0.0124925
0 0.759434 0.532628 0.0118593 0.0130078
0 0.262419 0.835996 0.0148768 0.0183536
0 0.981566 0.926894 0.0147864 0.0152954
0 0.145129 0.168082 0.0136555 0.0104814
0 0.659381 0.380564 0.00969869 0.0121264
0 0.216867 0.69138 0.0145623 0.0173862
0 0.691032 0.430818 0.0145365 0.0164883
0 0.407978 0.618195 0.0155357 0.0154581
0 0.37719 0.263255 0.0171491 0.0183752
0 0.885724 0.486756 0.00993407 0.011115
0 0.379273 0.264087 0.0217181 0.0218088
0 0.77445 0.499016 0.0132509 0.0106376
0 0.505211 0.700526 0.0191987 0.0209742
0 0.332617 0.388288 0.0164985 0.0168456
0 0.465674 0.413732 0.0115317 0.0130692
0 0.815324 0.276089 0.0110796 0.0125082
0 0.43487 0.748028 0.0119602 0.012825
0 0.99095 0.808845 0.0158903 0.0148825
0 0.203145 0.869022 0.0137312 0.012541
0 0.705324 0.197067 0.0118599 0.0179626
0 0.968557 0.700917 0.0174032 0.0209059
0 0.772021 0.534243 0.0114963 0.0133274
0 0.955766 0.263833 0.0154438 0.0214477
0 0.729376 0.904785 0.0127109 0.014616
0 0.684943 0.327622 0.0145725 0.0142482
0 0.354149 0.908207 0.0115122 0.0103443
0 0.803417 0.875773 0.0118977 0.0144215
0 0.694194 0.429084 0.0168697 0.0167137
0 0.714717 0.199771 0.0090093 0.0142128
0 0.415598 0.45372 0.0151803 0.0153116
0 0.0438876 0.342896 0.0134425 0.0166619
0 0.764171 0.533164 0.0231605 0.0184914
0 0.333307 0.900164 0.0100973 0.0127312
0 0.646544 0.363562 0.0127388 0.0155595
0 0.449498 0.472548 0.0134117 0.0145864
0 0.795504 0.301451 0.0131782 0.0155973
0 0.708522 0.198144 0.0197086 0.0223656
0 0.734207 0.236683 0.0130014 0.0160036
0 0.140834 0.424405 0.0240794 0.0242825
0 0.686557 0.519073 0.0215931 0.0151947
0 0.511815 0.476924 0.0162977 0.0158779
0 0.565265 0.530742 0.00701904 0.00684488
0 0.437186 0.355545 0.00949886 0.0116696
0 0.785432 0.282433 0.0109284 0.015051
0 0.093561 0.568104 0.0157743 0.0114985
0 0.088791 0.854308 0.0171999 0.0184826
0 0.332317 0.150561 0.024714 0.0284326
0 0.494533 0.528858 0.0151969 0.0203091
0 0.581033 0.13189 0.0148845 0.0204607
0 0.825994 0.842319 0.00975454 0.0101895
0 0.560903 0.373561 0.00728965 0.0076043
0 0.396858 0.358597 0.0176477 0.0216235
0 0.222801 0.830827 0.0250955 0.017696
0 0.849673 0.746323 0.0188391 0.0221394
0 0.576021 0.316305 0.00962204 0.00970772
0 0.540985 0.818306 0.0114988 0.0132051
0 0.732014 0.238695 0.0186841 0.0224144
0 0.918808 0.535297 0.0098446 0.0123663
0 0.473325 0.757954 0.030203 0.0199596
0 0.76473 0.403177 0.0199236 0.0200331
0 0.769431 0.570903 0.0239897 0.0254639
0 0.409561 0.261801 0.0112365 0.00997543
0 0.381554 0.266525 0.0185813 0.0175456
0 0.538324 0.316304 0.0175196 0.0157053
0 0.566753 0.531822 0.00918305 0.00787675
0 0.730163 0.519356 0.00916785 0.0100149
0 0.743214 0.531477 0.013023 0.0170531
0 0.798426 0.273923 0.0104151 0.011209
0 0.797858 0.765046 0.00877553 0.0123079
0 0.959914 0.754293 0.0266913 0.0185921
0 0.762283 0.53326 0.0176488 0.0157667
0 0.404558 0.379795 0.00899887 0.0102132
0 0.685133 0.488762 0.0319458 0.0323559
0 0.241453 0.86075 0.0177076 0.0146614
0 0.922066 0.723651 0.0134388 0.019455
0 0.686691 0.814665 0.0104972 0.0121222
0 0.758433 0.450854 0.0177003 0.0132614
0 0.559658 0.508381 0.00611955 0.00645864
0 0.662371 0.202478 0.0120464 0.0190872
0 0.760105 0.733401 0.00929528 0.0106992
0 0.291962 0.550853 0.0223369 0.021055
0 0.220305 0.830689 0.019267 0.0144283
0 0.35165 0.49994 0.00968108 0.0112226
0 0.218484 0.861159 0.0120074 0.0139227
0 0.506676 0.702586 0.0264439 0.0187699
0 0.773253 0.50023 0.0135043 0.0103783
0 0.071287 0.848966 0.00947577 0.0102806
0 0.761755 0.50857 0.00667346 0.00814891
0 0.00466504 0.78156 0.00920018 0.0172977
0 0.55908 0.825143 0.0152066 0.0191239
0 0.790388 0.712963 0.0153518 0.0260937
0 0.246778 0.236003 0.0142343 0.0172333
0 0.851157 0.502043 0.00840133 0.00986326
0 0.637921 0.521979 0.00662059 0.00785053
0 0.727182 0.241479 0.02316 0.0215281
0 0.912755 0.470466 0.0135109 0.0188806
0 0.439999 0.417676 0.0137509 0.0189182
0 0.853176 0.479164 0.00968134 0.0108154
0 0.69573 0.427201 0.01433 0.0148627
0 0.67022 0.29455 0.0201851 0.018748
0 0.57114 0.797586 0.00558072 0.00635564
0 0.759753 0.697305 0.0127703 0.013057
0 0.563836 0.820757 0.00968027 0.0144554
0 0.957915 0.755628 0.0216869 0.0144249
0 0.788076 0.701226 0.014015 0.0151255
0 0.0731138 0.498517 0.015657 0.017049
0 0.509093 0.704523 0.0213112 0.0136676
0 0.235624 0.197023 0.0219238 0.0189746
0 0.178157 0.913137 0.0146577 0.0168304
0 0.962207 0.752179 0.0218086 0.0173736
0 0.233901 0.422499 0.00998192 0.00981379
0 0.471728 0.761394 0.0260719 0.0125235
0 0.640823 0.404763 0.0104027 0.0113642
0 0.885969 0.0954448 0.0128807 0.0158924
0 0.779111 0.151077 0.00794244 0.00783877
0 0.575562 0.485379 0.0121738 0.0132862
0 0.224569 0.828216 0.0227755 0.0166437
0 0.983773 0.836872 0.00654984 0.00688344
