0 0.270491 0.921131 0.0180743 0.0173801
0 0.756564 0.977534 0.0146099 0.0168644
0 0.0121943 0.603258 0.0243887 0.0258906
0 0.232992 0.387085 0.0179815 0.0173675
0 0.735157 0.696913 0.0143278 0.0158573
0 0.549547 0.720063 0.0150544 0.0189281
0 0.468867 0.697004 0.0163021 0.0188469
0 0.272179 0.538645 0.0174174 0.0167606
0 0.899961 0.7298 0.0159426 0.0240536
0 0.64417 0.717466 0.0155094 0.0176554
0 0.0218233 0.3434 0.0154502 0.0176977
0 0.883267 0.686261 0.0166411 0.0181551
0 0.67169 0.796271 0.0151865 0.0167853
0 0.740397 0.846763 0.0165432 0.0145826
0 0.185396 0.967394 0.0168779 0.0196915
0 0.504084 0.790334 0.0132393 0.0149322
0 0.677768 0.910851 0.0158231 0.0151817
0 0.168198 0.778702 0.0156215 0.0172436
0 0.888573 0.850085 0.0150964 0.0146573
0 0.604831 0.707378 0.0150273 0.0173967
0 0.952297 0.711612 0.0142448 0.0171558
0 0.944035 0.646801 0.0204599 0.0182388
0 0.877906 0.630587 0.0195225 0.0183893
0 0.912336 0.856984 0.0156019 0.0194275
0 0.721452 0.853691 0.0139256 0.0158504
0 0.2243 0.930521 0.0144664 0.0159264
0 0.0716497 0.518213 0.0158256 0.0199986
0 0.213563 0.337661 0.0163871 0.0186462
0 0.458425 0.495173 0.018746 0.017301
0 0.119135 0.0885482 0.0171155 0.0188266
0 0.683668 0.636391 0.0126499 0.0135652
0 0.672697 0.623993 0.0142502 0.0159371
0 0.128883 0.739283 0.0159291 0.0158914
0 0.83413 0.638678 0.0183096 0.0165275
0 0.848526 0.984927 0.00773549 0.00829965
0 0.853313 0.775804 0.0177135 0.0209595
0 0.876387 0.767061 0.0156239 0.0170517
0 0.186178 0.353799 0.0176525 0.0157065
0 0.716659 0.660827 0.0164393 0.0191288
0 0.705451 0.599271 0.0158756 0.0198456
0 0.845169 0.614597 0.0126349 0.0160658
0 0.657203 0.669651 0.0129135 0.0123352
0 0.481153 0.652261 0.0184816 0.0236124
0 0.0373228 0.38844 0.0184684 0.0176205
0 0.845597 0.858512 0.00805968 0.00797099
0 0.0651136 0.0951538 0.0132873 0.0156069
0 0.32595 0.992407 0.0149993 0.0148888
0 0.835587 0.639368 0.0149086 0.013821
0 0.905784 0.896049 0.0120211 0.019622
0 0.833849 0.814947 0.00946349 0.0109623
0 0.673998 0.625218 0.0182039 0.0202305
0 0.447326 0.668811 0.0174948 0.0175297
0 0.40515 0.42999 0.0151525 0.0174877
0 0.110277 0.660237 0.0122433 0.0157186
0 0.450955 0.922175 0.00715867 0.00775987
0 0.871863 0.890066 0.00957829 0.0100242
0 0.787972 0.670618 0.0149549 0.0182269
0 0.651696 0.477479 0.01692 0.0159636
0 0.888973 0.850116 0.0190632 0.0170929
0 0.684486 0.662246 0.0120489 0.0144577
0 0.196081 0.877224 0.00892401 0.0101919
0 0.985271 0.564042 0.0108732 0.0102106
0 0.651255 0.304211 0.00903463 0.0118101
0 0.534887 0.964003 0.0119995 0.0100911
0 0.798929 0.600784 0.0172057 0.0161096
0 0.167521 0.779207 0.0214747 0.0209194
0 0.877427 0.809563 0.00724679 0.00615811
