0 0.0271666 0.0322447 0.01842 0.0213862
0 0.292897 0.0183534 0.0172847 0.0179193
0 0.934673 0.735945 0.0147472 0.015741
0 0.361633 0.145591 0.0170655 0.0214841
0 0.389554 0.0686498 0.0143505 0.0162805
0 0.294987 0.10995 0.0160485 0.0176426
0 0.411007 0.018757 0.0150984 0.0155145
0 0.816309 0.394491 0.0182223 0.0180712
0 0.329176 0.0917987 0.0137672 0.0171692
0 0.277704 0.147564 0.0153118 0.0153861
0 0.884516 0.200336 0.0134125 0.0159263
0 0.075706 0.659249 0.0170011 0.0172453
0 0.0529776 0.0526502 0.0162581 0.0157138
0 0.639426 0.241124 0.015372 0.019402
0 0.467714 0.0779716 0.017564 0.0179765
0 0.673505 0.633944 0.0186203 0.0187029
0 0.557803 0.602726 0.0162613 0.0185928
0 0.920223 0.783703 0.0170212 0.0161465
0 0.0313787 0.0821729 0.0174759 0.0219853
0 0.557837 0.863022 0.0163931 0.0174435
0 0.715153 0.14389 0.0156673 0.0159753
0 0.241025 0.0397145 0.0166743 0.0190001
0 0.185731 0.00773292 0.0143971 0.0154658
0 0.479389 0.467897 0.0184938 0.019693
0 0.0869782 0.0743398 0.0155806 0.0181095
0 0.750313 0.242942 0.0219253 0.022594
0 0.980778 0.0821186 0.0129242 0.0148837
0 0.621655 0.493605 0.0157757 0.0183479
0 0.45689 0.474366 0.0146458 0.0162622
0 0.589478 0.641818 0.0126376 0.0139917
0 0.974463 0.122453 0.01604 0.0190249
0 0.320063 0.177528 0.014236 0.0152206
0 0.618898 0.236032 0.0144465 0.0148242
0 0.0256503 0.194498 0.0173914 0.0156756
0 0.951562 0.100503 0.0166056 0.0163023
0 0.650422 0.470301 0.0167485 0.0149635
0 0.731406 0.223068 0.0111944 0.0151381
0 0.616316 0.924716 0.0143074 0.0159174
0 0.308881 0.0704108 0.0164715 0.0162101
0 0.948028 0.0360981 0.0110388 0.0126608
0 0.65584 0.119982 0.0151508 0.0144313
0 0.330495 0.0159253 0.0155595 0.0194105
0 0.581886 0.772336 0.0149679 0.0140238
0 0.280783 0.504419 0.0133754 0.0149372
0 0.702846 0.209933 0.0120989 0.0103168
0 0.606808 0.39661 0.0168446 0.0189824
0 0.68423 0.432641 0.0250807 0.0302956
0 0.717117 0.76521 0.0176637 0.0164223
0 0.947021 0.0763183 0.0100357 0.0157336
0 0.532256 0.00540242 0.0160864 0.0108048
0 0.807148 0.339216 0.0156265 0.0159988
0 0.609931 0.397244 0.0246348 0.0213498
0 0.487807 0.112501 0.013143 0.0154367
0 0.885496 0.655911 0.0104122 0.0137581
0 0.352345 0.649601 0.0194945 0.0240141
0 0.168896 0.5597 0.0116475 0.0157098
0 0.809381 0.846356 0.0133095 0.0154139
0 0.442805 0.00548151 0.0146473 0.010963
0 0.899965 0.779483 0.0125459 0.0137591
0 0.314593 0.672777 0.0123792 0.0116411
0 0.617743 0.401869 0.0200409 0.022866
0 0.619657 0.445111 0.0207626 0.0134884
0 0.620467 0.403566 0.0143387 0.017364
0 0.79892 0.649984 0.016077 0.0167702
0 0.710682 0.400059 0.0152206 0.0142291
0 0.484811 0.529408 0.0211775 0.0204838
0 0.841305 0.333308 0.0132592 0.0149633
0 0.918291 0.207373 0.0139767 0.0173219
0 0.752478 0.241573 0.0185129 0.0193925
0 0.17393 0.227766 0.0100937 0.0116822
0 0.722637 0.991062 0.0230255 0.0168398
0 0.995347 0.0750573 0.00930643 0.017739
0 0.304597 0.654255 0.0162454 0.0158616
0 0.248821 0.920819 0.0078962 0.00996917
0 0.631988 0.429405 0.011237 0.0138081
0 0.190119 0.694141 0.0154761 0.0161916
0 0.850352 0.714822 0.00675434 0.00721169
0 0.703434 0.210994 0.0137852 0.0131748
0 0.628813 0.427946 0.0152443 0.0150479
0 0.301458 0.827157 0.0149271 0.0188481
0 0.0332558 0.212967 0.0180435 0.0188761
0 0.174028 0.762218 0.0115792 0.0125803
0 0.813691 0.663611 0.0157478 0.0135381
0 0.612326 0.399254 0.0316719 0.0264792
0 0.61773 0.539011 0.00685751 0.00816727
0 0.91701 0.0931256 0.0170366 0.014853
0 0.639988 0.414668 0.0091542 0.0108012
0 0.13983 0.283132 0.0157651 0.0153153
0 0.791199 0.611135 0.0140955 0.0124556
0 0.685801 0.429165 0.0195534 0.0230566
