0 0.839393 0.664928 0.0141207 0.0161194
0 0.886788 0.71236 0.0171505 0.01709
0 0.814782 0.700858 0.0153592 0.015564
0 0.693728 0.126991 0.017365 0.0153272
0 0.573855 0.395736 0.013932 0.016737
0 0.849311 0.750117 0.0125942 0.0147433
0 0.745621 0.733998 0.0125425 0.013075
0 0.308059 0.923339 0.012859 0.0161915
0 0.49515 0.488979 0.0184322 0.0208053
0 0.270866 0.0154286 0.0151463 0.0183709
0 0.209811 0.0534765 0.0135784 0.0153877
0 0.258465 0.849873 0.0123162 0.0149555
0 0.474993 0.261701 0.0168783 0.0184387
0 0.254882 0.767391 0.0138169 0.0144966
0 0.578514 0.993383 0.0127005 0.0123776
0 0.748829 0.0774691 0.0143553 0.0146018
0 0.878286 0.377606 0.0158715 0.0154521
0 0.768848 0.102424 0.0153626 0.0197963
0 0.297241 0.945108 0.0144765 0.0168104
0 0.453556 0.381051 0.01992 0.0248564
0 0.311354 0.3116 0.0159512 0.015759
0 0.796296 0.0947974 0.0118332 0.0146449
0 0.37027 0.0133692 0.0138971 0.0129172
0 0.271409 0.860201 0.0126204 0.015274
0 0.694894 0.10443 0.01052 0.0105038
0 0.710958 0.940225 0.0106078 0.0118933
0 0.4416 0.426767 0.0130505 0.0132036
0 0.434802 0.462179 0.0123163 0.0131304
0 0.765306 0.54051 0.0115377 0.0111406
0 0.585709 0.177485 0.0146526 0.0152366
0 0.551257 0.262971 0.0198301 0.0195429
0 0.643704 0.5441 0.0150359 0.0138912
0 0.561203 0.0106052 0.0186503 0.0208953
0 0.309973 0.984324 0.0116201 0.0149117
0 0.0280561 0.109535 0.0153036 0.0156199
0 0.492981 0.363106 0.013933 0.0150316
0 0.282495 0.952468 0.0101116 0.0111435
0 0.66578 0.809108 0.021437 0.0228658
0 0.366423 0.87472 0.00709733 0.00977552
0 0.643232 0.476897 0.0152794 0.0163874
0 0.664802 0.868209 0.0134574 0.0156601
0 0.857705 0.376656 0.0143053 0.0134864
0 0.50339 0.986279 0.0146984 0.0145691
0 0.735936 0.0669316 0.0159504 0.0181146
0 0.564083 0.604167 0.0119911 0.0137854
0 0.549899 0.0314652 0.0171813 0.0101765
0 0.746437 0.0760118 0.0209394 0.0181202
0 0.452192 0.377442 0.0164009 0.0175979
0 0.271748 0.860658 0.0157089 0.0182348
0 0.745317 0.459259 0.017386 0.0186502
0 0.949664 0.666597 0.0210312 0.0253319
0 0.453942 0.383237 0.0230579 0.0330657
0 0.950827 0.661258 0.021542 0.0322618
0 0.227355 0.946098 0.0160245 0.0163202
