0 0.407611 0.150039 0.0180216 0.0149419
0 0.804117 0.0179744 0.0136055 0.0122487
0 0.501006 0.242284 0.0149251 0.0169209
0 0.728375 0.430993 0.0111198 0.0121288
0 0.703552 0.0384853 0.0155628 0.0135868
0 0.632853 0.435724 0.0165191 0.0134527
0 0.814802 0.0368575 0.0172126 0.0159813
0 0.320909 0.422235 0.0153436 0.0164558
0 0.302595 0.400289 0.0146362 0.0159763
0 0.968042 0.217061 0.0149488 0.0155391
0 0.130535 0.231889 0.0198415 0.0195021
0 0.452001 0.13009 0.0171738 0.0147748
0 0.847296 0.421596 0.00771445 0.00843069
0 0.770222 0.619977 0.0129361 0.00912946
0 0.67587 0.61474 0.0145548 0.0134618
0 0.453203 0.130993 0.0211384 0.0173192
0 0.400859 0.110932 0.0171831 0.0184386
0 0.888567 0.0929138 0.013903 0.0110709
0 0.60385 0.442925 0.00755084 0.00790432
0 0.921548 0.58414 0.0113035 0.0112746
0 0.721107 0.0116386 0.0128985 0.0156804
0 0.75751 0.412944 0.015044 0.0132197
0 0.631325 0.419473 0.0129808 0.0118402
0 0.589724 0.394623 0.0113873 0.0129523
0 0.748056 0.425325 0.00873244 0.0105568
0 0.469982 0.175192 0.0163649 0.0121237
0 0.883409 0.210546 0.0187988 0.0164083
0 0.734355 0.412225 0.00829816 0.00891915
0 0.179321 0.14291 0.0121438 0.0132372
0 0.675713 0.613889 0.0169955 0.0174106
0 0.382056 0.0946173 0.0164625 0.0203021
0 0.930837 0.0542459 0.0195972 0.0194017
0 0.698204 0.586509 0.0157253 0.0173205
0 0.582582 0.00829619 0.0178398 0.0156699
0 0.698222 0.58745 0.0124915 0.0147433
0 0.589992 0.416662 0.0104694 0.00838909
