0 0.107175 0.14045 0.0168253 0.0183351
0 0.506254 0.906989 0.0171881 0.0160041
0 0.39159 0.678831 0.0154024 0.0171869
0 0.206435 0.459436 0.0173853 0.0195595
0 0.193016 0.621903 0.0156463 0.0147792
0 0.25035 0.614218 0.0157328 0.0153153
0 0.296181 0.957098 0.0127086 0.0147598
0 0.21627 0.601792 0.0155749 0.0169443
0 0.358735 0.6894 0.0177169 0.0178965
0 0.0970029 0.444166 0.0176874 0.018054
0 0.532554 0.579264 0.0126096 0.0147404
0 0.255933 0.662398 0.0178985 0.020248
0 0.0423795 0.120772 0.0156965 0.0200405
0 0.0396245 0.825446 0.0171613 0.0179863
0 0.968372 0.223365 0.0162285 0.0218361
0 0.203864 0.144558 0.0128822 0.0163036
0 0.0275694 0.276671 0.0138427 0.0148237
0 0.258029 0.779049 0.0145844 0.0189803
0 0.126903 0.0816164 0.0161707 0.0160805
0 0.305048 0.92833 0.0137873 0.0164974
0 0.104244 0.666213 0.0166898 0.017954
0 0.977542 0.551116 0.0161751 0.015576
0 0.178888 0.466324 0.0140775 0.0157032
0 0.34228 0.966894 0.0145949 0.0145832
0 0.043568 0.0570788 0.0131773 0.0134721
0 0.199245 0.554761 0.0156769 0.018463
0 0.421386 0.986671 0.0116728 0.0112141
0 0.953288 0.293756 0.0158009 0.0199384
0 0.0489239 0.630809 0.0165917 0.018816
0 0.361829 0.641849 0.013055 0.0178056
0 0.298779 0.291616 0.0138388 0.0183869
0 0.111219 0.629059 0.0128397 0.0165613
0 0.561409 0.95043 0.0138181 0.0155854
0 0.22924 0.629722 0.0139481 0.0146289
0 0.692033 0.922122 0.0129126 0.0130974
0 0.0431023 0.859249 0.0122383 0.0135502
0 0.17549 0.2181 0.0140575 0.0161859
0 0.317108 0.704232 0.0132539 0.0148292
0 0.258295 0.581502 0.01534 0.0180977
0 0.661132 0.263762 0.0116854 0.0144217
0 0.355684 0.585105 0.0133204 0.0195907
0 0.276578 0.668162 0.0154826 0.0193697
0 0.142656 0.0375801 0.0167505 0.0273365
0 0.422062 0.199768 0.00763434 0.011712
0 0.00717561 0.67945 0.0142456 0.0147865
0 0.49026 0.970313 0.0259691 0.0144321
0 0.289174 0.55598 0.011467 0.0148414
0 0.131033 0.413139 0.0142464 0.0164679
0 0.230574 0.760826 0.0119871 0.0154589
0 0.273644 0.555389 0.0153442 0.0169364
0 0.445205 0.785596 0.0170921 0.0178001
0 0.288224 0.555574 0.0147036 0.0182492
0 0.432847 0.199734 0.00716659 0.0130941
0 0.316696 0.707657 0.0147805 0.0216298
0 0.31617 0.716332 0.0138347 0.0156409
0 0.138028 0.455234 0.0145054 0.0165356
0 0.0120982 0.0175923 0.0221173 0.030647
0 0.557723 0.976592 0.0172647 0.0181795
0 0.0707747 0.996433 0.0158318 0.00713402
0 0.632501 0.569776 0.00773752 0.00840497
0 0.711801 0.940436 0.0179917 0.0207989
0 0.580826 0.33261 0.0110667 0.00951764
0 0.187459 0.591068 0.0195797 0.017388
0 0.504247 0.871053 0.00861797 0.00836122
0 0.210568 0.867056 0.00777988 0.0086624
0 0.183347 0.590492 0.029301 0.0198873
0 0.357359 0.00825197 0.00682807 0.0082931
0 0.68781 0.401231 0.0109942 0.0153988
0 0.579616 0.521512 0.01196 0.0122523
0 0.0417668 0.468801 0.0262554 0.0342572
0 0.264218 0.544248 0.0136026 0.0138807
0 0.387032 0.583728 0.00989079 0.00922334
0 0.0924443 0.122098 0.00936453 0.0105474
0 0.199782 0.7724 0.0137172 0.012489
0 0.927307 0.233863 0.0144657 0.0180094
0 0.227531 0.794776 0.0115487 0.00997531
0 0.38238 0.514436 0.0125399 0.00909996
0 0.801785 0.957521 0.0164914 0.0226515
0 0.335248 0.491335 0.00934249 0.0116514
0 0.12305 0.432583 0.0158706 0.014972
0 0.0969872 0.509931 0.0148705 0.01253
0 0.016027 0.294823 0.00912679 0.0105296
0 0.316373 0.714251 0.0146953 0.0211351
0 0.00936009 0.789675 0.0178577 0.028528
0 0.309537 0.663734 0.00992388 0.00969988
0 0.903271 0.226022 0.0111038 0.013224
0 0.6284 0.57702 0.00678688 0.00694942
0 0.286098 0.471738 0.00672349 0.00751889
0 0.21523 0.777456 0.0113472 0.0102875
0 0.589789 0.359839 0.00504571 0.00544596
0 0.0485382 0.320255 0.0162273 0.0191894
0 0.19371 0.00731607 0.0119444 0.0146321
