0 0.983926 0.414595 0.00931323 0.0101114
0 0.277733 0.541696 0.00938806 0.01191
0 0.268384 0.765044 0.0155752 0.0142498
0 0.265714 0.545044 0.00854483 0.0104185
0 0.491657 0.519923 0.00893748 0.00949252
0 0.320892 0.697766 0.0100438 0.0115768
0 0.30539 0.632862 0.00934345 0.0101876
0 0.0213658 0.422813 0.0108008 0.0119482
0 0.0412514 0.303026 0.0099997 0.0112482
0 0.365684 0.540463 0.00895637 0.0098629
0 0.00689547 0.356181 0.00885575 0.0106896
0 0.350358 0.353459 0.00938988 0.00931931
0 0.742704 0.243886 0.0104624 0.0110684
0 0.404495 0.627607 0.00891066 0.0101428
0 0.39179 0.566363 0.00847158 0.00984114
0 0.55119 0.64698 0.00850803 0.009597
0 0.50848 0.551431 0.00846624 0.00925827
0 0.302744 0.59317 0.00957623 0.00897521
0 0.422809 0.524098 0.00728625 0.00809079
0 0.504634 0.522536 0.00981894 0.00977707
0 0.46502 0.539946 0.00756931 0.00790215
0 0.461618 0.527319 0.00780782 0.00855535
0 0.466356 0.515239 0.00812557 0.00856858
0 0.436402 0.573878 0.00800905 0.00873947
0 0.295627 0.883635 0.00925308 0.0111181
0 0.438184 0.551786 0.00969431 0.0094133
0 0.454558 0.535802 0.00794277 0.0080002
0 0.392331 0.625409 0.00932837 0.0102771
0 0.483933 0.558059 0.00723171 0.00860673
0 0.278247 0.90495 0.00765842 0.0112518
0 0.372505 0.968177 0.00953019 0.0112799
0 0.379888 0.554085 0.00784317 0.00802273
0 0.298419 0.737177 0.0129244 0.0152146
0 0.388283 0.548552 0.00689164 0.00734711
0 0.0569231 0.416926 0.0084942 0.011038
0 0.739843 0.28907 0.00910819 0.0115516
0 0.382014 0.670091 0.0073618 0.00872648
0 0.251067 0.885758 0.00974245 0.0103985
0 0.409516 0.582027 0.0110616 0.0104811
0 0.0465698 0.417765 0.0100071 0.0118941
0 0.799113 0.270832 0.00976467 0.0100362
0 0.0466509 0.385053 0.00779763 0.00917396
0 0.7191 0.225605 0.0142254 0.0142557
0 0.413529 0.583959 0.0101207 0.010055
0 0.997237 0.424071 0.00552672 0.0125541
0 0.259927 0.878895 0.00912362 0.00913888
0 0.415158 0.59287 0.00794411 0.00864828
0 0.429712 0.623381 0.00655097 0.00783294
0 0.269689 0.888933 0.00757569 0.00884706
0 0.48851 0.573859 0.00739744 0.0083729
0 0.0437433 0.398519 0.0090766 0.0108774
0 0.300242 0.743346 0.0108026 0.0122644
0 0.0367438 0.446569 0.00848703 0.00815448
0 0.514623 0.526052 0.00812113 0.00975019
0 0.400897 0.536069 0.00741348 0.00834543
0 0.257254 0.89879 0.0100094 0.0142531
0 0.440207 0.536728 0.0117137 0.00981677
0 0.0075942 0.285504 0.010185 0.0116755
0 0.0541463 0.375367 0.00904405 0.0120438
0 0.678521 0.268856 0.012373 0.0106616
0 0.299119 0.740759 0.0133681 0.0184954
0 0.79074 0.263385 0.00957471 0.00953695
0 0.395946 0.544427 0.00671688 0.00648862
0 0.0473792 0.448963 0.00714055 0.00776997
0 0.0421148 0.461573 0.00966734 0.0108297
0 0.778067 0.257388 0.00775594 0.00802463
0 0.796106 0.268176 0.0178998 0.0187664
0 0.765355 0.277338 0.00961012 0.0118314
0 0.256976 0.89909 0.0138046 0.0153967
0 0.0564079 0.417142 0.0115424 0.0139521
0 0.37265 0.68113 0.00800821 0.00833231
0 0.765065 0.27238 0.00887012 0.0106185
0 0.400779 0.555175 0.00735301 0.007909
0 0.664629 0.612226 0.00894874 0.00931513
0 0.461475 0.52562 0.00942174 0.00965965
0 0.505781 0.523492 0.0139745 0.0124792
0 0.364015 0.560776 0.00839508 0.00943208
0 0.370779 0.567852 0.00766239 0.00744337
0 0.769549 0.261272 0.00672317 0.00755104
0 0.7937 0.265019 0.016357 0.0162387
0 0.0438488 0.399112 0.011832 0.0123064
0 0.396405 0.542009 0.00799915 0.00774819
0 0.709354 0.234766 0.00850582 0.00882331
