0 0.572319 0.347928 0.00899905 0.0111629
0 0.942426 0.564721 0.00993234 0.0107296
0 0.790788 0.271989 0.00945842 0.010242
0 0.750404 0.258867 0.0112431 0.0108832
0 0.783526 0.229639 0.00922698 0.00986858
0 0.918166 0.250081 0.0117411 0.0134437
0 0.783459 0.321907 0.0066011 0.00693616
0 0.552936 0.632941 0.0111212 0.0112549
0 0.859327 0.340079 0.00948024 0.0106153
0 0.84054 0.897347 0.0108837 0.0109288
0 0.933987 0.347575 0.00918865 0.00995541
0 0.882978 0.333322 0.00895709 0.00975627
0 0.577054 0.315559 0.00942916 0.010841
0 0.941757 0.610414 0.0080328 0.00919533
0 0.963518 0.310115 0.00788498 0.010253
0 0.776477 0.26634 0.0087561 0.00898647
0 0.478954 0.640313 0.00817555 0.0104378
0 0.723384 0.265158 0.00801682 0.00843251
0 0.910714 0.308588 0.00937611 0.010518
0 0.945407 0.3588 0.00894356 0.00997582
0 0.873062 0.928441 0.00855237 0.00927621
0 0.888508 0.538186 0.0113527 0.013624
0 0.503236 0.482545 0.0098072 0.0109224
0 0.751613 0.339728 0.00981921 0.0108845
0 0.307017 0.926176 0.0118396 0.0146179
0 0.551927 0.646634 0.00856876 0.00868112
0 0.926588 0.316256 0.00822145 0.0109712
0 0.766158 0.310929 0.00727034 0.00970188
0 0.836425 0.297331 0.00823897 0.00881344
0 0.980556 0.68425 0.0117847 0.0153888
0 0.947371 0.269165 0.0101601 0.010175
0 0.545619 0.29723 0.0085907 0.00934574
0 0.933318 0.602213 0.0093897 0.00991517
0 0.959872 0.291153 0.00848538 0.00807455
0 0.266903 0.984882 0.00916418 0.00920868
0 0.767629 0.257804 0.00814503 0.00833568
0 0.873824 0.319471 0.00774419 0.0089165
0 0.827329 0.910052 0.00782776 0.0101436
0 0.908473 0.234655 0.00889075 0.0100597
0 0.583655 0.333367 0.00722486 0.00973845
0 0.932256 0.336135 0.00779724 0.00802499
0 0.738706 0.307616 0.0128442 0.0163975
0 0.759741 0.248346 0.00829524 0.00928101
0 0.582276 0.302233 0.00850081 0.00983533
0 0.980815 0.267932 0.00958824 0.0126831
0 0.903018 0.282544 0.00861168 0.00891113
0 0.780165 0.253361 0.00758862 0.00937222
0 0.785805 0.310192 0.00746346 0.00957459
0 0.989949 0.670004 0.0101388 0.0111235
0 0.892704 0.291773 0.00892162 0.0108078
0 0.807599 0.352078 0.00774688 0.00972977
0 0.925538 0.985209 0.00846142 0.00906426
0 0.903704 0.163527 0.00913048 0.0110182
0 0.738772 0.341219 0.00863403 0.0104392
0 0.982251 0.712618 0.00823635 0.0107465
0 0.918595 0.345387 0.00942802 0.0100271
0 0.7909 0.339001 0.00785273 0.00875679
0 0.915786 0.292781 0.0085718 0.00904647
0 0.859225 0.277068 0.0109333 0.00884581
0 0.91392 0.329414 0.00739497 0.00831452
0 0.804552 0.282702 0.00716668 0.00771981
0 0.96391 0.263533 0.0111651 0.014847
0 0.779645 0.282059 0.00896645 0.00939822
0 0.82674 0.420891 0.00911582 0.0105645
0 0.862031 0.289483 0.0104111 0.00990495
0 0.775111 0.364458 0.00833076 0.00914618
0 0.757226 0.379191 0.0103906 0.00981182
0 0.492235 0.664752 0.0126955 0.0148694
0 0.30841 0.888382 0.0150121 0.0150608
0 0.846966 0.301441 0.0071066 0.00848684
0 0.572127 0.284494 0.00929719 0.0144323
0 0.487242 0.715809 0.0094637 0.00970995
0 0.571801 0.286796 0.00883138 0.0106376
0 0.840315 0.443138 0.00928402 0.0110841
0 0.904936 0.298693 0.00876272 0.00906125
0 0.965002 0.277902 0.00843698 0.00919533
0 0.901926 0.235115 0.00891304 0.00835223
0 0.905504 0.632588 0.00792921 0.0112674
0 0.264407 0.973359 0.00877446 0.00817055
0 0.992183 0.344088 0.00729924 0.00811225
0 0.274528 0.95355 0.00889176 0.00972521
0 0.278193 0.980507 0.00728074 0.00824624
0 0.879532 0.238016 0.00776482 0.00866094
0 0.828193 0.439334 0.0109192 0.012716
0 0.907937 0.553358 0.0129219 0.0131346
0 0.906255 0.953423 0.01092 0.0142437
0 0.551885 0.65717 0.00871432 0.00791109
0 0.272369 0.966748 0.00796828 0.00905436
0 0.865107 0.266205 0.00756413 0.00887412
0 0.939668 0.376008 0.00525588 0.00666744
0 0.90469 0.95543 0.0117905 0.015004
0 0.839873 0.28664 0.00704193 0.00758809
0 0.972865 0.667657 0.00674284 0.00765455
0 0.814217 0.280769 0.00697136 0.00783005
0 0.805474 0.42293 0.00901753 0.00988942
0 0.255892 0.991548 0.00835741 0.00889206
0 0.739012 0.309536 0.0144955 0.0220804
0 0.91008 0.307172 0.0111752 0.0146319
0 0.284221 0.941108 0.013554 0.0148733
0 0.931996 0.336049 0.0096367 0.00935897
0 0.7763 0.312795 0.00675368 0.00799674
0 0.32762 0.838534 0.00868797 0.0124344
0 0.77582 0.311539 0.00682032 0.00948647
0 0.494963 0.72642 0.00929889 0.00898957
0 0.506264 0.724337 0.00811303 0.00835538
0 0.791978 0.371292 0.00940764 0.0106723
0 0.861295 0.276358 0.0131531 0.00895435
0 0.917313 0.994888 0.0138508 0.0102247
0 0.907126 0.5552 0.0131294 0.0153087
0 0.576758 0.315554 0.012105 0.0123433
0 0.542245 0.658455 0.0081715 0.00861216
0 0.862336 0.288426 0.0136833 0.0110286
0 0.78971 0.377402 0.00991553 0.0123462
0 0.794235 0.324606 0.00785077 0.00887173
0 0.572977 0.282759 0.0102658 0.0181724
0 0.817608 0.472542 0.00685847 0.00821668
0 0.283971 0.942901 0.0153742 0.0194424
0 0.787826 0.295235 0.0070672 0.00853476
0 0.910031 0.613391 0.00788116 0.00854492
0 0.317353 0.844881 0.00654805 0.00771904
0 0.917401 0.993668 0.0114639 0.00990063
0 0.542462 0.669861 0.0103183 0.00946504
0 0.791249 0.337688 0.00843269 0.00882822
0 0.847055 0.300116 0.0080269 0.0102651
0 0.914348 0.320619 0.00725633 0.00755566
0 0.945897 0.507144 0.00604135 0.00592822
0 0.512008 0.7157 0.0103203 0.0103657
0 0.98223 0.712845 0.0102944 0.012592
0 0.191863 0.99534 0.0130807 0.00932062
0 0.826377 0.440928 0.0143177 0.0135187
0 0.918563 0.344185 0.0111893 0.00975955
0 0.804563 0.281362 0.00832152 0.00865129
0 0.398642 0.284723 0.012269 0.0189928
