0 0.748686 0.00776282 0.00808007 0.0093926
0 0.728999 0.0285129 0.0108483 0.0120199
0 0.522974 0.284502 0.00727421 0.0113095
0 0.562313 0.249266 0.0087536 0.00911158
0 0.502265 0.489587 0.00745562 0.00822228
0 0.604274 0.401309 0.0090155 0.00927123
0 0.643932 0.373878 0.00968647 0.00837076
0 0.568 0.39883 0.00839823 0.00968024
0 0.46582 0.566816 0.00809336 0.0106494
0 0.522474 0.553027 0.00623912 0.0063982
0 0.61541 0.292793 0.00892603 0.00930119
0 0.542404 0.304003 0.010225 0.00940412
0 0.533871 0.415306 0.00879151 0.00865212
0 0.49284 0.494798 0.00568274 0.00726232
0 0.704294 0.0101472 0.0220726 0.0157634
0 0.574771 0.237212 0.00851345 0.00955153
0 0.543429 0.265648 0.00720775 0.00808343
0 0.51989 0.603462 0.00789118 0.0103405
0 0.607405 0.304081 0.00856942 0.00936592
0 0.185702 0.0146389 0.00975557 0.0106228
0 0.528335 0.57743 0.00643826 0.00915509
0 0.635178 0.186657 0.00659519 0.00677904
0 0.486229 0.583639 0.00587502 0.00714278
0 0.542366 0.384809 0.00799656 0.010045
0 0.019574 0.189545 0.0118098 0.0119208
0 0.638929 0.397539 0.00580603 0.00716361
0 0.628435 0.00448365 0.012112 0.00891572
0 0.484051 0.32922 0.00771123 0.0100991
0 0.45419 0.615904 0.0063881 0.00821018
0 0.542411 0.549567 0.00598091 0.00823492
0 0.803864 0.0534477 0.0114269 0.0123599
0 0.207289 0.015306 0.0102534 0.0102503
0 0.513587 0.566572 0.00566292 0.00547898
0 0.584349 0.401163 0.00608057 0.00701436
0 0.509275 0.392416 0.00621623 0.0100137
0 0.498216 0.460588 0.00559452 0.00774267
0 0.445295 0.623045 0.00579739 0.00648141
0 0.651254 0.335722 0.00682086 0.00884172
0 0.588039 0.369018 0.00865591 0.0105471
0 0.714607 0.191977 0.00549716 0.00578406
0 0.526619 0.447232 0.00564152 0.00849646
0 0.532959 0.380078 0.0064829 0.00748327
0 0.605833 0.355959 0.00718647 0.00907314
0 0.539698 0.329549 0.00595152 0.00754979
0 0.519454 0.350793 0.00633079 0.00819159
0 0.521379 0.397103 0.0086593 0.00991648
0 0.63341 0.402134 0.00590777 0.00743741
0 0.567454 0.349697 0.00971735 0.00930089
0 0.582346 0.409605 0.00613052 0.00622043
0 0.757476 0.0127505 0.00677997 0.0112637
0 0.576131 0.547511 0.00928724 0.00824356
0 0.550952 0.37301 0.0073216 0.00936487
0 0.566546 0.350941 0.0090155 0.00971574
0 0.545145 0.510647 0.00827539 0.00984269
0 0.536079 0.453922 0.00640124 0.0067586
0 0.473421 0.328612 0.0112689 0.0121182
0 0.608642 0.353173 0.0112321 0.011627
0 0.548391 0.373622 0.010605 0.00952435
0 0.551411 0.536601 0.00670242 0.00781769
0 0.21608 0.798982 0.013498 0.0157328
0 0.548115 0.418324 0.00836331 0.0121023
0 0.429984 0.335819 0.0155999 0.0153383
0 0.557228 0.341234 0.00947827 0.00799042
0 0.543347 0.536346 0.00640374 0.00786287
0 0.537711 0.367228 0.0070495 0.00782195
0 0.714205 0.142825 0.00550187 0.00649011
0 0.537965 0.41494 0.00695843 0.00937462
0 0.444256 0.366995 0.0108683 0.0105426
0 0.584978 0.434085 0.00744128 0.00909233
0 0.586934 0.567438 0.00648963 0.00734282
0 0.542427 0.387633 0.00762349 0.0094693
0 0.62218 0.378307 0.00686014 0.00843498
0 0.554522 0.398851 0.0078333 0.0104047
0 0.47651 0.329686 0.0205739 0.0157892
0 0.543386 0.550574 0.00871003 0.0109645
0 0.682147 0.158439 0.00700766 0.008569
0 0.685628 0.33003 0.00726259 0.00777102
0 0.538585 0.602761 0.0064764 0.00836962
0 0.633077 0.379149 0.00635701 0.00795388
0 0.429733 0.33686 0.0183394 0.0189423
0 0.551218 0.521797 0.0058071 0.00605375
0 0.471114 0.715161 0.00683412 0.00698316
