0 0.521648 0.0727472 0.0125211 0.0133217
0 0.838418 0.111636 0.0156075 0.0137582
0 0.556413 0.0254495 0.0130445 0.015772
0 0.835313 0.154882 0.0157833 0.0184228
0 0.845023 0.133845 0.0161186 0.0174556
0 0.542051 0.0922972 0.013052 0.0137037
0 0.527137 0.0513157 0.016866 0.0186698
0 0.489355 0.0953713 0.0112793 0.0115929
0 0.360458 0.0671581 0.0156589 0.0176759
0 0.550505 0.0791578 0.0128269 0.012194
0 0.820379 0.124878 0.0161762 0.0167143
0 0.335157 0.0651144 0.0181611 0.0216577
0 0.502405 0.06942 0.0131918 0.0147319
0 0.513463 0.0934053 0.0106167 0.0111592
0 0.385061 0.0448925 0.0168663 0.0136172
0 0.845367 0.101605 0.0276794 0.0280871
0 0.520837 0.110243 0.0109725 0.012283
0 0.55119 0.0613483 0.014198 0.0138604
0 0.732838 0.0276765 0.00890094 0.00986073
0 0.488912 0.0946966 0.0137478 0.0146784
0 0.399131 0.0574239 0.0126524 0.0135049
0 0.847896 0.0976728 0.0217283 0.0184263
0 0.84151 0.105594 0.0252264 0.0297834
0 0.502803 0.105053 0.00966367 0.0106033
0 0.494645 0.0917874 0.0187662 0.0166505
0 0.390282 0.102386 0.008257 0.0107389
0 0.772909 0.00746261 0.00924748 0.0116023
0 0.952722 0.2065 0.0125956 0.01337
0 0.839964 0.111083 0.0204727 0.0198377
0 0.74629 0.0309961 0.0102552 0.0109352
