0 0.640205 0.840056 0.0111515 0.0139139
0 0.727751 0.722114 0.0094595 0.0108317
0 0.689004 0.732643 0.011553 0.0119133
0 0.865286 0.867084 0.0138218 0.0165615
0 0.865856 0.837046 0.0116112 0.0131115
0 0.964014 0.934737 0.012545 0.01089
0 0.719559 0.820046 0.00933462 0.0100483
0 0.639111 0.761301 0.00907612 0.0103052
0 0.69881 0.717607 0.0128993 0.0159702
0 0.654016 0.790275 0.00780553 0.00961274
0 0.976404 0.892505 0.00696069 0.00738186
0 0.716115 0.722041 0.00761253 0.00815839
0 0.656975 0.743466 0.0100596 0.00949705
0 0.841642 0.787716 0.0114393 0.0120697
0 0.964882 0.952228 0.0111133 0.010125
0 0.703562 0.767163 0.0111338 0.0126765
0 0.751295 0.736531 0.00874883 0.00970626
0 0.665966 0.784818 0.0117653 0.0109449
0 0.961525 0.88925 0.007972 0.00877607
0 0.960099 0.900887 0.00921178 0.00967866
0 0.657018 0.742753 0.0132986 0.0131073
0 0.693609 0.779207 0.00918168 0.0127935
0 0.759396 0.716929 0.0103965 0.0115736
0 0.986618 0.88836 0.00732726 0.00759888
0 0.657108 0.732409 0.0112084 0.0112095
0 0.648545 0.753901 0.00692081 0.00878471
0 0.702889 0.78418 0.0079428 0.00848055
0 0.694589 0.747153 0.0137051 0.0120732
0 0.698307 0.742489 0.0219636 0.018935
0 0.971982 0.878924 0.007177 0.00788689
0 0.993482 0.905928 0.0100228 0.0121872
0 0.702052 0.740126 0.0144137 0.0141409
0 0.74391 0.711937 0.00839549 0.00976312
0 0.674423 0.771123 0.00713015 0.00836122
0 0.703374 0.738748 0.0132124 0.0146633
0 0.945292 0.959403 0.00632781 0.00807554
0 0.655182 0.769378 0.00784177 0.00924051
0 0.742868 0.713651 0.0101721 0.0121362
0 0.693212 0.77533 0.00805986 0.0122679
0 0.695798 0.745292 0.0164642 0.0144926
