0 0.266733 0.60347 0.00991318 0.011529
0 0.301581 0.641025 0.00922528 0.00993305
0 0.722444 0.708706 0.0101633 0.0102106
0 0.227912 0.553409 0.0100527 0.0113521
0 0.721192 0.69178 0.00996989 0.0106726
0 0.939668 0.771734 0.00900894 0.00981885
0 0.316519 0.651677 0.00950325 0.010667
0 0.282501 0.616922 0.00866443 0.0103621
0 0.323944 0.626739 0.012206 0.0127621
0 0.158047 0.486512 0.00960827 0.0116035
0 0.351849 0.609954 0.0066635 0.00924492
0 0.628115 0.200205 0.0110049 0.0139484
0 0.169298 0.494645 0.00932951 0.012205
0 0.530304 0.803108 0.0080843 0.00877875
0 0.617982 0.209392 0.00978923 0.0108207
0 0.645575 0.215077 0.0101805 0.0111273
0 0.961864 0.738196 0.0104555 0.010812
0 0.52561 0.771178 0.0106614 0.0102574
0 0.17212 0.423964 0.00861947 0.0104156
0 0.130643 0.528954 0.00861931 0.010837
0 0.184896 0.438497 0.0102885 0.00982198
0 0.527112 0.786335 0.00955147 0.0100948
0 0.958504 0.764832 0.0109348 0.0128748
0 0.519989 0.797551 0.0078389 0.00844592
0 0.517771 0.809954 0.00817865 0.00915033
0 0.520765 0.822823 0.00814992 0.00808215
0 0.185894 0.541492 0.00856423 0.0101051
0 0.330287 0.58612 0.00944096 0.0108935
0 0.367073 0.617447 0.00712618 0.0087961
0 0.974647 0.746424 0.00985456 0.0107242
0 0.210881 0.516822 0.0068564 0.00899357
0 0.196193 0.541666 0.00754291 0.0088256
0 0.337271 0.602045 0.00851715 0.0090695
0 0.209694 0.542543 0.0109346 0.0136587
0 0.361481 0.608257 0.00711325 0.00815439
0 0.38573 0.179696 0.0152836 0.018701
0 0.908801 0.704628 0.00942647 0.0123692
0 0.809321 0.922778 0.0133837 0.0127419
0 0.0615885 0.202825 0.00842285 0.0108341
0 0.504053 0.816617 0.00786132 0.0091396
0 0.0923907 0.356043 0.0106164 0.0125442
0 0.219372 0.499225 0.0264085 0.0172774
0 0.0807999 0.21874 0.00988542 0.00909658
0 0.210244 0.503668 0.0071269 0.0103995
0 0.52623 0.755192 0.00943696 0.0104826
0 0.926747 0.970069 0.00794244 0.00889629
0 0.618194 0.207815 0.0117564 0.0142272
0 0.174435 0.47441 0.00764437 0.00920945
0 0.226002 0.498006 0.0106147 0.0121275
0 0.966874 0.753485 0.00803608 0.00928795
0 0.514589 0.830362 0.0067665 0.00778085
0 0.79889 0.899899 0.0240517 0.0163571
0 0.509183 0.844272 0.0125687 0.0109687
0 0.352216 0.607844 0.00884721 0.0120142
0 0.208778 0.540403 0.0101893 0.014851
