0 0.145 0.0976892 0.00966638 0.0103123
0 0.0770325 0.0468255 0.0113124 0.0106901
0 0.109983 0.0454585 0.00908589 0.00971445
0 0.115725 0.0607467 0.00857775 0.0106545
0 0.0770508 0.0334249 0.0107125 0.0101826
0 0.108077 0.157505 0.00847535 0.00885892
0 0.0614992 0.0611039 0.00984593 0.0112655
0 0.103415 0.107781 0.0139169 0.0114672
0 0.0167795 0.0951579 0.00977582 0.0106711
0 0.15822 0.0927107 0.00685883 0.0084668
0 0.110451 0.140535 0.00906112 0.0107705
0 0.149193 0.127384 0.0099086 0.01096
0 0.154053 0.132322 0.012364 0.0110314
0 0.767003 0.0164885 0.0144906 0.0124017
0 0.197435 0.806029 0.0102648 0.0104656
0 0.151782 0.129507 0.0170744 0.017158
0 0.00584957 0.0299649 0.0112889 0.012958
0 0.768446 0.0161697 0.0186071 0.0141637
0 0.0337687 0.109581 0.0123273 0.010897
0 0.0851933 0.0554212 0.00585046 0.00740794
0 0.085256 0.0568352 0.00679064 0.00863226
0 0.111064 0.141933 0.0112042 0.0141539
0 0.112041 0.143892 0.00892296 0.0110987
