0 0.440188 0.652419 0.00951156 0.0100762
0 0.316479 0.546675 0.00863314 0.0104204
0 0.340243 0.433375 0.00924122 0.00961208
0 0.442422 0.62603 0.00952971 0.0109625
0 0.323183 0.927802 0.0128725 0.0147997
0 0.354185 0.539754 0.00828487 0.00956488
0 0.383556 0.565075 0.00872469 0.00936937
0 0.326363 0.423073 0.00792602 0.00832918
0 0.240209 0.53295 0.00646019 0.00636065
0 0.31487 0.63433 0.00837305 0.00810367
0 0.385188 0.589515 0.00927496 0.0101669
0 0.709445 0.384231 0.00863439 0.0101887
0 0.242298 0.553659 0.00728063 0.00805092
0 0.621301 0.341621 0.00971222 0.00913489
0 0.678452 0.297808 0.00798416 0.0099327
0 0.254931 0.553958 0.00659195 0.00867081
0 0.358611 0.554728 0.00762972 0.00841922
0 0.421868 0.592477 0.00842267 0.00978768
0 0.726396 0.309939 0.00779176 0.0077478
0 0.702304 0.367559 0.00950527 0.0102036
0 0.28274 0.897765 0.0102221 0.0104637
0 0.546617 0.690955 0.00742167 0.00937808
0 0.446729 0.454132 0.0109611 0.0121178
0 0.503685 0.329783 0.00954649 0.0107283
0 0.241336 0.522322 0.00845471 0.00834596
0 0.265197 0.553887 0.00722101 0.00875378
0 0.446001 0.547529 0.0100601 0.0102955
0 0.234652 0.564652 0.0086441 0.00814295
0 0.370941 0.551793 0.00836134 0.0111854
0 0.357428 0.347544 0.00786218 0.00926939
0 0.414817 0.552595 0.00791666 0.00942934
0 0.461365 0.683623 0.00923833 0.0106159
0 0.340757 0.578992 0.00642595 0.0077343
0 0.402872 0.586701 0.00958291 0.00907439
0 0.359314 0.439748 0.007954 0.00920868
0 0.468169 0.269895 0.010453 0.0115571
0 0.223546 0.560435 0.00704937 0.00749457
0 0.152469 0.664449 0.00891984 0.00897521
0 0.458223 0.516977 0.00825575 0.00916862
0 0.465071 0.441859 0.00946903 0.0103727
0 0.338888 0.562002 0.00860062 0.00940853
0 0.347279 0.659433 0.00982228 0.0113802
0 0.209013 0.739511 0.00729237 0.00810796
0 0.913423 0.177595 0.00904393 0.0106207
0 0.185876 0.840603 0.00777678 0.00959015
0 0.422914 0.916195 0.00814056 0.00961721
0 0.702927 0.492344 0.0108458 0.0128969
0 0.4264 0.517614 0.0111403 0.0105743
0 0.315386 0.501699 0.00948754 0.0100115
0 0.679625 0.603245 0.00918883 0.0100779
0 0.398838 0.559628 0.00759467 0.00827754
0 0.711628 0.266401 0.00744277 0.00755998
0 0.222265 0.727284 0.00751558 0.00723988
0 0.3238 0.671895 0.00942776 0.0100271
0 0.276963 0.573524 0.00907058 0.0103951
0 0.405253 0.546658 0.00770006 0.00853139
0 0.290881 0.605273 0.0111685 0.0126076
0 0.404473 0.916492 0.00625399 0.00772399
0 0.308386 0.510386 0.00715342 0.00776345
0 0.167564 0.533495 0.00797151 0.00981504
0 0.453666 0.56721 0.00695363 0.00819147
0 0.260105 0.909148 0.00802088 0.00881654
0 0.388643 0.54553 0.00783119 0.00953883
0 0.221836 0.622911 0.00822602 0.00881672
0 0.325394 0.435764 0.00832441 0.00979555
0 0.709299 0.232925 0.00783217 0.00870648
0 0.504211 0.636041 0.00756508 0.00734442
0 0.492519 0.632257 0.00968993 0.0105906
0 0.735208 0.322763 0.00681973 0.00714415
0 0.222986 0.608988 0.00819011 0.00998932
0 0.378014 0.579005 0.0085493 0.00806713
0 0.616112 0.353464 0.00676501 0.00809839
0 0.344872 0.83498 0.00860223 0.00933874
0 0.198644 0.677616 0.00760365 0.00989664
0 0.406732 0.572676 0.0080696 0.0100032
0 0.184844 0.47888 0.00906101 0.0110765
0 0.689708 0.482635 0.00959426 0.00970116
0 0.480292 0.636971 0.00942993 0.0112401
0 0.469014 0.573721 0.0099965 0.00798213
0 0.466165 0.561505 0.01035 0.00952166
0 0.272099 0.472117 0.00734419 0.00865489
0 0.349323 0.630334 0.00766519 0.00823915
0 0.371336 0.547892 0.00862759 0.0111233
0 0.172208 0.739193 0.011212 0.0112247
0 0.302326 0.439141 0.00770283 0.00924453
0 0.22951 0.541653 0.00687951 0.00737995
0 0.234519 0.583106 0.00876188 0.0111035
0 0.39078 0.947569 0.00724357 0.00731206
0 0.561915 0.703603 0.0099569 0.0113693
0 0.402068 0.365492 0.0088526 0.00955313
0 0.728924 0.440908 0.00981146 0.0106553
0 0.819768 0.30369 0.0092445 0.00946131
0 0.258124 0.523011 0.00747806 0.00918227
0 0.69829 0.590138 0.0093174 0.011515
0 0.274847 0.88387 0.00848332 0.0101404
0 0.377416 0.611612 0.00807595 0.00768983
0 0.694374 0.454165 0.0115986 0.012315
0 0.687295 0.470924 0.0094915 0.00941202
0 0.548651 0.558818 0.00879306 0.0108478
0 0.333421 0.420862 0.00846067 0.00888222
0 0.523261 0.668301 0.00854927 0.00815219
0 0.647551 0.217598 0.0086711 0.00945348
0 0.292946 0.910285 0.0093174 0.010452
0 0.589753 0.688331 0.00820911 0.00969505
0 0.164229 0.889328 0.00890127 0.0104431
0 0.5283 0.649319 0.00991112 0.0151848
0 0.340975 0.68592 0.00894794 0.00990331
0 0.760808 0.305789 0.00792634 0.010236
0 0.384951 0.336779 0.00695658 0.00735727
0 0.487894 0.435001 0.00958812 0.0110972
0 0.240212 0.602473 0.00677748 0.0079217
0 0.967145 0.18633 0.0103682 0.0107676
0 0.410546 0.258825 0.00678375 0.00837401
0 0.748004 0.395617 0.00880212 0.00968561
0 0.167279 0.654383 0.00681192 0.00803226
0 0.171853 0.503242 0.00726078 0.00816345
0 0.344459 0.954867 0.00855151 0.00911748
0 0.251326 0.541392 0.00742622 0.00809002
0 0.331435 0.620223 0.00772467 0.00917882
0 0.389119 0.96613 0.00764778 0.0105842
0 0.352801 0.42022 0.00910965 0.00887051
0 0.664642 0.606524 0.00945204 0.0121673
0 0.614475 0.557786 0.00854969 0.00798839
0 0.255128 0.993385 0.00919047 0.0103897
0 0.986197 0.464326 0.0097096 0.0131744
0 0.333799 0.66373 0.00819626 0.00850791
0 0.451057 0.944779 0.00817871 0.00869292
0 0.304962 0.489909 0.0095191 0.00937289
0 0.60267 0.261356 0.00613832 0.00848612
0 0.488615 0.477478 0.00940856 0.0104576
0 0.264964 0.599677 0.00863838 0.0105717
0 0.470136 0.679591 0.00597039 0.00705051
0 0.49251 0.570741 0.0072487 0.00882584
0 0.229257 0.465187 0.00788422 0.00811386
0 0.227227 0.476722 0.00986251 0.00835449
0 0.48119 0.680682 0.0098404 0.0102139
0 0.310869 0.480025 0.00882459 0.00864765
0 0.778734 0.404799 0.00939292 0.0103713
0 0.296042 0.521502 0.00882196 0.00854325
0 0.7484 0.296316 0.00593072 0.0064435
0 0.291089 0.411543 0.00660172 0.00665301
0 0.471395 0.702668 0.00709677 0.00961953
0 0.329276 0.490773 0.00793371 0.00911245
0 0.452946 0.6739 0.00799561 0.00945204
0 0.318068 0.623247 0.00729427 0.00850379
0 0.715537 0.471228 0.0143524 0.0200939
0 0.316183 0.422564 0.00687686 0.00785619
0 0.29012 0.483485 0.00670442 0.00746098
0 0.196133 0.910817 0.00773512 0.00855255
0 0.186244 0.633602 0.00834441 0.00895149
0 0.973035 0.450262 0.00991535 0.0136604
0 0.395246 0.569552 0.0077765 0.00759387
0 0.213394 0.478609 0.00726156 0.00890762
0 0.279445 0.913566 0.00879267 0.00977474
0 0.686314 0.254132 0.00844342 0.0106354
0 0.160679 0.980596 0.00843176 0.00792193
0 0.370876 0.861274 0.00830433 0.00991303
0 0.417638 0.685042 0.00768214 0.00964427
0 0.543617 0.65923 0.00903016 0.00980699
0 0.248117 0.511153 0.00894079 0.00976074
0 0.635638 0.205084 0.00687408 0.00806466
0 0.420743 0.707778 0.00932893 0.0101624
0 0.172558 0.641997 0.00686984 0.00786734
0 0.443098 0.694376 0.00787172 0.00907099
0 0.334796 0.64968 0.00967005 0.00906634
0 0.751485 0.529096 0.00946236 0.0109038
0 0.353412 0.403263 0.0084222 0.0085575
0 0.334275 0.827594 0.00785381 0.00862008
0 0.70667 0.246877 0.00695556 0.00823735
0 0.738736 0.413657 0.00753462 0.00760996
0 0.760303 0.537549 0.00949711 0.0118167
0 0.468506 0.4258 0.00986174 0.0115449
0 0.886552 0.177032 0.00851667 0.00977847
0 0.682017 0.121377 0.00772601 0.0101814
0 0.24605 0.563384 0.0077921 0.00769228
0 0.297084 0.42234 0.00880605 0.00865889
0 0.664486 0.138356 0.00902861 0.0101146
0 0.50497 0.465941 0.00870872 0.00934029
0 0.297168 0.530274 0.00791371 0.00751811
0 0.429951 0.698825 0.00744799 0.00888836
0 0.678213 0.585246 0.00809276 0.00840706
0 0.418771 0.501538 0.00896567 0.0109224
0 0.133578 0.807813 0.00760743 0.00801736
0 0.653187 0.572096 0.0109926 0.0134262
0 0.272038 0.407836 0.00852802 0.00885525
0 0.202041 0.694733 0.00685789 0.0073452
0 0.659079 0.561202 0.0101056 0.0101581
0 0.36299 0.687713 0.0140145 0.0137585
0 0.0889007 0.93987 0.0126109 0.0110577
0 0.227462 0.628406 0.00856228 0.00898206
0 0.333213 0.441663 0.00674424 0.00721988
0 0.728128 0.280368 0.00830191 0.00914931
0 0.690166 0.218514 0.00923693 0.00991763
0 0.588812 0.560708 0.00972235 0.013218
0 0.476775 0.449376 0.008737 0.0102097
0 0.307927 0.923343 0.00885344 0.0101143
0 0.898955 0.183852 0.00821471 0.00797418
0 0.610176 0.574904 0.0128962 0.0140945
0 0.683635 0.277684 0.0076741 0.00759888
0 0.666647 0.183668 0.00891471 0.00888495
0 0.620775 0.588015 0.0105517 0.0120485
0 0.625917 0.565131 0.00957811 0.00969183
0 0.384422 0.604225 0.00695315 0.00792104
0 0.108427 0.813893 0.00888391 0.00994223
0 0.484059 0.464232 0.00889406 0.00835133
0 0.143332 0.866866 0.00873356 0.00954741
0 0.498761 0.657297 0.0065597 0.00743812
0 0.367948 0.398265 0.00704202 0.0074653
0 0.336873 0.458097 0.00791797 0.00865018
0 0.919882 0.235584 0.00851023 0.010659
0 0.302663 0.463509 0.0078373 0.00907269
0 0.164272 0.548764 0.0084406 0.00814039
0 0.219273 0.459873 0.00844303 0.00972375
0 0.577089 0.233708 0.00611115 0.00751099
0 0.380254 0.965882 0.00674188 0.0087688
0 0.232199 0.477441 0.00741109 0.00854197
0 0.495379 0.6871 0.00804234 0.00878704
0 0.238146 0.726856 0.00882114 0.00859922
0 0.208443 0.621876 0.00792064 0.00959206
0 0.69318 0.349558 0.00837421 0.00975981
0 0.417609 0.92637 0.00843981 0.00915396
0 0.523975 0.26711 0.00810415 0.00919399
0 0.334526 0.399755 0.008816 0.00931215
0 0.131564 0.606476 0.00919423 0.0106436
0 0.342113 0.341129 0.00936261 0.0104134
0 0.151546 0.808722 0.00706738 0.00736463
0 0.573865 0.435339 0.0105911 0.0108742
0 0.619447 0.329053 0.00728285 0.00896221
0 0.457398 0.356025 0.00911704 0.0122426
0 0.930335 0.233592 0.00767022 0.00989693
0 0.216946 0.688778 0.00777893 0.00819111
0 0.51525 0.637745 0.00857729 0.00989914
0 0.227025 0.551146 0.00838453 0.00797981
0 0.887496 0.318118 0.00881803 0.00976652
0 0.602648 0.336883 0.00744641 0.00848991
0 0.280029 0.436923 0.0083077 0.00752544
0 0.179913 0.650607 0.0085783 0.00787181
0 0.178959 0.895268 0.00765458 0.00779724
0 0.430186 0.292134 0.0101452 0.0096963
0 0.139704 0.67678 0.00869274 0.00896126
0 0.166662 0.817849 0.0079575 0.0089348
0 0.380686 0.953167 0.0076206 0.00914955
0 0.63267 0.334583 0.00741112 0.00868607
0 0.124274 0.83058 0.00826234 0.00918543
0 0.392035 0.410134 0.00670108 0.00814468
0 0.24145 0.715729 0.0100046 0.00908619
0 0.379069 0.875526 0.00825557 0.00881922
0 0.351579 0.613704 0.00847378 0.00861156
0 0.379677 0.865238 0.00701067 0.00860596
0 0.374817 0.381048 0.00943273 0.010136
0 0.345599 0.406535 0.00883222 0.0080221
0 0.628164 0.213964 0.00783962 0.00744705
0 0.535786 0.600511 0.00831622 0.00824535
0 0.376828 0.944817 0.00654301 0.00668985
0 0.529062 0.668182 0.0107635 0.0101516
0 0.663953 0.195076 0.00914383 0.00894518
0 0.321816 0.850314 0.00984469 0.0110947
0 0.138297 0.657137 0.00760165 0.00781041
0 0.259572 0.41466 0.0104416 0.00864151
0 0.155326 0.779894 0.00872159 0.0121695
0 0.342927 0.85217 0.00715706 0.00860906
0 0.717063 0.311765 0.00572419 0.00711384
0 0.456057 0.50462 0.00741407 0.00910187
0 0.343225 0.979106 0.0069007 0.00763649
0 0.632315 0.378008 0.00801736 0.00823501
0 0.148013 0.801032 0.00811656 0.00913793
0 0.481825 0.682116 0.00949392 0.0108796
0 0.339599 0.915557 0.0141608 0.0133907
0 0.4975 0.484498 0.00654995 0.0068939
0 0.540866 0.570593 0.00809485 0.00930929
0 0.65454 0.205837 0.00823897 0.00801373
0 0.468931 0.959365 0.00771198 0.00978887
0 0.732527 0.423265 0.00865793 0.0096468
0 0.143249 0.971741 0.00766307 0.00962621
0 0.484041 0.501515 0.00556374 0.00686607
0 0.641973 0.369373 0.00841475 0.0084219
0 0.131657 0.984645 0.00725988 0.0105335
0 0.132035 0.738135 0.0158104 0.0125335
0 0.960683 0.448792 0.00927484 0.0114193
0 0.542397 0.653015 0.0123497 0.0212576
0 0.196707 0.749168 0.0073185 0.00761652
0 0.131207 0.234647 0.0203441 0.0226127
0 0.7213 0.290575 0.00717992 0.00824422
0 0.438315 0.89789 0.00795099 0.00950927
0 0.447764 0.499852 0.00722516 0.00792703
0 0.310736 0.665805 0.00874197 0.00969166
0 0.126682 0.737467 0.0139187 0.0114752
0 0.202512 0.619964 0.0093689 0.0089708
0 0.969813 0.240369 0.00818372 0.0102398
0 0.94505 0.227075 0.00685501 0.0100783
0 0.119521 0.668525 0.00812564 0.00988752
0 0.3696 0.690879 0.00824156 0.0117311
0 0.505223 0.625511 0.0128059 0.0136776
0 0.119708 0.718053 0.00971532 0.0111283
0 0.275095 0.421011 0.00814313 0.0091362
0 0.600057 0.558667 0.00910014 0.0119401
0 0.571358 0.479386 0.0114579 0.00924435
0 0.624625 0.545784 0.00939542 0.00980705
0 0.128127 0.737566 0.0182176 0.0142681
0 0.105486 0.916064 0.00826306 0.0089584
