0 0.944308 0.583075 0.00646591 0.00772816
0 0.601318 0.867058 0.00598788 0.00580734
0 0.898768 0.846282 0.00714648 0.00682122
0 0.948753 0.604963 0.00770223 0.00835437
0 0.882034 0.846706 0.00778717 0.00799984
0 0.610415 0.892049 0.00817072 0.00697249
0 0.633325 0.896273 0.00916797 0.0105511
0 0.622094 0.856316 0.0100775 0.0113922
0 0.590558 0.904942 0.0107977 0.0116848
0 0.522563 0.858253 0.00721502 0.00830197
0 0.966492 0.586931 0.00621682 0.00684035
0 0.867292 0.545494 0.00654185 0.00710696
0 0.40268 0.460272 0.00784057 0.00818872
0 0.943879 0.582893 0.00841045 0.00923938
0 0.622067 0.853949 0.0107718 0.0157057
0 0.782051 0.664057 0.00669736 0.00696009
0 0.554158 0.935491 0.00586796 0.00588202
0 0.62277 0.850638 0.0101415 0.0116825
0 0.594123 0.872857 0.00721413 0.00790024
0 0.92338 0.583566 0.00717425 0.00916821
0 0.586375 0.905797 0.0172359 0.0121498
0 0.607378 0.881913 0.00821018 0.00718462
0 0.966919 0.772162 0.00538903 0.00675464
0 0.633548 0.955353 0.00676215 0.00705582
0 0.643285 0.99189 0.00865787 0.00725001
0 0.559935 0.924174 0.00807726 0.0078392
0 0.640256 0.92287 0.00749129 0.00741708
0 0.516787 0.846433 0.00693464 0.00764233
0 0.932927 0.817906 0.00573236 0.00680637
0 0.606112 0.882707 0.00816262 0.00799716
