0 0.988279 0.317044 0.0196886 0.0207717
0 0.982543 0.709092 0.0142246 0.0109916
0 0.956904 0.658975 0.0119079 0.0118604
0 0.95949 0.621903 0.00930941 0.00871313
0 0.936877 0.164585 0.00823039 0.0086228
0 0.965404 0.608435 0.0105999 0.00895673
0 0.770344 0.905646 0.0150849 0.0179676
0 0.93141 0.242918 0.0092718 0.00948811
0 0.963618 0.154937 0.0136883 0.0182236
0 0.992731 0.275627 0.0140449 0.0148563
0 0.965324 0.583508 0.00679469 0.009045
0 0.992111 0.555365 0.00592589 0.00685352
0 0.969177 0.633225 0.0068031 0.00869197
0 0.98444 0.723456 0.00793076 0.0118135
0 0.92816 0.685023 0.00996476 0.0118887
