0 0.256067 0.00905732 0.0174407 0.0158562
0 0.333973 0.466948 0.0157917 0.0128329
0 0.299512 0.435367 0.0169073 0.0161642
0 0.313972 0.761435 0.0184577 0.0158126
0 0.0431622 0.373357 0.0160364 0.0146466
0 0.00994411 0.250365 0.0198882 0.020035
0 0.117214 0.0279461 0.0221992 0.0145783
0 0.0703427 0.420568 0.0193433 0.0137648
0 0.0728089 0.452583 0.0157406 0.0130097
0 0.126743 0.0883691 0.0227865 0.0197718
0 0.193881 0.155347 0.0172713 0.0164
0 0.535624 0.840361 0.0204335 0.0159088
0 0.00771168 0.42262 0.0151108 0.0193272
0 0.13144 0.19838 0.0207067 0.0182488
0 0.144555 0.759618 0.0187381 0.0153453
0 0.0362438 0.717204 0.0260972 0.0237266
0 0.143997 0.729503 0.0158903 0.014534
0 0.010722 0.459886 0.00987597 0.0116741
0 0.950908 0.764178 0.0148094 0.0127052
0 0.0639049 0.0272344 0.0145944 0.0130731
0 0.95063 0.765126 0.0179821 0.0154532
0 0.125251 0.248814 0.0167282 0.0126488
0 0.201681 0.612964 0.0172136 0.0165927
0 0.151394 0.680626 0.0134098 0.0108141
