0 0.951483 0.136029 0.0118942 0.0121036
0 0.904721 0.128062 0.011504 0.0118128
0 0.495668 0.959949 0.00988656 0.0090757
0 0.10275 0.353715 0.010821 0.00978956
0 0.625292 0.862125 0.015828 0.0144932
0 0.810025 0.24719 0.0118233 0.0108036
0 0.111643 0.849445 0.0151745 0.0139568
0 0.828634 0.317206 0.012548 0.0107843
0 0.153962 0.13876 0.0140359 0.0142204
0 0.597885 0.750004 0.014015 0.013538
0 0.0653349 0.94747 0.0126372 0.011497
0 0.211824 0.864275 0.0143536 0.013756
0 0.956585 0.153139 0.0138347 0.012836
0 0.748907 0.918293 0.0118343 0.0136265
0 0.959618 0.768918 0.0136902 0.013773
0 0.653907 0.909075 0.0135125 0.0125488
0 0.776861 0.942407 0.0107557 0.01021
0 0.517133 0.571219 0.0164742 0.0148252
0 0.978649 0.11971 0.0128132 0.0128304
0 0.960148 0.118278 0.0114256 0.012382
0 0.226115 0.0771287 0.0155854 0.0123581
0 0.939945 0.465587 0.0115688 0.0115601
0 0.937797 0.0810692 0.015295 0.013659
0 0.694067 0.924258 0.0136595 0.0131233
0 0.963458 0.104012 0.0113224 0.0118416
0 0.868236 0.321873 0.013992 0.0129639
0 0.548971 0.361649 0.0133811 0.0116791
0 0.201793 0.513252 0.0175741 0.0199396
0 0.761968 0.900034 0.0147786 0.0147305
0 0.945803 0.784144 0.0108963 0.0117557
0 0.913923 0.216349 0.0150197 0.0138087
0 0.62223 0.798954 0.0128395 0.011264
0 0.504491 0.786608 0.0143325 0.0121026
0 0.0156834 0.912358 0.0153262 0.0163468
0 0.673612 0.79732 0.0163212 0.0127897
0 0.917441 0.109872 0.0133335 0.0133221
0 0.959877 0.611857 0.0130268 0.0137501
0 0.0521226 0.531759 0.0162147 0.0148832
0 0.170827 0.307099 0.0134489 0.0134868
0 0.643116 0.896576 0.0133757 0.0133547
0 0.922523 0.0656488 0.014254 0.0132449
0 0.538185 0.775257 0.0203626 0.0159349
0 0.649831 0.832545 0.0149693 0.0138313
0 0.103664 0.109179 0.0155228 0.0139694
0 0.29232 0.928123 0.011375 0.00958115
0 0.0366495 0.884061 0.013603 0.0117404
0 0.902923 0.144045 0.0129375 0.0123978
0 0.65569 0.971861 0.0135128 0.0109848
0 0.0351511 0.438989 0.0144841 0.0133533
0 0.82969 0.280319 0.0127533 0.0100257
0 0.503577 0.828874 0.0100881 0.0116946
0 0.21705 0.955235 0.0115445 0.010388
0 0.608618 0.704724 0.017198 0.0126755
0 0.77142 0.778103 0.0119036 0.0104624
0 0.985066 0.452438 0.0132067 0.0118713
0 0.598206 0.271574 0.0138514 0.0123831
0 0.655335 0.735667 0.0122885 0.0105352
0 0.896711 0.227496 0.0123575 0.0124736
0 0.91374 0.55214 0.0156617 0.0142366
0 0.637072 0.746708 0.0154824 0.0124928
0 0.809253 0.95321 0.0127037 0.0133443
0 0.864502 0.302468 0.012458 0.0122069
0 0.367622 0.00900462 0.0110637 0.0115076
0 0.477138 0.934304 0.00972548 0.0101331
0 0.144954 0.294052 0.0154743 0.0114601
0 0.986066 0.0393791 0.0124367 0.00975532
0 0.836671 0.629184 0.0204247 0.0196521
0 0.873801 0.763836 0.0135597 0.0153059
0 0.788644 0.283406 0.013583 0.0129091
0 0.218861 0.091713 0.0106952 0.0086687
0 0.787372 0.911375 0.0116282 0.00957507
0 0.684959 0.871292 0.0142432 0.0124677
0 0.437758 0.91851 0.0147062 0.0131008
0 0.505912 0.947361 0.0104226 0.0107862
0 0.762137 0.952115 0.0115353 0.010341
0 0.849373 0.245566 0.0122975 0.011528
0 0.907801 0.259791 0.0119238 0.0106414
0 0.00722042 0.977708 0.0139257 0.0141121
0 0.81243 0.61105 0.014119 0.0140712
0 0.434181 0.952978 0.0131844 0.0131847
0 0.859388 0.28225 0.012485 0.0130281
0 0.270075 0.928726 0.0121301 0.012101
0 0.793061 0.687804 0.0115604 0.0112421
0 0.790703 0.254175 0.0120151 0.011401
0 0.671484 0.958442 0.0123615 0.0121521
0 0.967426 0.0457413 0.0146325 0.0127964
0 0.154454 0.0754563 0.0131945 0.0115021
0 0.0790336 0.786996 0.0160141 0.0140757
0 0.45655 0.790463 0.0144657 0.0129154
0 0.644621 0.930528 0.00973326 0.00878662
0 0.985097 0.25527 0.0166565 0.0156799
0 0.807038 0.264904 0.0122986 0.0117297
0 0.237408 0.966055 0.0126972 0.0108215
0 0.943622 0.653923 0.0121322 0.0129446
0 0.776334 0.991946 0.0117438 0.00876349
0 0.446001 0.859392 0.014604 0.0128064
0 0.00561927 0.931934 0.010832 0.0125416
0 0.162229 0.183301 0.0136208 0.0151516
0 0.49597 0.940644 0.00918961 0.00961566
0 0.28158 0.317277 0.0131917 0.0140606
0 0.155502 0.924218 0.0163655 0.0131151
0 0.467674 0.924266 0.00865698 0.0105109
0 0.104656 0.932813 0.0136752 0.0133268
0 0.313861 0.825058 0.0129691 0.0117123
0 0.458466 0.96324 0.0134641 0.0135576
0 0.176716 0.0870429 0.0123416 0.0133348
0 0.458732 0.93331 0.00792187 0.00779319
0 0.656704 0.987374 0.0163702 0.010103
0 0.480803 0.963009 0.0105255 0.0104523
0 0.235145 0.996936 0.0110802 0.00606155
0 0.291349 0.977809 0.0134983 0.0120962
0 0.796943 0.88291 0.0117941 0.0103183
0 0.710482 0.91154 0.0164192 0.0150848
0 0.810361 0.229421 0.00916308 0.00892115
0 0.511494 0.957541 0.00925642 0.00841212
0 0.515426 0.805841 0.01147 0.0162233
0 0.544624 0.986756 0.0138047 0.0179203
0 0.260869 0.985631 0.00888023 0.00877607
0 0.899023 0.165049 0.0135159 0.0090435
0 0.194335 0.954048 0.0100889 0.010153
