0 0.329463 0.819965 0.0206794 0.0193996
0 0.499796 0.672541 0.0143561 0.0155172
0 0.952602 0.165293 0.0233578 0.0222568
0 0.340298 0.707178 0.017978 0.0182311
0 0.409027 0.643703 0.0222723 0.0207077
0 0.326772 0.653478 0.0219202 0.0192276
0 0.491024 0.644628 0.0214966 0.0182497
0 0.0585183 0.892349 0.0143623 0.0155525
0 0.588916 0.488867 0.0178646 0.020614
0 0.343313 0.578378 0.018117 0.0195417
0 0.306742 0.790443 0.0180546 0.0198736
0 0.21311 0.0720544 0.0206619 0.0240901
0 0.321261 0.0376261 0.0157093 0.0206924
0 0.275172 0.769623 0.0134068 0.0167173
0 0.369168 0.814348 0.0170153 0.0181656
0 0.457334 0.471481 0.017799 0.0200173
0 0.277705 0.024779 0.0119424 0.0151037
0 0.399197 0.134541 0.0167297 0.0163779
0 0.054144 0.793044 0.0190814 0.0175669
0 0.944128 0.217564 0.0185612 0.018567
0 0.452888 0.0373768 0.0187534 0.0182603
0 0.84663 0.669903 0.0193142 0.0188692
0 0.243969 0.298183 0.0166196 0.0203578
0 0.867735 0.155522 0.0154644 0.0179815
0 0.259225 0.849974 0.0144849 0.0150053
0 0.55797 0.537166 0.0212412 0.0215927
0 0.669086 0.0460909 0.0189543 0.0148155
0 0.600834 0.863027 0.0140858 0.0177585
0 0.171301 0.479526 0.0198141 0.0164181
0 0.131364 0.814986 0.0189206 0.0152645
0 0.830831 0.703004 0.0147299 0.0157923
0 0.169831 0.203439 0.0196804 0.0176868
0 0.226254 0.857084 0.0165847 0.0169412
0 0.0728044 0.380973 0.0209307 0.0210927
0 0.505033 0.467716 0.0189541 0.0187848
0 0.897767 0.554288 0.0143177 0.011219
0 0.732982 0.406267 0.0170519 0.0189426
0 0.706863 0.392916 0.0185966 0.0183561
0 0.331112 0.898873 0.0188063 0.0179699
0 0.826718 0.575687 0.0181622 0.0159717
0 0.129001 0.244755 0.0174782 0.0178568
0 0.144554 0.303141 0.0202034 0.0227295
0 0.559941 0.560098 0.0165132 0.0174683
0 0.273212 0.682055 0.0178812 0.0186996
0 0.236721 0.98189 0.0140605 0.0178127
0 0.976363 0.0356722 0.0185099 0.0191484
0 0.165055 0.236879 0.0170597 0.01716
0 0.38038 0.422066 0.0108882 0.0119004
0 0.2407 0.324905 0.0203852 0.0188234
0 0.00796884 0.868648 0.0153881 0.0136085
0 0.241903 0.180874 0.0152419 0.0191766
0 0.785129 0.352249 0.0132198 0.0157367
0 0.767685 0.368455 0.0146606 0.0161048
0 0.496706 0.0618797 0.0155563 0.0193811
0 0.757156 0.412642 0.0148566 0.0173846
0 0.148915 0.265855 0.0156286 0.0160418
0 0.740002 0.286934 0.0218756 0.0175156
0 0.817641 0.811557 0.0119955 0.0129051
0 0.485596 0.0830388 0.0185629 0.0159741
0 0.783348 0.567368 0.0149118 0.0169007
0 0.564418 0.14658 0.0184458 0.0156118
0 0.771133 0.338969 0.0166613 0.0176728
0 0.980866 0.203577 0.0190217 0.0167794
0 0.796725 0.813935 0.016081 0.0167125
0 0.779501 0.392739 0.0199978 0.0181337
0 0.344828 0.302373 0.0203332 0.0202447
0 0.13475 0.815632 0.022334 0.0165367
0 0.253213 0.49777 0.0244432 0.0206978
0 0.29276 0.0473319 0.0175649 0.0179329
0 0.203327 0.691868 0.020485 0.0154593
0 0.108781 0.64898 0.0117127 0.0134848
0 0.916448 0.330812 0.0223758 0.0185207
0 0.0138675 0.61784 0.0261817 0.0195965
0 0.125446 0.451288 0.0201985 0.0156225
0 0.255689 0.523609 0.0154257 0.0153109
0 0.938048 0.303851 0.0177868 0.0185812
0 0.0284155 0.844335 0.0185415 0.0179825
0 0.939321 0.324638 0.014649 0.0124063
0 0.206037 0.127565 0.0173522 0.0160361
0 0.600566 0.39469 0.0157091 0.0220387
0 0.9654 0.0174689 0.01684 0.0144199
0 0.920232 0.308177 0.0129303 0.0131769
0 0.599139 0.192403 0.0220944 0.0224924
0 0.0817082 0.920833 0.0153816 0.015999
0 0.0477816 0.501649 0.0139587 0.0131357
0 0.216308 0.570702 0.0139116 0.0151814
0 0.0692737 0.491723 0.0130896 0.0109365
0 0.267379 0.0423711 0.014127 0.0167563
0 0.0390289 0.456838 0.0120352 0.0113504
0 0.0763255 0.337287 0.0188798 0.0181397
0 0.218428 0.520139 0.00989008 0.0132577
0 0.266025 0.827666 0.0104871 0.0128515
0 0.146869 0.350414 0.0208591 0.0194432
0 0.320974 0.197947 0.0147024 0.0176909
0 0.399553 0.604594 0.0208356 0.0262437
0 0.401137 0.60509 0.0162315 0.022175
0 0.272495 0.682529 0.0232023 0.022612
0 0.0211618 0.507663 0.0141032 0.013952
0 0.155054 0.793508 0.0129406 0.0151047
0 0.12798 0.142594 0.0205345 0.0189273
0 0.477248 0.877651 0.0162438 0.0216309
0 0.0524726 0.916777 0.0100685 0.00776064
0 0.0925376 0.452366 0.00871475 0.0104183
0 0.593131 0.00364551 0.0193332 0.00704109
0 0.0122022 0.709063 0.0102402 0.0130842
0 0.995012 0.118986 0.00997561 0.0164924
0 0.264835 0.830647 0.0117626 0.016988
0 0.316573 0.322202 0.0147915 0.0148804
0 0.277526 0.0241391 0.0148654 0.0175522
