0 0.304017 0.387025 0.0210167 0.0187694
0 0.20084 0.2217 0.0192414 0.0189925
0 0.50694 0.767053 0.0203732 0.0185798
0 0.459805 0.665161 0.0182091 0.0170969
0 0.587436 0.812532 0.0186999 0.0178739
0 0.569865 0.778565 0.0193273 0.0167493
0 0.649458 0.664502 0.0186846 0.0174375
0 0.0981467 0.549143 0.0198392 0.0190362
0 0.292707 0.69582 0.0159113 0.0143306
0 0.351286 0.670109 0.0188513 0.0145401
0 0.0278488 0.259225 0.0203327 0.0185215
0 0.618268 0.770105 0.0200126 0.0184557
0 0.557792 0.117927 0.020774 0.0195845
0 0.231362 0.649539 0.0174559 0.0161985
0 0.080828 0.212882 0.0226704 0.0276679
0 0.918256 0.938414 0.0140454 0.0127376
0 0.903397 0.959382 0.0180613 0.0157965
0 0.188878 0.0123346 0.0203677 0.018681
0 0.411255 0.719424 0.0175802 0.014013
0 0.511476 0.844166 0.0198193 0.0153034
0 0.492947 0.814303 0.0138386 0.0124111
0 0.0973053 0.982797 0.0126015 0.0117037
0 0.440904 0.71881 0.0165886 0.0154471
0 0.245078 0.675922 0.0144694 0.0167063
0 0.642289 0.592009 0.0215119 0.0188696
0 0.0847924 0.303558 0.0161918 0.0175157
0 0.194027 0.557656 0.0142301 0.015274
0 0.912075 0.815422 0.0177987 0.0148869
0 0.0733767 0.329024 0.015843 0.0131719
0 0.64001 0.372947 0.0196519 0.0196
0 0.219347 0.775912 0.0188128 0.0144984
0 0.633066 0.958312 0.0137135 0.0146133
0 0.22196 0.514446 0.0161505 0.0157127
0 0.173812 0.760395 0.0112417 0.00955075
0 0.0248968 0.124613 0.0221471 0.018263
0 0.51333 0.844149 0.0248243 0.0179146
0 0.452264 0.835595 0.0137298 0.00910699
0 0.143829 0.0342071 0.0172007 0.0167583
0 0.677385 0.459088 0.015321 0.0127146
0 0.52395 0.920438 0.0203867 0.0180229
0 0.405268 0.315963 0.0122229 0.0119077
0 0.923762 0.791715 0.0158303 0.0171758
0 0.549227 0.803121 0.019352 0.0109579
0 0.194329 0.559835 0.0127872 0.0159686
0 0.70105 0.993819 0.014822 0.0123621
0 0.0807892 0.214915 0.0193308 0.0204808
0 0.494876 0.822365 0.0121746 0.0113357
0 0.408295 0.9551 0.023369 0.0219246
0 0.705245 0.80634 0.0213871 0.0174686
