0 0.865745 0.647693 0.00921094 0.0113326
0 0.667123 0.441792 0.0108349 0.0114197
0 0.666368 0.36978 0.00942647 0.0121431
0 0.387745 0.89476 0.0144897 0.0150085
0 0.539254 0.315237 0.00702286 0.00758734
0 0.850765 0.648101 0.00942057 0.00986749
0 0.69545 0.50217 0.0135541 0.0108326
0 0.454314 0.619497 0.0105612 0.0112127
0 0.663365 0.390408 0.0101123 0.0108363
0 0.373266 0.595732 0.0109538 0.00980932
0 0.471 0.92925 0.00867328 0.00896567
0 0.862425 0.776201 0.0132217 0.0141641
0 0.501752 0.228833 0.00877675 0.00919466
0 0.357181 0.542217 0.00989494 0.0103184
0 0.654303 0.528356 0.00920373 0.00949782
0 0.299287 0.155375 0.0101672 0.0110819
0 0.216417 0.647333 0.00881414 0.00959933
0 0.651446 0.514021 0.00783443 0.00873399
0 0.225036 0.44653 0.0133948 0.0137089
0 0.632783 0.26027 0.00720346 0.00822803
0 0.504435 0.217751 0.00879765 0.00795946
0 0.634461 0.490089 0.00904733 0.00990507
0 0.542014 0.304092 0.00747365 0.00810471
0 0.849688 0.433285 0.0106907 0.0116488
0 0.492511 0.89483 0.00891244 0.00982708
0 0.386779 0.540213 0.0093849 0.0101218
0 0.0662029 0.297405 0.0114481 0.00967664
0 0.319652 0.870563 0.00971833 0.0098843
0 0.20409 0.266328 0.00880589 0.00867268
0 0.337069 0.586292 0.0101478 0.0101051
0 0.601387 0.237597 0.00936568 0.00983787
0 0.506528 0.283374 0.00861514 0.00887191
0 0.853584 0.417643 0.00892311 0.0100829
0 0.605123 0.202398 0.00901222 0.00875185
0 0.246574 0.520336 0.0113656 0.0105672
0 0.597384 0.989528 0.0076828 0.00944978
0 0.378558 0.26067 0.00819311 0.0103
0 0.592414 0.154907 0.00759965 0.00747643
0 0.836559 0.413944 0.00981021 0.00999957
0 0.748036 0.42701 0.00951517 0.00931129
0 0.693588 0.241052 0.00815088 0.00900726
0 0.384908 0.913915 0.00893858 0.0100828
0 0.337255 0.252283 0.00842211 0.0100805
0 0.62852 0.984485 0.00744057 0.0085144
0 0.261522 0.865734 0.0101241 0.0104338
0 0.647415 0.275683 0.00957298 0.00920561
0 0.569674 0.959198 0.0107178 0.00975704
0 0.307447 0.623926 0.0101311 0.00925601
0 0.849113 0.484035 0.00846332 0.00979242
0 0.592948 0.216559 0.0108625 0.00999862
0 0.412584 0.272408 0.011672 0.0110703
0 0.331507 0.7038 0.00879106 0.00990087
0 0.691635 0.276662 0.0120783 0.00886631
0 0.317317 0.230582 0.0101222 0.011546
0 0.33941 0.808982 0.0124998 0.012212
0 0.892655 0.918102 0.0104941 0.0103214
0 0.328271 0.798042 0.00785089 0.00862616
0 0.713673 0.474376 0.0100929 0.00944978
0 0.259685 0.0968666 0.00809699 0.00869105
0 0.732769 0.495251 0.00841081 0.00935879
0 0.407503 0.875849 0.011838 0.0122604
0 0.652867 0.362196 0.0087862 0.00929454
0 0.754009 0.492639 0.0124294 0.0141984
0 0.415568 0.254612 0.0126137 0.00894809
0 0.431483 0.492403 0.00895044 0.0101965
0 0.711492 0.45167 0.00917643 0.00942668
0 0.57486 0.204701 0.012043 0.01067
0 0.23383 0.513743 0.0110278 0.0101593
0 0.465717 0.196576 0.00842723 0.00901981
0 0.684457 0.514781 0.0080387 0.00905573
0 0.375324 0.529759 0.00880337 0.00994849
0 0.397987 0.933158 0.00912493 0.0106476
0 0.440973 0.602613 0.00937748 0.00839472
0 0.834601 0.482941 0.0118052 0.0102218
0 0.83464 0.445284 0.0100001 0.00994921
0 0.857008 0.677066 0.0109478 0.0104181
0 0.89259 0.640443 0.00873494 0.0112638
0 0.351189 0.495101 0.0120058 0.0162918
0 0.453811 0.189019 0.00831863 0.00993505
0 0.739962 0.526609 0.00946397 0.0103939
0 0.575015 0.295243 0.00980586 0.00934872
0 0.0585119 0.460305 0.00801721 0.00754413
0 0.492197 0.92065 0.00772342 0.0079338
0 0.670307 0.501817 0.00938267 0.00984782
0 0.633835 0.274123 0.00673473 0.00642046
0 0.583539 0.166017 0.0071556 0.00808287
0 0.789669 0.473078 0.0124332 0.0122361
0 0.486137 0.947359 0.0066064 0.00727689
0 0.861452 0.663533 0.00886995 0.00956154
0 0.655154 0.433039 0.00965863 0.0103647
0 0.239148 0.314351 0.00780073 0.00731182
0 0.610544 0.986062 0.00703162 0.00694561
0 0.288299 0.117233 0.00655487 0.00621281
0 0.46833 0.888906 0.0115498 0.0127788
0 0.461787 0.737144 0.010153 0.0102149
0 0.445617 0.969066 0.0119146 0.0113718
0 0.804189 0.472581 0.00776863 0.00823793
0 0.738084 0.542626 0.00798208 0.00910044
0 0.592771 0.301988 0.00938624 0.0105315
0 0.0327088 0.710697 0.00837169 0.00817108
0 0.676255 0.190342 0.00653195 0.00734082
0 0.654471 0.374283 0.00712824 0.00803003
0 0.17067 0.433101 0.00659041 0.00849459
0 0.725753 0.439378 0.00953466 0.00957814
0 0.432341 0.973617 0.00689194 0.00792181
0 0.232899 0.305438 0.00803222 0.00685507
0 0.475437 0.94219 0.00736648 0.00812721
0 0.196641 0.946864 0.0082151 0.00772667
0 0.697867 0.542738 0.00893778 0.00981617
0 0.344303 0.510157 0.0102898 0.00952899
0 0.813641 0.373472 0.0144359 0.0105475
0 0.338321 0.185423 0.00991324 0.0128486
0 0.404225 0.263308 0.00854394 0.00793108
0 0.690742 0.526459 0.0122296 0.0183032
0 0.399246 0.538921 0.0104812 0.0117628
0 0.63843 0.326792 0.0085327 0.00902948
0 0.573918 0.166442 0.0100201 0.0108639
0 0.80197 0.463784 0.00776553 0.00864059
0 0.268074 0.14111 0.00753498 0.00868063
0 0.693286 0.253027 0.00692111 0.00726071
0 0.333458 0.264572 0.00625765 0.00621673
0 0.564332 0.37971 0.00787508 0.00813627
0 0.392595 0.255675 0.00775799 0.00825912
0 0.201686 0.952154 0.00745492 0.00801831
0 0.29974 0.60886 0.0087285 0.01193
0 0.353395 0.204734 0.0110005 0.0101585
0 0.574035 0.3826 0.0064618 0.00692704
0 0.183385 0.433994 0.0110239 0.0126669
0 0.348075 0.768007 0.00965881 0.0103232
0 0.396979 0.587004 0.00900677 0.00773561
0 0.622651 0.538325 0.0101301 0.010595
0 0.977909 0.647268 0.0110756 0.0136365
0 0.395021 0.511516 0.0106412 0.00880414
0 0.481303 0.900504 0.00966358 0.00983465
0 0.270954 0.095408 0.00675222 0.00763111
0 0.305431 0.249172 0.00798529 0.00784431
0 0.875643 0.925701 0.0109491 0.012579
0 0.058008 0.411713 0.00713317 0.00734845
0 0.364328 0.20022 0.00758848 0.00840507
0 0.369437 0.295086 0.0075922 0.00744832
0 0.827073 0.465491 0.00678253 0.0073598
0 0.698476 0.482728 0.00822049 0.00811729
0 0.505412 0.335689 0.00812387 0.00901854
0 0.579565 0.422601 0.00895911 0.0102161
0 0.481502 0.212461 0.0120605 0.0131434
0 0.176251 0.953962 0.0105432 0.0102392
0 0.313202 0.296087 0.0069887 0.00631571
0 0.286777 0.872404 0.00792867 0.0089615
0 0.44166 0.201408 0.00881758 0.0088819
0 0.646007 0.180189 0.00903147 0.00788637
0 0.275447 0.132559 0.00633675 0.00772867
0 0.35466 0.0329711 0.00594941 0.00697973
0 0.625227 0.506052 0.0088383 0.00887138
0 0.2327 0.2882 0.00669184 0.00687018
0 0.0591485 0.473562 0.0114738 0.00993574
0 0.696186 0.558784 0.0107058 0.010684
0 0.34125 0.239817 0.00782174 0.00967732
0 0.347052 0.0256018 0.00921875 0.00937484
0 0.384505 0.243313 0.0062066 0.00686684
0 0.631344 0.304038 0.00906849 0.00940266
0 0.0209622 0.70725 0.0102861 0.00862235
0 0.743254 0.498838 0.00695455 0.00800565
0 0.396124 0.860558 0.01419 0.0113444
0 0.645706 0.346078 0.00834078 0.0100499
0 0.653717 0.307617 0.00915128 0.00915039
0 0.325528 0.214293 0.00756294 0.00885339
0 0.446785 0.0214117 0.00767118 0.00800049
0 0.568048 0.402287 0.00843275 0.0105339
0 0.363795 0.524236 0.00823721 0.00755656
0 0.364853 0.607281 0.0101039 0.0097822
0 0.836432 0.468563 0.00807017 0.00780183
0 0.573486 0.149571 0.00730878 0.00800876
0 0.477484 0.23533 0.012023 0.0109457
0 0.295333 0.132429 0.00877476 0.00875367
0 0.353307 0.520682 0.00890183 0.0105217
0 0.625698 0.266944 0.00726068 0.00687131
0 0.65759 0.304449 0.0090754 0.0119271
0 0.799962 0.371416 0.00744551 0.00901088
0 0.598518 0.506721 0.00784826 0.00822216
0 0.84651 0.894382 0.00890082 0.00928879
0 0.451186 0.212216 0.00836486 0.00801492
0 0.361618 0.648614 0.00809032 0.00801885
0 0.449697 0.94055 0.00753841 0.00875056
0 0.706844 0.51197 0.0102083 0.00948381
0 0.585374 0.144692 0.00716931 0.00780085
0 0.789508 0.396624 0.00925016 0.00863907
0 0.446155 0.734697 0.0125604 0.014362
0 0.392688 0.242532 0.00891274 0.00962201
0 0.652297 0.293914 0.00875181 0.00756425
0 0.605337 0.533172 0.00984037 0.00931287
0 0.314813 0.317547 0.00795108 0.00646183
0 0.428297 0.587352 0.00678769 0.00765306
0 0.290342 0.62196 0.00861615 0.0100052
0 0.50593 0.321087 0.00744456 0.0097467
0 0.365569 0.261827 0.00847864 0.00804549
0 0.419147 0.968882 0.0121198 0.0109667
0 0.19667 0.27538 0.00891148 0.00691706
0 0.4257 0.45944 0.0092186 0.0123878
0 0.625584 0.2673 0.00867605 0.00848237
0 0.593859 0.167772 0.00725263 0.00732207
