0 0.0715495 0.0478442 0.00879467 0.00982023
0 0.0533558 0.140613 0.00844901 0.0110001
0 0.56562 0.0207106 0.0105032 0.0104155
0 0.0853465 0.0461973 0.00769136 0.00913152
0 0.533035 0.0115567 0.0121524 0.0159456
0 0.161433 0.115821 0.0090898 0.0109018
0 0.567991 0.0842587 0.00926608 0.00990257
0 0.0131471 0.0468796 0.00830598 0.0100244
0 0.173643 0.0218486 0.0091475 0.0100778
0 0.564497 0.0574869 0.0100138 0.0119322
0 0.558181 0.0715446 0.00819302 0.00943802
0 0.0396526 0.0969687 0.00868932 0.0101753
0 0.0971304 0.116154 0.00890516 0.0102108
0 0.321044 0.0232036 0.00964224 0.00870733
0 0.508035 0.00289686 0.00820982 0.00522271
0 0.092822 0.0362351 0.00878334 0.00866507
0 0.561479 0.0373164 0.0107161 0.0104105
0 0.44009 0.0390835 0.0102089 0.0101949
0 0.442308 0.112422 0.00922355 0.00937355
0 0.0508667 0.0586609 0.00772177 0.0081298
0 0.454461 0.0948129 0.00844634 0.0106333
0 0.442876 0.017382 0.00810948 0.00903661
0 0.625693 0.0525164 0.00842774 0.00962625
0 0.463767 0.082699 0.00900871 0.0103673
0 0.34009 0.0395013 0.00784758 0.00853273
0 0.136416 0.0588701 0.0123557 0.0154534
0 0.0670352 0.173837 0.00910961 0.0100885
0 0.380338 0.0528726 0.00849667 0.00995097
0 0.538284 0.0512602 0.00808036 0.00917184
0 0.313747 0.0393936 0.0116008 0.0130508
0 0.0313843 0.157398 0.00855565 0.00953393
0 0.0603744 0.0702219 0.00862726 0.0102177
0 0.111818 0.112835 0.00853519 0.0114276
0 0.515904 0.0653018 0.00774437 0.010155
0 0.648577 0.0263794 0.00881261 0.00866356
0 0.092849 0.0580162 0.00898201 0.00846031
0 0.53354 0.0677711 0.00806522 0.00848299
0 0.0250502 0.170902 0.00986568 0.00997648
0 0.0705101 0.0620277 0.00806053 0.00773187
0 0.525837 0.0266077 0.00867033 0.0105092
0 0.0245003 0.0865352 0.00947255 0.00973658
0 0.0365761 0.122586 0.00851353 0.0108818
0 0.636637 0.0953189 0.00817776 0.00919835
0 0.498843 0.0781367 0.00842077 0.0106173
0 0.526654 0.0618148 0.00843012 0.00874561
0 0.0617128 0.153855 0.00839948 0.0093378
0 0.367794 0.0913856 0.007164 0.00876358
0 0.0630371 0.10172 0.00897474 0.00900555
0 0.642927 0.00418153 0.00809807 0.00740654
0 0.112211 0.0585165 0.00903408 0.010336
0 0.644028 0.0154702 0.00867271 0.00847706
0 0.0594517 0.113197 0.00996942 0.0119425
0 0.216312 0.0256666 0.0119006 0.00989018
0 0.0506138 0.0740144 0.00702138 0.0076739
0 0.634433 0.0117345 0.00768417 0.00811051
0 0.185123 0.0443927 0.00884432 0.0100043
0 0.274819 0.0413271 0.00865698 0.0100797
0 0.398807 0.0455426 0.00794411 0.00946061
0 0.0128752 0.159301 0.00786497 0.00817046
0 0.178308 0.0900726 0.0083881 0.00970516
0 0.0961499 0.0133548 0.00940207 0.010706
0 0.428478 0.164198 0.00958192 0.011428
0 0.338229 0.0284702 0.00696409 0.00741616
0 0.226112 0.115024 0.00885211 0.00924492
0 0.245974 0.099577 0.0090806 0.0106584
0 0.0189177 0.0617404 0.00807031 0.00883318
0 0.224515 0.067418 0.0082265 0.0088708
0 0.17225 0.0803654 0.00759536 0.00867406
0 0.468545 0.0469257 0.0160284 0.0163048
0 0.33489 0.00413241 0.00834751 0.00826482
0 0.4525 0.00448109 0.0119005 0.00821929
0 0.21235 0.166141 0.00830173 0.00914173
0 0.0041979 0.152911 0.0076164 0.0108259
0 0.495897 0.0127884 0.00803384 0.0100143
0 0.117411 0.143114 0.0109216 0.0112387
0 0.465854 0.12037 0.00925255 0.009588
0 0.154253 0.0449474 0.0089539 0.00979251
0 0.291633 0.075517 0.00796461 0.00999822
0 0.518994 0.0180643 0.00835609 0.00868689
0 0.40075 0.108922 0.00857255 0.00851729
0 0.426884 0.0917611 0.00830477 0.00833831
0 0.512209 0.080782 0.008201 0.00830873
0 0.168623 0.0989861 0.00790043 0.00842942
0 0.0976923 0.0841009 0.00700376 0.0076772
0 0.386695 0.0890127 0.00809467 0.00953221
0 0.350937 0.0698771 0.00705349 0.00755974
0 0.348959 0.0328368 0.00735044 0.00860206
0 0.542531 0.0388243 0.00794184 0.00759936
