0 0.692393 0.978429 0.0090313 0.00922489
0 0.657846 0.848131 0.0104723 0.00952131
0 0.660104 0.622977 0.00995064 0.00949287
0 0.708145 0.952958 0.0101584 0.0109164
0 0.948472 0.852497 0.00989097 0.00990337
0 0.907698 0.939456 0.0100266 0.00963938
0 0.904049 0.92144 0.009601 0.00956345
0 0.801605 0.954637 0.00943547 0.00942916
0 0.732026 0.802437 0.0105664 0.0102288
0 0.961717 0.89835 0.00929219 0.0105927
0 0.69303 0.873828 0.00929528 0.00957984
0 0.761019 0.917516 0.00899643 0.0104931
0 0.95501 0.913253 0.0111569 0.011479
0 0.67109 0.933524 0.00848055 0.00867504
0 0.626833 0.667462 0.010111 0.00983733
0 0.659369 0.905567 0.010313 0.0109738
0 0.811736 0.933694 0.00869793 0.00974083
0 0.953278 0.889408 0.00761032 0.00815392
0 0.766708 0.897021 0.00923198 0.0121613
0 0.905168 0.909526 0.0080933 0.00911963
0 0.681883 0.881069 0.011641 0.0105162
0 0.669592 0.767065 0.0097723 0.0099228
0 0.754011 0.87217 0.00967109 0.00959587
0 0.629763 0.937806 0.0100757 0.013693
0 0.980458 0.920625 0.0103664 0.00963855
0 0.64187 0.874115 0.00873959 0.00929564
0 0.682757 0.926832 0.00855565 0.00943166
0 0.972004 0.904942 0.00842053 0.00784838
0 0.571513 0.899343 0.0104019 0.00911272
0 0.581516 0.907773 0.0104278 0.00887871
0 0.785545 0.900321 0.0110798 0.0114818
0 0.645868 0.653559 0.00995326 0.0103963
0 0.62387 0.842547 0.00991631 0.00980127
0 0.692874 0.917051 0.00817621 0.00946236
0 0.536939 0.855225 0.00938243 0.0104668
0 0.643895 0.855552 0.0105867 0.0101425
0 0.909409 0.961847 0.00934559 0.00909042
0 0.860339 0.974269 0.0114407 0.0111194
0 0.81459 0.956037 0.00929928 0.00887489
0 0.617494 0.830209 0.00842839 0.0086273
0 0.980617 0.872925 0.00840819 0.00949329
0 0.626093 0.766463 0.0104284 0.00989646
0 0.568036 0.841742 0.00885296 0.00923008
0 0.669314 0.86941 0.010408 0.0100876
0 0.601291 0.88297 0.00907058 0.00948447
0 0.594095 0.927818 0.0132688 0.00962543
0 0.672278 0.782491 0.00978029 0.0134269
0 0.667976 0.638099 0.00907195 0.00983655
0 0.697736 0.722023 0.0102757 0.00956839
0 0.748535 0.805351 0.0100166 0.00978583
0 0.654327 0.872257 0.00708842 0.00731105
0 0.963286 0.8523 0.0112404 0.0110599
0 0.662045 0.792117 0.00821513 0.00966811
0 0.616138 0.646375 0.00969237 0.0101092
0 0.724644 0.946793 0.0117707 0.0102673
0 0.5544 0.852325 0.00900936 0.00793129
0 0.608593 0.853096 0.00923091 0.00943112
0 0.755808 0.889198 0.00755382 0.00800818
0 0.646239 0.720655 0.00852734 0.00957417
0 0.658881 0.939024 0.012315 0.0143993
0 0.727557 0.97274 0.00847417 0.00871128
0 0.966982 0.919962 0.00804293 0.00755745
0 0.605624 0.909307 0.00964493 0.0103626
0 0.707231 0.757609 0.0144706 0.0147995
0 0.733672 0.817006 0.00914407 0.00889015
0 0.652802 0.962382 0.00895816 0.00949365
0 0.669557 0.892935 0.00900054 0.00950319
0 0.93997 0.892674 0.0117895 0.012587
0 0.575933 0.817508 0.00948662 0.00926572
0 0.71055 0.787719 0.00979906 0.00920206
0 0.60359 0.771695 0.00866234 0.00818253
0 0.524635 0.839251 0.00966454 0.00895953
0 0.756604 0.75494 0.0107684 0.00929457
0 0.629241 0.648942 0.00866383 0.00851494
0 0.755241 0.901295 0.00819069 0.00949156
0 0.741232 0.921629 0.0105909 0.0115082
0 0.714297 0.825774 0.00952959 0.00898433
0 0.631509 0.970995 0.0089367 0.00977862
0 0.650034 0.612811 0.0101048 0.0113127
0 0.695594 0.795896 0.0109811 0.00951332
0 0.802387 0.829805 0.0107657 0.0136871
0 0.764014 0.739549 0.0115044 0.012789
0 0.550794 0.817794 0.0100656 0.00837064
0 0.606268 0.932711 0.00887156 0.00899869
0 0.702961 0.775598 0.0124899 0.0114672
0 0.746539 0.883637 0.00769097 0.00750005
0 0.532866 0.956726 0.0094313 0.0094288
0 0.628164 0.897127 0.00811732 0.00852394
0 0.985941 0.862226 0.00832635 0.007765
0 0.637466 0.892401 0.00743389 0.00862366
0 0.778197 0.869665 0.0106089 0.0113478
0 0.719963 0.796087 0.0120342 0.0125095
0 0.331697 0.984192 0.00967407 0.00889355
0 0.755644 0.935104 0.0092451 0.0158703
0 0.545449 0.843217 0.0100151 0.0140293
0 0.646232 0.926032 0.0128794 0.0104
0 0.755767 0.939085 0.00821584 0.0126652
0 0.662689 0.920836 0.00926495 0.00929415
0 0.677745 0.713068 0.0116759 0.0112103
0 0.680623 0.606049 0.0101914 0.0100737
0 0.747472 0.951403 0.0106814 0.0096066
0 0.377306 0.976545 0.00953561 0.00914001
0 0.29713 0.991035 0.0152225 0.0132694
0 0.713671 0.841313 0.0104957 0.0108522
0 0.767723 0.841058 0.00734019 0.00758934
0 0.664784 0.597174 0.0148675 0.0121888
0 0.731431 0.920862 0.0110362 0.0107998
0 0.696873 0.900366 0.00857925 0.00841218
0 0.906992 0.893342 0.0104763 0.0100399
0 0.585578 0.91699 0.00883102 0.0072304
0 0.623716 0.862159 0.0114827 0.0114856
0 0.613337 0.570751 0.0107081 0.00999403
0 0.569771 0.969989 0.0102514 0.0098713
0 0.734732 0.880342 0.00817549 0.00857943
0 0.591494 0.956937 0.00856876 0.007465
0 0.62039 0.983883 0.0090239 0.0106304
0 0.643156 0.591284 0.00941682 0.00979018
0 0.543781 0.908418 0.0154024 0.010022
0 0.588766 0.943686 0.00968456 0.0115539
0 0.756189 0.937991 0.0110813 0.0135628
0 0.509224 0.840287 0.00924319 0.00774348
0 0.803304 0.833147 0.0118811 0.0165194
0 0.684256 0.956773 0.01072 0.00987703
0 0.707757 0.836303 0.0122018 0.0115921
0 0.544389 0.842664 0.00956422 0.0111569
0 0.606956 0.948121 0.00841081 0.00847816
0 0.608093 0.625544 0.00950128 0.0090822
0 0.576868 0.847429 0.00893682 0.00940877
0 0.754606 0.827458 0.0081684 0.00840318
0 0.562315 0.813255 0.0107794 0.00865477
0 0.916822 0.889295 0.00673831 0.00775146
0 0.720883 0.87736 0.00694042 0.00681341
0 0.214915 0.964442 0.0117121 0.00941885
0 0.630639 0.917232 0.00864178 0.0106891
0 0.945971 0.962916 0.0119165 0.0177967
0 0.136942 0.99018 0.00843039 0.00881118
0 0.75079 0.738974 0.0103726 0.0130856
0 0.356926 0.99258 0.00709733 0.00727004
0 0.743718 0.937579 0.00842094 0.011453
0 0.663527 0.880761 0.0083549 0.0073368
0 0.7332 0.920907 0.0163304 0.0113624
0 0.610142 0.585515 0.0130463 0.0114723
0 0.696091 0.619254 0.0130898 0.0119724
0 0.735979 0.776468 0.00834537 0.00837743
0 0.650616 0.551226 0.0079754 0.00820696
0 0.0569664 0.889742 0.00899975 0.010545
0 0.662071 0.921694 0.0113022 0.0099079
0 0.344181 0.992565 0.00806588 0.00807643
0 0.992356 0.90973 0.00754851 0.00814724
0 0.613752 0.973803 0.00773984 0.00778162
0 0.742697 0.847874 0.0106508 0.00951385
0 0.586949 0.98076 0.00943333 0.00870037
0 0.721601 0.793847 0.00963324 0.0107992
0 0.948496 0.879106 0.0072788 0.00687557
0 0.820174 0.839322 0.0111154 0.0104212
0 0.587621 0.945439 0.0104646 0.0124187
0 0.955725 0.943627 0.00916898 0.00820827
0 0.538433 0.833563 0.0060671 0.00718862
