0 0.982476 0.814682 0.0138057 0.0149189
0 0.935243 0.867681 0.0228901 0.0194462
0 0.384467 0.99106 0.0171601 0.0146755
0 0.699786 0.851943 0.0206541 0.0191252
0 0.519826 0.081558 0.0217397 0.0208393
0 0.418682 0.985364 0.0177836 0.0146831
0 0.557568 0.0562015 0.0206373 0.021756
0 0.952789 0.76943 0.0229574 0.0213072
0 0.418535 0.620762 0.0210487 0.016857
0 0.776548 0.846085 0.0145416 0.015887
0 0.881362 0.751893 0.0154203 0.0140706
0 0.792014 0.710892 0.0163744 0.0196981
0 0.241996 0.820463 0.00774826 0.0110329
0 0.3238 0.225502 0.0156917 0.0148803
0 0.367236 0.402793 0.0112457 0.0123208
0 0.873289 0.77166 0.017131 0.0163647
0 0.842853 0.146024 0.0134596 0.0173629
0 0.945026 0.602388 0.0169867 0.016666
0 0.576178 0.32947 0.0114217 0.0136076
0 0.579294 0.0412548 0.0168888 0.0152869
0 0.68381 0.916651 0.0135557 0.0165893
0 0.369364 0.256302 0.0205705 0.0151773
0 0.949221 0.640156 0.0126934 0.0123858
0 0.76739 0.278388 0.0142311 0.0136804
0 0.767911 0.238668 0.0140989 0.014522
0 0.536928 0.180218 0.0147427 0.017451
0 0.918124 0.600231 0.0185345 0.0160139
0 0.66232 0.277975 0.015792 0.0154881
0 0.913874 0.936295 0.0124245 0.0100538
0 0.938476 0.78726 0.0168903 0.0145842
0 0.974771 0.830677 0.0141169 0.0120279
0 0.732393 0.929547 0.0129528 0.0160761
0 0.958112 0.664817 0.0145697 0.0145888
0 0.754817 0.816218 0.0160244 0.0134873
0 0.601509 0.205393 0.02251 0.0191797
0 0.942239 0.674253 0.0193405 0.0183296
0 0.910609 0.924432 0.0129504 0.0118227
0 0.980631 0.248543 0.012785 0.0138318
0 0.926373 0.619747 0.0104221 0.0133856
0 0.589743 0.176516 0.0231647 0.0205946
0 0.594657 0.0115149 0.014487 0.0140713
0 0.589877 0.0253886 0.0136215 0.0117492
0 0.70978 0.920744 0.0162804 0.0134697
0 0.517511 0.472031 0.0157927 0.0136167
0 0.263348 0.895561 0.016734 0.0118278
0 0.247405 0.892781 0.00715899 0.0110351
0 0.994413 0.289071 0.011175 0.013084
0 0.614884 0.0544161 0.0229214 0.0184141
0 0.575424 0.203546 0.0102497 0.0104614
0 0.796957 0.822081 0.0196608 0.0121807
0 0.553053 0.821036 0.0131796 0.0128965
0 0.953003 0.833546 0.010627 0.0101143
0 0.98179 0.718028 0.0111231 0.0132765
0 0.778084 0.988578 0.018215 0.0145986
0 0.994884 0.825432 0.0102323 0.0133371
0 0.914654 0.646465 0.0238943 0.0237814
0 0.699713 0.242147 0.015281 0.0124295
0 0.575354 0.328352 0.0150092 0.0172453
0 0.553181 0.150141 0.012377 0.0141431
0 0.954154 0.84864 0.0136259 0.0173925
0 0.941033 0.917351 0.013335 0.0128704
0 0.96203 0.720335 0.00919437 0.00911582
0 0.507477 0.539508 0.0152614 0.0111915
0 0.957816 0.890222 0.0189583 0.0119707
0 0.860596 0.720464 0.017749 0.0167311
0 0.910786 0.925951 0.0153128 0.0152553
0 0.916323 0.649089 0.018194 0.0176783
0 0.913525 0.932415 0.0154024 0.0193838
0 0.683325 0.361973 0.0102316 0.0154049
0 0.829234 0.894886 0.00751495 0.00743294
0 0.979958 0.716884 0.0159973 0.0153122
0 0.491088 0.490628 0.0113257 0.0101795
0 0.483889 0.0301508 0.0117817 0.0108216
0 0.884843 0.179518 0.0124525 0.00969434
0 0.898148 0.201979 0.00923955 0.0111201
0 0.662641 0.959821 0.0196584 0.0197411
