0 0.321972 0.903433 0.00730789 0.00783193
0 0.0668975 0.610745 0.0070826 0.00799638
0 0.204333 0.802466 0.00866069 0.0086292
0 0.20403 0.740016 0.00763603 0.0090065
0 0.0901431 0.690374 0.00755838 0.00769889
0 0.395181 0.960017 0.00674495 0.00842589
0 0.108163 0.673889 0.00887976 0.00823611
0 0.114797 0.577558 0.0116569 0.00983828
0 0.40296 0.966466 0.00753459 0.00784057
0 0.499321 0.649045 0.00873548 0.00903153
0 0.119361 0.792406 0.00853787 0.00869447
0 0.161014 0.772908 0.00778806 0.00909388
0 0.273806 0.946017 0.00658393 0.00672281
0 0.188494 0.628449 0.00814229 0.00828987
0 0.110612 0.704232 0.00762966 0.00842744
0 0.289697 0.951983 0.00898919 0.00878865
0 0.327429 0.93639 0.0084289 0.00843793
0 0.488963 0.678486 0.00763825 0.00888234
0 0.0963605 0.680429 0.00916389 0.0088495
0 0.104202 0.739586 0.00748792 0.00860047
0 0.0282466 0.760466 0.00691482 0.00696212
0 0.496118 0.623459 0.00852129 0.0106403
0 0.0351563 0.701297 0.00618614 0.00807339
0 0.319882 0.915264 0.00701758 0.00736177
0 0.211983 0.851093 0.0104257 0.011797
0 0.0195283 0.827443 0.00846686 0.00874442
0 0.00981284 0.783067 0.00787109 0.00943297
0 0.278243 0.930236 0.00660831 0.00739688
0 0.469351 0.729017 0.00956783 0.00959605
0 0.387429 0.976089 0.0112366 0.0114916
0 0.560234 0.666049 0.014669 0.0200153
0 0.140986 0.666434 0.00637761 0.00738102
0 0.236831 0.935206 0.00743838 0.00874805
0 0.215466 0.65134 0.00903797 0.0105999
0 0.0150742 0.764414 0.00721487 0.00845152
0 0.426583 0.787239 0.0100004 0.00936639
0 0.245177 0.867021 0.00854054 0.00726509
0 0.143219 0.673948 0.00727116 0.00803477
0 0.226178 0.947703 0.00726014 0.00838435
0 0.46326 0.684824 0.00842121 0.00787085
0 0.132178 0.643113 0.0077163 0.00849289
0 0.267995 0.930906 0.00683478 0.00827998
0 0.0566292 0.767202 0.00792978 0.00821799
0 0.0236063 0.553199 0.00824249 0.0124612
0 0.401259 0.816758 0.00654903 0.00728226
0 0.245337 0.932607 0.00644387 0.00861782
0 0.0970429 0.800966 0.00601874 0.00734174
0 0.066705 0.580244 0.00924003 0.0102592
