0 0.027669 0.944935 0.0138467 0.013752
0 0.0852223 0.982231 0.0143255 0.0144032
0 0.517839 0.0459585 0.0162671 0.0149588
0 0.8379 0.57518 0.0182157 0.0155983
0 0.112761 0.970747 0.0179342 0.0158718
0 0.60345 0.178694 0.0200104 0.021215
0 0.0937296 0.862533 0.018044 0.016872
0 0.695181 0.50503 0.0128565 0.0114079
0 0.623216 0.429306 0.0214039 0.0192053
0 0.844698 0.798958 0.0147297 0.0140883
0 0.111619 0.890605 0.014027 0.0126934
0 0.633794 0.45922 0.0130821 0.0119978
0 0.865473 0.716134 0.0138512 0.0120527
0 0.648522 0.440753 0.0180035 0.017116
0 0.0156964 0.973383 0.0142024 0.0135201
0 0.857798 0.589244 0.0154625 0.0143089
0 0.371351 0.632764 0.0125437 0.012051
0 0.680546 0.277428 0.0124815 0.0113146
0 0.752211 0.184679 0.0139668 0.0127836
0 0.779138 0.965718 0.0139431 0.0110375
0 0.564569 0.110937 0.00967884 0.00833092
0 0.470682 0.086191 0.0145106 0.0148943
0 0.0899055 0.9631 0.0159286 0.0145737
0 0.816706 0.441157 0.0153702 0.0140214
0 0.306641 0.20645 0.0130264 0.0130797
0 0.962035 0.014021 0.0141106 0.0147889
0 0.0313146 0.961765 0.011457 0.0101372
0 0.489354 0.0490401 0.0150774 0.0151045
0 0.964189 0.58385 0.0148361 0.0127748
0 0.682521 0.299179 0.0183346 0.017024
0 0.649184 0.763519 0.0132065 0.0132627
0 0.902133 0.22974 0.0132818 0.0117062
0 0.86134 0.415049 0.0139263 0.0149067
0 0.535878 0.133603 0.0157742 0.0175042
0 0.917998 0.370418 0.0121158 0.0103129
0 0.303071 0.944873 0.0138618 0.012595
0 0.142588 0.0211361 0.0115925 0.0101344
0 0.964054 0.178162 0.0111969 0.0131658
0 0.758517 0.89904 0.0136653 0.0138191
0 0.989182 0.567209 0.0104887 0.0111542
0 0.894283 0.885075 0.0115366 0.0119864
0 0.796979 0.905855 0.0176468 0.0145642
0 0.631858 0.72591 0.0117884 0.0109141
0 0.0387205 0.0737791 0.0106401 0.00948255
0 0.100787 0.0152092 0.0132096 0.0118488
0 0.397273 0.378511 0.0144497 0.0145025
