0 0.791082 0.327915 0.00820333 0.00898504
0 0.595481 0.146301 0.0100075 0.0108644
0 0.0325079 0.191465 0.00839225 0.0093766
0 0.490385 0.032639 0.00939465 0.0107017
0 0.803112 0.329828 0.00835687 0.00870436
0 0.753331 0.333674 0.00745732 0.00880483
0 0.853174 0.290629 0.0088793 0.0102016
0 0.558999 0.123451 0.00830775 0.0104161
0 0.81366 0.334656 0.00762367 0.00817335
0 0.467053 0.201454 0.00860044 0.00990218
0 0.64517 0.126441 0.0107317 0.0113981
0 0.597575 0.0395131 0.00848216 0.00995281
0 0.51342 0.140448 0.00829941 0.0100941
0 0.700758 0.0842391 0.00966573 0.0100228
0 0.864089 0.333518 0.0101044 0.0111185
0 0.0262011 0.141482 0.00874005 0.00916576
0 0.446202 0.188928 0.00686225 0.00943074
0 0.577149 0.080499 0.00899011 0.00921361
0 0.0142403 0.244459 0.00840091 0.0109178
0 0.10171 0.234579 0.00665224 0.00673419
0 0.53747 0.198849 0.00924015 0.00875835
0 0.764114 0.329995 0.00759447 0.00889173
0 0.906779 0.303538 0.0116227 0.0108338
0 0.445249 0.168073 0.00949192 0.00959371
0 0.519771 0.117924 0.00975531 0.010085
0 0.571916 0.00750181 0.0115547 0.0119887
0 0.40736 0.170826 0.00936058 0.00987916
0 0.124165 0.217489 0.00779693 0.00832291
0 0.412698 0.191883 0.0095709 0.010127
0 0.485258 0.180543 0.00691643 0.00761199
0 0.0383301 0.279303 0.00772015 0.00863725
0 0.0203802 0.219574 0.00843055 0.00918402
0 0.0543654 0.177554 0.00612294 0.00745946
0 0.563315 0.0184339 0.0101423 0.0107002
0 0.869794 0.529456 0.00950146 0.0101011
0 0.576262 0.0395215 0.00925791 0.0095861
0 0.55106 0.156469 0.0085423 0.00915833
0 0.0126774 0.144579 0.0098942 0.0113491
0 0.983885 0.144488 0.0109673 0.0106817
0 0.458165 0.145232 0.0106426 0.0114794
0 0.463365 0.121924 0.00812778 0.00775184
0 0.886135 0.503997 0.0107918 0.0105499
0 0.566918 0.157298 0.0080061 0.00814244
0 0.481648 0.117243 0.00836208 0.0091856
0 0.798852 0.346628 0.00766456 0.00763255
0 0.485645 0.0963016 0.0085535 0.0109271
0 0.0958454 0.197796 0.00659432 0.00744362
0 0.628968 0.00458186 0.00727195 0.00873673
0 0.587777 0.0366388 0.00723684 0.00822704
0 0.8505 0.305219 0.0091036 0.00933993
0 0.613062 0.0702344 0.00828779 0.00873543
0 0.313478 0.189223 0.00764984 0.00815558
0 0.955552 0.368146 0.0102722 0.0102654
0 0.0628502 0.202792 0.00863636 0.010728
0 0.0969269 0.181019 0.0103834 0.0109365
0 0.949415 0.537905 0.0116562 0.0124668
