0 0.23042 0.746628 0.0137083 0.0121952
0 0.225284 0.802172 0.0148062 0.0135814
0 0.278038 0.931818 0.0132699 0.0130438
0 0.0591781 0.729111 0.0124499 0.0125191
0 0.306755 0.423811 0.0114572 0.0118706
0 0.316212 0.461808 0.0121068 0.0119652
0 0.626291 0.203746 0.0115464 0.0113453
0 0.264843 0.392241 0.0110904 0.010131
0 0.166674 0.872895 0.0114032 0.00907367
0 0.308808 0.388777 0.0122793 0.0123515
0 0.204822 0.491375 0.0125852 0.0103712
0 0.0477556 0.845207 0.0141122 0.0136927
0 0.300221 0.353914 0.014034 0.0133965
0 0.405053 0.983608 0.0123416 0.011549
0 0.238922 0.938318 0.0134213 0.0133926
0 0.275109 0.913164 0.0137654 0.0136276
0 0.205249 0.797575 0.0146115 0.0135196
0 0.161368 0.858912 0.0113329 0.0135952
0 0.122244 0.590716 0.012008 0.0114343
0 0.447158 0.634143 0.0118742 0.0124493
0 0.499761 0.672111 0.0118837 0.0122162
0 0.411055 0.588871 0.0123258 0.0132108
0 0.240922 0.866622 0.0122161 0.0104996
0 0.340468 0.399623 0.0130234 0.0130478
0 0.162134 0.957659 0.0167331 0.0133373
0 0.289905 0.409629 0.0117766 0.0117966
0 0.315589 0.40674 0.0128956 0.0134724
0 0.483416 0.420567 0.00824165 0.00925025
0 0.0832301 0.841463 0.0149213 0.0132261
0 0.191757 0.721012 0.0127184 0.0122999
0 0.325053 0.387829 0.0115497 0.0120849
0 0.119797 0.433829 0.0118671 0.0116363
0 0.35021 0.508335 0.0108606 0.0111467
0 0.361195 0.482045 0.0136537 0.0128565
0 0.27657 0.355993 0.0109583 0.0116799
0 0.338397 0.473968 0.0117734 0.0112655
0 0.214133 0.737863 0.0134617 0.0133233
0 0.258835 0.925129 0.0128254 0.012883
0 0.338888 0.358145 0.0151983 0.0174888
0 0.858156 0.293948 0.0117302 0.013545
0 0.497393 0.452169 0.00995368 0.00968856
0 0.0954494 0.769733 0.0142388 0.0135158
0 0.223118 0.94794 0.0121351 0.0120571
0 0.226267 0.882796 0.0152096 0.0122448
0 0.184481 0.852718 0.0139982 0.0136986
0 0.16645 0.588633 0.014502 0.0141263
0 0.307094 0.444252 0.0123405 0.0124592
0 0.133171 0.550775 0.0127287 0.0126802
0 0.178217 0.76328 0.0127375 0.0126278
0 0.537251 0.498043 0.0108606 0.0118023
0 0.218468 0.897556 0.014715 0.0124655
0 0.243575 0.912101 0.0130327 0.0130221
0 0.233821 0.958173 0.0104501 0.0104244
0 0.00648795 0.840094 0.0128443 0.0138
0 0.0973129 0.655217 0.0112511 0.0100355
0 0.265957 0.965203 0.016558 0.0141087
0 0.500244 0.201785 0.0118349 0.0104667
0 0.489001 0.00847791 0.0104013 0.0109579
0 0.259051 0.433173 0.0116787 0.0117831
0 0.456086 0.651475 0.0118153 0.0131983
0 0.342131 0.536779 0.00968218 0.011776
0 0.169222 0.892887 0.0208024 0.0145764
0 0.218816 0.041719 0.0166857 0.0195367
0 0.200859 0.517734 0.0119113 0.00921148
0 0.471383 0.424133 0.008407 0.00834578
0 0.233558 0.577561 0.0116813 0.0109854
0 0.332079 0.547263 0.0116293 0.0116012
0 0.209325 0.932878 0.0135572 0.0125214
0 0.520021 0.0666194 0.0113845 0.00987371
0 0.351153 0.388131 0.0136395 0.0125407
0 0.129584 0.875224 0.0131549 0.0151001
0 0.398003 0.519282 0.0132941 0.0116671
0 0.161647 0.858805 0.014715 0.01568
0 0.535864 0.161336 0.0109121 0.0089746
0 0.118565 0.760345 0.0126121 0.010083
0 0.288139 0.369155 0.0112051 0.0114255
0 0.724564 0.442082 0.010586 0.0107016
0 0.464983 0.696206 0.0110965 0.0171083
0 0.126942 0.640191 0.0106309 0.0112938
0 0.331486 0.516684 0.0114292 0.0115921
0 0.146769 0.684075 0.014759 0.0135736
0 0.225443 0.35342 0.0124849 0.00907964
0 0.154294 0.845255 0.0129121 0.0128834
0 0.29128 0.464826 0.0115477 0.0119555
0 0.863765 0.185699 0.0109161 0.0120826
0 0.209469 0.710049 0.0131387 0.0104496
0 0.462528 0.484786 0.0105752 0.0103546
0 0.480746 0.442609 0.00817215 0.00893727
0 0.188923 0.785455 0.0131808 0.0139926
0 0.250234 0.477844 0.0122632 0.0118442
0 0.591825 0.962911 0.0143139 0.0113405
0 0.254297 0.46091 0.0142403 0.0128694
0 0.142326 0.58215 0.0116537 0.0128978
0 0.49453 0.420757 0.008856 0.0107925
0 0.450652 0.435501 0.0108186 0.0108772
0 0.262807 0.871757 0.0139696 0.0148277
0 0.700016 0.809598 0.00964832 0.0108234
0 0.477056 0.38523 0.0125085 0.0116411
0 0.111019 0.64991 0.0119429 0.0113187
0 0.178145 0.809385 0.00859842 0.00649607
0 0.52602 0.483337 0.0104725 0.0113777
0 0.463473 0.624267 0.010107 0.0114431
0 0.511726 0.449658 0.0089733 0.0099988
0 0.268927 0.420592 0.0141238 0.0136705
