0 0.986054 0.7611 0.00932044 0.0108942
0 0.983421 0.608023 0.00804752 0.0092895
0 0.913619 0.404338 0.00776064 0.00843668
0 0.871247 0.834835 0.00988042 0.0107243
0 0.941147 0.167595 0.00824088 0.0093461
0 0.827679 0.679242 0.0104634 0.0113506
0 0.860825 0.335905 0.00928324 0.00985441
0 0.98376 0.267884 0.00981653 0.0118928
0 0.970029 0.612005 0.0108142 0.0118182
0 0.947673 0.765154 0.00856513 0.00956458
0 0.927543 0.370083 0.00973797 0.0118271
0 0.910944 0.613725 0.0125031 0.0169123
0 0.908535 0.594248 0.0101753 0.011259
0 0.903703 0.401789 0.00658607 0.0082657
0 0.980037 0.891087 0.00915641 0.0101122
0 0.930547 0.466095 0.00965959 0.0104248
0 0.901347 0.42093 0.00944197 0.00896293
0 0.898091 0.704941 0.0086605 0.00983942
0 0.938685 0.355176 0.00962406 0.010753
0 0.878643 0.642718 0.0101975 0.0115883
0 0.897744 0.439934 0.00828171 0.00932905
0 0.942343 0.484081 0.00951099 0.0103861
0 0.957361 0.560454 0.0123468 0.010392
0 0.91615 0.700827 0.0105866 0.0129623
0 0.920703 0.723196 0.00924546 0.00938797
0 0.928195 0.297179 0.00996244 0.00991461
0 0.962985 0.229311 0.00981635 0.00919695
0 0.890526 0.636837 0.00838619 0.00975609
0 0.771245 0.794242 0.0100309 0.0110227
0 0.821646 0.590838 0.00887126 0.00958425
0 0.913491 0.414952 0.00648499 0.00668162
0 0.925609 0.986714 0.00943685 0.0101898
0 0.9453 0.795421 0.00980204 0.00996131
0 0.937766 0.307288 0.00981557 0.0114114
0 0.946776 0.54962 0.01035 0.0130254
0 0.990873 0.451537 0.00866967 0.00952283
0 0.991332 0.427803 0.00801754 0.0100231
0 0.890218 0.728203 0.00971907 0.0100052
0 0.78761 0.789996 0.0105459 0.0111841
0 0.828651 0.746611 0.0116728 0.0128214
0 0.852916 0.739767 0.010746 0.0105588
0 0.975826 0.121112 0.0113522 0.0121657
0 0.882102 0.611895 0.010442 0.0109741
0 0.907211 0.634691 0.010265 0.0105495
0 0.946869 0.823227 0.00757408 0.008618
0 0.977656 0.587635 0.00998706 0.0113062
0 0.981306 0.555247 0.0110767 0.0108698
0 0.86962 0.477871 0.0107819 0.0112896
0 0.991701 0.315919 0.00770664 0.00844795
0 0.972896 0.623763 0.00861204 0.00858265
0 0.950505 0.146773 0.0113918 0.0136946
0 0.989703 0.139563 0.0102829 0.0102209
0 0.80225 0.757042 0.0092358 0.0108315
0 0.857501 0.445762 0.0097 0.00938368
0 0.903703 0.188481 0.0107212 0.0113909
0 0.897198 0.613427 0.00859296 0.0105099
0 0.930066 0.732999 0.00914192 0.010091
0 0.807958 0.569994 0.0110405 0.0108929
0 0.964028 0.217852 0.00862312 0.00754748
0 0.917448 0.379024 0.00890332 0.0116654
0 0.96767 0.771167 0.00981808 0.0110174
0 0.826042 0.56538 0.0102016 0.0111411
0 0.953629 0.865315 0.00774574 0.00917202
0 0.879751 0.450574 0.00924778 0.0115628
0 0.874987 0.173592 0.016489 0.016083
0 0.924153 0.600065 0.0102108 0.0107977
0 0.849916 0.327623 0.00832438 0.00994661
0 0.956942 0.428156 0.00950354 0.0132783
0 0.799847 0.708714 0.0147453 0.0106079
0 0.818456 0.578339 0.00843811 0.00982475
0 0.766106 0.753164 0.00827008 0.0093773
0 0.995208 0.282022 0.00934255 0.0116104
0 0.992058 0.304584 0.00907785 0.00870931
0 0.949945 0.922217 0.0097481 0.00966793
0 0.86632 0.648473 0.00873774 0.0104167
0 0.913148 0.977871 0.00929964 0.0103105
0 0.91731 0.333495 0.00861096 0.012917
0 0.878138 0.68069 0.00697559 0.00791931
0 0.954455 0.888523 0.00682127 0.00914836
0 0.974603 0.298559 0.0109379 0.00943893
0 0.895071 0.548364 0.00832939 0.00879055
0 0.925384 0.384669 0.0131256 0.0102415
0 0.996995 0.611613 0.00601023 0.0131249
0 0.937639 0.324687 0.00784606 0.00872746
0 0.981051 0.699675 0.0100679 0.0113344
0 0.813356 0.694121 0.00905591 0.0103592
0 0.974804 0.920966 0.0101631 0.01033
0 0.83045 0.707075 0.00929415 0.0111606
0 0.894073 0.600429 0.0099529 0.0112542
0 0.791924 0.77662 0.00863433 0.00873232
0 0.996941 0.441856 0.00611866 0.013118
0 0.958303 0.126788 0.0100811 0.0108309
0 0.978123 0.925647 0.00970989 0.0115982
0 0.815867 0.620785 0.0125054 0.0123924
0 0.942842 0.373397 0.0112028 0.013856
0 0.912703 0.354368 0.0117805 0.0102064
0 0.7747 0.745201 0.011499 0.0111892
0 0.968676 0.934421 0.00806081 0.0105495
0 0.941393 0.993717 0.0153515 0.0110321
0 0.946441 0.993974 0.0134117 0.0105831
0 0.903795 0.330982 0.00985909 0.0107134
0 0.923569 0.34104 0.0152636 0.0183493
0 0.924563 0.38416 0.0154734 0.0127122
0 0.880816 0.477133 0.00823516 0.0108345
0 0.971499 0.289027 0.0138622 0.0108605
0 0.922297 0.339663 0.0167354 0.023168
0 0.901894 0.976931 0.00854468 0.00959188
0 0.996169 0.770988 0.00760555 0.0137132
0 0.975688 0.864088 0.00846159 0.00882
0 0.844444 0.597488 0.00940567 0.0112325
0 0.916581 0.33028 0.00818539 0.0109579
0 0.989668 0.774145 0.00931776 0.010132
0 0.723185 0.785805 0.0182948 0.0178438
0 0.950941 0.594363 0.00963533 0.0104411
0 0.993244 0.666474 0.0121844 0.0172052
0 0.7704 0.61028 0.010901 0.0123263
0 0.887031 0.43742 0.00727063 0.00808039
0 0.97027 0.861076 0.0105972 0.0117819
0 0.994567 0.250879 0.0104524 0.0113577
0 0.81284 0.778377 0.00899011 0.00999659
0 0.988846 0.801678 0.015485 0.0123094
0 0.757644 0.586553 0.00885332 0.00912189
0 0.976487 0.923234 0.0124672 0.0134783
0 0.986272 0.713763 0.0127752 0.0117826
0 0.807836 0.587618 0.00921363 0.00969124
0 0.793918 0.583716 0.0129728 0.0105925
0 0.807634 0.727375 0.00971562 0.0101797
0 0.963925 0.886703 0.00645369 0.00721323
0 0.845253 0.772759 0.0114929 0.011989
0 0.992436 0.838538 0.0110811 0.0103363
0 0.925653 0.810899 0.00815165 0.0078665
0 0.761349 0.737755 0.00905418 0.00975561
0 0.804805 0.709416 0.0144997 0.0103052
0 0.900388 0.343238 0.00863343 0.00823003
