0 0.157085 0.91658 0.00769214 0.00779915
0 0.365066 0.508167 0.00871506 0.00875497
0 0.835369 0.559689 0.00731236 0.00831056
0 0.366385 0.523179 0.00820526 0.00841886
0 0.411453 0.635073 0.00886834 0.0093109
0 0.425341 0.760748 0.0117927 0.0103545
0 0.41615 0.874235 0.0130583 0.0113503
0 0.460282 0.778317 0.00651112 0.0068621
0 0.436083 0.811483 0.00772113 0.00802308
0 0.839532 0.646559 0.0085091 0.00873697
0 0.356766 0.542258 0.00694141 0.00790864
0 0.463768 0.583774 0.00791588 0.00865406
0 0.348118 0.576813 0.00810695 0.00852221
0 0.3431 0.559311 0.00816146 0.00858748
0 0.438115 0.696047 0.011052 0.0112247
0 0.824128 0.571827 0.0132721 0.0121614
0 0.427829 0.602159 0.0083456 0.008762
0 0.584447 0.95876 0.00905228 0.00915831
0 0.543057 0.702236 0.0114444 0.013435
0 0.660906 0.654996 0.00797367 0.00733167
0 0.397924 0.827596 0.00804019 0.00825232
0 0.212132 0.939716 0.00836563 0.00868762
0 0.428815 0.830652 0.00887263 0.00845873
0 0.411144 0.822267 0.00773031 0.00740242
0 0.154397 0.895296 0.0122125 0.0140446
0 0.412458 0.621839 0.00745812 0.00879991
0 0.353118 0.601602 0.00830182 0.00805199
0 0.459027 0.857789 0.00812185 0.00715137
0 0.692677 0.685639 0.0092299 0.00870055
0 0.486708 0.627465 0.00812197 0.0074957
0 0.350613 0.551033 0.00796843 0.007994
0 0.77201 0.60402 0.00623161 0.00696468
0 0.69646 0.672726 0.0092417 0.0095824
0 0.482695 0.797978 0.00882807 0.00850338
0 0.445229 0.733942 0.00773031 0.0083282
0 0.852022 0.548629 0.00621527 0.00594062
0 0.427961 0.639329 0.00670603 0.00716442
0 0.802502 0.660889 0.00940645 0.00950277
0 0.662555 0.540405 0.00868821 0.00946218
0 0.658963 0.711386 0.00729734 0.00716418
0 0.857319 0.53952 0.0076496 0.00925422
0 0.479653 0.620148 0.0067538 0.00770807
0 0.465221 0.839666 0.00913477 0.00767404
0 0.93937 0.721387 0.00774324 0.00779659
0 0.514574 0.861258 0.00930232 0.00877172
0 0.57345 0.718642 0.00908512 0.0082038
0 0.81621 0.55963 0.00796467 0.00851387
0 0.445455 0.802216 0.00743973 0.00821054
0 0.704326 0.858072 0.00700319 0.00734329
0 0.328308 0.540384 0.00970602 0.00913179
0 0.465635 0.613529 0.00688228 0.00862807
0 0.392504 0.792542 0.00909737 0.00839329
0 0.775956 0.6102 0.00566137 0.00544888
0 0.170879 0.922181 0.00746818 0.00771904
0 0.405678 0.862244 0.00924358 0.00862694
0 0.386255 0.641943 0.00743619 0.00830978
0 0.36363 0.563399 0.00853747 0.00803357
0 0.0659864 0.984127 0.00950171 0.00886422
0 0.39492 0.563373 0.00842762 0.00810587
0 0.48553 0.902212 0.00666696 0.00776786
0 0.396633 0.81377 0.00711712 0.00809783
0 0.427946 0.801448 0.00726986 0.00718367
0 0.310528 0.549348 0.00947753 0.00957602
0 0.453344 0.652349 0.00734091 0.00826705
0 0.470062 0.627968 0.0108917 0.0103059
0 0.840429 0.577006 0.014883 0.0136614
0 0.215441 0.954345 0.00698189 0.0068863
0 0.561761 0.722872 0.00767517 0.00881034
0 0.655681 0.697848 0.0087716 0.0109999
0 0.468577 0.651692 0.0108244 0.00895536
0 0.416255 0.580529 0.00760669 0.00723726
0 0.449596 0.86787 0.00939655 0.0086025
0 0.323601 0.746323 0.00743008 0.00768352
0 0.457452 0.851445 0.00972366 0.00824988
0 0.603861 0.714268 0.00709993 0.00699407
0 0.319396 0.535717 0.00777921 0.00812054
0 0.946369 0.702703 0.00646436 0.00708139
0 0.741689 0.590914 0.00801945 0.00839281
0 0.948519 0.78806 0.00727713 0.00663424
0 0.167718 0.907987 0.0080227 0.00849652
0 0.416304 0.831806 0.00708303 0.00728858
0 0.97443 0.28692 0.00962448 0.00760445
0 0.422006 0.84512 0.00627595 0.00586927
0 0.595265 0.815693 0.0104712 0.00909501
0 0.522303 0.905355 0.0118635 0.0090546
0 0.938073 0.808839 0.00771487 0.00907099
0 0.690182 0.847713 0.00593656 0.00604421
0 0.653889 0.733707 0.00692862 0.00745738
0 0.491739 0.766447 0.00820178 0.00951475
0 0.362027 0.607273 0.00706619 0.00725883
0 0.901918 0.354322 0.00928557 0.00969869
0 0.916296 0.726729 0.00994432 0.00964677
0 0.653558 0.860436 0.00696599 0.0071274
0 0.376868 0.499408 0.00796491 0.00772059
0 0.579118 0.809621 0.007429 0.00663644
0 0.889626 0.707872 0.00675905 0.00640374
0 0.934161 0.786739 0.007209 0.00745702
0 0.578605 0.77164 0.0104006 0.00948071
0 0.429828 0.840946 0.00694484 0.00710315
0 0.399328 0.840772 0.00686377 0.00829011
0 0.752497 0.685512 0.00944823 0.0100584
0 0.952107 0.722592 0.00736314 0.00779355
0 0.766305 0.615897 0.00885677 0.0112729
0 0.457661 0.766039 0.00658703 0.0073204
0 0.554551 0.733879 0.00704306 0.00746393
0 0.739231 0.666971 0.00718898 0.00731057
0 0.448742 0.8417 0.0068596 0.0071888
0 0.459698 0.829078 0.00672245 0.00711858
0 0.918358 0.754979 0.00697136 0.00719595
0 0.677726 0.523728 0.00908297 0.010236
0 0.528327 0.848511 0.00743657 0.0072521
0 0.406797 0.84645 0.00740644 0.00902903
0 0.669845 0.709215 0.00844538 0.0123741
0 0.407687 0.667058 0.00697252 0.00795197
0 0.654181 0.667434 0.0100607 0.00888348
0 0.386778 0.573198 0.00765476 0.00837868
0 0.505511 0.63046 0.0071587 0.00761122
0 0.689689 0.710306 0.00696659 0.00778073
0 0.655181 0.763817 0.00664216 0.0071643
0 0.593148 0.803765 0.00816649 0.00860518
0 0.55815 0.776732 0.00692946 0.00707626
0 0.708788 0.868493 0.00833148 0.00829315
0 0.455993 0.850982 0.00879556 0.00755465
0 0.383492 0.731863 0.00785941 0.00729227
0 0.10699 0.890581 0.00978551 0.00874078
0 0.896683 0.435044 0.00695872 0.00773162
0 0.914243 0.444483 0.0082382 0.0122499
0 0.967501 0.791047 0.00683784 0.00660384
0 0.679271 0.527508 0.0097304 0.012372
0 0.192779 0.351956 0.0106363 0.0104668
0 0.946472 0.769992 0.00787258 0.00714165
0 0.807706 0.563884 0.00646514 0.00633848
0 0.43784 0.859798 0.00709784 0.00739628
0 0.150182 0.940111 0.00857858 0.00857013
0 0.680353 0.658525 0.0110595 0.00952417
0 0.96447 0.659564 0.0137604 0.0158826
0 0.719434 0.580765 0.0127564 0.0131658
0 0.191701 0.307949 0.00911903 0.00952187
0 0.689653 0.602171 0.0104284 0.00956911
0 0.379632 0.575694 0.00683308 0.00727773
0 0.205732 0.959078 0.00664388 0.00823861
0 0.420784 0.714357 0.0104344 0.00907975
0 0.650282 0.653613 0.00654304 0.00794584
0 0.826564 0.592844 0.0120171 0.00936764
0 0.385991 0.742926 0.00673357 0.00697076
0 0.379498 0.677457 0.00874662 0.00852311
0 0.388875 0.80242 0.00755787 0.00696063
0 0.198663 0.940886 0.00709289 0.00778079
0 0.344296 0.733662 0.00721949 0.00822562
0 0.397394 0.812322 0.00740588 0.00722349
0 0.952046 0.741951 0.00641173 0.00653619
0 0.458058 0.545965 0.00580537 0.00586396
0 0.646022 0.641096 0.00751793 0.0076803
0 0.876155 0.434257 0.011507 0.0100454
0 0.327229 0.579967 0.00858137 0.00826836
0 0.455382 0.690353 0.00961331 0.010318
0 0.942344 0.740293 0.00702512 0.00796264
0 0.0645444 0.909494 0.0076299 0.00764465
0 0.695028 0.807765 0.00648659 0.00677454
0 0.573392 0.783524 0.010832 0.00968957
0 0.361667 0.481169 0.00857416 0.00876102
0 0.859746 0.723043 0.00655687 0.0060814
0 0.907755 0.376015 0.010257 0.00931358
0 0.773677 0.624073 0.00849229 0.00759572
0 0.642574 0.666035 0.00727385 0.0108401
0 0.416917 0.830729 0.00657663 0.0068565
0 0.501585 0.579572 0.00669062 0.00742203
0 0.479519 0.618752 0.00709391 0.0075103
0 0.427408 0.580498 0.00886357 0.00710553
0 0.452936 0.74506 0.0117279 0.0114702
0 0.825227 0.558208 0.00682718 0.00877059
