0 0.623979 0.263836 0.0161835 0.0154083
0 0.725041 0.474548 0.016382 0.0166546
0 0.789793 0.571587 0.018086 0.0169117
0 0.162372 0.598865 0.0184937 0.0168695
0 0.671025 0.0140831 0.0158978 0.0147338
0 0.122454 0.718781 0.015719 0.0156356
0 0.779221 0.685829 0.0112991 0.00943375
0 0.120735 0.524555 0.0172699 0.0177786
0 0.757471 0.619597 0.0162764 0.0165464
0 0.621406 0.570245 0.0165425 0.0145805
0 0.561434 0.876361 0.0160862 0.0159656
0 0.0756744 0.104226 0.018304 0.0144411
0 0.535509 0.91366 0.0147007 0.0152935
0 0.0940326 0.215238 0.0162845 0.0151044
0 0.0292825 0.745605 0.0175997 0.017208
0 0.842901 0.678531 0.0145412 0.0143546
0 0.283065 0.617146 0.0238021 0.01881
0 0.65813 0.503268 0.015763 0.0137619
0 0.990301 0.330185 0.0114143 0.0127132
0 0.933443 0.700806 0.0141042 0.0149975
0 0.274424 0.193593 0.0152334 0.0157233
0 0.75741 0.53288 0.0153181 0.0156181
0 0.049405 0.696253 0.0171524 0.0160195
0 0.0340076 0.662136 0.0164149 0.0227491
0 0.0426423 0.817523 0.0186771 0.017931
0 0.949254 0.691487 0.0110884 0.00987661
0 0.767719 0.473105 0.0147164 0.0135217
0 0.812176 0.529727 0.0140755 0.00981981
0 0.91539 0.712664 0.0153334 0.013254
0 0.942906 0.401598 0.0127681 0.0125223
0 0.576418 0.645404 0.0151759 0.014174
0 0.816326 0.719177 0.0158815 0.0149331
0 0.916014 0.650701 0.0142738 0.0156925
0 0.559594 0.604898 0.0169287 0.0157854
0 0.334805 0.112643 0.0147175 0.0145935
0 0.832737 0.624784 0.0151325 0.0157982
0 0.799423 0.669642 0.0141249 0.0138891
0 0.323856 0.733626 0.0149708 0.0188265
0 0.056858 0.671402 0.0156991 0.0165734
0 0.0428621 0.778656 0.0149276 0.0107829
0 0.648879 0.850704 0.0183367 0.0159559
0 0.592048 0.79517 0.0154577 0.0139902
0 0.860411 0.667356 0.0128639 0.0119694
0 0.732346 0.423091 0.0141869 0.0117863
0 0.624422 0.520818 0.0116602 0.0110394
0 0.627531 0.785908 0.0144421 0.014559
0 0.605546 0.626731 0.0129646 0.012566
0 0.672364 0.735119 0.0118389 0.0166016
0 0.618656 0.726904 0.0143955 0.0162979
0 0.970249 0.709897 0.0142369 0.0168996
0 0.919772 0.508659 0.0137253 0.0122862
0 0.613819 0.643613 0.00987881 0.0100481
0 0.710184 0.740242 0.0115791 0.0138098
0 0.57282 0.541548 0.015785 0.0145635
0 0.323722 0.730967 0.0204107 0.0287316
0 0.833127 0.622645 0.0163242 0.0210972
0 0.698566 0.722651 0.0163705 0.0149802
0 0.787373 0.607366 0.0129566 0.0129941
0 0.206239 0.705369 0.0137939 0.0151603
0 0.963606 0.310161 0.0119343 0.0123152
0 0.789476 0.460261 0.0172572 0.0150807
0 0.594462 0.632027 0.00971723 0.0113873
0 0.632808 0.539951 0.0112224 0.0102798
0 0.540305 0.717735 0.014203 0.0153489
0 0.184752 0.011564 0.0116391 0.0117794
0 0.619506 0.726298 0.019015 0.0196198
0 0.873696 0.741686 0.0139503 0.0156251
0 0.550933 0.67312 0.0146061 0.0157107
0 0.635354 0.691789 0.00799292 0.00739098
0 0.702675 0.00513452 0.0109051 0.00966546
0 0.360741 0.688072 0.0128624 0.0125437
0 0.530883 0.889314 0.0127018 0.0135681
0 0.62844 0.643594 0.0086351 0.0139117
0 0.572208 0.542165 0.0190166 0.0173689
0 0.298105 0.719893 0.0143166 0.0120069
0 0.59946 0.690494 0.00832713 0.00768965
0 0.380489 0.688239 0.00985751 0.0102347
0 0.397683 0.569039 0.0155784 0.0144546
