0 0.0982683 0.0851318 0.0197936 0.0220305
0 0.333455 0.447863 0.020991 0.0213602
0 0.590532 0.11501 0.0175278 0.019957
0 0.119468 0.861615 0.0183791 0.021294
0 0.554965 0.238279 0.0149454 0.0132035
0 0.430371 0.326231 0.0208178 0.0190117
0 0.547664 0.508182 0.017481 0.0192951
0 0.0300557 0.0821308 0.0171214 0.0174934
0 0.1428 0.118029 0.0163302 0.0194198
0 0.514012 0.419212 0.0127376 0.013872
0 0.364501 0.0312735 0.0197803 0.0197701
0 0.558804 0.425914 0.0232643 0.0210986
0 0.291037 0.875422 0.0190865 0.0203636
0 0.161979 0.967699 0.0150924 0.0198891
0 0.311867 0.828343 0.0205467 0.0190493
0 0.0522548 0.0712076 0.0200223 0.0193277
0 0.58607 0.273067 0.015043 0.0158016
0 0.52372 0.440158 0.00927234 0.0104845
0 0.341159 0.471542 0.0168222 0.0181309
0 0.473271 0.855371 0.0220406 0.0208092
0 0.309074 0.453365 0.0180196 0.0190239
0 0.63078 0.942383 0.0120889 0.0117316
0 0.641284 0.662148 0.0257007 0.0210346
0 0.154623 0.833947 0.0197971 0.0173363
0 0.191612 0.27953 0.00948706 0.0101404
0 0.510553 0.449973 0.0136791 0.0169477
0 0.253742 0.028967 0.0183474 0.0181197
0 0.652926 0.622213 0.0185732 0.0220431
0 0.615418 0.493947 0.0215726 0.0191204
0 0.575894 0.156886 0.013967 0.017771
0 0.55772 0.204346 0.0140164 0.0178721
0 0.0142085 0.86606 0.0135969 0.0192844
0 0.569272 0.920457 0.0165912 0.0233301
0 0.196504 0.436774 0.0182385 0.0170602
0 0.150843 0.77836 0.0124397 0.0130663
0 0.242154 0.266759 0.0141733 0.0137566
0 0.417586 0.70684 0.0201542 0.0176523
0 0.264464 0.0527635 0.0161721 0.0167879
0 0.406222 0.349024 0.0156856 0.015071
0 0.56675 0.168867 0.00740623 0.0103862
0 0.572306 0.189068 0.0115507 0.0166028
0 0.0457844 0.959996 0.0197036 0.0249375
0 0.59947 0.214646 0.0161417 0.02047
0 0.404184 0.38611 0.00725153 0.00845242
0 0.596499 0.618382 0.0207925 0.0222763
