0 0.384414 0.746621 0.00891492 0.0100809
0 0.629974 0.647305 0.00805157 0.0085355
0 0.595587 0.72254 0.00841886 0.00857466
0 0.626883 0.633117 0.00799716 0.00787163
0 0.629918 0.6612 0.0097509 0.0089401
0 0.47318 0.829289 0.0104595 0.00998211
0 0.507703 0.828608 0.00906724 0.00837326
0 0.522233 0.836089 0.00694025 0.00778812
0 0.416097 0.821692 0.00979698 0.0106595
0 0.703068 0.753277 0.00761241 0.00921261
0 0.232456 0.723921 0.00841676 0.00781977
0 0.309269 0.866273 0.00981435 0.00993001
0 0.514557 0.897565 0.00794697 0.0097847
0 0.469627 0.604196 0.00985605 0.00891775
0 0.672342 0.822472 0.00958866 0.0087418
0 0.414671 0.760038 0.00774366 0.00808102
0 0.502382 0.898581 0.00871065 0.00843084
0 0.445739 0.89641 0.0101725 0.0102724
0 0.535193 0.361622 0.00887644 0.00948367
0 0.50842 0.883624 0.00929606 0.00996703
0 0.242714 0.491575 0.00795345 0.00910911
0 0.482145 0.778672 0.00834781 0.0086683
0 0.290485 0.873138 0.00923902 0.00929528
0 0.689025 0.715548 0.00901389 0.010487
0 0.392113 0.808727 0.00845224 0.00968587
0 0.691794 0.891768 0.00811559 0.00945568
0 0.523588 0.677392 0.00719094 0.00763339
0 0.679396 0.786106 0.00692368 0.00711191
0 0.51467 0.796789 0.0092566 0.00975055
0 0.454224 0.608961 0.00641003 0.006953
0 0.510081 0.76142 0.00766927 0.00979197
0 0.346359 0.908255 0.00889406 0.00973016
0 0.608838 0.699021 0.00986344 0.00873584
0 0.539829 0.674315 0.00980127 0.00914019
0 0.290602 0.847136 0.00725484 0.00781667
0 0.752998 0.811839 0.0103279 0.00952297
0 0.409134 0.65317 0.00704306 0.00923443
0 0.208337 0.140888 0.0106657 0.0106552
0 0.420159 0.97715 0.00907668 0.0107921
0 0.491208 0.845281 0.00869769 0.00938112
0 0.347758 0.94076 0.00939491 0.0104648
0 0.379931 0.926538 0.00975028 0.00994718
0 0.423606 0.421132 0.0105862 0.0106609
0 0.705903 0.735288 0.00909168 0.0103941
0 0.371619 0.916556 0.00791138 0.00778311
0 0.310295 0.840469 0.0111897 0.0110897
0 0.532983 0.633955 0.00838852 0.00824547
0 0.645254 0.86726 0.00935173 0.00911289
0 0.69439 0.866458 0.00713331 0.00899601
0 0.407157 0.979158 0.00976315 0.00999987
0 0.670789 0.770677 0.00861245 0.0101516
0 0.204755 0.805164 0.00800057 0.00796717
0 0.553916 0.715702 0.00629961 0.00731021
0 0.628394 0.816427 0.00661641 0.00770491
0 0.827189 0.835898 0.00986081 0.00933117
0 0.49677 0.932275 0.00964785 0.00986254
0 0.439057 0.621751 0.009951 0.0104355
0 0.561098 0.729217 0.00965041 0.00997567
0 0.396795 0.931122 0.00952005 0.00965613
0 0.690418 0.775171 0.00915027 0.01038
0 0.423119 0.884306 0.0133207 0.012903
0 0.611449 0.895852 0.00860423 0.00965673
0 0.546382 0.736078 0.00783306 0.00849456
0 0.220438 0.780083 0.00981069 0.00911444
0 0.578405 0.496497 0.00893867 0.00882015
0 0.65935 0.670581 0.00804383 0.00895691
0 0.557539 0.817609 0.00865459 0.00837368
0 0.555226 0.61649 0.00900221 0.00948238
0 0.37408 0.698059 0.00806236 0.00835735
0 0.226627 0.747044 0.00924711 0.0106578
0 0.252944 0.217972 0.00796686 0.00795646
0 0.235744 0.541968 0.00769854 0.00878966
0 0.402704 0.799179 0.0102295 0.010694
0 0.373183 0.756412 0.0112444 0.0114378
0 0.671418 0.670712 0.00984913 0.0106457
0 0.408333 0.435189 0.00822973 0.00993785
0 0.89877 0.99167 0.00733984 0.00826645
0 0.291721 0.428482 0.00902578 0.00930929
0 0.490054 0.960464 0.00868797 0.00748479
0 0.521832 0.60808 0.00847799 0.00963116
0 0.496441 0.688982 0.00866491 0.00921327
0 0.331271 0.704843 0.0106683 0.010694
0 0.686951 0.624198 0.0101488 0.00981879
0 0.490372 0.614485 0.008751 0.00870502
0 0.395795 0.635651 0.007521 0.00753707
0 0.488573 0.702865 0.00861472 0.00870591
0 0.35538 0.915604 0.00869828 0.0100956
0 0.620721 0.401075 0.0117851 0.011829
0 0.529144 0.345204 0.0109291 0.00992456
0 0.564587 0.628178 0.00756413 0.00796676
0 0.579316 0.75288 0.0118098 0.0121313
0 0.513882 0.672743 0.0067358 0.00730938
0 0.943222 0.883533 0.0101727 0.0107014
0 0.51241 0.365806 0.0121555 0.011154
0 0.173492 0.145709 0.0085451 0.0090355
0 0.686648 0.877776 0.00731927 0.00832409
0 0.487269 0.973284 0.0102794 0.00952607
0 0.539179 0.49219 0.00968742 0.0104145
0 0.33258 0.951486 0.00929776 0.00959456
0 0.667366 0.809854 0.00885087 0.0116407
0 0.707259 0.83341 0.0142941 0.010907
0 0.305198 0.965398 0.0101492 0.012138
0 0.629043 0.858599 0.00858676 0.00844574
0 0.247061 0.199505 0.0105842 0.00943981
0 0.682254 0.639222 0.00929183 0.00991821
0 0.584541 0.694877 0.00995559 0.0100472
0 0.468876 0.775799 0.0102997 0.0101727
0 0.8941 0.804109 0.0116959 0.0122674
0 0.571392 0.635419 0.00671363 0.00734156
0 0.425846 0.758354 0.0078924 0.00883901
0 0.393521 0.736894 0.0111761 0.00933629
0 0.46422 0.724974 0.0094263 0.010009
0 0.556405 0.440197 0.0104817 0.0118673
0 0.122591 0.137879 0.0082633 0.0110995
0 0.335966 0.311849 0.00890169 0.00958118
0 0.558841 0.328009 0.00809193 0.00916326
0 0.667586 0.849801 0.00970793 0.00923193
0 0.247269 0.733628 0.00891609 0.00902575
0 0.52185 0.62485 0.0116878 0.00870359
0 0.529849 0.458662 0.00897712 0.0103459
0 0.357639 0.785081 0.00816536 0.00859392
0 0.395296 0.773043 0.00760856 0.00875729
0 0.488339 0.636459 0.00946358 0.00854033
0 0.926455 0.983007 0.0109459 0.0105232
0 0.459352 0.706067 0.00788862 0.00850219
0 0.672182 0.622006 0.00843328 0.00982946
0 0.630678 0.413027 0.0101438 0.0102232
0 0.575409 0.48532 0.0084396 0.00896263
0 0.523477 0.85123 0.00735378 0.0079475
0 0.554651 0.831712 0.00995922 0.0103527
0 0.476579 0.332668 0.00964642 0.00898027
0 0.385392 0.702514 0.0094102 0.0101566
0 0.580948 0.711952 0.00930882 0.00912893
0 0.685675 0.743631 0.00855392 0.00967884
0 0.599642 0.738536 0.00996011 0.00999868
0 0.700453 0.897384 0.00746346 0.00861782
0 0.565679 0.488867 0.00898951 0.010047
0 0.95405 0.920353 0.00928384 0.00982934
0 0.89861 0.905435 0.00885677 0.00884384
0 0.560079 0.396519 0.0096575 0.010145
0 0.287614 0.62004 0.0101825 0.00993389
0 0.283667 0.840258 0.00808239 0.00860995
0 0.694293 0.846942 0.00921232 0.00765038
0 0.607623 0.372997 0.00801051 0.00784567
0 0.632607 0.617801 0.00866449 0.0087018
0 0.582358 0.394304 0.0103369 0.010992
0 0.689009 0.85533 0.00824165 0.00713807
0 0.386589 0.667174 0.00805396 0.00836885
0 0.622197 0.676824 0.0071243 0.00737995
0 0.375603 0.673802 0.00978798 0.00891221
0 0.319735 0.986796 0.0102233 0.0120005
0 0.393682 0.916294 0.0086022 0.00894737
0 0.193332 0.809454 0.0077548 0.00951576
0 0.559742 0.851233 0.00709152 0.00812757
0 0.751301 0.889024 0.012138 0.010405
0 0.767166 0.885184 0.00831252 0.00805187
0 0.525284 0.867886 0.00953346 0.00959587
0 0.192545 0.488046 0.00782657 0.0087021
0 0.93549 0.923102 0.0082714 0.0103102
0 0.361965 0.67148 0.00963983 0.008596
0 0.296282 0.360714 0.0087409 0.00922289
0 0.458122 0.630267 0.0068121 0.00650501
0 0.544459 0.31805 0.00905746 0.0102325
0 0.209824 0.464491 0.00692849 0.0079487
0 0.499793 0.755988 0.00838107 0.00813615
0 0.494948 0.950645 0.009671 0.012508
0 0.983066 0.753952 0.00952911 0.0094583
0 0.56905 0.808869 0.00974578 0.009341
0 0.31092 0.313149 0.0124353 0.0118289
0 0.569693 0.785535 0.0126871 0.0126648
0 0.148556 0.816993 0.00932355 0.00873756
0 0.188103 0.79622 0.00906442 0.00748825
0 0.328022 0.323057 0.0116543 0.011182
0 0.191224 0.786719 0.00950131 0.0098896
0 0.223607 0.71482 0.00771265 0.00838435
0 0.623908 0.802217 0.00857967 0.00875515
0 0.66339 0.778902 0.007815 0.00722963
0 0.558401 0.497767 0.00939471 0.00959188
0 0.672415 0.72025 0.00711024 0.0088976
0 0.238335 0.166515 0.0098135 0.00990622
0 0.167733 0.801246 0.0098044 0.0103554
0 0.819726 0.912866 0.0103676 0.0122288
0 0.710546 0.797258 0.00690591 0.00772607
0 0.23354 0.707744 0.00631356 0.00682247
0 0.369336 0.686125 0.00748277 0.00877225
0 0.147055 0.183712 0.00735831 0.00739856
0 0.857002 0.814499 0.0114529 0.0112702
0 0.770421 0.858152 0.0103355 0.0098362
0 0.589607 0.354756 0.00794661 0.00922403
0 0.315276 0.365979 0.0080263 0.00811052
0 0.907869 0.903596 0.00786859 0.00733072
0 0.505125 0.679508 0.010974 0.00883764
0 0.679333 0.731061 0.0075286 0.00841451
0 0.250685 0.230373 0.0090355 0.00874043
0 0.228792 0.435679 0.00806379 0.00804594
0 0.616229 0.655574 0.00704175 0.00811255
0 0.468347 0.435993 0.0149837 0.0184808
0 0.209883 0.689783 0.00904831 0.00995272
0 0.619941 0.666662 0.0065425 0.00682765
0 0.468399 0.589554 0.00748253 0.00882739
0 0.515272 0.637785 0.0108126 0.0104601
0 0.57739 0.364403 0.00771642 0.00828496
0 0.17526 0.820189 0.00860558 0.00920182
0 0.298797 0.613145 0.0110899 0.010249
0 0.362455 0.580721 0.00897989 0.00868219
0 0.526183 0.31554 0.00747544 0.00828505
0 0.198148 0.178979 0.0100496 0.00979604
0 0.273833 0.62469 0.00900301 0.00900334
0 0.359991 0.376501 0.0135949 0.0105724
0 0.642909 0.824492 0.00710261 0.00773048
0 0.507201 0.815106 0.00758129 0.00896722
0 0.263884 0.991076 0.00917301 0.010519
0 0.638342 0.3952 0.0103421 0.00967035
0 0.900995 0.893964 0.011003 0.0106773
0 0.578897 0.645413 0.0132536 0.00947028
0 0.224117 0.832073 0.00900622 0.00927716
0 0.409847 0.646304 0.00766408 0.00929528
0 0.192334 0.210523 0.00946441 0.0080608
0 0.938178 0.895038 0.00856626 0.00837845
0 0.661847 0.638985 0.00811052 0.00928855
0 0.499184 0.817811 0.00863704 0.0109211
0 0.694179 0.909228 0.00799888 0.00818944
0 0.523925 0.790853 0.0066182 0.00711691
0 0.364913 0.923725 0.0091123 0.00916523
0 0.468696 0.934005 0.00794077 0.00935632
0 0.412149 0.772703 0.00733137 0.0079335
0 0.481297 0.670165 0.00910223 0.00858003
0 0.642595 0.626278 0.00775754 0.00836301
0 0.547486 0.332088 0.00787717 0.00858524
0 0.467576 0.90888 0.00792599 0.00870168
0 0.642985 0.787836 0.00925255 0.010156
0 0.63398 0.611253 0.00865567 0.0107557
0 0.312887 0.26338 0.0158615 0.0138507
0 0.533713 0.795 0.00670522 0.0070613
0 0.61279 0.827453 0.0079152 0.00850391
0 0.261508 0.712298 0.00792456 0.00830179
0 0.638117 0.633852 0.00788194 0.00767654
0 0.705324 0.865536 0.0100203 0.0103199
0 0.661004 0.788941 0.00920373 0.0089016
0 0.477836 0.451895 0.0139752 0.0120254
0 0.651165 0.662105 0.00818539 0.00776052
0 0.194844 0.221951 0.00765905 0.006956
0 0.25575 0.179726 0.00803179 0.00888571
0 0.969082 0.756839 0.00918502 0.010239
0 0.34922 0.692531 0.00684103 0.00830537
0 0.4003 0.439799 0.00886431 0.0100914
0 0.532585 0.332526 0.00908124 0.0086154
0 0.605325 0.851592 0.00806344 0.00910342
0 0.311738 0.458405 0.00931519 0.0101475
0 0.794608 0.938889 0.0105317 0.0108459
0 0.524951 0.810048 0.00749475 0.00841826
0 0.189988 0.45215 0.00658053 0.00781649
0 0.132268 0.136625 0.00847855 0.0112195
0 0.496985 0.603067 0.00937071 0.00983751
0 0.452973 0.667842 0.0098089 0.0088377
0 0.257864 0.843609 0.0094882 0.00970799
0 0.449484 0.601227 0.00744897 0.00787091
0 0.673341 0.715782 0.00789678 0.0132568
0 0.211166 0.813386 0.00759812 0.00851518
0 0.513827 0.738631 0.0115528 0.0127123
0 0.167585 0.499147 0.00740908 0.00746956
0 0.301597 0.612713 0.0130173 0.0119567
0 0.550818 0.681476 0.0089792 0.00998789
0 0.161882 0.180394 0.00734305 0.00767294
0 0.302531 0.614291 0.0156344 0.0149965
0 0.281711 0.362843 0.00956622 0.00944826
0 0.841807 0.811864 0.00648767 0.00761032
