0 0.362118 0.339783 0.0211864 0.0262706
0 0.49203 0.266443 0.0205157 0.0208603
0 0.59921 0.221533 0.0203052 0.0223256
0 0.337612 0.29888 0.0189552 0.0190422
0 0.447587 0.451432 0.019426 0.0201411
0 0.712873 0.35727 0.0162868 0.0198165
0 0.169041 0.562245 0.0215621 0.0273466
0 0.400629 0.429023 0.016972 0.0153746
0 0.371136 0.990712 0.0138995 0.016003
0 0.11484 0.778783 0.0170794 0.0178952
0 0.331105 0.32621 0.0191684 0.0193255
0 0.171309 0.521123 0.0195504 0.0271885
0 0.669707 0.433832 0.0186875 0.0154473
0 0.258532 0.787295 0.0240273 0.0223543
0 0.749613 0.190804 0.0166267 0.0215566
0 0.654046 0.444203 0.0169666 0.0167641
0 0.622223 0.492136 0.0172632 0.0193375
0 0.16403 0.347266 0.0235593 0.022337
0 0.178998 0.39811 0.0161503 0.0170091
0 0.0414178 0.978982 0.0100881 0.00989038
0 0.30516 0.331126 0.0199929 0.0244781
0 0.600259 0.476036 0.0172571 0.0180136
0 0.318786 0.298365 0.0121621 0.0149319
0 0.382974 0.457238 0.015675 0.017002
0 0.0925209 0.612906 0.0220471 0.0191268
0 0.58036 0.269668 0.0210149 0.0229771
0 0.534923 0.65249 0.0188477 0.0189658
0 0.204123 0.38686 0.0174893 0.0182244
0 0.116382 0.326661 0.0175424 0.0168111
0 0.84443 0.17304 0.0177555 0.0165274
0 0.785542 0.188861 0.0138247 0.0155006
0 0.22816 0.243827 0.0144483 0.0163234
0 0.398597 0.96536 0.0173043 0.0227752
0 0.275098 0.84376 0.0167299 0.0193664
0 0.816408 0.153531 0.00535697 0.00648084
0 0.601598 0.518774 0.0167053 0.0196701
0 0.0399715 0.924522 0.0134614 0.0168995
0 0.067407 0.55071 0.0161277 0.0158708
0 0.2744 0.279475 0.0215683 0.0207796
0 0.156051 0.77527 0.0137644 0.0204523
0 0.063988 0.608598 0.0192249 0.0186054
0 0.0758802 0.567485 0.020481 0.0162992
0 0.126991 0.517568 0.0212397 0.0191385
0 0.0282026 0.604742 0.0195333 0.025544
0 0.79887 0.179242 0.00933057 0.010745
0 0.52819 0.667804 0.01474 0.0161014
0 0.178039 0.748237 0.0188996 0.0233191
0 0.0728751 0.280584 0.0177472 0.0169112
0 0.233043 0.868252 0.0168603 0.0136038
0 0.605377 0.379444 0.0100987 0.0116435
0 0.506519 0.725368 0.0153563 0.0213695
0 0.105856 0.720394 0.0141457 0.0138373
0 0.120263 0.791329 0.0123669 0.00965518
0 0.511409 0.37788 0.0119066 0.0140448
0 0.396253 0.965138 0.0239415 0.0263311
0 0.362804 0.340762 0.0271689 0.0309134
0 0.576128 0.507969 0.021131 0.0230119
0 0.399745 0.967188 0.0141227 0.0187086
0 0.644978 0.395006 0.0113759 0.0113261
0 0.529506 0.36858 0.0164345 0.0191913
0 0.104165 0.807231 0.0188031 0.0216173
0 0.180045 0.625376 0.0173225 0.0131012
0 0.451354 0.328672 0.0157322 0.0150469
0 0.21029 0.341375 0.0171101 0.0239602
0 0.600386 0.244667 0.0131092 0.0146139
0 0.463724 0.313104 0.0183226 0.0179942
0 0.555208 0.757863 0.0186552 0.0174069
0 0.078673 0.348423 0.0181176 0.0240448
0 0.612076 0.582548 0.0119351 0.0123892
0 0.54432 0.625792 0.0159819 0.0196649
0 0.719148 0.553247 0.0153971 0.0160241
0 0.487446 0.408185 0.0167953 0.0165586
0 0.520019 0.390488 0.013422 0.0153989
0 0.676157 0.490178 0.011715 0.013521
0 0.542062 0.529389 0.0202476 0.0160477
0 0.102839 0.65798 0.0218101 0.0146545
0 0.235639 0.299961 0.0158204 0.0202543
0 0.0384323 0.92388 0.0180503 0.0205382
0 0.105099 0.719881 0.0170536 0.0166946
0 0.243459 0.854547 0.0119402 0.015538
0 0.211387 0.34335 0.020775 0.0300968
0 0.125468 0.514247 0.0249329 0.0277773
0 0.532621 0.658648 0.0243581 0.0312573
