0 0.490637 0.269188 0.0224644 0.0224151
0 0.459271 0.535965 0.0211554 0.0205811
0 0.40814 0.29742 0.00993481 0.00894448
0 0.830426 0.318747 0.0174282 0.0199034
0 0.481503 0.863229 0.0139281 0.0144709
0 0.411084 0.25372 0.0179367 0.0199986
0 0.436687 0.889755 0.0133688 0.01709
0 0.421025 0.280812 0.0160177 0.0197637
0 0.451492 0.221369 0.0224386 0.0227091
0 0.73098 0.31732 0.018219 0.0185166
0 0.795387 0.692014 0.0165005 0.016375
0 0.834109 0.349995 0.0228149 0.0271746
0 0.893862 0.759162 0.0128071 0.0135381
0 0.366785 0.501271 0.0177884 0.0137752
0 0.58114 0.461267 0.0238459 0.0279077
0 0.366708 0.409538 0.0159593 0.0240181
0 0.75077 0.395413 0.0197571 0.0224464
0 0.262549 0.534487 0.0188207 0.0173401
0 0.418353 0.325295 0.0181085 0.0158423
0 0.378989 0.544154 0.0160563 0.0195135
0 0.404509 0.501942 0.00891829 0.00993454
0 0.340825 0.372654 0.012837 0.0158414
0 0.338388 0.546058 0.0161169 0.0223339
0 0.664997 0.356738 0.0189751 0.0264335
0 0.755752 0.313577 0.0114034 0.0178082
0 0.237211 0.575732 0.0204239 0.0165157
0 0.5664 0.386374 0.0215507 0.02506
0 0.546052 0.959469 0.0179885 0.0162603
0 0.396023 0.52056 0.0159313 0.0160021
0 0.363837 0.251495 0.024183 0.0223177
0 0.835462 0.702695 0.00609702 0.00806063
0 0.623122 0.277613 0.0101852 0.0110129
0 0.596031 0.743887 0.015403 0.0185011
0 0.855143 0.316095 0.00747871 0.00864077
0 0.437199 0.329793 0.0113688 0.0184639
0 0.366972 0.367929 0.0177045 0.022956
0 0.591533 0.242927 0.0132963 0.0113317
0 0.775125 0.269773 0.0193894 0.0203421
0 0.817743 0.266061 0.00713688 0.00669828
0 0.58191 0.239265 0.0117353 0.0124808
0 0.387691 0.499835 0.0137874 0.0188225
0 0.309098 0.539309 0.0207993 0.0228985
0 0.903071 0.79999 0.0130119 0.0149992
0 0.428289 0.915119 0.010717 0.0106519
0 0.761148 0.335543 0.0135013 0.016007
0 0.944449 0.871599 0.0115436 0.0131389
0 0.477795 0.363401 0.0257691 0.0240951
0 0.807288 0.277255 0.0196186 0.0268354
0 0.587138 0.30142 0.0153484 0.0154081
0 0.773346 0.472277 0.0221934 0.0197364
0 0.599351 0.770074 0.0151547 0.0125355
0 0.392422 0.457578 0.0198475 0.0243096
0 0.310948 0.70029 0.0188645 0.0198069
0 0.483046 0.862588 0.0190224 0.0189293
0 0.667302 0.923969 0.0155777 0.0176662
0 0.552432 0.481364 0.0129219 0.0131725
0 0.399029 0.934664 0.0242257 0.0246058
0 0.281796 0.617584 0.0173417 0.0121361
0 0.951474 0.855344 0.00816309 0.00896072
0 0.361957 0.255223 0.019699 0.0226406
0 0.596095 0.219275 0.0180235 0.0162433
0 0.944126 0.870064 0.00937307 0.010255
0 0.437844 0.329167 0.0146181 0.0223961
0 0.437137 0.324977 0.0161625 0.0313652
0 0.237005 0.576344 0.0233468 0.0208513
0 0.973508 0.743265 0.0107331 0.00997734
0 0.622358 0.987103 0.00837171 0.0135965
0 0.561412 0.240335 0.0207232 0.0195308
