0 0.898364 0.913049 0.0208706 0.0223476
0 0.267327 0.968822 0.0187066 0.0205627
0 0.129586 0.959703 0.0198548 0.0211031
0 0.286839 0.911768 0.0158499 0.0198906
0 0.043932 0.59007 0.0183385 0.0179886
0 0.956567 0.967016 0.0194219 0.01721
0 0.880697 0.94254 0.0156368 0.0170031
0 0.270872 0.533362 0.0267412 0.026436
0 0.68997 0.843501 0.0185328 0.0186615
0 0.331749 0.968439 0.0147736 0.0137909
0 0.867756 0.897539 0.0112537 0.0132696
0 0.298043 0.953502 0.0190926 0.0198545
0 0.611963 0.917999 0.0192729 0.0206778
0 0.0668824 0.982918 0.0197495 0.019471
0 0.957271 0.966619 0.0227043 0.0221836
0 0.574056 0.630648 0.017649 0.0177168
0 0.625217 0.481599 0.0161606 0.019095
0 0.327978 0.649258 0.0205046 0.0204846
0 0.246432 0.99165 0.0275458 0.0166994
0 0.270182 0.53432 0.0227633 0.0193971
0 0.660917 0.176771 0.0151486 0.0178816
