0 0.151887 0.618677 0.0211689 0.0228903
0 0.213303 0.163592 0.0162556 0.0181678
0 0.262183 0.272501 0.0190418 0.0193864
0 0.633429 0.943112 0.0321242 0.0239178
0 0.649562 0.921 0.0188136 0.018346
0 0.733892 0.582352 0.016934 0.0188401
0 0.0671944 0.909968 0.0190722 0.0196193
0 0.511055 0.0488643 0.0136561 0.0154124
0 0.612567 0.34372 0.0152276 0.0191139
0 0.415992 0.601167 0.0186738 0.0196055
0 0.263083 0.621763 0.0167089 0.0190247
0 0.288818 0.629212 0.0184254 0.0217996
0 0.191879 0.29446 0.0130596 0.0157538
0 0.176449 0.294243 0.0128299 0.0152032
0 0.17966 0.214269 0.0178277 0.0196968
0 0.806862 0.537047 0.0150278 0.0177689
0 0.38204 0.574119 0.0140444 0.0142067
0 0.671096 0.963846 0.0140879 0.0156628
0 0.652845 0.96963 0.0135023 0.0125039
0 0.2958 0.546622 0.0249323 0.0218142
0 0.213165 0.711447 0.019195 0.016416
0 0.142704 0.110993 0.0159418 0.0155703
0 0.279554 0.806776 0.0129615 0.0173607
0 0.147454 0.141783 0.0159294 0.0138177
0 0.221288 0.229414 0.0160403 0.0164217
0 0.4929 0.0160127 0.019844 0.0254272
0 0.34952 0.947286 0.0125539 0.0145745
0 0.420743 0.15751 0.0136828 0.0152247
0 0.806365 0.557461 0.0181934 0.0155169
0 0.724262 0.829019 0.0140464 0.0134994
0 0.774897 0.531823 0.0147122 0.0176243
0 0.695304 0.529327 0.0124993 0.0138914
0 0.754281 0.800416 0.0115555 0.0154369
0 0.763305 0.594885 0.0146507 0.0186655
0 0.559412 0.882512 0.0118929 0.0118374
0 0.0174702 0.968881 0.0188243 0.0180828
0 0.696508 0.776449 0.0106138 0.0125765
0 0.312443 0.518779 0.0215949 0.025162
0 0.769101 0.565828 0.00997514 0.0121941
0 0.0941684 0.953421 0.0152501 0.0173214
0 0.837956 0.536382 0.011249 0.0175177
0 0.077523 0.932111 0.0136994 0.0183216
0 0.551695 0.371381 0.0158911 0.019611
0 0.697272 0.847852 0.0108792 0.0121336
0 0.673989 0.279722 0.0145348 0.0152063
0 0.0712752 0.953948 0.00996108 0.0118297
0 0.963755 0.432354 0.0118079 0.0110498
0 0.313045 0.521778 0.0184752 0.0184245
