0 0.657765 0.332918 0.0235284 0.0235383
0 0.786304 0.214825 0.0222586 0.0269559
0 0.796575 0.259781 0.0251601 0.0257875
0 0.822067 0.288829 0.0186367 0.0209735
0 0.18194 0.725495 0.0185972 0.0197656
0 0.527631 0.0897623 0.0174746 0.0191358
0 0.633203 0.835783 0.0197855 0.0187113
0 0.755102 0.232759 0.0177981 0.0125667
0 0.844268 0.393626 0.0205944 0.0194487
0 0.989552 0.609689 0.0208961 0.0201128
0 0.0995756 0.200956 0.0144234 0.0148982
0 0.132511 0.390384 0.0188739 0.0169728
0 0.0784213 0.129433 0.0191277 0.0235658
0 0.592146 0.823235 0.018644 0.0175216
0 0.150905 0.260761 0.0148907 0.018592
0 0.0469939 0.129328 0.0195684 0.0185523
0 0.712538 0.448548 0.0248758 0.0348703
0 0.895704 0.428301 0.0151069 0.0156433
0 0.815085 0.213985 0.0195076 0.0139564
0 0.785353 0.211352 0.0223631 0.0223164
0 0.711961 0.917095 0.0177991 0.0194572
0 0.113415 0.189332 0.0207878 0.0231209
0 0.795791 0.259379 0.0311222 0.0336666
0 0.829048 0.371205 0.0142109 0.0132358
0 0.920087 0.391023 0.0120584 0.0159826
0 0.989799 0.22997 0.0180966 0.0189785
0 0.690634 0.550051 0.0265126 0.0279952
0 0.0227051 0.178351 0.00960245 0.013701
0 0.117471 0.26797 0.0123825 0.012831
0 0.973271 0.436465 0.0129682 0.0117182
0 0.97404 0.378795 0.0123611 0.0131049
0 0.84354 0.209849 0.0204079 0.0169456
0 0.0625476 0.147267 0.0157924 0.0179782
0 0.152868 0.261204 0.0203966 0.0211016
0 0.71045 0.449542 0.0196648 0.0268374
0 0.584551 0.879797 0.0120287 0.0151039
0 0.886931 0.367222 0.0134465 0.0132302
0 0.952837 0.503299 0.0112948 0.0146301
0 0.0441281 0.194218 0.0133385 0.0175296
0 0.823069 0.434449 0.0150173 0.0113185
