0 0.271023 0.921565 0.0175608 0.0177822
0 0.67184 0.797267 0.0146129 0.0155582
0 0.756989 0.977651 0.0133459 0.016819
0 0.233224 0.387424 0.017313 0.0174276
0 0.740529 0.847161 0.0166503 0.0146602
0 0.888675 0.850623 0.0153061 0.0147858
0 0.899937 0.73018 0.0155681 0.0217188
0 0.883308 0.686871 0.016209 0.0175031
0 0.0215494 0.343805 0.0146333 0.016866
0 0.549658 0.720232 0.0143453 0.0174784
0 0.644205 0.717044 0.0160061 0.0173978
0 0.853868 0.776549 0.0171709 0.0212151
0 0.27217 0.53972 0.0176992 0.0174608
0 0.469121 0.69712 0.0167435 0.0195192
0 0.735156 0.697542 0.0144327 0.0155624
0 0.504456 0.790621 0.0130356 0.0152174
0 0.911885 0.857162 0.0141697 0.0182953
0 0.168744 0.778688 0.014445 0.0169821
0 0.0120763 0.604182 0.0231947 0.0251238
0 0.0372766 0.388364 0.018276 0.0187953
0 0.721287 0.854468 0.0136948 0.0159077
0 0.677687 0.911386 0.0158792 0.0151646
0 0.877634 0.630758 0.0185425 0.0178894
0 0.605159 0.707772 0.0148936 0.0165151
0 0.224581 0.931125 0.0148042 0.0168556
0 0.213775 0.33773 0.0154736 0.0185669
0 0.671996 0.624499 0.0131443 0.0168098
0 0.18604 0.967685 0.0164572 0.0199594
0 0.952155 0.712394 0.0138739 0.0163523
0 0.458239 0.495609 0.0175673 0.0174443
0 0.657367 0.669435 0.0128919 0.0129018
0 0.326003 0.992509 0.01388 0.0132936
0 0.84537 0.614843 0.0121014 0.0152993
0 0.071261 0.518477 0.0146926 0.0185741
0 0.87623 0.767973 0.0168453 0.0191416
0 0.186115 0.354248 0.0178922 0.0156972
0 0.848524 0.984903 0.00852662 0.00893784
0 0.683774 0.637164 0.0125524 0.0148821
0 0.119029 0.0882493 0.016135 0.018523
0 0.944438 0.647457 0.0190554 0.0170872
0 0.835519 0.639978 0.0147562 0.0127439
0 0.705694 0.599726 0.0161461 0.0193876
0 0.834084 0.638463 0.0162306 0.0158384
0 0.684421 0.662737 0.012395 0.0160263
