0 0.193583 0.622087 0.0158438 0.0147341
0 0.250388 0.614558 0.0155458 0.0152925
0 0.506466 0.907355 0.0158991 0.0156761
0 0.391657 0.678685 0.0152856 0.0169529
0 0.0422912 0.120419 0.0138802 0.0185313
0 0.107327 0.140007 0.0158743 0.0176198
0 0.206392 0.459572 0.0164659 0.017584
0 0.258052 0.778955 0.0152579 0.0187375
0 0.217114 0.602266 0.0172772 0.0177052
0 0.0967102 0.444471 0.0171669 0.0185499
0 0.359179 0.689691 0.0171506 0.0179124
0 0.296293 0.957672 0.0125815 0.01441
0 0.25566 0.663133 0.0170519 0.0192183
0 0.298914 0.292295 0.0132064 0.0173214
0 0.361708 0.641836 0.0131278 0.0169239
0 0.0273782 0.276888 0.0134884 0.0141932
0 0.561561 0.951231 0.0138106 0.0162808
0 0.126951 0.0813446 0.0153957 0.0156445
0 0.342581 0.96703 0.0143894 0.0130421
0 0.532803 0.580062 0.0127142 0.0163293
0 0.19941 0.554891 0.0156749 0.0178221
0 0.97766 0.551025 0.0147232 0.0151933
0 0.039559 0.825737 0.0167192 0.0187916
0 0.203835 0.144945 0.0125598 0.0167973
0 0.178847 0.466864 0.0126648 0.0150218
0 0.0490449 0.630661 0.0154429 0.0174457
0 0.104311 0.66681 0.0169436 0.0187706
0 0.305341 0.928378 0.0125216 0.0154123
0 0.0439693 0.0571077 0.0130779 0.0134726
0 0.316925 0.704456 0.0122395 0.014031
0 0.229429 0.629553 0.0141884 0.0136256
0 0.111185 0.628914 0.0122772 0.0149178
0 0.137615 0.454803 0.0128471 0.014559
0 0.421669 0.986913 0.0113359 0.0108387
0 0.275962 0.668579 0.013931 0.0175688
0 0.661368 0.264181 0.0110468 0.0138682
0 0.968681 0.22477 0.0149223 0.0193677
0 0.422092 0.200559 0.0075841 0.011158
0 0.394084 0.62545 0.0179021 0.0160555
0 0.130921 0.414676 0.0148028 0.0186861
0 0.143265 0.0391856 0.0154343 0.0261526
0 0.175866 0.21844 0.0141104 0.0171252
0 0.315981 0.71817 0.0126022 0.0126349
0 0.230473 0.761479 0.0112736 0.0142424
0 0.386518 0.584223 0.0111627 0.010146
0 0.69265 0.922523 0.0128652 0.0133808
0 0.952843 0.294949 0.0160324 0.0194571
0 0.48369 0.970665 0.0121183 0.0119408
0 0.557924 0.975992 0.0171112 0.0194446
