0 0.814637 0.700874 0.0147915 0.0151905
0 0.839312 0.665385 0.0139977 0.0156673
0 0.693892 0.127675 0.0163078 0.0147739
0 0.574107 0.396384 0.0135782 0.0154048
0 0.745606 0.734276 0.0123731 0.0127355
0 0.849352 0.750638 0.0121708 0.0142117
0 0.886996 0.712659 0.0173092 0.0167801
0 0.308265 0.924274 0.0129753 0.0174878
0 0.258309 0.850185 0.0122726 0.0155506
0 0.710725 0.940499 0.0105586 0.0113357
0 0.45233 0.379322 0.0166159 0.0191955
0 0.748353 0.0775245 0.01578 0.0144899
0 0.370142 0.0136551 0.0126096 0.0128905
0 0.495551 0.489391 0.0176363 0.0192554
0 0.209978 0.0537192 0.0139671 0.0143778
0 0.311687 0.3118 0.0160372 0.0154163
0 0.878465 0.37771 0.0167377 0.015313
0 0.768848 0.102566 0.0147666 0.0197749
0 0.271207 0.0155504 0.0149812 0.0193432
0 0.475017 0.261147 0.0159283 0.0185921
0 0.796211 0.0953049 0.0112581 0.0140427
0 0.27115 0.860638 0.0120083 0.0152637
0 0.310055 0.984921 0.0117578 0.0139069
0 0.441383 0.427054 0.0124252 0.0121093
0 0.453505 0.380683 0.0193688 0.0236467
0 0.561193 0.0113332 0.0200645 0.0212514
0 0.255504 0.767231 0.013381 0.0142542
0 0.559186 0.0101233 0.0152687 0.0166492
0 0.695072 0.104957 0.010155 0.0102298
0 0.297363 0.945513 0.0141816 0.0162541
