0 0.920187 0.784395 0.0161652 0.0156298
0 0.29461 0.110093 0.0162054 0.0165301
0 0.293085 0.0184853 0.0174973 0.0192584
0 0.411279 0.0192777 0.0150284 0.0144411
0 0.816307 0.395417 0.0181 0.0192353
0 0.389835 0.0691614 0.0138811 0.0176382
0 0.0267761 0.0328159 0.0182873 0.021684
0 0.277671 0.148234 0.0148255 0.0157725
0 0.361527 0.14566 0.0162933 0.0201928
0 0.934481 0.736076 0.0136982 0.0148964
0 0.638954 0.240787 0.0152174 0.0170427
0 0.749629 0.244235 0.021404 0.0215934
0 0.558001 0.862975 0.0154707 0.017605
0 0.329004 0.0922034 0.0129917 0.0154281
0 0.715106 0.143919 0.0141668 0.0150928
0 0.478981 0.46836 0.0190256 0.0195965
0 0.457261 0.474652 0.0137469 0.0163063
0 0.467754 0.0784464 0.0176881 0.0173634
0 0.320045 0.178129 0.0142778 0.0144135
0 0.185964 0.00778579 0.0141482 0.0149221
0 0.619132 0.236721 0.0132757 0.0146367
0 0.281188 0.504386 0.0136641 0.0138929
0 0.951482 0.101712 0.0167847 0.0165181
0 0.0535297 0.0533119 0.0170628 0.0157164
0 0.0871404 0.0752364 0.0149947 0.0165787
0 0.076083 0.659726 0.0169209 0.017275
0 0.589566 0.642566 0.0126831 0.0145445
0 0.0314487 0.0832463 0.0172928 0.0231656
0 0.88476 0.20044 0.012652 0.0143282
0 0.650591 0.470533 0.0155745 0.0149895
0 0.582241 0.772346 0.0145954 0.0138285
0 0.241135 0.0403223 0.0168824 0.0198343
0 0.974966 0.122129 0.0157242 0.017659
0 0.330752 0.0167083 0.0158001 0.0207351
0 0.656307 0.120324 0.0150468 0.0141779
0 0.885499 0.65613 0.0105217 0.0133272
0 0.731828 0.223424 0.0104107 0.0152429
0 0.673737 0.634399 0.0179275 0.017379
0 0.622064 0.493836 0.0165205 0.0185463
0 0.0258534 0.194495 0.0165257 0.0152842
0 0.442657 0.00507792 0.013379 0.0101558
0 0.721298 0.991519 0.0170181 0.0164583
0 0.807204 0.340428 0.0146213 0.0188586
0 0.616052 0.925142 0.0141239 0.0166451
0 0.98121 0.0825005 0.013567 0.0142321
0 0.948135 0.0369947 0.00999779 0.0108857
0 0.899925 0.780483 0.0108648 0.0144184
0 0.531638 0.00515329 0.0142276 0.0100553
0 0.308712 0.0704201 0.0159709 0.0161292
0 0.55765 0.602526 0.0157042 0.0169439
0 0.798508 0.65013 0.0153572 0.0170458
0 0.63979 0.414552 0.00982124 0.0108812
0 0.840974 0.334159 0.0146747 0.0162917
0 0.487761 0.112666 0.0137838 0.0157874
0 0.169547 0.560268 0.0109901 0.0161688
0 0.484456 0.530709 0.0218773 0.0195365
0 0.946991 0.0769709 0.00973511 0.0170304
0 0.0342803 0.213116 0.0198964 0.0197329
0 0.606475 0.398071 0.0148752 0.0188858
0 0.620194 0.444779 0.0195082 0.0140355
