0 0.418738 0.914641 0.0137317 0.0156197
0 0.69974 0.740311 0.013947 0.0150347
0 0.807771 0.136212 0.0163473 0.0197045
0 0.96778 0.884159 0.0133623 0.0135843
0 0.905146 0.801942 0.0105882 0.0144575
0 0.93789 0.891013 0.0162117 0.0165871
0 0.875365 0.445652 0.0163376 0.0173896
0 0.650213 0.671838 0.0154843 0.0149859
0 0.360976 0.371405 0.017967 0.0172017
0 0.641614 0.11316 0.0166073 0.0189187
0 0.770252 0.210861 0.0140221 0.0161128
0 0.625819 0.76539 0.0170035 0.0168831
0 0.531655 0.463034 0.0162035 0.0179033
0 0.411203 0.310081 0.0178823 0.0182774
0 0.0237699 0.840665 0.0158541 0.0156105
0 0.445463 0.940914 0.0138218 0.0144516
0 0.840525 0.456923 0.0131226 0.0145563
0 0.467803 0.664528 0.0139568 0.0170042
0 0.326205 0.732942 0.0188826 0.0226265
0 0.356374 0.877334 0.0141739 0.015908
0 0.527031 0.57322 0.0167468 0.0183268
0 0.307016 0.944124 0.0135487 0.0174912
0 0.725849 0.403261 0.0175337 0.0162419
0 0.806099 0.39489 0.0181868 0.018465
0 0.89742 0.390435 0.0138199 0.0163026
0 0.662571 0.318556 0.0190626 0.0183716
0 0.888716 0.243409 0.0160452 0.0174058
0 0.543659 0.550532 0.0149157 0.0161051
0 0.706779 0.690594 0.0143498 0.0145299
0 0.385226 0.313527 0.0109326 0.0142311
0 0.707188 0.330307 0.017372 0.019152
0 0.593013 0.64596 0.0160734 0.0167336
0 0.832188 0.787741 0.0138633 0.0156742
0 0.421013 0.517592 0.0153246 0.0209696
0 0.781509 0.852789 0.0127068 0.0152401
0 0.417159 0.595565 0.0161234 0.0181832
0 0.559389 0.784868 0.0131619 0.0125315
0 0.89377 0.457778 0.0133274 0.016468
0 0.618932 0.127382 0.0114654 0.0125151
0 0.766579 0.895456 0.0119783 0.0147181
0 0.746529 0.41591 0.014609 0.0163849
0 0.505572 0.824425 0.0177389 0.0173878
0 0.816416 0.461371 0.0110754 0.0117372
0 0.0601788 0.105148 0.0152158 0.0144045
0 0.88001 0.699642 0.014294 0.0182922
0 0.770059 0.869177 0.0135849 0.0169159
0 0.294577 0.430763 0.0142743 0.0155421
0 0.646807 0.259393 0.0157458 0.0163659
0 0.0565224 0.826008 0.0142776 0.0136194
0 0.667577 0.806716 0.0161257 0.0182482
0 0.552342 0.460405 0.0137519 0.0129721
0 0.536856 0.638916 0.0114855 0.0159105
0 0.595253 0.664068 0.0152619 0.014827
0 0.670219 0.294734 0.0157557 0.0176257
0 0.584489 0.529203 0.0112222 0.0115614
0 0.923294 0.762788 0.0197537 0.0183473
0 0.81679 0.803825 0.0117208 0.0142248
0 0.0449375 0.805319 0.0187805 0.0154884
0 0.173033 0.934459 0.00856079 0.0107796
0 0.926731 0.318422 0.0164064 0.0217013
0 0.96785 0.803221 0.0124674 0.0151337
0 0.769439 0.267051 0.0170547 0.0159304
0 0.263291 0.0927129 0.0131648 0.0134644
0 0.971736 0.725252 0.0154423 0.0170717
0 0.767871 0.574088 0.0206003 0.0232998
0 0.73867 0.566485 0.0186657 0.0270416
0 0.233248 0.194778 0.0165751 0.0182686
0 0.671543 0.654326 0.0158377 0.0142564
0 0.627545 0.141947 0.0120485 0.013442
0 0.795011 0.303615 0.0141565 0.0173304
0 0.0955134 0.438283 0.0143348 0.0177734
0 0.49507 0.740483 0.0142052 0.015362
0 0.332653 0.149544 0.0169813 0.0183783
0 0.0439628 0.344012 0.0119028 0.0148712
0 0.603305 0.159366 0.0156266 0.0192933
0 0.397801 0.358987 0.0148266 0.0202973
0 0.16333 0.611123 0.0173674 0.0168794
0 0.981478 0.926766 0.0145473 0.0148344
0 0.698807 0.674682 0.00981659 0.0108061
0 0.798257 0.27572 0.0102422 0.0124389
0 0.832338 0.285384 0.017531 0.0209284
0 0.527337 0.575591 0.0183235 0.0244546
0 0.54091 0.850738 0.0143729 0.0161106
0 0.354499 0.9081 0.0119794 0.0100762
0 0.801611 0.827113 0.0112774 0.0118111
0 0.759031 0.533312 0.011243 0.0130613
0 0.601145 0.691703 0.0139711 0.0123915
0 0.405079 0.379943 0.0081397 0.00916576
0 0.407697 0.619436 0.0156433 0.0163318
0 0.743594 0.532737 0.0122655 0.0162749
0 0.243619 0.116182 0.0232859 0.0237967
0 0.198574 0.589387 0.0116249 0.0113454
0 0.414651 0.649679 0.0128292 0.0145029
0 0.442411 0.674282 0.00951558 0.0133398
0 0.494089 0.528998 0.0120274 0.016141
0 0.685019 0.327979 0.0136048 0.0136492
0 0.723207 0.153699 0.011093 0.0102638
0 0.140159 0.425617 0.0238664 0.0209576
0 0.21762 0.917434 0.0108048 0.0118549
0 0.378743 0.264859 0.0190969 0.0212665
0 0.466797 0.855842 0.010208 0.00824434
0 0.505035 0.701795 0.0190608 0.0186577
0 0.428047 0.885087 0.0129682 0.0156925
0 0.421213 0.958029 0.0140402 0.0139305
0 0.688171 0.491898 0.019415 0.0265621
0 0.203119 0.869392 0.013195 0.0117702
0 0.689822 0.430835 0.0139206 0.0155285
0 0.661987 0.204634 0.0115104 0.0210037
0 0.848199 0.747505 0.0219309 0.0247862
0 0.440919 0.418477 0.0177166 0.0193332
0 0.99093 0.809782 0.014975 0.0144989
0 0.698839 0.674754 0.0109072 0.0139294
0 0.858106 0.459683 0.00963706 0.0119268
0 0.746331 0.316893 0.0129989 0.0123423
0 0.564848 0.530839 0.00724906 0.00679094
0 0.659972 0.380491 0.00874263 0.0120543
0 0.240011 0.861664 0.0146184 0.0135717
0 0.976738 0.846156 0.00785393 0.00823063
0 0.218735 0.86186 0.0111983 0.0140554
0 0.512006 0.477835 0.0163592 0.0145844
