0 0.814737 0.0366755 0.0167847 0.0157074
0 0.408011 0.15018 0.0168256 0.0145777
0 0.501159 0.242789 0.0147549 0.0164032
0 0.320712 0.423347 0.0152884 0.0184485
0 0.452613 0.130229 0.0166555 0.0137217
0 0.804541 0.0189421 0.0132035 0.0120491
0 0.703479 0.0382601 0.0151152 0.0124331
0 0.72858 0.431537 0.0107117 0.0116287
0 0.302958 0.400228 0.0140969 0.0151806
0 0.129536 0.232124 0.0214463 0.0216039
0 0.633196 0.436072 0.0166561 0.013862
0 0.675436 0.614302 0.0148795 0.0153603
0 0.453503 0.130956 0.0213764 0.0159125
0 0.721338 0.0124616 0.0128624 0.0157092
0 0.481784 0.427526 0.0128179 0.0139212
0 0.967746 0.217908 0.0126083 0.0132737
0 0.69851 0.587389 0.011474 0.0147395
0 0.40084 0.112017 0.0164996 0.0162183
0 0.921365 0.58438 0.0106093 0.0107344
0 0.769552 0.619997 0.0137674 0.00932389
0 0.698532 0.586696 0.0142342 0.017487
0 0.58203 0.00898348 0.0183274 0.0156635
