0 0.0822622 0.0769616 0.0175929 0.0196841
0 0.308169 0.371817 0.0144662 0.0141424
0 0.556953 0.909999 0.0115517 0.0124536
0 0.512993 0.174094 0.0181425 0.0170701
0 0.176131 0.130871 0.0205909 0.0203327
0 0.764834 0.459042 0.0137492 0.014827
0 0.474088 0.119516 0.011166 0.0128142
0 0.708815 0.781189 0.0164021 0.0191137
0 0.153078 0.119041 0.0142111 0.0174055
0 0.341961 0.726639 0.0138612 0.0169964
0 0.569258 0.856013 0.013905 0.0165237
0 0.619025 0.637984 0.016411 0.0147383
0 0.21424 0.0126518 0.0172084 0.0148198
0 0.572336 0.74441 0.0173134 0.0148864
0 0.624533 0.318713 0.0202207 0.0199167
0 0.348 0.942799 0.0116672 0.0150967
0 0.772763 0.883368 0.0138216 0.0184765
0 0.553899 0.977837 0.00946784 0.011029
0 0.722242 0.799029 0.0134637 0.0156345
0 0.849302 0.806432 0.00929165 0.0170517
0 0.140289 0.0818642 0.0109419 0.0123463
0 0.663486 0.988911 0.0131933 0.0123665
0 0.986839 0.383708 0.0208713 0.0186081
0 0.231524 0.887927 0.0140036 0.0162325
0 0.568942 0.629956 0.0165486 0.0218711
0 0.115457 0.693774 0.0221579 0.0194331
0 0.777696 0.82453 0.0146734 0.015914
0 0.80015 0.8753 0.0128683 0.0151691
0 0.554315 0.725457 0.010897 0.015897
0 0.323689 0.361772 0.0124092 0.0136036
0 0.649682 0.100287 0.0134257 0.014495
0 0.338336 0.785361 0.0124549 0.0147484
0 0.586528 0.660432 0.0169077 0.0152254
0 0.932631 0.54939 0.0184748 0.0160535
0 0.575244 0.727599 0.0105923 0.00984567
0 0.505094 0.0950673 0.016886 0.0133639
0 0.921451 0.204954 0.0135174 0.015145
0 0.57032 0.828787 0.0144181 0.0158237
0 0.985987 0.690249 0.011143 0.0124767
0 0.499177 0.391644 0.0108073 0.00952426
0 0.714628 0.976228 0.0122423 0.0144058
0 0.182543 0.504191 0.0171472 0.015669
0 0.0452421 0.098155 0.0146682 0.0141097
0 0.63484 0.800772 0.016539 0.0190126
