0 0.46587 0.561822 0.00963059 0.00914431
0 0.385269 0.589569 0.00871766 0.0100634
0 0.340984 0.579108 0.00666866 0.00770837
0 0.709357 0.233069 0.00822204 0.0100116
0 0.621508 0.341497 0.00931072 0.00842315
0 0.503822 0.329401 0.00871161 0.0106616
0 0.265318 0.554153 0.00718832 0.00847
0 0.678474 0.297751 0.00784546 0.00971478
0 0.383931 0.564935 0.00824594 0.00909209
0 0.316561 0.546413 0.00855294 0.0100172
0 0.358601 0.554977 0.00803566 0.00773799
0 0.44041 0.652431 0.00935191 0.0100502
0 0.453932 0.567126 0.00701427 0.00823897
0 0.709841 0.384139 0.00887394 0.0099225
0 0.323226 0.928148 0.0123712 0.0133643
0 0.316044 0.42241 0.006962 0.00705269
0 0.241531 0.522352 0.00820266 0.00857437
0 0.28257 0.897714 0.0101998 0.00996363
0 0.421851 0.592558 0.00834426 0.00964677
0 0.240176 0.532797 0.00684738 0.00691819
0 0.35403 0.539706 0.00847444 0.00931722
0 0.235031 0.564603 0.00788526 0.00859392
0 0.257876 0.523378 0.00749934 0.00998271
0 0.359662 0.439653 0.00779322 0.00938931
0 0.458337 0.517297 0.00917426 0.00851613
0 0.702345 0.367877 0.0102825 0.0102462
0 0.40229 0.365106 0.00927895 0.00976634
0 0.347619 0.659629 0.00983447 0.0112715
0 0.726762 0.309631 0.00726336 0.00729084
0 0.546679 0.690584 0.00790381 0.00936079
0 0.260289 0.90904 0.00779217 0.00853157
0 0.528711 0.650885 0.00880182 0.0128746
0 0.442482 0.625631 0.00956917 0.0114365
0 0.391148 0.947707 0.00667572 0.00745261
0 0.464676 0.442155 0.00924683 0.00947285
0 0.414646 0.552564 0.00808737 0.00897765
0 0.61463 0.557913 0.00820214 0.00809705
0 0.325137 0.435253 0.00776416 0.00918561
0 0.25481 0.554953 0.00686011 0.00729084
0 0.461904 0.683719 0.0090355 0.0110265
0 0.242344 0.553851 0.00755791 0.00760454
0 0.223062 0.608851 0.00789595 0.00962889
0 0.308771 0.510811 0.00718689 0.00696653
0 0.471684 0.702491 0.00756693 0.0096305
0 0.913283 0.177335 0.00963938 0.00976075
0 0.22223 0.623145 0.00785999 0.00806063
0 0.388698 0.545109 0.0077993 0.00845808
0 0.446842 0.454452 0.0103071 0.0108042
0 0.377733 0.579018 0.00853357 0.00800323
0 0.481842 0.68231 0.0104765 0.0108991
0 0.689957 0.219617 0.00884688 0.0094294
0 0.250934 0.541447 0.00708582 0.00820506
0 0.276898 0.573263 0.00973177 0.0102315
0 0.48817 0.434725 0.00999698 0.0111666
0 0.666828 0.183886 0.0083431 0.00859125
0 0.209437 0.739262 0.00709748 0.00823021
0 0.403156 0.586741 0.00951758 0.00875586
0 0.702775 0.492574 0.0109206 0.0120968
0 0.46548 0.664437 0.0077135 0.0073244
0 0.315059 0.500854 0.00900108 0.0105557
0 0.405568 0.546779 0.00771683 0.00826401
0 0.341039 0.685986 0.00873184 0.00914973
0 0.480346 0.63697 0.00857913 0.00938338
0 0.445916 0.547704 0.00970727 0.00975722
0 0.728965 0.441091 0.00952667 0.00980377
0 0.735305 0.323124 0.00648099 0.00728655
0 0.679682 0.603213 0.00888288 0.00880891
0 0.619451 0.328947 0.00766277 0.00903168
0 0.589971 0.688517 0.00798565 0.0101483
0 0.778947 0.404567 0.00854129 0.0092167
0 0.686796 0.254572 0.00784588 0.00954533
0 0.339866 0.432636 0.00922155 0.00929624
0 0.549079 0.558984 0.00955874 0.0112856
0 0.325871 0.423275 0.00769481 0.00807151
0 0.344569 0.954746 0.00903541 0.00940341
0 0.452898 0.67435 0.00865668 0.0100363
0 0.35747 0.347442 0.00854376 0.00877523
0 0.748701 0.395219 0.00893021 0.0100187
0 0.423567 0.915782 0.00793001 0.0091961
0 0.308051 0.92341 0.0097166 0.0093773
0 0.679666 0.185955 0.0092144 0.0151851
0 0.469257 0.573466 0.00994891 0.00842822
0 0.751529 0.529039 0.00898916 0.009763
0 0.698342 0.589868 0.00929922 0.0108123
0 0.495308 0.687076 0.00883618 0.00883216
0 0.406254 0.572658 0.00893438 0.00957566
0 0.399159 0.559723 0.00726461 0.00740486
0 0.186034 0.840836 0.00728874 0.00885332
0 0.293432 0.910252 0.00823784 0.00980914
0 0.50419 0.636311 0.00737232 0.00758868
0 0.682022 0.121158 0.00844282 0.00993986
0 0.49249 0.57078 0.00799197 0.00890982
0 0.425845 0.517758 0.0116259 0.00968057
0 0.241057 0.602391 0.00617866 0.00808239
0 0.255282 0.993117 0.00872755 0.00933725
0 0.56214 0.70383 0.00952381 0.0108898
0 0.523882 0.66792 0.00756645 0.00733107
0 0.314753 0.634559 0.00819054 0.00831258
0 0.760596 0.30577 0.00891167 0.0109155
0 0.27243 0.472158 0.00717175 0.00799716
0 0.689475 0.482392 0.00897616 0.00904912
0 0.222692 0.727549 0.00677033 0.00742644
0 0.476692 0.449653 0.00904962 0.00965384
0 0.370809 0.861489 0.00822791 0.00888884
0 0.334641 0.649938 0.0097549 0.00996095
0 0.958843 0.258718 0.00701255 0.00796103
0 0.967435 0.186448 0.00813252 0.00830893
0 0.694702 0.453857 0.0110664 0.0108254
0 0.711966 0.266143 0.00743538 0.00851661
0 0.37767 0.611669 0.00844947 0.00758302
0 0.602557 0.261624 0.00684929 0.00797939
0 0.760767 0.537262 0.00927591 0.0121828
0 0.450888 0.94474 0.0090929 0.00931585
0 0.721909 0.290173 0.00778985 0.00882864
0 0.430223 0.699214 0.00728217 0.00854462
0 0.227858 0.628346 0.00852771 0.00909758
0 0.196517 0.910657 0.00780775 0.00823897
0 0.410834 0.258631 0.00747243 0.00888139
0 0.371613 0.547786 0.00843489 0.0100998
0 0.279911 0.436981 0.00753537 0.0072386
0 0.677908 0.585252 0.00836319 0.00837231
0 0.16825 0.533743 0.00811043 0.0105965
0 0.338644 0.56233 0.00908449 0.00957316
0 0.420468 0.707848 0.00946045 0.0101118
0 0.275081 0.883608 0.00926858 0.0103132
0 0.216549 0.689028 0.00753021 0.00902003
0 0.385086 0.336922 0.00672221 0.00746083
0 0.34788 0.599645 0.00865674 0.00835472
0 0.131854 0.984545 0.00738125 0.00911659
0 0.493382 0.63224 0.00961807 0.0111859
0 0.166816 0.817855 0.00748765 0.00896358
0 0.186772 0.633515 0.0084037 0.00892907
0 0.625659 0.56506 0.00961781 0.00895327
0 0.707001 0.246913 0.00713098 0.00778122
0 0.64727 0.217836 0.00872016 0.00937843
0 0.48804 0.477321 0.00968572 0.010701
0 0.30225 0.43859 0.00768083 0.0101433
0 0.333151 0.441902 0.00687093 0.00677946
0 0.886847 0.177265 0.00748903 0.00957249
0 0.234614 0.583146 0.00856681 0.01041
0 0.505109 0.466236 0.00961083 0.0098196
0 0.248705 0.511466 0.00833613 0.00935727
0 0.468205 0.269971 0.00969705 0.0101799
0 0.819656 0.303749 0.00971299 0.00965536
0 0.468403 0.42643 0.00969362 0.0107596
0 0.696471 0.244669 0.00934392 0.00813504
0 0.367776 0.398764 0.00729007 0.00771511
0 0.178113 0.539647 0.00638327 0.00553721
0 0.198717 0.677361 0.00834781 0.00979692
0 0.404878 0.916281 0.00614464 0.00780946
0 0.390953 0.89259 0.00681752 0.00898743
0 0.748633 0.296678 0.00638026 0.00688234
0 0.296212 0.506701 0.00828543 0.0079962
0 0.392466 0.410019 0.00705454 0.00845346
0 0.388692 0.966284 0.00818929 0.00969809
0 0.664457 0.138621 0.00939941 0.0109482
0 0.380367 0.865313 0.0070304 0.00815529
0 0.683604 0.277423 0.00816554 0.0077711
0 0.334771 0.400433 0.00868598 0.0102006
0 0.17179 0.739145 0.010932 0.0105515
0 0.349483 0.630557 0.00774744 0.00776672
0 0.632318 0.37812 0.0084728 0.00809765
0 0.742817 0.375561 0.0153128 0.013123
0 0.541009 0.570415 0.00760049 0.00838411
0 0.362062 0.687741 0.0108895 0.0128012
0 0.291198 0.605664 0.0101213 0.0112209
0 0.715936 0.470535 0.0132121 0.0186227
0 0.164346 0.88927 0.00889468 0.00989568
0 0.337221 0.458069 0.00790486 0.00800553
0 0.179743 0.650745 0.00758712 0.0078699
0 0.513983 0.681079 0.00999528 0.0083372
0 0.48396 0.501831 0.00654125 0.00718421
0 0.229535 0.465544 0.00778824 0.00817034
0 0.318137 0.623118 0.00728676 0.0086897
0 0.443079 0.694613 0.00767449 0.00944191
0 0.208383 0.621952 0.00814418 0.00827438
0 0.624466 0.546196 0.00900424 0.0100569
0 0.295491 0.521165 0.00751492 0.00691587
0 0.728087 0.280505 0.00791603 0.00862646
0 0.384714 0.604146 0.00723875 0.00784761
0 0.588794 0.56005 0.0094105 0.0112875
0 0.202767 0.694761 0.00665957 0.00697821
0 0.498654 0.65792 0.00674555 0.00864965
0 0.653401 0.572041 0.0112996 0.0126081
0 0.524237 0.267308 0.00795823 0.00895339
0 0.732704 0.423275 0.0097338 0.00926703
0 0.332956 0.420606 0.00826961 0.00901651
0 0.446982 0.289238 0.0102738 0.00963554
0 0.380561 0.96627 0.00712389 0.00874156
0 0.54342 0.659084 0.00866091 0.00946712
0 0.664559 0.606635 0.00855976 0.0109366
0 0.418939 0.501489 0.00850746 0.0104637
0 0.311692 0.480535 0.00912303 0.00926837
0 0.324057 0.671949 0.00956404 0.00929976
0 0.370922 0.550997 0.00865662 0.0136542
0 0.602456 0.336717 0.00808924 0.00867471
0 0.275193 0.421041 0.00810391 0.00865781
0 0.171774 0.502848 0.00909042 0.00960428
0 0.515086 0.637061 0.00789201 0.00835532
0 0.417918 0.926478 0.00789279 0.0088104
0 0.305394 0.490426 0.00866777 0.00899866
0 0.642302 0.368413 0.00891745 0.00910625
0 0.293189 0.421803 0.0068424 0.00700226
0 0.5048 0.624438 0.0102422 0.00993848
0 0.381021 0.953047 0.00760919 0.00905704
0 0.388039 0.621931 0.00831586 0.00923157
0 0.27005 0.908754 0.00598726 0.0072521
0 0.456113 0.504228 0.00823078 0.00940439
0 0.394654 0.336743 0.00762996 0.00948343
0 0.887702 0.318046 0.00922966 0.0107902
0 0.125911 0.736783 0.010582 0.0103939
0 0.37508 0.890712 0.00782681 0.00812382
0 0.688247 0.233844 0.00879878 0.00966044
0 0.395658 0.569294 0.00780734 0.00739247
0 0.65932 0.561605 0.0105909 0.0111448
0 0.245923 0.563399 0.00728998 0.00774205
0 0.457831 0.356087 0.0101148 0.0119942
0 0.777291 0.547053 0.0074262 0.009552
0 0.342159 0.341102 0.00905582 0.0105916
0 0.22729 0.55148 0.00924778 0.00858361
0 0.219411 0.459903 0.00890632 0.00893652
0 0.438286 0.89764 0.00915909 0.00977898
0 0.279585 0.913113 0.00899094 0.00952381
0 0.124737 0.830752 0.00846042 0.00963402
0 0.343034 0.852092 0.00714949 0.008268
0 0.106465 0.71442 0.00894616 0.0099203
0 0.576287 0.436677 0.0151966 0.0128112
0 0.469161 0.958864 0.00790662 0.0085777
0 0.483977 0.464087 0.00860319 0.00879171
0 0.168315 0.957514 0.00717945 0.00713867
0 0.374822 0.381407 0.00867069 0.00976533
0 0.302389 0.916644 0.00929642 0.00838828
0 0.34521 0.835061 0.00888243 0.00866771
0 0.340146 0.915796 0.0143482 0.0123175
0 0.418055 0.685133 0.00746536 0.00898302
0 0.687686 0.470472 0.00911063 0.00898418
0 0.469703 0.679976 0.00609991 0.00707626
0 0.333744 0.663299 0.00866175 0.0081448
0 0.352672 0.420361 0.0082829 0.0084874
0 0.104798 0.98736 0.00730076 0.00907099
0 0.512817 0.680073 0.0108645 0.0108799
0 0.609172 0.362001 0.00906539 0.00855789
0 0.738257 0.413682 0.00856096 0.00789624
0 0.351661 0.613384 0.00844145 0.0080992
0 0.453625 0.290553 0.0110921 0.0102927
0 0.369432 0.951317 0.00792825 0.00897026
0 0.238328 0.727058 0.00821619 0.00813913
0 0.262782 0.537845 0.00837129 0.0106126
0 0.613702 0.275096 0.00754035 0.0089919
0 0.700375 0.31049 0.0072211 0.00730741
0 0.135119 0.736912 0.0111374 0.0104227
0 0.69344 0.242893 0.00995791 0.00857329
0 0.577163 0.233469 0.00716752 0.00767855
0 0.632731 0.333977 0.00845623 0.00919035
0 0.157932 0.539295 0.00843468 0.00867236
0 0.187869 0.619719 0.00838557 0.00933588
0 0.481624 0.698489 0.00808498 0.00793272
0 0.489038 0.622043 0.010976 0.00983942
0 0.695393 0.243542 0.0108029 0.00829306
0 0.697705 0.258185 0.00695896 0.00717831
0 0.543088 0.296206 0.0110092 0.0130712
0 0.693398 0.349319 0.00782901 0.00895444
0 0.344819 0.969363 0.00867039 0.00755501
0 0.178151 0.682365 0.00794668 0.00715023
0 0.663838 0.195617 0.00911975 0.0105256
0 0.718379 0.341271 0.00705224 0.00686264
0 0.345115 0.406939 0.00818196 0.00826818
0 0.29038 0.483183 0.00623214 0.00756741
0 0.332131 0.906252 0.0088093 0.0103481
0 0.463606 0.584174 0.00720635 0.00727224
0 0.969729 0.239978 0.00861204 0.00987634
0 0.535834 0.600438 0.00842285 0.00890237
0 0.331603 0.619892 0.00760898 0.0085777
0 0.620532 0.587783 0.0100877 0.0110248
0 0.616998 0.353535 0.00702995 0.00833726
0 0.973396 0.450198 0.0105397 0.0132101
0 0.369254 0.691176 0.00911868 0.0110469
0 0.291244 0.411387 0.00612602 0.00673151
0 0.264889 0.599805 0.00904083 0.010175
0 0.600062 0.557998 0.00857675 0.0104469
0 0.223863 0.560534 0.00658126 0.00728768
0 0.986457 0.464453 0.00982797 0.0119583
0 0.171397 0.942844 0.00722985 0.00919801
0 0.167444 0.654531 0.00650167 0.00718516
0 0.329543 0.490544 0.00860742 0.00858384
0 0.302423 0.463443 0.00798741 0.00963059
0 0.930483 0.233302 0.00784075 0.0088037
0 0.334071 0.82748 0.0083909 0.0088352
0 0.17289 0.641871 0.00665745 0.00693548
0 0.484422 0.544363 0.00902271 0.00809842
0 0.152484 0.664483 0.00894384 0.00829691
0 0.408755 0.993217 0.0100918 0.00974315
0 0.196881 0.749564 0.00753181 0.00764847
0 0.899451 0.183868 0.00731301 0.00753054
0 0.178685 0.89536 0.0068859 0.00773829
0 0.582355 0.220568 0.00758696 0.00815266
0 0.168431 0.854033 0.00754023 0.00924569
0 0.338562 0.634662 0.00701341 0.00733006
0 0.27242 0.407696 0.00814375 0.00877008
0 0.241295 0.715971 0.00998363 0.0088051
