0 0.556545 0.0260865 0.0130127 0.014634
0 0.502511 0.0701484 0.0128796 0.0138241
0 0.521957 0.0729253 0.0134695 0.0135562
0 0.399558 0.0572396 0.0130897 0.0138067
0 0.489239 0.0949733 0.0115862 0.0127207
0 0.513583 0.0934402 0.011104 0.0108516
0 0.335752 0.064554 0.0178126 0.0213671
0 0.551646 0.0792434 0.0123838 0.0121656
0 0.521222 0.110105 0.0115164 0.0123129
0 0.542472 0.0929389 0.0136364 0.01258
0 0.52769 0.0522219 0.0157986 0.0181971
0 0.385226 0.0451055 0.0160312 0.0137691
0 0.845277 0.134066 0.0150799 0.0161798
0 0.551985 0.0622305 0.0140284 0.0145658
0 0.360947 0.0670273 0.0152526 0.0161456
0 0.502131 0.105542 0.0108587 0.0105603
0 0.838795 0.11211 0.0130776 0.0114871
0 0.820823 0.124742 0.0144789 0.0157871
0 0.480088 0.272857 0.0360584 0.0345798
0 0.835929 0.153803 0.0161511 0.0154978
0 0.846654 0.00348861 0.0120445 0.0065163
0 0.885121 0.26633 0.0289131 0.0277668
