0 0.54225 0.304738 0.00983995 0.00839525
0 0.729302 0.0289642 0.0107654 0.0116675
0 0.502131 0.489644 0.00693473 0.00778598
0 0.522299 0.552917 0.00648248 0.0064432
0 0.643885 0.374001 0.010062 0.00865418
0 0.608447 0.00243676 0.00519788 0.00487351
0 0.526296 0.447127 0.00588638 0.00718001
0 0.748941 0.00779972 0.00850105 0.00960101
0 0.466014 0.566862 0.00846997 0.0102153
0 0.542888 0.385487 0.00738102 0.00948334
0 0.532499 0.415168 0.00685287 0.00730133
0 0.567828 0.398984 0.00836307 0.00870427
0 0.562827 0.249366 0.008977 0.00887796
0 0.604441 0.401324 0.00863838 0.00849855
0 0.509468 0.392676 0.00775379 0.0107408
0 0.211302 0.0039417 0.00891943 0.00753484
0 0.520791 0.397629 0.00828266 0.00878286
0 0.54378 0.265509 0.00713277 0.00888765
0 0.628124 0.00384208 0.00944501 0.00768415
