0 0.115827 0.0611274 0.00860272 0.0104888
0 0.0768609 0.0333547 0.0125824 0.0116827
0 0.109808 0.0456424 0.010048 0.0102549
0 0.145092 0.0974307 0.0100703 0.0109109
0 0.0768686 0.0468488 0.0127999 0.0100782
0 0.0615435 0.0614638 0.00914452 0.00983019
0 0.158031 0.0926622 0.00775133 0.00765498
0 0.10791 0.157393 0.00896652 0.0089664
0 0.0168276 0.0955081 0.00977092 0.0113142
0 0.149035 0.127679 0.0102983 0.011076
0 0.104098 0.107461 0.012524 0.0105914
0 0.110546 0.140622 0.00929537 0.0110054
0 0.112189 0.144617 0.00877351 0.0105241
0 0.154064 0.132871 0.0127512 0.0105863
0 0.0299963 0.0954582 0.00900733 0.0128016
