0 0.365927 0.540354 0.00902081 0.0101761
0 0.465126 0.539747 0.00793096 0.00842869
0 0.391521 0.566766 0.00857261 0.00937521
0 0.277795 0.541708 0.00876752 0.0118801
0 0.984281 0.414936 0.00898933 0.0103528
0 0.266117 0.545148 0.00811318 0.0108005
0 0.379736 0.553933 0.00829908 0.00840646
0 0.491612 0.52016 0.00984585 0.0103299
0 0.454781 0.536346 0.00742397 0.00797862
0 0.466242 0.514961 0.00828934 0.00842053
0 0.438163 0.552026 0.0103712 0.0100155
0 0.32087 0.697873 0.0100158 0.0110385
0 0.504209 0.523093 0.00875387 0.00901216
0 0.742976 0.24402 0.010739 0.0115635
0 0.484084 0.557997 0.00805768 0.00991416
0 0.508211 0.551459 0.0093748 0.00989974
0 0.799104 0.271231 0.010017 0.0103115
0 0.405025 0.627657 0.00855216 0.00943261
0 0.268861 0.765293 0.0142464 0.0119828
0 0.305579 0.632841 0.00948432 0.0101722
0 0.295867 0.883771 0.00976363 0.0105713
0 0.997291 0.424456 0.00541705 0.0119406
0 0.350286 0.353244 0.009287 0.0094572
0 0.0417608 0.303166 0.00932929 0.0106006
0 0.422888 0.524262 0.00704649 0.0081476
0 0.436478 0.574354 0.00816098 0.0080601
0 0.678206 0.26902 0.0118866 0.011463
0 0.440318 0.536416 0.0124142 0.0101542
0 0.382319 0.670327 0.00830746 0.00892049
0 0.30259 0.59345 0.00953689 0.00909537
0 0.392546 0.625422 0.00937185 0.0097723
0 0.364044 0.560964 0.00895071 0.0101792
0 0.740175 0.289243 0.00915033 0.0120192
0 0.790617 0.263517 0.00927508 0.0104403
0 0.551022 0.646818 0.00839311 0.00903511
0 0.371048 0.568114 0.00752437 0.00726569
0 0.37281 0.967874 0.00982875 0.0105242
0 0.784302 0.283734 0.00795138 0.0088374
0 0.462194 0.526851 0.00757027 0.00936341
0 0.514109 0.526654 0.0084421 0.0112081
0 0.488659 0.574047 0.00830489 0.00888997
0 0.00700559 0.356654 0.00947809 0.010248
0 0.400362 0.55539 0.00739279 0.00808501
0 0.410169 0.582389 0.0126373 0.0106142
0 0.765604 0.27724 0.00905323 0.0127203
0 0.414717 0.592396 0.0106588 0.0108263
0 0.278295 0.904979 0.00781891 0.0100662
0 0.687512 0.254892 0.00945026 0.0130215
0 0.400704 0.536194 0.00836879 0.00836748
0 0.388316 0.549045 0.00737828 0.00738472
0 0.257325 0.898516 0.0115872 0.0138983
0 0.719182 0.225777 0.014154 0.0155629
0 0.300061 0.742972 0.0109251 0.01264
0 0.2985 0.737375 0.0108113 0.0141065
0 0.412107 0.585259 0.0136727 0.0143385
0 0.764746 0.273174 0.00846529 0.0101573
0 0.373286 0.680883 0.00809717 0.00857735
0 0.430082 0.623508 0.00705576 0.00803834
0 0.0213209 0.422847 0.00971285 0.0100333
0 0.29978 0.740415 0.0118465 0.0169777
0 0.251069 0.885599 0.0100056 0.0108421
0 0.692873 0.27891 0.0086937 0.0092856
0 0.778219 0.256154 0.00881654 0.00907877
