0 0.266869 0.603444 0.00977191 0.0109253
0 0.722864 0.70847 0.00958425 0.00957012
0 0.720821 0.692011 0.0096426 0.010281
0 0.227884 0.553324 0.0104834 0.0110701
0 0.301283 0.640868 0.0089674 0.00953376
0 0.282541 0.61675 0.00920725 0.0100399
0 0.172019 0.423731 0.00832351 0.00981084
0 0.527268 0.786694 0.00992614 0.0103819
0 0.525696 0.771322 0.0104159 0.0101057
0 0.530785 0.803451 0.00794321 0.00977612
0 0.618595 0.210105 0.00886649 0.00957623
0 0.158004 0.486593 0.00924754 0.0105385
0 0.316756 0.651974 0.00972152 0.0105795
0 0.96192 0.737828 0.0105262 0.0102786
0 0.324316 0.627021 0.0124452 0.0121984
0 0.170113 0.49404 0.0101308 0.0123011
0 0.645462 0.215082 0.010346 0.0107435
0 0.520064 0.797518 0.00875568 0.00806546
0 0.93936 0.771367 0.0090937 0.00987071
0 0.20981 0.542139 0.0121848 0.0148281
0 0.352059 0.610514 0.00730819 0.00886631
0 0.131474 0.52899 0.00913814 0.0107759
0 0.51772 0.809543 0.00936091 0.00995517
0 0.330157 0.586051 0.00913763 0.0111756
0 0.185077 0.438282 0.00982994 0.00957429
0 0.958442 0.764814 0.010788 0.0114949
0 0.6281 0.200321 0.00989741 0.0126189
0 0.522406 0.823803 0.0130422 0.0109104
0 0.361934 0.608482 0.00746021 0.00893229
0 0.227001 0.498023 0.00880904 0.0122506
0 0.367712 0.617349 0.00713709 0.00865632
0 0.195511 0.541808 0.0084691 0.00862026
