0 0.776499 0.266601 0.00950432 0.00925559
0 0.55316 0.633121 0.0112315 0.0112673
0 0.783555 0.229821 0.00940752 0.00979409
0 0.873217 0.92826 0.00871199 0.00942445
0 0.572264 0.348354 0.00853026 0.0101956
0 0.926539 0.31621 0.00853115 0.0110912
0 0.582535 0.30212 0.00907081 0.0104685
0 0.552536 0.646253 0.00859714 0.00850707
0 0.934618 0.347825 0.0082373 0.00955305
0 0.963477 0.310162 0.0081476 0.0098556
0 0.479075 0.640142 0.00883943 0.010285
0 0.791129 0.271793 0.0102095 0.0105461
0 0.827347 0.910501 0.00815487 0.00973755
0 0.267211 0.984906 0.00833711 0.00906026
0 0.751381 0.339808 0.00991988 0.0115311
0 0.576787 0.31587 0.00970548 0.0104728
0 0.918668 0.249605 0.0115972 0.0123475
0 0.759586 0.248647 0.00895309 0.00911494
0 0.933084 0.602289 0.0101132 0.0100338
0 0.75052 0.259308 0.0108048 0.0111721
0 0.942644 0.564977 0.0103409 0.0108523
0 0.786504 0.310302 0.00748539 0.0091652
0 0.723504 0.265034 0.00820386 0.00839034
0 0.783618 0.32189 0.00742894 0.00766039
0 0.942195 0.610369 0.00793457 0.00944442
0 0.864906 0.265972 0.00816327 0.00873739
0 0.916014 0.292982 0.00782776 0.0085457
0 0.859446 0.33998 0.00891304 0.00979233
0 0.826657 0.421036 0.00967252 0.0102049
0 0.964002 0.264018 0.0106562 0.0144813
0 0.766127 0.311175 0.00812662 0.00979272
0 0.925772 0.98484 0.00827217 0.00946045
0 0.307042 0.926711 0.0108126 0.012743
0 0.882795 0.333219 0.00909668 0.00942415
0 0.780466 0.2533 0.00778747 0.00892219
0 0.911092 0.308368 0.00962353 0.0107973
0 0.840474 0.897592 0.0102413 0.010334
0 0.767796 0.258127 0.00795001 0.00930476
0 0.980847 0.684458 0.0102322 0.0127118
0 0.959692 0.291154 0.00792813 0.00799483
0 0.790634 0.339129 0.00829464 0.00925246
0 0.945251 0.358607 0.00950968 0.00969735
0 0.846822 0.301356 0.00754315 0.00937939
0 0.545806 0.297442 0.00862521 0.00877917
0 0.738693 0.309263 0.0131869 0.0207213
0 0.918615 0.345455 0.00927734 0.00967824
0 0.913747 0.329759 0.00772899 0.00834671
0 0.503359 0.482459 0.0102224 0.01085
0 0.990178 0.669742 0.00901604 0.0111535
0 0.902333 0.282627 0.00843066 0.00985003
0 0.738426 0.341039 0.00880814 0.0103822
0 0.980882 0.268088 0.00968421 0.0110783
0 0.775223 0.364393 0.00906408 0.00918111
0 0.584064 0.333219 0.00735307 0.00904292
0 0.893064 0.292469 0.00866777 0.0103309
0 0.83681 0.297497 0.00780988 0.00857562
0 0.888614 0.538783 0.0119679 0.0138131
0 0.804647 0.28332 0.00778162 0.00933582
0 0.858232 0.277222 0.00918365 0.00825921
0 0.904714 0.956358 0.0117928 0.0138283
0 0.932444 0.33602 0.00774097 0.00725117
0 0.904035 0.163295 0.00886458 0.0111066
0 0.907891 0.234496 0.010828 0.00994615
0 0.947361 0.268985 0.0107071 0.0110604
0 0.779847 0.28149 0.00895685 0.0106756
0 0.775905 0.311358 0.00675315 0.00841695
0 0.905395 0.298497 0.00815904 0.00909737
0 0.26446 0.973474 0.00873145 0.00872993
0 0.965297 0.277541 0.0087328 0.00930756
0 0.840134 0.443266 0.00888288 0.00968704
0 0.828334 0.43949 0.0112309 0.0118401
0 0.906536 0.953723 0.0119564 0.0152878
0 0.75696 0.37932 0.01148 0.0102268
0 0.99224 0.34446 0.00661123 0.00869301
0 0.862559 0.289384 0.0107844 0.0100343
0 0.807577 0.352022 0.00970763 0.00997496
0 0.879638 0.238025 0.00766635 0.00908136
0 0.273637 0.967397 0.00803778 0.00919074
0 0.274938 0.953565 0.00823784 0.00936586
0 0.874074 0.319463 0.00828397 0.00942487
0 0.902928 0.234585 0.0110102 0.00943975
0 0.839898 0.286316 0.00722384 0.00826007
0 0.492607 0.66515 0.0125454 0.0143685
0 0.572652 0.284739 0.00873882 0.0152937
0 0.494747 0.72627 0.0098055 0.00940341
0 0.552252 0.657191 0.00709379 0.00776827
0 0.982878 0.712472 0.0100223 0.0106007
0 0.817883 0.472245 0.00718647 0.00832671
0 0.317309 0.845457 0.00623611 0.00707662
0 0.30865 0.888676 0.014836 0.0150719
0 0.277933 0.980557 0.00773448 0.00928974
0 0.487027 0.71604 0.00830212 0.00950468
0 0.862066 0.276691 0.0139946 0.00904357
0 0.906986 0.555278 0.0124969 0.0151322
0 0.794185 0.324775 0.00815094 0.00995505
0 0.787685 0.294995 0.00820959 0.00956085
0 0.256522 0.991881 0.00865069 0.00878447
0 0.805747 0.423272 0.00822908 0.00912419
0 0.789483 0.378073 0.0103596 0.0110971
0 0.910431 0.613287 0.00808775 0.00890481
0 0.542255 0.657895 0.00708914 0.00842285
0 0.905745 0.633201 0.00721854 0.0100624
0 0.972949 0.667842 0.00624317 0.00825882
