0 0.640278 0.840203 0.0102196 0.0128063
0 0.688845 0.732709 0.0118528 0.012055
0 0.84181 0.787104 0.010688 0.010791
0 0.727415 0.722283 0.00906605 0.0103069
0 0.715917 0.72219 0.00735092 0.00770015
0 0.699301 0.718042 0.0116236 0.0148885
0 0.865631 0.866762 0.011031 0.0128258
0 0.865907 0.837629 0.0108875 0.0123203
0 0.639238 0.761002 0.00898951 0.00944668
0 0.719515 0.819679 0.00953847 0.010205
0 0.665912 0.784418 0.0111881 0.0108702
0 0.702735 0.767881 0.00886708 0.0110949
0 0.693924 0.77924 0.00838065 0.0122666
0 0.654466 0.790908 0.0071249 0.00875604
0 0.97662 0.892173 0.00698435 0.00746959
0 0.96404 0.934648 0.0124401 0.0109653
0 0.964746 0.952087 0.011952 0.00959969
0 0.751442 0.736261 0.00924695 0.00917834
0 0.961551 0.889058 0.00745887 0.00820714
0 0.702548 0.78439 0.00820655 0.00814837
