0 0.791063 0.327919 0.00811255 0.00901222
0 0.466927 0.201397 0.00853655 0.00943509
0 0.595401 0.14626 0.00999004 0.0106385
0 0.0325507 0.191327 0.00744594 0.00823608
0 0.513495 0.140252 0.00807381 0.00960946
0 0.644891 0.126385 0.0093447 0.0107682
0 0.490081 0.0325257 0.00889245 0.010302
0 0.853015 0.29074 0.00855619 0.00955027
0 0.559178 0.123647 0.00848782 0.00901936
0 0.753155 0.333205 0.00663567 0.00740582
0 0.0140966 0.244743 0.00753762 0.0104702
0 0.803008 0.329634 0.00772858 0.00805444
0 0.445247 0.16786 0.00830823 0.00880413
0 0.446012 0.188939 0.00624239 0.00825801
0 0.537129 0.198956 0.00939047 0.00975785
0 0.519356 0.117895 0.00977498 0.00883846
0 0.863666 0.333606 0.00891536 0.0101835
0 0.0206202 0.21935 0.00742305 0.00862046
0 0.123872 0.21739 0.0080638 0.00861654
0 0.700436 0.0841122 0.00890148 0.00963812
0 0.551224 0.157124 0.00757641 0.00852986
0 0.484599 0.180068 0.006291 0.00733389
0 0.412525 0.191482 0.00957775 0.0101296
0 0.313514 0.189354 0.00754794 0.0084592
0 0.576836 0.0802035 0.00748646 0.00798974
0 0.56656 0.157205 0.0080533 0.00795007
0 0.0383168 0.279059 0.00797557 0.00911397
0 0.850858 0.305008 0.0086872 0.00935641
0 0.0123094 0.144913 0.0104052 0.0105806
0 0.457749 0.145366 0.00933111 0.00995378
0 0.463847 0.121721 0.00707254 0.00666051
0 0.56304 0.0181749 0.0100191 0.00976954
0 0.0260517 0.141162 0.00748889 0.00922875
0 0.576259 0.0396474 0.00872785 0.00899813
0 0.763939 0.330138 0.00698203 0.00860777
0 0.101651 0.234106 0.00724936 0.00723353
0 0.906556 0.303619 0.0103912 0.0102418
0 0.597459 0.0399969 0.00782716 0.00832217
0 0.481675 0.116984 0.00763014 0.00867858
