0 0.683924 0.917024 0.0121239 0.0150139
0 0.766549 0.278613 0.0143767 0.0141278
0 0.241637 0.820653 0.00777674 0.0104866
0 0.557332 0.0564917 0.0189947 0.0200526
0 0.323417 0.225289 0.0122761 0.0126217
0 0.732342 0.930047 0.0117897 0.0139711
0 0.872838 0.771917 0.0164124 0.0164269
0 0.383865 0.99186 0.0144332 0.0128177
0 0.98225 0.815148 0.0134327 0.0146164
0 0.768115 0.238678 0.0138912 0.0151782
0 0.935088 0.867301 0.0213771 0.0167936
0 0.84235 0.146233 0.0141388 0.0178115
0 0.576545 0.330587 0.00999433 0.0124295
0 0.791556 0.710928 0.0140293 0.0167899
0 0.579333 0.0417174 0.0164307 0.0146245
0 0.418997 0.985225 0.0144541 0.0116262
0 0.663334 0.278604 0.0158281 0.0150421
0 0.948439 0.640427 0.00974923 0.00860745
0 0.995222 0.825736 0.00926971 0.0128502
0 0.517411 0.47233 0.0142881 0.0128095
0 0.975304 0.830206 0.0117535 0.0111782
0 0.368659 0.256349 0.0187677 0.0131157
0 0.703009 0.853344 0.0115193 0.0139061
0 0.881321 0.75195 0.0140656 0.0129399
0 0.701279 0.852499 0.0171524 0.0184234
0 0.994406 0.288982 0.0111877 0.0131277
0 0.662745 0.277865 0.0184673 0.0188623
0 0.948095 0.640006 0.0120228 0.0107495
0 0.519363 0.0813632 0.0185969 0.0174263
0 0.944891 0.604047 0.0126148 0.0115339
0 0.263725 0.895795 0.0139403 0.0100517
0 0.979836 0.248985 0.0126255 0.0134017
0 0.516628 0.471503 0.0185442 0.0144865
0 0.588783 0.0247756 0.0113491 0.0102757
0 0.418405 0.620538 0.0191687 0.0162571
