0 0.321883 0.903504 0.00732192 0.00755483
0 0.204073 0.802554 0.0089772 0.00883824
0 0.160682 0.772892 0.0074013 0.00742847
0 0.498978 0.648938 0.00864756 0.00897729
0 0.103977 0.739745 0.00841969 0.00822479
0 0.495972 0.623596 0.00834292 0.0103588
0 0.119343 0.79223 0.00739765 0.00774074
0 0.387121 0.976568 0.0113049 0.0111139
0 0.203798 0.740382 0.008074 0.00917321
0 0.215162 0.651178 0.00820293 0.0098297
0 0.0667333 0.610302 0.0075746 0.00782377
0 0.289455 0.951976 0.00812539 0.0086109
0 0.188483 0.628381 0.00768586 0.00742662
0 0.236515 0.935027 0.0073833 0.0084244
0 0.48862 0.678372 0.0073902 0.00873601
0 0.245586 0.932044 0.00651875 0.0074715
0 0.114536 0.577855 0.0111705 0.00935256
0 0.0899752 0.690017 0.00724217 0.00762212
0 0.319709 0.914896 0.00724334 0.007707
0 0.273681 0.945846 0.00694448 0.00697094
0 0.327371 0.936313 0.00720567 0.00769556
0 0.108385 0.673683 0.00761766 0.00743127
