0 0.571641 0.571659 0.019542 0.0180626
0 0.733043 0.570338 0.0180774 0.0165258
0 0.572441 0.788243 0.0114697 0.0111363
0 0.578843 0.829994 0.014381 0.0173111
0 0.859997 0.185369 0.0230293 0.0157223
0 0.921203 0.00763446 0.0139393 0.0123489
0 0.894805 0.528937 0.0127613 0.0115242
0 0.545343 0.507254 0.0197773 0.0134642
0 0.567212 0.177636 0.0120088 0.0143766
0 0.540854 0.446195 0.0172043 0.0125237
0 0.854313 0.485571 0.0153059 0.0144606
0 0.109772 0.378879 0.0133099 0.0188166
0 0.544595 0.599219 0.0180637 0.0176426
0 0.923803 0.0284574 0.0107558 0.0101226
