0 0.218496 0.042328 0.015432 0.0186588
0 0.287365 0.369115 0.0103207 0.0107712
0 0.306001 0.423699 0.011274 0.0119783
0 0.289796 0.409656 0.011294 0.0105375
0 0.410592 0.588791 0.0106748 0.0120862
0 0.264662 0.39201 0.0102208 0.00929481
0 0.0945681 0.769826 0.0136963 0.0132189
0 0.324296 0.387394 0.0101746 0.0110709
0 0.222961 0.948174 0.0113825 0.0111448
0 0.229396 0.746882 0.011584 0.0107214
0 0.536756 0.498338 0.0107134 0.0123851
0 0.275979 0.355853 0.0101891 0.0104648
0 0.308456 0.388602 0.011063 0.010916
0 0.857122 0.294012 0.0125108 0.0135735
0 0.0589981 0.729117 0.0118204 0.0116959
0 0.299536 0.353926 0.0120443 0.0121556
0 0.204344 0.491383 0.0111936 0.00946167
0 0.224386 0.802255 0.0129184 0.0122018
0 0.500049 0.201825 0.0101415 0.0093205
0 0.337983 0.473828 0.0112802 0.00998047
0 0.166052 0.588582 0.0125528 0.0117729
0 0.464452 0.695752 0.0104058 0.0156465
0 0.315859 0.461673 0.0120135 0.0118715
0 0.488483 0.00861992 0.0100223 0.0105133
0 0.132056 0.550536 0.0120843 0.0110699
0 0.191454 0.720722 0.0115375 0.0112022
0 0.314668 0.406039 0.0127436 0.0117958
0 0.397364 0.519419 0.0121811 0.0108574
0 0.350943 0.387545 0.00992692 0.00987482
0 0.404509 0.983642 0.0102705 0.00970823
0 0.233234 0.958144 0.00881653 0.00951898
0 0.499053 0.672239 0.0111582 0.011893
0 0.446917 0.633814 0.0111127 0.0117636
0 0.161624 0.957451 0.0154018 0.0118008
0 0.238396 0.937661 0.0125102 0.0111557
0 0.166169 0.872976 0.0103424 0.00884134
0 0.242808 0.911989 0.012395 0.0110866
0 0.160661 0.859106 0.0106244 0.0117636
0 0.455534 0.651552 0.0111273 0.0128181
0 0.00548325 0.840344 0.010906 0.0121548
0 0.274507 0.912642 0.011666 0.0116787
0 0.349802 0.508212 0.01024 0.0106857
0 0.625393 0.203494 0.0104929 0.0098989
0 0.0826045 0.841234 0.0134544 0.0111332
0 0.208547 0.933133 0.0125297 0.011602
0 0.258456 0.43294 0.00982571 0.0105597
