0 0.865365 0.647363 0.00949478 0.0110312
0 0.66638 0.370165 0.00966889 0.0107944
0 0.663381 0.390502 0.00985312 0.0107358
0 0.654155 0.528182 0.00886023 0.00997829
0 0.471066 0.929099 0.0090391 0.00927776
0 0.747899 0.427031 0.00918627 0.00956631
0 0.853651 0.417825 0.00974578 0.00994968
0 0.713515 0.474505 0.00951046 0.00969258
0 0.977647 0.646715 0.0107685 0.0139667
0 0.246849 0.520507 0.0104049 0.0112957
0 0.695016 0.502304 0.0119148 0.0109831
0 0.454257 0.619359 0.0105579 0.0116438
0 0.356986 0.542488 0.00955999 0.00971401
0 0.225198 0.446326 0.0130688 0.0142294
0 0.66707 0.441733 0.0102381 0.010437
0 0.29916 0.155442 0.0105727 0.0126359
0 0.651947 0.514368 0.00776899 0.00855637
0 0.593007 0.216348 0.010161 0.00895277
0 0.850831 0.64782 0.00949097 0.00904351
0 0.216288 0.647052 0.00864567 0.00957072
0 0.64781 0.275746 0.00910455 0.00981817
0 0.336837 0.252572 0.00877833 0.0102581
0 0.53946 0.315078 0.00775743 0.00778773
0 0.398244 0.932487 0.00891459 0.0111147
0 0.836653 0.413596 0.00973892 0.0103484
0 0.711433 0.451728 0.00874043 0.00975877
0 0.86251 0.776053 0.0128613 0.0135721
0 0.373299 0.595944 0.00984815 0.0101665
0 0.384619 0.913895 0.00846729 0.0102504
0 0.0664226 0.297553 0.0108578 0.00957164
0 0.634253 0.490041 0.00876951 0.0097498
0 0.387779 0.894603 0.0133454 0.0137963
0 0.261629 0.865495 0.0101722 0.0108566
0 0.431625 0.492444 0.00844812 0.00953883
0 0.541993 0.30396 0.00759196 0.00754729
0 0.725881 0.439473 0.00841057 0.00956345
0 0.632935 0.259632 0.00714701 0.00802812
0 0.628577 0.984269 0.00713217 0.00838625
0 0.319869 0.870352 0.00877509 0.00972062
0 0.575183 0.295081 0.00967246 0.00991276
0 0.23394 0.513748 0.0103384 0.0108154
0 0.49201 0.920433 0.00792769 0.00817943
0 0.407393 0.875497 0.0118137 0.0122886
0 0.605101 0.202762 0.00862253 0.00904852
0 0.670453 0.501676 0.0090785 0.00948927
0 0.652808 0.36161 0.00970596 0.00974551
0 0.506828 0.283405 0.00878739 0.0094038
0 0.339452 0.808874 0.01171 0.012508
0 0.802249 0.410371 0.00889683 0.011045
0 0.503969 0.217121 0.00977936 0.00847101
0 0.440295 0.60251 0.00870362 0.00805783
0 0.204014 0.266065 0.00808801 0.00763446
0 0.592578 0.301808 0.00876468 0.0102835
0 0.645999 0.179989 0.00814801 0.0074117
0 0.445472 0.968492 0.0112593 0.0106831
0 0.569787 0.958929 0.0108256 0.00966835
0 0.610128 0.985761 0.00721657 0.0068996
0 0.849495 0.433091 0.0103611 0.011391
0 0.337047 0.586119 0.0104189 0.0102409
0 0.375619 0.529926 0.00844726 0.0102129
0 0.597048 0.989344 0.00753134 0.00929224
0 0.601322 0.237971 0.00813407 0.00965075
0 0.74009 0.526174 0.00893021 0.0106671
0 0.753712 0.491094 0.01177 0.01127
0 0.59233 0.154754 0.00719965 0.00761154
0 0.732658 0.495504 0.00774729 0.00886953
0 0.567708 0.402412 0.00915015 0.0113757
0 0.6916 0.276812 0.0122501 0.00936756
0 0.693468 0.24047 0.00824797 0.00921249
0 0.492274 0.894792 0.00920412 0.0104576
0 0.622875 0.538325 0.00928837 0.0106248
0 0.0584214 0.46074 0.00756611 0.00686854
0 0.441443 0.201265 0.00938624 0.0101861
0 0.427741 0.587595 0.00766382 0.00858784
0 0.378351 0.260829 0.00771505 0.0100265
0 0.453821 0.188615 0.00771636 0.00920257
0 0.646282 0.346081 0.00829828 0.0101902
0 0.331665 0.70378 0.00830829 0.0091899
0 0.625197 0.506402 0.00979245 0.0090155
0 0.784314 0.501876 0.0095008 0.0122032
0 0.654744 0.433378 0.00949669 0.0106327
0 0.328523 0.797772 0.00803232 0.00908291
0 0.259122 0.0968022 0.00793153 0.00796801
0 0.502317 0.228402 0.00965235 0.00966768
0 0.477443 0.235658 0.0112788 0.0109477
0 0.846482 0.89425 0.00902724 0.00955391
0 0.848944 0.484186 0.00896984 0.0110481
0 0.54227 0.279803 0.0065887 0.00728124
0 0.353336 0.20403 0.0117428 0.0100864
0 0.33822 0.185754 0.0092105 0.0129483
0 0.633219 0.273694 0.00574875 0.00658152
0 0.396836 0.586725 0.00789776 0.00709802
0 0.413104 0.27229 0.0121704 0.0111282
0 0.573421 0.166317 0.00951672 0.0111713
0 0.333746 0.264405 0.00683036 0.00725222
0 0.552228 0.299441 0.00764865 0.00815004
0 0.172663 0.28882 0.00696026 0.00829861
0 0.804076 0.471946 0.00855654 0.00928822
0 0.267446 0.141021 0.00807008 0.00751233
0 0.892639 0.917965 0.0113519 0.0111847
0 0.386356 0.576213 0.00752079 0.00730801
0 0.738266 0.542211 0.00833225 0.0104771
0 0.232694 0.28819 0.00676771 0.00758573
0 0.415344 0.254438 0.0130502 0.00854102
0 0.691685 0.360848 0.00914919 0.00918207
0 0.654333 0.373995 0.00778693 0.00707796
0 0.789669 0.472737 0.0119011 0.012553
0 0.307436 0.623886 0.00991639 0.00963938
0 0.574359 0.20465 0.0111662 0.0105318
0 0.30789 0.272394 0.00647277 0.0069328
0 0.658123 0.475773 0.00689036 0.00808546
0 0.697646 0.542993 0.00874913 0.00983888
0 0.25522 0.146893 0.00791925 0.0073268
0 0.183511 0.43378 0.0115727 0.0127084
0 0.36455 0.200217 0.00751114 0.00976619
0 0.271111 0.0954532 0.00700828 0.00784303
0 0.892458 0.640022 0.00871354 0.0112528
0 0.754968 0.494525 0.0130672 0.0157022
0 0.626229 0.266981 0.00716192 0.00713375
0 0.347671 0.768317 0.0099639 0.0110472
0 0.0329513 0.710762 0.00727335 0.00708914
0 0.386991 0.540322 0.00911626 0.0104269
0 0.692441 0.252706 0.00622523 0.00693999
0 0.676442 0.190224 0.00668943 0.00715272
0 0.598333 0.506896 0.00760078 0.00837725
0 0.857427 0.67688 0.0109665 0.00975722
0 0.573072 0.148846 0.00689459 0.00733539
0 0.625108 0.505727 0.0079031 0.00771332
0 0.484713 0.280148 0.00887489 0.008564
0 0.31733 0.230148 0.0097149 0.0109836
0 0.564149 0.379405 0.00777572 0.00799236
0 0.638256 0.326758 0.00779742 0.00830477
0 0.446799 0.59417 0.00793016 0.00774831
0 0.153719 0.43158 0.0086062 0.00906008
0 0.275772 0.132938 0.00646487 0.00795579
0 0.605552 0.532802 0.00818712 0.00834399
0 0.398773 0.53899 0.0110119 0.0107872
0 0.403348 0.263608 0.00773898 0.00854641
0 0.743157 0.498349 0.00748211 0.00839853
0 0.70738 0.511402 0.00832558 0.00752085
0 0.275927 0.535158 0.00815764 0.00786263
0 0.341001 0.23933 0.00863189 0.00921239
0 0.69098 0.522637 0.01151 0.0110428
0 0.481315 0.900647 0.00842306 0.00914156
0 0.835287 0.445092 0.0100021 0.00927898
0 0.481798 0.212353 0.011956 0.0121262
0 0.444715 0.731045 0.0102999 0.00974512
0 0.449501 0.940369 0.00773165 0.00814974
0 0.451129 0.212297 0.00799769 0.00907011
0 0.638707 0.429307 0.0108435 0.0118685
0 0.789514 0.396602 0.00869638 0.00844848
0 0.446281 0.0215355 0.00759354 0.00847038
0 0.69825 0.482896 0.0071373 0.00719327
0 0.860804 0.662676 0.010363 0.0106211
0 0.688898 0.530498 0.010747 0.0128102
0 0.284205 0.883924 0.0107504 0.0100285
0 0.494373 0.238055 0.00862932 0.00771236
0 0.354459 0.0329257 0.00633699 0.00652552
0 0.801978 0.464949 0.00887376 0.011474
0 0.826151 0.754413 0.00753713 0.00786018
0 0.288263 0.116884 0.00636265 0.00606177
0 0.364989 0.607234 0.0100472 0.00992745
0 0.279235 0.255746 0.00811023 0.0081161
0 0.224071 0.223659 0.00802502 0.00956444
0 0.39578 0.860725 0.0130312 0.0120445
0 0.834556 0.482922 0.011758 0.0112687
0 0.875683 0.925502 0.0115681 0.0132405
0 0.238852 0.314355 0.00731345 0.00727835
0 0.232794 0.304827 0.0073486 0.00688988
0 0.657752 0.303746 0.00894296 0.00912032
0 0.351683 0.64067 0.008228 0.00896001
0 0.573406 0.382352 0.00694996 0.00704646
0 0.390123 0.560452 0.0103465 0.0122728
0 0.365227 0.261424 0.00717345 0.00889269
0 0.0577364 0.411445 0.00758877 0.00833216
0 0.903611 0.930692 0.00890005 0.0102193
0 0.395224 0.511951 0.0102337 0.00899827
0 0.325718 0.214069 0.00717887 0.00878882
0 0.701804 0.0275468 0.0070129 0.0074725
0 0.651787 0.293408 0.00750065 0.00724211
0 0.20174 0.564744 0.00815062 0.00951517
0 0.671769 0.167657 0.00628 0.00680998
0 0.465831 0.196255 0.00854665 0.00916702
0 0.585234 0.14484 0.00734174 0.00807677
0 0.0516504 0.46111 0.00951938 0.00904816
0 0.446796 0.735246 0.0117126 0.0136502
0 0.47531 0.942363 0.00749969 0.00807381
0 0.652058 0.512815 0.00827044 0.00879651
0 0.363352 0.524103 0.00777403 0.00714266
0 0.295655 0.132638 0.00936866 0.0100524
0 0.943837 0.730139 0.00925142 0.00896758
0 0.281683 0.269258 0.00927496 0.00816718
0 0.319171 0.0786222 0.00737777 0.00912549
0 0.190963 0.285044 0.00931215 0.0077427
0 0.588428 0.416305 0.0103069 0.00916386
0 0.481375 0.89985 0.0104963 0.0105627
0 0.631006 0.30405 0.00915718 0.00977919
0 0.394211 0.238675 0.00919276 0.0099372
0 0.485935 0.947386 0.00682849 0.00683057
0 0.124345 0.307651 0.00778585 0.00900364
0 0.294592 0.248305 0.00603655 0.00692444
0 0.586509 0.417452 0.0127246 0.0120328
0 0.290394 0.853416 0.0102577 0.0126982
0 0.749763 0.912768 0.0121456 0.0113708
0 0.461311 0.736697 0.00913945 0.0106843
0 0.391458 0.256144 0.00920409 0.00851166
0 0.42496 0.857537 0.00760517 0.00941354
0 0.617278 0.345188 0.0104519 0.0116986
0 0.447415 0.738083 0.010017 0.00922257
0 0.338024 0.83092 0.0139236 0.0125908
0 0.593334 0.167134 0.00767863 0.00759834
0 0.953175 0.76258 0.00870746 0.00955749
0 0.744007 0.972942 0.00810635 0.00836831
0 0.563011 0.281166 0.0103153 0.00771925
0 0.565614 0.280893 0.0118437 0.0080055
0 0.391955 0.0210025 0.00872642 0.00950226
0 0.304959 0.248112 0.00766256 0.00886127
0 0.564693 0.980573 0.00556087 0.00710088
0 0.0951611 0.431269 0.0075368 0.00787219
0 0.840935 0.692708 0.00821191 0.00973195
0 0.491619 0.292703 0.00758487 0.00841656
0 0.625667 0.492198 0.00799501 0.00890598
0 0.646006 0.180876 0.00967377 0.00842075
0 0.813675 0.372866 0.0135664 0.00981984
0 0.196934 0.275975 0.0080947 0.0075427
0 0.0591248 0.47369 0.010465 0.0104762
0 0.379587 0.300304 0.00916022 0.00822076
0 0.771947 0.867938 0.0105463 0.0111362
0 0.432844 0.738639 0.00811452 0.00835288
0 0.469867 0.260119 0.0065318 0.00672799
0 0.29988 0.608341 0.00881973 0.0105515
0 0.848811 0.482285 0.00892293 0.0105789
0 0.419246 0.968359 0.0106993 0.0103409
0 0.361559 0.648286 0.00909624 0.00808376
0 0.123073 0.708016 0.00891457 0.00997633
0 0.0895281 0.422838 0.00785653 0.00713223
