0 0.329232 0.819749 0.0197174 0.0189293
0 0.499384 0.672963 0.0141641 0.0176256
0 0.306467 0.790255 0.0167997 0.018078
0 0.340302 0.707625 0.0172834 0.0194833
0 0.326576 0.653193 0.0214732 0.0185351
0 0.0587314 0.892657 0.0150665 0.015876
0 0.342604 0.579232 0.016418 0.017513
0 0.952103 0.166262 0.0235023 0.0218831
0 0.588688 0.488868 0.0165699 0.0207774
0 0.398272 0.134653 0.0134788 0.0149771
0 0.259401 0.849897 0.0144463 0.0159504
0 0.491746 0.644462 0.0179116 0.0150995
0 0.275071 0.77048 0.0128317 0.0152847
0 0.321098 0.0384848 0.0145298 0.0183865
0 0.796634 0.813904 0.0162892 0.0168645
0 0.331017 0.899677 0.0184989 0.0186119
0 0.134512 0.815406 0.0223301 0.0165743
0 0.224537 0.85728 0.0145461 0.0169618
0 0.944266 0.217587 0.0189422 0.0181761
0 0.830327 0.70317 0.0147411 0.0161546
0 0.976027 0.0355008 0.0158201 0.0194332
0 0.601012 0.862979 0.0138225 0.0186634
0 0.846058 0.669889 0.0187138 0.0194435
0 0.40913 0.643614 0.0214975 0.0180523
0 0.240956 0.181659 0.0121051 0.0157318
0 0.272864 0.683214 0.0140139 0.0156042
0 0.783144 0.568463 0.0126043 0.0137701
0 0.559423 0.560386 0.0150502 0.0164237
0 0.214067 0.0749969 0.01673 0.0164146
0 0.172732 0.480389 0.0171845 0.0155056
0 0.817141 0.811743 0.0118654 0.0135372
0 0.452032 0.0377157 0.0156876 0.0167392
0 0.897675 0.554551 0.0134302 0.0108359
0 0.504438 0.467718 0.015397 0.0168566
0 0.668682 0.046118 0.0168148 0.0128076
0 0.131541 0.814133 0.0186458 0.0165485
0 0.368967 0.81511 0.015503 0.0175293
0 0.00859092 0.868316 0.0139089 0.0117109
0 0.980825 0.204231 0.0186045 0.0164756
0 0.0547168 0.792678 0.0208184 0.0181009
0 0.272019 0.68328 0.0175807 0.0178974
0 0.0287564 0.844841 0.0175605 0.017971
0 0.169144 0.480139 0.0130321 0.0145311
0 0.4954 0.0605267 0.0108976 0.0138143
0 0.916519 0.331089 0.0223308 0.019038
0 0.496437 0.0622571 0.0114902 0.0161453
0 0.204796 0.69282 0.0174604 0.0135434
0 0.484697 0.0831454 0.0166067 0.0139033
0 0.277314 0.0263372 0.00986263 0.0107698
0 0.108758 0.648047 0.0120903 0.0140288
0 0.0815893 0.92152 0.0153086 0.0139278
0 0.457013 0.471162 0.0159093 0.0183519
0 0.154971 0.792608 0.013892 0.0165007
0 0.732392 0.406763 0.0156696 0.017388
0 0.276822 0.0243282 0.0109423 0.0148984
0 0.0141575 0.617881 0.0270267 0.0217407
