0 0.424285 0.919263 0.0182756 0.020044
0 0.647167 0.401396 0.0214729 0.0206851
0 0.396395 0.370919 0.0185052 0.0150642
0 0.391533 0.746511 0.0187353 0.0167431
0 0.939693 0.743994 0.0163425 0.0185637
0 0.841711 0.783986 0.0204403 0.0181225
0 0.217227 0.952399 0.014834 0.015905
0 0.504892 0.900861 0.0163469 0.015898
0 0.333739 0.685298 0.0253156 0.0141654
0 0.299509 0.386446 0.0140004 0.0110403
0 0.192307 0.38783 0.0162229 0.0241569
0 0.565473 0.648233 0.0112154 0.0120904
0 0.789985 0.566342 0.0109208 0.0103037
0 0.560754 0.395172 0.0103074 0.011637
0 0.396112 0.37157 0.0231163 0.0194844
0 0.84228 0.947731 0.0109024 0.0106999
0 0.245318 0.698949 0.0185292 0.0137898
