0 0.0718593 0.048065 0.00898753 0.0102143
0 0.0971133 0.116166 0.00865927 0.0100901
0 0.0925106 0.0357585 0.00859913 0.00925748
0 0.053229 0.140421 0.00854405 0.01122
0 0.560929 0.0370748 0.0107824 0.0123056
0 0.0511884 0.0591738 0.00798493 0.00831132
0 0.565444 0.0207144 0.00946313 0.0107063
0 0.44229 0.112448 0.009523 0.0107347
0 0.533185 0.0114224 0.0117269 0.0149477
0 0.564337 0.0577904 0.0093649 0.0108248
0 0.367533 0.090836 0.0077773 0.0088702
0 0.463844 0.0823368 0.00905263 0.0100465
0 0.380258 0.0528543 0.00842214 0.0100874
0 0.313422 0.0393621 0.0122371 0.0126517
0 0.0669215 0.173702 0.00934923 0.0111056
0 0.0926283 0.05775 0.00816969 0.00790323
0 0.084882 0.0463224 0.0090455 0.00963955
0 0.440189 0.0389654 0.0100979 0.01071
0 0.112058 0.0581443 0.00914051 0.0103398
0 0.454528 0.0949048 0.00847891 0.00941367
0 0.0133364 0.0471007 0.0085164 0.0093647
0 0.173398 0.0216302 0.00935598 0.010029
0 0.567602 0.0841938 0.00881833 0.0100487
0 0.0400174 0.0971814 0.0085492 0.00957553
0 0.465474 0.120499 0.00853422 0.00942964
0 0.636511 0.0954846 0.0082252 0.00968305
0 0.135813 0.0585094 0.012334 0.0156303
0 0.184773 0.0441512 0.00795563 0.00965364
0 0.16118 0.11542 0.00898333 0.0109381
0 0.648216 0.0264207 0.00878292 0.00898374
0 0.0500496 0.0735661 0.00889307 0.00933871
0 0.0961987 0.0129613 0.00898673 0.0107728
0 0.525875 0.0267566 0.00904012 0.0104504
0 0.0247853 0.0862333 0.00931684 0.00946355
0 0.111143 0.112845 0.00955305 0.0106011
0 0.44289 0.01699 0.0077278 0.00863721
0 0.0252638 0.170873 0.00945279 0.0101268
0 0.625655 0.0526623 0.00788254 0.00935522
0 0.558038 0.0718281 0.00814211 0.00950785
0 0.0706737 0.061633 0.00759835 0.00741502
0 0.216623 0.0256192 0.0105374 0.00923063
0 0.495499 0.0127745 0.00775415 0.00918306
0 0.0189551 0.0618355 0.008315 0.00871221
0 0.0504429 0.073768 0.00700071 0.00794611
0 0.0706663 0.0625843 0.0091867 0.00870977
0 0.498887 0.0784008 0.00854197 0.0111677
0 0.428679 0.164168 0.00951004 0.0116848
0 0.321323 0.0233862 0.00784072 0.00824072
0 0.533128 0.0677762 0.00895309 0.00945006
0 0.398874 0.0452732 0.00778532 0.00824013
0 0.0592078 0.112914 0.0102647 0.0123176
0 0.291637 0.0758229 0.00847116 0.00975871
0 0.0366637 0.12233 0.00895695 0.0108588
0 0.0310624 0.157596 0.00831941 0.00980711
0 0.226146 0.115095 0.00792122 0.0087337
0 0.386179 0.0893044 0.00836706 0.00932499
0 0.0602745 0.0699559 0.00904078 0.00898955
0 0.245784 0.100256 0.0083168 0.00970326
0 0.275145 0.0410278 0.00828618 0.00906186
0 0.212153 0.166146 0.00809188 0.00919165
0 0.0601187 0.068461 0.0087374 0.00799019
0 0.526793 0.061851 0.00899816 0.00914919
0 0.51833 0.0180069 0.00816756 0.00911581
0 0.061158 0.153496 0.00877715 0.00943655
0 0.116864 0.143115 0.0103883 0.0114271
0 0.0635459 0.102256 0.00874646 0.00957002
0 0.469089 0.047285 0.0149655 0.0150179
0 0.538344 0.0515215 0.00770116 0.00985825
0 0.1541 0.0448649 0.00878413 0.00979331
0 0.510258 0.0692593 0.00794488 0.00813816
0 0.512356 0.0806935 0.00855541 0.00937556
0 0.514177 0.0654989 0.0110615 0.0109659
0 0.348344 0.0324489 0.00694343 0.007246
0 0.510574 0.0660158 0.0100792 0.0129254
0 0.339968 0.0389712 0.00729179 0.00773539
0 0.643345 0.0152975 0.00810701 0.00744473
0 0.542406 0.0387927 0.00808442 0.00739793
0 0.172262 0.0801507 0.00771208 0.00819919
0 0.379841 0.0909622 0.0084624 0.00827938
0 0.350911 0.0699354 0.0066019 0.00773128
0 0.0728926 0.184145 0.00933836 0.00844041
0 0.406577 0.0986861 0.00825369 0.00829706
0 0.452025 0.00489977 0.0126209 0.00893315
0 0.563984 0.0569181 0.011631 0.0121299
0 0.224327 0.0666915 0.00801401 0.008724
0 0.0927807 0.0364166 0.0107662 0.0113691
0 0.314928 0.249427 0.00830469 0.00867137
0 0.0133167 0.158874 0.0070598 0.00802326
0 0.0502283 0.0748656 0.00776636 0.00882761
0 0.38102 0.102939 0.00852311 0.00951023
0 0.0243681 0.16949 0.0098892 0.00934368
