0 0.624451 0.861928 0.0141491 0.0138392
0 0.951029 0.135941 0.0106892 0.00988024
0 0.90437 0.127759 0.0111118 0.0111396
0 0.516694 0.570979 0.0133464 0.0128477
0 0.653332 0.909213 0.0115832 0.0110239
0 0.649183 0.832598 0.0128335 0.0125839
0 0.937013 0.080423 0.0124775 0.0114507
0 0.548685 0.361801 0.012225 0.011451
0 0.111696 0.849488 0.0144845 0.0144203
0 0.201526 0.514339 0.017005 0.0193186
0 0.597345 0.750195 0.0125481 0.0125618
0 0.955643 0.153269 0.0119287 0.0118449
0 0.169693 0.307102 0.0131724 0.012738
0 0.958767 0.768963 0.0112942 0.011329
0 0.984801 0.452556 0.0110374 0.0104248
0 0.437797 0.918208 0.0146545 0.0140739
0 0.211277 0.864347 0.0122286 0.0125063
0 0.916827 0.109951 0.0110329 0.0121186
0 0.367237 0.00894975 0.00993171 0.0107217
0 0.434654 0.953229 0.0141315 0.0135474
0 0.86765 0.321669 0.0120304 0.0115718
0 0.960199 0.117408 0.0100372 0.0115922
0 0.945521 0.784232 0.0107521 0.0112118
0 0.0515987 0.531797 0.0144195 0.013371
0 0.902143 0.143866 0.0121437 0.0117576
0 0.792373 0.688445 0.010579 0.0103418
0 0.960033 0.611564 0.0116697 0.0111802
0 0.153001 0.138748 0.0123426 0.0131229
0 0.642449 0.897319 0.0102585 0.0113136
0 0.102641 0.353366 0.009518 0.0086877
0 0.978423 0.119066 0.011597 0.01171
0 0.962663 0.103881 0.00990748 0.0103289
0 0.0345429 0.438629 0.0134661 0.0117552
0 0.922056 0.0657135 0.0126181 0.0120096
0 0.496134 0.959642 0.00943029 0.00860822
0 0.144341 0.294203 0.0132457 0.0107192
0 0.983715 0.257006 0.0130953 0.0104512
0 0.761561 0.95203 0.0097822 0.00919533
0 0.656181 0.971493 0.0108299 0.00970006
0 0.848639 0.245562 0.0098114 0.00979277
0 0.89626 0.227257 0.0103981 0.0109882
0 0.835949 0.628592 0.0159279 0.016795
0 0.597463 0.271812 0.0106575 0.0110045
0 0.237037 0.966368 0.00954448 0.00973701
0 0.873332 0.763586 0.0113403 0.0135769
0 0.809723 0.247203 0.0104687 0.0101805
0 0.0779242 0.786836 0.012531 0.0121592
0 0.693354 0.925112 0.0126551 0.0116627
0 0.776995 0.942007 0.00904185 0.00904179
0 0.445556 0.859622 0.0131987 0.0126667
0 0.270732 0.928762 0.0130222 0.012273
0 0.967199 0.0454251 0.0139325 0.0115568
0 0.0056495 0.932111 0.011299 0.0131893
0 0.985595 0.0396207 0.0103912 0.0085858
0 0.00638983 0.978471 0.0107451 0.0128046
0 0.0150064 0.912844 0.011828 0.0133587
0 0.672882 0.796913 0.0132497 0.0103722
0 0.828003 0.31736 0.0107323 0.0101502
0 0.621614 0.798857 0.00998479 0.00909191
0 0.102406 0.109348 0.0128474 0.0125094
0 0.939375 0.465811 0.00980914 0.0105768
0 0.225793 0.0770709 0.013942 0.0108916
