0 0.724468 0.474928 0.0134429 0.0147989
0 0.62331 0.263836 0.0136762 0.0144486
0 0.670193 0.0144652 0.0150989 0.0138196
0 0.788536 0.571861 0.0146807 0.0148576
0 0.942816 0.401828 0.0105536 0.0105352
0 0.989935 0.330178 0.0103291 0.0117265
0 0.273961 0.193977 0.0128097 0.0150978
0 0.0414621 0.818089 0.0151258 0.0158501
0 0.756526 0.619727 0.0145617 0.0151117
0 0.558659 0.605045 0.0151449 0.0131848
0 0.540601 0.718025 0.0124711 0.0151887
0 0.0929054 0.215589 0.012461 0.0131324
0 0.162272 0.598903 0.0160802 0.0154763
0 0.0488418 0.696269 0.0145531 0.0150062
0 0.62007 0.570787 0.013335 0.0119178
0 0.324062 0.73444 0.0135452 0.0163704
0 0.0345231 0.662086 0.0150898 0.0217405
0 0.0752411 0.103806 0.0159568 0.0126971
0 0.604541 0.626621 0.0102307 0.00967765
