0 0.942068 0.483766 0.0098179 0.0106564
0 0.787899 0.789849 0.00921094 0.0105009
0 0.967092 0.771189 0.00967354 0.0101272
0 0.947358 0.765181 0.00867617 0.00931001
0 0.897891 0.440027 0.00865477 0.00921813
0 0.957668 0.560637 0.011878 0.00999701
0 0.901444 0.42056 0.00865215 0.00867921
0 0.821659 0.590814 0.00908852 0.0100323
0 0.871268 0.834566 0.00981367 0.0103984
0 0.878827 0.642479 0.00972807 0.0111273
0 0.897936 0.704846 0.0085178 0.00955737
0 0.771505 0.794212 0.0101266 0.0100282
0 0.916537 0.700511 0.00999528 0.0129669
0 0.983685 0.267697 0.00942212 0.0106841
0 0.907321 0.634795 0.00954515 0.0101918
0 0.946925 0.549821 0.010733 0.0133256
0 0.941214 0.167328 0.00765651 0.00879931
0 0.979778 0.890747 0.0092327 0.00977176
0 0.890449 0.636365 0.00792807 0.01007
0 0.986009 0.760541 0.00921863 0.0100302
0 0.913731 0.414266 0.00707549 0.0066967
0 0.930548 0.465742 0.0101784 0.01066
0 0.87962 0.450785 0.00887281 0.00971889
0 0.945518 0.795191 0.00919551 0.00998658
0 0.852837 0.739721 0.00991249 0.0101417
0 0.860585 0.335389 0.00900459 0.00913095
0 0.991262 0.451398 0.00868034 0.00931084
0 0.969748 0.611834 0.0105208 0.0108608
0 0.802552 0.756988 0.00893408 0.00999463
0 0.920596 0.723091 0.00935042 0.0103006
0 0.904135 0.188698 0.00998378 0.011073
0 0.94662 0.82304 0.00687903 0.0078432
0 0.991442 0.427693 0.00864869 0.0100683
0 0.890109 0.728116 0.00952131 0.00947875
0 0.963186 0.229225 0.00947493 0.0090362
0 0.977663 0.587085 0.00915301 0.00963807
0 0.910468 0.613525 0.0111034 0.0157116
0 0.85771 0.446129 0.0081085 0.00846156
0 0.774452 0.744919 0.0101432 0.0105236
0 0.995452 0.281801 0.0089218 0.00979456
0 0.990303 0.801661 0.011829 0.00961834
0 0.791622 0.776526 0.00892049 0.00835109
0 0.882056 0.611877 0.00949591 0.0108053
0 0.929601 0.733095 0.00924397 0.0102154
0 0.939126 0.355161 0.00857216 0.00953659
0 0.925524 0.986573 0.00922811 0.0107231
0 0.827605 0.678999 0.00964737 0.00972778
0 0.981048 0.555049 0.0103212 0.0110555
0 0.953908 0.888475 0.00684226 0.00812954
0 0.909019 0.59377 0.0103624 0.0104559
0 0.968708 0.934012 0.0082432 0.00999373
0 0.98329 0.608018 0.00721872 0.00857788
0 0.828289 0.746393 0.0108265 0.0126694
0 0.815405 0.620538 0.0110043 0.012307
0 0.895036 0.548194 0.00739497 0.00791836
0 0.956912 0.428433 0.00953633 0.0132909
0 0.812715 0.777751 0.00809097 0.0093503
0 0.937662 0.30727 0.00937766 0.0108988
0 0.875018 0.174082 0.0165476 0.0152155
0 0.93704 0.324415 0.00860804 0.0093888
0 0.950051 0.92216 0.00956768 0.00848961
0 0.976411 0.121224 0.0089035 0.0105555
0 0.972609 0.623399 0.00901258 0.00841999
0 0.975134 0.298296 0.00951266 0.00848523
0 0.913265 0.403974 0.00774801 0.00690842
0 0.880304 0.477474 0.00822145 0.0105677
0 0.893685 0.599641 0.00949192 0.00929642
0 0.903722 0.4017 0.00641328 0.00708392
0 0.825851 0.565725 0.00852567 0.0095644
0 0.849512 0.32748 0.00808293 0.00926316
0 0.76579 0.75354 0.00873625 0.0098269
0 0.869477 0.477803 0.00965917 0.0110361
0 0.989899 0.139967 0.00894809 0.0089833
0 0.99743 0.441095 0.0049603 0.00910226
0 0.92786 0.296921 0.0100856 0.0098629
0 0.877876 0.680403 0.00645828 0.00753772
0 0.800258 0.708833 0.0106205 0.00982398
0 0.997259 0.611823 0.00548124 0.0124108
0 0.81874 0.577612 0.00862902 0.0095982
0 0.989536 0.775263 0.00892371 0.00858569
0 0.970958 0.861377 0.0115471 0.0113869
0 0.923737 0.600745 0.00947857 0.00984591
0 0.927209 0.369837 0.00945169 0.0103387
0 0.977855 0.92604 0.00983489 0.010368
0 0.98065 0.69929 0.00946808 0.0120495
0 0.866265 0.64846 0.00782776 0.00925279
0 0.897156 0.613295 0.00785142 0.00870639
0 0.96436 0.217778 0.00735933 0.00733504
0 0.951107 0.147266 0.00894737 0.0120995
0 0.976224 0.924423 0.0125155 0.0135685
0 0.966836 0.360383 0.00953311 0.0097203
0 0.829938 0.707372 0.00861585 0.0100445
0 0.813316 0.693846 0.00803107 0.00937527
0 0.971151 0.288852 0.0121304 0.00961468
0 0.974388 0.287954 0.0108513 0.00776827
0 0.88687 0.437848 0.0078361 0.0090782
0 0.974175 0.863038 0.0105957 0.0101944
0 0.877908 0.681246 0.00759256 0.00819373
0 0.807313 0.569429 0.0103402 0.0111723
0 0.995968 0.77153 0.00736868 0.00989723
0 0.927074 0.384835 0.0096882 0.00935268
0 0.771722 0.609961 0.00815403 0.0106445
0 0.945801 0.993574 0.0150598 0.0115757
0 0.913006 0.97762 0.00866127 0.0098604
0 0.923684 0.398796 0.00667095 0.00678033
0 0.991304 0.837962 0.00910419 0.0096001
0 0.942463 0.99333 0.0161337 0.0111576
0 0.974286 0.921178 0.00903398 0.0101799
0 0.807682 0.727944 0.00842744 0.00904131
0 0.997594 0.611794 0.00464362 0.0102581
0 0.942724 0.371906 0.00983506 0.0111952
0 0.926083 0.341386 0.00977629 0.0121937
0 0.950856 0.593389 0.00869787 0.0106676
0 0.760554 0.737601 0.00865632 0.00943309
