0 0.593875 0.983155 0.016049 0.0130032
0 0.592407 0.963146 0.0167828 0.0138378
0 0.5527 0.54177 0.0141106 0.0141118
0 0.231597 0.542798 0.0184025 0.0144136
0 0.429894 0.140475 0.0202316 0.0175523
0 0.659215 0.835747 0.0178452 0.0126356
0 0.030096 0.0552752 0.0188273 0.0126351
0 0.0211149 0.992685 0.00947147 0.0128495
0 0.0535426 0.242026 0.0210987 0.0167693
0 0.553607 0.403227 0.0193534 0.014398
0 0.214694 0.683141 0.0207409 0.0169266
0 0.180679 0.842812 0.0133536 0.00992167
0 0.547384 0.832798 0.0176319 0.0104654
0 0.153816 0.76455 0.00778483 0.00897062
