0 0.410945 0.822605 0.0086852 0.00772935
0 0.482578 0.797595 0.00964659 0.0092358
0 0.366436 0.522693 0.00793433 0.00844181
0 0.445851 0.802229 0.00740469 0.00798374
0 0.348004 0.577038 0.00834665 0.00883985
0 0.464054 0.583961 0.00808716 0.00868875
0 0.802416 0.660755 0.00927389 0.00920391
0 0.425047 0.760597 0.0107483 0.0102636
0 0.41135 0.634563 0.0091261 0.00919342
0 0.752558 0.685411 0.00981772 0.0110092
0 0.415896 0.873881 0.0118715 0.0111191
0 0.467822 0.651986 0.0103838 0.00959349
0 0.435818 0.811139 0.00791681 0.00748307
0 0.427611 0.602215 0.00799951 0.00863171
0 0.405079 0.862218 0.00979081 0.0103548
0 0.0656925 0.984201 0.00935082 0.00858456
0 0.543017 0.701743 0.0126411 0.0146501
0 0.823839 0.571595 0.0124661 0.0120243
0 0.839305 0.646568 0.00812572 0.00875938
0 0.852463 0.548449 0.005566 0.00582296
0 0.573474 0.717721 0.00868547 0.00807154
0 0.351016 0.551394 0.00823089 0.00862563
0 0.479878 0.619719 0.00612915 0.00724471
0 0.48605 0.62804 0.00809652 0.00783598
0 0.357144 0.541925 0.00699481 0.00744641
0 0.385953 0.641534 0.00729504 0.00754738
0 0.689669 0.710135 0.00650007 0.00728261
0 0.395277 0.563527 0.00846422 0.00884694
0 0.365097 0.508201 0.00795364 0.0080862
0 0.308539 0.858499 0.00697908 0.00754815
0 0.561703 0.722752 0.00819111 0.00971353
0 0.427876 0.639284 0.00673419 0.00691462
0 0.326058 0.932147 0.00778288 0.00819224
0 0.692373 0.685124 0.00908297 0.00882053
0 0.514785 0.861566 0.00922066 0.00818807
0 0.310289 0.549151 0.00987118 0.00974149
0 0.505011 0.630176 0.00725299 0.00783384
0 0.427621 0.80172 0.00712776 0.00774324
0 0.655376 0.697158 0.00910759 0.0112459
0 0.448748 0.841836 0.00714266 0.00655407
0 0.841157 0.577371 0.0135536 0.0141312
0 0.662632 0.540494 0.00908661 0.00901413
0 0.445283 0.733856 0.00799999 0.00832444
0 0.429186 0.8408 0.00686044 0.00585175
0 0.500546 0.747389 0.00798339 0.0100472
0 0.328487 0.540154 0.00825939 0.00786275
0 0.653557 0.733894 0.00667399 0.00778276
0 0.428895 0.830157 0.00911915 0.00814915
0 0.452975 0.652672 0.00690946 0.00824714
0 0.363554 0.563127 0.00755253 0.0082832
0 0.485368 0.902058 0.00753689 0.00791186
0 0.154638 0.895444 0.0125432 0.01371
0 0.739255 0.666953 0.00657022 0.00669068
0 0.157276 0.916062 0.00761561 0.007828
0 0.416047 0.579796 0.00665399 0.00725746
0 0.441945 0.666593 0.00578612 0.00669271
0 0.696446 0.672688 0.00938779 0.0101738
0 0.171259 0.921858 0.00735152 0.00784111
0 0.465497 0.613756 0.00593805 0.00813866
0 0.459946 0.778136 0.00673598 0.00726146
0 0.0640526 0.909864 0.00903372 0.00795251
0 0.326912 0.579893 0.00818241 0.00858903
0 0.377238 0.499028 0.00747243 0.00783083
0 0.352916 0.601715 0.00760135 0.00787973
0 0.72255 0.853828 0.00948799 0.009552
0 0.689762 0.847503 0.00578612 0.00573999
0 0.77214 0.603939 0.0065363 0.00639707
0 0.298218 0.863787 0.0084751 0.00883639
0 0.584035 0.95859 0.00890386 0.00923276
0 0.522459 0.905255 0.0111296 0.0096882
0 0.603596 0.714502 0.00714386 0.00703043
0 0.470377 0.627376 0.00926045 0.00958878
0 0.66997 0.709102 0.00864792 0.0122089
0 0.343626 0.733447 0.00914669 0.00927699
0 0.708529 0.869071 0.00793535 0.00823766
0 0.554599 0.73397 0.00694847 0.00688237
0 0.93386 0.786451 0.00677603 0.00745964
0 0.491209 0.767081 0.00844079 0.00993502
0 0.655083 0.763985 0.00752395 0.00822622
0 0.573487 0.71912 0.00918961 0.00931185
0 0.474597 0.759727 0.00748444 0.00818461
0 0.427156 0.580046 0.00780469 0.00695932
0 0.660455 0.654435 0.00831568 0.00754708
0 0.459118 0.857912 0.00686252 0.00640106
0 0.748127 0.582244 0.00673717 0.00680935
0 0.398676 0.840527 0.00678167 0.00828421
0 0.167906 0.907999 0.00790064 0.0080061
0 0.342822 0.559037 0.00761002 0.00717503
0 0.501876 0.579114 0.00728339 0.00797522
0 0.361948 0.607039 0.00724429 0.00755292
0 0.437911 0.859953 0.00702295 0.0070011
0 0.421264 0.844738 0.00655517 0.00657308
0 0.334469 0.613357 0.0111364 0.00936621
0 0.703942 0.858293 0.00566351 0.00720561
0 0.776141 0.609766 0.00614488 0.00680321
0 0.416591 0.662958 0.00865784 0.00794828
0 0.545373 0.911961 0.00794083 0.00816083
0 0.38568 0.573337 0.00723013 0.00789577
0 0.397203 0.812347 0.00797212 0.00762886
0 0.552989 0.765656 0.00759351 0.00809687
0 0.392363 0.791917 0.00909385 0.00866985
0 0.555297 0.760143 0.00695407 0.00791538
0 0.119201 0.900764 0.00791592 0.00796986
0 0.491501 0.72391 0.0080432 0.00807649
0 0.459914 0.828997 0.00704652 0.0069052
0 0.463683 0.738348 0.00766316 0.00806445
0 0.469191 0.627948 0.00921929 0.0100763
0 0.902235 0.354104 0.00953031 0.0100586
0 0.107038 0.890473 0.00896778 0.00843811
0 0.383826 0.731794 0.00822487 0.0079813
0 0.397585 0.827247 0.00743923 0.00775009
0 0.416308 0.830304 0.00595093 0.0059486
0 0.71943 0.58037 0.0135377 0.0132807
0 0.319564 0.535382 0.00727856 0.00801468
0 0.1287 0.861178 0.00827122 0.00850564
0 0.694797 0.807861 0.00731486 0.00781864
0 0.428178 0.831638 0.00843114 0.0079639
0 0.467849 0.650507 0.00977659 0.00889981
0 0.396816 0.813666 0.00771123 0.0081619
0 0.438377 0.695898 0.00914764 0.0104445
0 0.554972 0.573001 0.00796372 0.00870383
0 0.558406 0.777042 0.00773674 0.00801677
0 0.939837 0.721327 0.00832826 0.00783312
0 0.80328 0.54969 0.00954705 0.0117322
0 0.379755 0.575631 0.00728369 0.00733048
0 0.449551 0.867277 0.00808918 0.0087986
0 0.369657 0.667703 0.00737476 0.0102288
0 0.211934 0.939674 0.00809126 0.00901699
0 0.323307 0.746504 0.00683108 0.00744677
0 0.528046 0.848599 0.00767404 0.00740474
0 0.974784 0.28615 0.00915033 0.00825649
0 0.815903 0.559557 0.00726432 0.00762999
0 0.564883 0.874004 0.00721508 0.00730211
0 0.361548 0.480689 0.00832349 0.00969696
0 0.948376 0.787798 0.0074327 0.00692719
0 0.501459 0.591639 0.00744697 0.00752014
0 0.383235 0.730615 0.00866041 0.0080837
0 0.659006 0.710615 0.00766027 0.0077579
0 0.41634 0.831624 0.00687963 0.00708997
0 0.416713 0.661921 0.00762653 0.0071407
0 0.595493 0.815613 0.010615 0.00944936
0 0.413015 0.621574 0.00710106 0.00828433
0 0.473262 0.860875 0.00804627 0.00905228
0 0.466123 0.61281 0.0072937 0.00869405
0 0.503115 0.849137 0.00864354 0.00932634
0 0.384905 0.742499 0.0069471 0.00614721
0 0.679134 0.526714 0.00991917 0.0141462
0 0.430289 0.570928 0.00791895 0.00704801
0 0.453162 0.745205 0.0104486 0.0107015
0 0.086169 0.930643 0.00836428 0.00784838
0 0.653084 0.860419 0.00695854 0.00672531
0 0.740872 0.591385 0.00847781 0.00852394
0 0.339898 0.73165 0.0131226 0.00968003
0 0.42881 0.850601 0.00631893 0.00653476
0 0.604207 0.564501 0.00606269 0.00646645
0 0.304643 0.588122 0.0124645 0.012912
0 0.938103 0.808564 0.00779438 0.00955391
0 0.681672 0.657658 0.0114733 0.00922608
0 0.452608 0.569254 0.0090352 0.0116351
0 0.150577 0.940288 0.00770393 0.0077278
0 0.191491 0.307894 0.00867581 0.00907066
0 0.603836 0.696819 0.00593948 0.00621146
0 0.650026 0.653739 0.00770986 0.00806558
0 0.379355 0.677603 0.00817925 0.00882071
0 0.331639 0.812279 0.0138075 0.0124422
0 0.734182 0.528321 0.0117487 0.0100074
0 0.650726 0.8741 0.00918579 0.0112717
0 0.444229 0.713939 0.0090605 0.00957167
0 0.495811 0.830074 0.00621817 0.00656128
0 0.579236 0.771659 0.00854915 0.008762
0 0.946778 0.76996 0.00795019 0.00780183
0 0.466555 0.839514 0.00855389 0.0081535
0 0.523729 0.586585 0.00805932 0.00857395
0 0.488393 0.592832 0.0061636 0.00611877
0 0.516437 0.686864 0.00672001 0.00719929
0 0.917924 0.754455 0.00746465 0.00769484
0 0.0593636 0.911407 0.0115038 0.00871491
0 0.47786 0.876727 0.00816706 0.00833321
0 0.680505 0.658599 0.0120026 0.0103024
0 0.952183 0.741591 0.00606769 0.00668699
0 0.733934 0.600486 0.00776595 0.00903195
0 0.949746 0.284868 0.00846058 0.00901929
0 0.495208 0.58654 0.00510636 0.00591832
0 0.678015 0.523952 0.00963402 0.0113101
0 0.408255 0.667054 0.00699806 0.00732666
0 0.457688 0.851037 0.00891495 0.00761187
0 0.437313 0.694668 0.00998488 0.0105692
0 0.827094 0.592391 0.0113865 0.0107647
0 0.468183 0.794875 0.00675842 0.00683594
0 0.50888 0.729319 0.00640088 0.00742114
0 0.914204 0.444665 0.00751156 0.01188
0 0.835489 0.559188 0.00734973 0.00828552
0 0.341264 0.732544 0.0130081 0.00959855
0 0.642246 0.666011 0.00745076 0.0108394
0 0.537993 0.860599 0.00813484 0.012224
0 0.529685 0.829739 0.00745249 0.00691223
0 0.371614 0.74456 0.00686777 0.00687569
0 0.0833244 0.883135 0.00724509 0.00712073
0 0.393552 0.792132 0.0079498 0.00791264
0 0.108303 0.852769 0.00674853 0.00667763
0 0.540162 0.591895 0.0116178 0.0107357
0 0.843427 0.553771 0.00705719 0.00687331
0 0.388711 0.802651 0.00729713 0.00695652
