0 0.303369 0.386829 0.0181456 0.0162034
0 0.096392 0.549369 0.0142917 0.0165566
0 0.200505 0.222232 0.0160659 0.0157372
0 0.510501 0.843512 0.0151283 0.013612
0 0.557682 0.118219 0.0180138 0.0148816
0 0.507056 0.766776 0.0187281 0.0157927
0 0.917916 0.938399 0.0126682 0.0114167
0 0.569963 0.778295 0.0165579 0.0142722
0 0.649225 0.664541 0.0177037 0.0170334
0 0.90247 0.959797 0.0163969 0.014439
0 0.459009 0.66589 0.0170563 0.0156301
0 0.586842 0.812205 0.0158253 0.0153087
0 0.0276024 0.260282 0.0145066 0.0126466
0 0.188827 0.0148631 0.0151987 0.0118278
0 0.0276276 0.258673 0.0182759 0.016304
