0 0.112684 0.970717 0.0174141 0.0162171
0 0.0850071 0.98187 0.0147249 0.0143811
0 0.0930542 0.862353 0.0152117 0.0141891
0 0.305897 0.206043 0.0128264 0.0119073
0 0.111108 0.89063 0.0119691 0.0117211
0 0.963712 0.583849 0.0139992 0.0125194
0 0.0153352 0.973284 0.0138092 0.0126579
0 0.844599 0.799058 0.0150726 0.013003
0 0.0892933 0.962893 0.0151373 0.0141323
0 0.751473 0.184795 0.0121856 0.0110129
0 0.0275232 0.944804 0.0110921 0.0113891
0 0.917576 0.37073 0.00976962 0.00911322
0 0.649025 0.763468 0.0128942 0.0132663
0 0.535845 0.133761 0.0154475 0.017395
0 0.682201 0.299108 0.0146101 0.0134835
0 0.695032 0.504946 0.0116474 0.00967312
0 0.517497 0.0463171 0.0134362 0.0132343
0 0.836974 0.574834 0.0156002 0.0137345
0 0.37073 0.632618 0.0113747 0.0108415
0 0.302451 0.944791 0.0118662 0.0103683
0 0.856405 0.589296 0.0124409 0.0124613
0 0.622848 0.429448 0.0174139 0.0138531
0 0.488306 0.0492698 0.0136463 0.0128125
0 0.864847 0.716224 0.0123667 0.0107487
0 0.0297933 0.961677 0.00977686 0.00919747
0 0.603603 0.180394 0.0129213 0.0150165
0 0.633463 0.459349 0.0114277 0.0105484
0 0.603363 0.179061 0.016296 0.019285
0 0.142781 0.0208478 0.0120271 0.0110112
0 0.778879 0.965702 0.0122764 0.00972348
