0 0.708324 0.953128 0.010489 0.0110079
0 0.681288 0.881196 0.0115072 0.010994
0 0.626915 0.667379 0.0095011 0.00995046
0 0.903311 0.92115 0.0100704 0.00923121
0 0.657669 0.848059 0.0109936 0.00964773
0 0.727562 0.972674 0.00807589 0.00829142
0 0.641822 0.874041 0.00888658 0.00961989
0 0.753698 0.87205 0.00937748 0.0103407
0 0.659429 0.905567 0.0101737 0.00954801
0 0.766491 0.897024 0.00934124 0.0110096
0 0.65938 0.938951 0.0119953 0.0144354
0 0.660133 0.622356 0.00897741 0.00888026
0 0.723857 0.947123 0.0117671 0.0100082
0 0.692989 0.873742 0.00920296 0.00973815
0 0.643549 0.855176 0.0103037 0.0115151
0 0.646001 0.653381 0.00991094 0.0106426
0 0.623614 0.841683 0.0104561 0.0107952
0 0.785529 0.900016 0.0115732 0.012911
0 0.692252 0.978123 0.00893492 0.00893557
0 0.95507 0.913112 0.0106594 0.0111252
0 0.948081 0.85245 0.0101307 0.0100727
0 0.629825 0.937885 0.0108917 0.0147602
0 0.907868 0.939366 0.00985032 0.00968325
0 0.697433 0.721972 0.00968838 0.00986254
0 0.692771 0.916497 0.00776386 0.0094009
0 0.801262 0.954734 0.0085665 0.00921118
0 0.615993 0.64622 0.00881654 0.00982696
0 0.567689 0.841332 0.00921124 0.0097931
0 0.668815 0.869172 0.0111198 0.0109882
0 0.94014 0.89307 0.0117683 0.0116388
0 0.811698 0.933639 0.00926667 0.01049
0 0.608691 0.85292 0.00959927 0.0094828
0 0.682611 0.926671 0.00846022 0.00925332
0 0.696969 0.900765 0.00832635 0.00896758
0 0.669866 0.76706 0.00979316 0.00980246
0 0.684481 0.956039 0.0105829 0.00980985
0 0.741326 0.922043 0.0100271 0.0112286
0 0.617465 0.8294 0.00816447 0.00866091
0 0.734933 0.879741 0.00811946 0.00894582
0 0.576255 0.816815 0.00896978 0.00953215
0 0.667783 0.638126 0.00918961 0.0104113
0 0.860384 0.974196 0.011463 0.0112877
0 0.626121 0.766483 0.00978583 0.00981468
0 0.76039 0.917068 0.00950509 0.0111843
0 0.629036 0.648988 0.0087896 0.00863457
0 0.979931 0.920485 0.0101597 0.00907093
0 0.778393 0.869172 0.0108282 0.011288
0 0.909406 0.961516 0.00988084 0.00902867
0 0.952824 0.889314 0.00768757 0.00843602
0 0.603462 0.771864 0.00883627 0.00887412
0 0.601391 0.883012 0.00862855 0.00922436
0 0.57127 0.899406 0.0101416 0.00984311
0 0.646101 0.720743 0.00848716 0.00948179
0 0.652356 0.962481 0.0091036 0.0100338
0 0.710523 0.913553 0.00913066 0.00894278
0 0.748217 0.805346 0.00994664 0.00913769
0 0.814597 0.955928 0.00819051 0.00919873
0 0.536617 0.854639 0.00937241 0.0106621
0 0.52437 0.839184 0.0100681 0.00896055
0 0.654038 0.872582 0.00717032 0.00748217
0 0.732804 0.801993 0.00935173 0.0095793
0 0.664938 0.596743 0.0138521 0.0115528
0 0.532909 0.956817 0.00935787 0.00960273
0 0.677812 0.712522 0.0119635 0.0109553
0 0.961714 0.8984 0.00950968 0.0102253
0 0.672207 0.782574 0.00915909 0.0112276
0 0.904656 0.909279 0.00841367 0.00851363
0 0.214911 0.964551 0.0114187 0.00973552
0 0.624484 0.862254 0.0110359 0.0134693
0 0.663252 0.921004 0.00888634 0.00934756
0 0.584806 0.840023 0.00919873 0.00999928
0 0.649777 0.6133 0.0102556 0.0107578
0 0.580703 0.907642 0.0090239 0.00866586
0 0.662149 0.791898 0.00849313 0.0105808
0 0.963204 0.852556 0.0109286 0.0111393
0 0.669609 0.893839 0.00899321 0.00973243
0 0.544124 0.908931 0.0149657 0.0104835
0 0.72088 0.877396 0.00673199 0.00651515
0 0.596861 0.834058 0.00782031 0.00787544
0 0.703248 0.776026 0.0113544 0.0110072
0 0.680151 0.605863 0.00951368 0.00999832
0 0.985629 0.861847 0.00893342 0.00782967
0 0.972281 0.904512 0.00751114 0.00749934
0 0.710354 0.787652 0.010362 0.00908267
0 0.708062 0.756564 0.0154865 0.0159388
0 0.606719 0.90876 0.00822651 0.00964969
0 0.980044 0.873025 0.00858516 0.00923312
0 0.802603 0.830227 0.0113625 0.0152172
0 0.607213 0.932318 0.00913 0.00887394
0 0.906399 0.89401 0.00962484 0.00910455
0 0.767157 0.840777 0.00791883 0.00799656
0 0.741268 0.75841 0.00971186 0.0103564
0 0.755277 0.888692 0.00863326 0.00942361
0 0.671445 0.93365 0.00793934 0.00880206
0 0.569718 0.969652 0.0104891 0.0103565
0 0.33197 0.983872 0.0100232 0.00841367
0 0.645231 0.925283 0.0121663 0.0103891
0 0.803244 0.83272 0.0116842 0.0175688
0 0.609436 0.585698 0.0134705 0.012258
0 0.820299 0.839283 0.0105593 0.011067
0 0.75486 0.901326 0.00889838 0.00938451
0 0.731476 0.921025 0.0100288 0.0107376
0 0.741548 0.847865 0.0091002 0.00937808
0 0.554026 0.853039 0.00896317 0.00781441
0 0.631852 0.970965 0.0084579 0.00938165
0 0.601997 0.994339 0.0146215 0.0100037
0 0.594351 0.927882 0.0110197 0.00870782
0 0.69618 0.618713 0.0145914 0.0117494
0 0.544986 0.842799 0.00891972 0.0125954
0 0.643605 0.590544 0.0107371 0.0107968
0 0.676138 0.997018 0.0100822 0.00578803
0 0.631968 0.916138 0.00973606 0.0103359
0 0.71294 0.84074 0.0117767 0.0122973
0 0.746053 0.883878 0.0075708 0.007469
0 0.629702 0.741906 0.00523871 0.00617027
0 0.966404 0.920338 0.00818652 0.00819778
0 0.545598 0.845329 0.00823557 0.0102066
0 0.733625 0.816612 0.00891131 0.00915545
0 0.742904 0.937421 0.00817174 0.00983924
0 0.714356 0.825982 0.0100039 0.0101109
0 0.551051 0.786105 0.00995445 0.0105956
0 0.592589 0.926763 0.012467 0.00910211
0 0.643135 0.804414 0.00694317 0.00695187
0 0.585343 0.916713 0.00864649 0.00652504
0 0.764502 0.739726 0.0117819 0.0122843
0 0.607492 0.948156 0.00786036 0.00892216
0 0.622577 0.746028 0.00670409 0.00856847
0 0.736122 0.776853 0.00833988 0.00932318
0 0.559748 0.809847 0.0114201 0.0123413
0 0.588508 0.944239 0.00927562 0.0103447
0 0.377486 0.976569 0.0093362 0.00892258
0 0.600701 0.791133 0.0107802 0.0122992
0 0.674437 0.748176 0.00931126 0.00877023
0 0.695986 0.796122 0.0096162 0.00948524
0 0.70895 0.836871 0.0152161 0.0149977
0 0.577751 0.847839 0.00761497 0.00827181
0 0.63759 0.892108 0.00767326 0.00861281
0 0.673533 0.730691 0.00899106 0.0104094
0 0.747424 0.951585 0.0101555 0.00958383
0 0.591206 0.956974 0.00835818 0.00724679
0 0.0570176 0.889391 0.00965953 0.0106599
0 0.711001 0.936368 0.00816137 0.00798374
0 0.757146 0.754334 0.0107655 0.0105517
0 0.608096 0.625441 0.00928962 0.00883728
0 0.508812 0.840162 0.00836885 0.00722849
0 0.561707 0.81303 0.0088442 0.00868589
0 0.940165 0.996771 0.0117291 0.00645703
0 0.766324 0.894812 0.00916177 0.0116291
0 0.72007 0.796005 0.0105014 0.0117772
0 0.613895 0.972941 0.00783271 0.009372
0 0.55043 0.81721 0.0100314 0.0103409
0 0.586672 0.980857 0.00881082 0.00887948
0 0.721832 0.793238 0.00962752 0.0104402
0 0.754592 0.827189 0.00802708 0.00850636
0 0.344641 0.992196 0.00770941 0.00860482
0 0.744219 0.846388 0.0127045 0.0106823
0 0.916793 0.889292 0.007016 0.00783557
0 0.771755 0.802897 0.00940156 0.0102876
0 0.593571 0.966683 0.00971526 0.00900459
0 0.29774 0.991176 0.0131713 0.0130455
0 0.661002 0.921209 0.011606 0.00987035
0 0.136497 0.990252 0.00941917 0.00885147
0 0.544045 0.841469 0.00882208 0.0105886
