0 0.834388 0.80582 0.0237255 0.0149975
0 0.739414 0.787672 0.0162054 0.014628
0 0.683639 0.982932 0.023856 0.0158926
0 0.370528 0.777559 0.0111671 0.0112703
0 0.960645 0.518806 0.0180782 0.0166281
0 0.851481 0.959683 0.0206261 0.0235293
0 0.799937 0.750186 0.0232124 0.0172232
0 0.155987 0.862477 0.0110357 0.0156603
0 0.87817 0.977666 0.0161928 0.0170559
0 0.92819 0.966527 0.00512356 0.00521445
0 0.0163832 0.420589 0.0196696 0.0148713
0 0.539482 0.91183 0.026073 0.0228931
0 0.99503 0.606287 0.00994015 0.0118752
0 0.594353 0.846863 0.0207523 0.0191176
0 0.0092987 0.127421 0.0170657 0.0139759
0 0.725841 0.0456821 0.0144976 0.0116569
0 0.727222 0.26327 0.0148661 0.0136154
0 0.840366 0.985427 0.0134344 0.0156361
0 0.672059 0.0967015 0.00880194 0.0081259
0 0.937636 0.222063 0.0130335 0.0149194
0 0.747716 0.975119 0.00913996 0.0120232
0 0.31269 0.634921 0.0127483 0.0128055
0 0.707136 0.860724 0.015155 0.0131512
0 0.28138 0.70096 0.0122568 0.0132101
0 0.901156 0.68426 0.0105737 0.0135332
0 0.458233 0.0649763 0.00862199 0.0105465
0 0.970467 0.406923 0.0146902 0.0158883
0 0.957675 0.277382 0.00769883 0.00856853
0 0.990542 0.369999 0.0106936 0.0108348
0 0.960662 0.460736 0.0131035 0.0144623
0 0.777426 0.957088 0.00989568 0.00956631
0 0.159255 0.989363 0.0139502 0.0117413
