0 0.491841 0.270041 0.0197209 0.0203352
0 0.45901 0.535741 0.0210748 0.0200756
0 0.833766 0.349522 0.0205183 0.0267257
0 0.668337 0.923768 0.0193406 0.0224236
0 0.830796 0.318595 0.0179722 0.0203421
0 0.596206 0.744331 0.0157388 0.0186316
0 0.338508 0.546514 0.016891 0.0236688
0 0.893401 0.759859 0.0158951 0.0154909
0 0.411136 0.253816 0.0162379 0.0182686
0 0.340731 0.372699 0.0121684 0.0154436
0 0.366282 0.501213 0.0175904 0.0147098
0 0.730917 0.318026 0.0164467 0.017687
0 0.490972 0.269684 0.0247299 0.0231801
0 0.482732 0.863897 0.0187186 0.0199822
0 0.750815 0.395126 0.0193167 0.0218937
0 0.418277 0.325094 0.0167608 0.0154506
0 0.378992 0.544043 0.0144356 0.019294
0 0.366686 0.409128 0.0142926 0.0215515
0 0.56671 0.38593 0.0189705 0.0261637
0 0.54644 0.960399 0.0184196 0.0191123
0 0.261425 0.533779 0.0170836 0.0159192
0 0.775233 0.270428 0.0189991 0.018555
0 0.421347 0.282218 0.0150611 0.0205674
0 0.408562 0.297047 0.00825024 0.00800571
0 0.580707 0.462565 0.0237525 0.0255322
0 0.43714 0.890359 0.0146372 0.0188476
0 0.366307 0.367417 0.0171778 0.0217511
0 0.60596 0.78604 0.0164404 0.0157299
0 0.437636 0.329761 0.013344 0.020609
0 0.238546 0.575856 0.0183905 0.0160756
0 0.361244 0.257271 0.0192024 0.017337
0 0.755406 0.312522 0.0110843 0.0168977
0 0.902638 0.800421 0.0121052 0.0149912
0 0.807533 0.737057 0.01635 0.0222691
0 0.665401 0.356425 0.0159496 0.023856
0 0.387485 0.499251 0.0134015 0.019061
0 0.955655 0.855453 0.0207741 0.0173832
0 0.47948 0.364491 0.0215288 0.0213738
0 0.954065 0.856637 0.0145965 0.0125626
0 0.30905 0.539393 0.0204764 0.0209263
0 0.803906 0.605459 0.0301276 0.031391
0 0.760133 0.335845 0.0122426 0.0155558
0 0.362167 0.254894 0.023042 0.024497
0 0.598229 0.77024 0.0129967 0.0117981
0 0.363862 0.25225 0.0199326 0.0176
0 0.80658 0.60351 0.0222294 0.0256069
0 0.478572 0.363551 0.0260073 0.0257682
0 0.341101 0.372935 0.0141378 0.0189944
0 0.796762 0.69221 0.0178463 0.0183147
