0 0.554401 0.238011 0.0155225 0.0140623
0 0.547947 0.509671 0.0161441 0.0165516
0 0.59051 0.115111 0.0157676 0.0184181
0 0.120108 0.86187 0.0173556 0.0221821
0 0.0985179 0.0854012 0.019776 0.0229133
0 0.1628 0.967818 0.0141626 0.0191005
0 0.0514048 0.071707 0.0195424 0.0183072
0 0.0298361 0.0821523 0.0172364 0.0167752
0 0.332923 0.448445 0.0186046 0.0187243
0 0.309211 0.455175 0.0177601 0.0171648
0 0.640816 0.663339 0.0220699 0.0193847
0 0.364199 0.0319185 0.0171535 0.0192633
0 0.585544 0.273524 0.0126072 0.0139341
0 0.291422 0.876582 0.0165935 0.0184788
0 0.0142412 0.866343 0.0133101 0.0185349
0 0.630616 0.942423 0.0116534 0.0122257
0 0.513694 0.418766 0.0119117 0.0126429
0 0.142741 0.118256 0.0150644 0.0169379
0 0.557894 0.205065 0.0152059 0.0192442
0 0.558288 0.203498 0.0116041 0.0147697
