0 0.439301 0.621838 0.00973493 0.010282
0 0.629811 0.660141 0.00998747 0.00926512
0 0.290874 0.873051 0.00794095 0.00769615
0 0.192164 0.488274 0.00847013 0.00823471
0 0.490966 0.845194 0.00819281 0.00885046
0 0.671755 0.822044 0.0095557 0.00926328
0 0.630656 0.413283 0.00996685 0.0103748
0 0.469398 0.603691 0.00903445 0.00845277
0 0.379205 0.926506 0.0095028 0.00951385
0 0.373209 0.756672 0.0111992 0.0119035
0 0.416066 0.821761 0.0093706 0.00987965
0 0.702437 0.752908 0.00669843 0.008883
0 0.595622 0.722114 0.00729024 0.00800508
0 0.384334 0.746346 0.00808191 0.00892657
0 0.554474 0.831861 0.00955737 0.00933951
0 0.235683 0.541797 0.00774288 0.00804579
0 0.309244 0.865976 0.00917071 0.00884628
0 0.514434 0.89726 0.00709969 0.00867331
0 0.521893 0.835899 0.00696731 0.0072006
0 0.512443 0.365743 0.0108618 0.0101162
0 0.502313 0.898478 0.00806397 0.0082584
0 0.309988 0.840224 0.00981554 0.00948274
0 0.688877 0.715575 0.00823343 0.00962603
0 0.599648 0.738369 0.00969267 0.0108105
0 0.620513 0.400937 0.0112901 0.0114851
0 0.423178 0.88412 0.0129795 0.0122619
0 0.232873 0.724109 0.00816764 0.00785398
0 0.247165 0.733895 0.00837649 0.00842911
0 0.60895 0.698808 0.00902587 0.00794983
0 0.406951 0.979415 0.00984257 0.0101467
0 0.402592 0.798775 0.00957078 0.00982076
0 0.514675 0.796503 0.00799042 0.0084877
0 0.473335 0.829006 0.0104752 0.00882035
0 0.670919 0.771025 0.00813073 0.00982916
0 0.6113 0.8959 0.00867957 0.00970441
0 0.490532 0.61461 0.00793552 0.00779039
0 0.579041 0.752972 0.0112499 0.0121092
0 0.242528 0.491064 0.00805445 0.00883988
0 0.540024 0.674116 0.00971085 0.00966132
0 0.209576 0.464296 0.00706224 0.00783309
0 0.533078 0.63395 0.00768054 0.00787497
0 0.685454 0.743496 0.00864452 0.00898343
0 0.705676 0.735024 0.00851822 0.00962144
0 0.667095 0.809735 0.00916415 0.0111719
0 0.391903 0.809038 0.00873291 0.00944215
0 0.667262 0.849459 0.00971061 0.00992584
0 0.935074 0.923088 0.0083763 0.0095489
0 0.691471 0.891561 0.00844067 0.00925505
0 0.482307 0.778581 0.0078274 0.00778556
0 0.409347 0.652882 0.00703907 0.00904614
0 0.45408 0.608445 0.00622979 0.00609535
0 0.373879 0.697521 0.00811988 0.00883263
0 0.535109 0.361251 0.00899333 0.00892979
0 0.644979 0.867026 0.00871432 0.00862747
0 0.580407 0.71156 0.00886005 0.00939709
0 0.626947 0.63303 0.00762588 0.00744003
0 0.420434 0.977361 0.00782835 0.0101667
0 0.523825 0.676844 0.00706726 0.00734562
0 0.488095 0.636051 0.00875798 0.00831741
0 0.546577 0.735729 0.00777245 0.00814104
0 0.581923 0.394667 0.00975537 0.0109453
0 0.48697 0.972968 0.0104095 0.00985414
0 0.507825 0.828552 0.00800478 0.00843507
0 0.584372 0.694803 0.00830621 0.00920564
0 0.423481 0.420982 0.0111517 0.00998423
0 0.304856 0.965142 0.0100811 0.0117626
0 0.331306 0.704769 0.0098013 0.0104194
0 0.393379 0.73641 0.0109302 0.00896275
0 0.56104 0.728918 0.00921446 0.00944769
0 0.510023 0.76147 0.00801897 0.00883847
0 0.204407 0.804684 0.00795488 0.00727767
0 0.508486 0.883622 0.00790519 0.0085476
0 0.524857 0.867295 0.0087508 0.00945818
0 0.468541 0.775386 0.0107111 0.0109028
0 0.226951 0.74728 0.00836916 0.00999862
0 0.558825 0.32764 0.0076834 0.00796664
0 0.414929 0.759967 0.0072895 0.00766689
0 0.396482 0.930797 0.0085617 0.00871927
0 0.409412 0.647102 0.00754929 0.0102401
0 0.686552 0.877349 0.00710434 0.00765723
0 0.446234 0.896711 0.00785789 0.00933933
0 0.690234 0.774532 0.00860178 0.00977993
0 0.55391 0.715184 0.00614542 0.00651109
0 0.694409 0.866358 0.00703889 0.0090704
0 0.688985 0.855348 0.00804543 0.00709569
0 0.167465 0.800898 0.00937237 0.0097149
0 0.37116 0.915856 0.00716513 0.0075388
0 0.514949 0.638113 0.00951272 0.00955862
0 0.174947 0.820058 0.00905423 0.00945628
0 0.425737 0.758307 0.0071995 0.00823843
0 0.521839 0.624775 0.0105095 0.00900012
0 0.261152 0.712043 0.00862321 0.00856268
0 0.554922 0.61645 0.00878751 0.00848311
0 0.209688 0.689933 0.00936985 0.0093931
0 0.457909 0.630087 0.00653532 0.00632316
0 0.220175 0.779856 0.00861005 0.00818527
0 0.331067 0.705509 0.0114112 0.0133486
0 0.574611 0.485407 0.00740665 0.00779372
0 0.345847 0.908233 0.00807229 0.00920123
0 0.38553 0.702934 0.00960064 0.00980932
0 0.357935 0.785066 0.00737321 0.00818884
0 0.953304 0.920792 0.00769615 0.008461
0 0.629627 0.646778 0.00817025 0.00809634
0 0.52878 0.344852 0.00994092 0.00890514
0 0.228954 0.435842 0.00892591 0.00816193
0 0.578691 0.645513 0.0114752 0.0092513
0 0.49888 0.817806 0.00938636 0.0113499
0 0.22323 0.715184 0.00754777 0.0073511
0 0.750453 0.889067 0.0109861 0.0100838
0 0.632346 0.617385 0.00717163 0.00834256
0 0.569207 0.808617 0.00797307 0.00864375
0 0.513883 0.672889 0.00646681 0.00733817
0 0.395793 0.635304 0.00641418 0.00619274
0 0.489726 0.960192 0.00836766 0.00802839
0 0.679501 0.786398 0.00712234 0.00689983
0 0.52171 0.607821 0.00757551 0.00829852
0 0.663679 0.779044 0.00757217 0.00736296
0 0.496901 0.68864 0.00819933 0.00782299
0 0.386169 0.666305 0.00795755 0.00858802
0 0.459287 0.70568 0.0072279 0.00789201
0 0.319348 0.986979 0.00899893 0.0108244
0 0.700538 0.89733 0.00703704 0.00799292
0 0.395322 0.773021 0.00706583 0.00807041
0 0.642735 0.824472 0.00769389 0.00808567
0 0.638321 0.395152 0.00919187 0.00940275
0 0.411838 0.772547 0.00718907 0.00738412
0 0.355088 0.91564 0.00757563 0.00844687
0 0.693503 0.755967 0.00752068 0.00791186
0 0.570878 0.635211 0.00648224 0.00658715
0 0.557812 0.817555 0.00721914 0.00712621
0 0.332592 0.951577 0.00770664 0.00833744
0 0.671072 0.67052 0.00873661 0.00888157
0 0.68658 0.623841 0.00908339 0.00892568
0 0.192855 0.809035 0.00780649 0.00902194
0 0.452754 0.667205 0.00980225 0.00856936
0 0.893714 0.804173 0.0105723 0.0109631
0 0.623958 0.802166 0.00791132 0.00788158
0 0.463994 0.724478 0.00848085 0.00935411
0 0.628805 0.858332 0.00830346 0.00785828
0 0.190715 0.786711 0.00860623 0.00880563
0 0.499376 0.755949 0.0090659 0.00926208
0 0.408618 0.434728 0.00769767 0.00832596
0 0.523012 0.850797 0.0073275 0.00769001
0 0.642448 0.788235 0.00929165 0.00991493
0 0.925806 0.983062 0.0096426 0.0102118
0 0.559152 0.851163 0.00677186 0.00775146
0 0.250633 0.230394 0.00870353 0.00918961
0 0.233116 0.707845 0.00665912 0.00746614
0 0.291536 0.428389 0.00841784 0.00818193
0 0.476498 0.332977 0.00805435 0.00887752
0 0.148293 0.816715 0.00887389 0.00879806
0 0.496965 0.932186 0.00847074 0.00928324
0 0.578016 0.496041 0.00849849 0.00816566
0 0.897754 0.905426 0.00779665 0.00843126
0 0.621991 0.67626 0.00733197 0.00667536
0 0.173388 0.14565 0.00776458 0.00801085
0 0.374784 0.67254 0.00874105 0.0102666
0 0.89867 0.991475 0.00713062 0.0072397
0 0.176561 0.492474 0.00678676 0.00609532
0 0.544185 0.317666 0.00751746 0.00882876
0 0.361276 0.67145 0.00835282 0.0084011
0 0.361796 0.580326 0.00881404 0.00878698
0 0.311392 0.458597 0.00912905 0.0098277
0 0.505396 0.679609 0.00898933 0.00871426
0 0.565471 0.488756 0.00757182 0.00790805
0 0.752997 0.811391 0.00954556 0.00780106
0 0.227127 0.459492 0.00729609 0.00806877
0 0.252685 0.217749 0.00727606 0.00779542
0 0.393853 0.91595 0.00758189 0.00805932
0 0.376981 0.579743 0.00819927 0.00927705
0 0.340303 0.592478 0.00891829 0.00866747
0 0.273938 0.624648 0.0088973 0.00944632
0 0.347701 0.940883 0.00885564 0.0105861
0 0.369768 0.686111 0.00781134 0.0080893
0 0.52954 0.458589 0.00847244 0.0095852
0 0.612962 0.827573 0.0074026 0.0077557
0 0.174864 0.482338 0.00835669 0.00803202
0 0.167221 0.498063 0.00813541 0.00828743
0 0.298008 0.612121 0.0104264 0.00905436
0 0.489103 0.702932 0.0074569 0.00858575
0 0.565627 0.487351 0.00726414 0.00871924
0 0.523786 0.79042 0.00650668 0.00640148
0 0.247058 0.199265 0.00963698 0.00866508
0 0.694353 0.909034 0.00796092 0.00815177
0 0.943212 0.88321 0.00964737 0.00935608
0 0.678903 0.731689 0.00712794 0.00806695
0 0.6943 0.846635 0.00787139 0.00842708
0 0.238781 0.696877 0.0086792 0.00839007
0 0.335946 0.311772 0.00827655 0.00930491
0 0.627987 0.816316 0.00691015 0.00808758
0 0.564375 0.628071 0.00623971 0.0074501
0 0.604898 0.851851 0.00815654 0.00868738
0 0.558468 0.497738 0.0085541 0.0088011
0 0.550551 0.682025 0.00856972 0.00891167
0 0.208302 0.141039 0.0098241 0.00946744
0 0.819176 0.912638 0.00941467 0.0103954
0 0.348874 0.692118 0.00686026 0.00837135
0 0.242623 0.70714 0.00690831 0.00708371
0 0.365044 0.923738 0.007413 0.00792998
0 0.481547 0.669896 0.00727701 0.00799644
0 0.449525 0.601164 0.00687236 0.00705719
0 0.705829 0.833438 0.0106953 0.00904006
0 0.661839 0.638681 0.00772607 0.00797892
0 0.327711 0.323229 0.010192 0.0102968
0 0.189824 0.452104 0.00679722 0.00784588
0 0.494652 0.950645 0.0078471 0.0105767
0 0.46867 0.933505 0.00833109 0.00882185
0 0.45546 0.680912 0.00815144 0.00785005
0 0.56902 0.785513 0.0115096 0.0114263
0 0.660895 0.788393 0.00903642 0.007967
0 0.667098 0.807677 0.00944805 0.0124277
0 0.69332 0.846765 0.00738913 0.00737762
0 0.681896 0.639207 0.00753915 0.00882053
0 0.589774 0.354705 0.00771457 0.00969428
0 0.763139 0.221288 0.0190104 0.0164888
0 0.671549 0.720396 0.00586253 0.00667417
0 0.467944 0.589177 0.00735781 0.00774127
0 0.506684 0.679433 0.00757557 0.00821227
0 0.511042 0.834247 0.00935096 0.00973511
0 0.53904 0.492301 0.00846547 0.00942767
0 0.651007 0.661738 0.00771856 0.00829411
0 0.704893 0.865512 0.0082078 0.00928056
0 0.637123 0.633752 0.00713384 0.00711823
0 0.752871 0.812465 0.0106444 0.00933093
0 0.154325 0.174511 0.006998 0.00777063
0 0.197847 0.17837 0.0105783 0.01024
