0 0.447834 0.451726 0.017818 0.0195978
0 0.36236 0.340358 0.0200135 0.0254416
0 0.713473 0.358646 0.0152323 0.019899
0 0.178973 0.397922 0.0158325 0.0172183
0 0.599136 0.223746 0.0171331 0.0165478
0 0.785772 0.188492 0.0132686 0.0150227
0 0.492427 0.267758 0.0191286 0.0171492
0 0.228252 0.243881 0.0158924 0.0161103
0 0.169531 0.561855 0.0180923 0.0245543
0 0.400785 0.429348 0.0155542 0.0144402
0 0.116293 0.326968 0.0171882 0.017362
0 0.337584 0.298309 0.0174514 0.0168307
0 0.843752 0.173246 0.0188828 0.0181065
0 0.203753 0.386778 0.016434 0.0166608
0 0.318968 0.298394 0.0124567 0.0144792
0 0.305607 0.330994 0.0191928 0.0243642
0 0.654101 0.443578 0.0170673 0.0170557
0 0.163482 0.348265 0.0217053 0.0197131
0 0.330351 0.326753 0.0196021 0.0187213
0 0.172171 0.521503 0.015401 0.0207392
0 0.399971 0.967705 0.0120482 0.0165634
0 0.749893 0.19128 0.0162377 0.0197455
0 0.50655 0.724538 0.0162285 0.0224853
0 0.0412287 0.924405 0.0115533 0.0151356
0 0.232494 0.868209 0.0176412 0.0152538
0 0.11431 0.778332 0.0157774 0.0155123
0 0.621918 0.492391 0.0145367 0.0166094
0 0.12676 0.518932 0.0149301 0.0132741
0 0.645135 0.39372 0.0114087 0.0102316
0 0.177597 0.748593 0.0168829 0.0229707
0 0.601956 0.519088 0.0160599 0.0191284
0 0.582614 0.269827 0.0155678 0.0170178
0 0.156541 0.774697 0.0135072 0.0195329
0 0.371255 0.990743 0.0126318 0.0171986
0 0.491852 0.266498 0.0219189 0.0216382
0 0.530551 0.662138 0.0206839 0.0297462
0 0.383559 0.457747 0.0151715 0.0169386
0 0.484421 0.727389 0.017728 0.0182533
0 0.27193 0.279148 0.0136091 0.0170599
0 0.669165 0.433003 0.0173728 0.0148104
0 0.530984 0.6577 0.0237328 0.0344136
0 0.0679232 0.550936 0.0165214 0.0137069
0 0.258369 0.788463 0.0231474 0.0209427
0 0.00442637 0.566309 0.0078284 0.0166777
0 0.0284784 0.604812 0.0175699 0.0243737
0 0.0753743 0.567222 0.0187326 0.0147202
0 0.529249 0.667446 0.0144783 0.0153673
0 0.105141 0.808497 0.0169618 0.0198132
0 0.59897 0.222806 0.0200174 0.0215112
0 0.275232 0.844329 0.0163179 0.0186676
0 0.599943 0.476819 0.016055 0.0161444
0 0.092152 0.613387 0.0206483 0.0177317
0 0.272016 0.278605 0.0167437 0.0205954
0 0.528913 0.667756 0.0177428 0.0185744
0 0.576438 0.508246 0.0183065 0.0187193
