0 0.65884 0.333422 0.0220621 0.0235064
0 0.822144 0.289149 0.0183998 0.022084
0 0.75545 0.232391 0.0170517 0.0126249
0 0.844765 0.393085 0.0211212 0.0208053
0 0.182683 0.725855 0.020648 0.0220205
0 0.796804 0.259811 0.0258266 0.0268514
0 0.132464 0.391277 0.0193483 0.0194416
0 0.63361 0.835843 0.0203663 0.0194786
0 0.788051 0.214723 0.0220695 0.0300813
0 0.713138 0.91726 0.0206438 0.0227047
0 0.59288 0.823825 0.0185106 0.0171173
0 0.895703 0.428593 0.0149963 0.0150966
0 0.153266 0.260435 0.0201049 0.0224572
0 0.817221 0.214572 0.0240347 0.014816
0 0.844195 0.210094 0.0207869 0.0168544
0 0.0470281 0.129304 0.0188 0.0178062
0 0.117071 0.268046 0.0112402 0.0124326
0 0.711664 0.449788 0.0273997 0.0352554
0 0.545347 0.0885592 0.00901806 0.0102165
0 0.953 0.503155 0.0115208 0.014489
0 0.828982 0.371071 0.0134327 0.0126876
0 0.0992591 0.200778 0.0136981 0.0152795
0 0.690632 0.549923 0.0256363 0.0259274
0 0.594138 0.823227 0.0145302 0.0151701
0 0.570832 0.0757001 0.0119032 0.0137903
0 0.886991 0.36668 0.0133087 0.013377
0 0.0441832 0.19384 0.012806 0.0166333
0 0.0780125 0.129196 0.0189057 0.0264342
0 0.989457 0.609868 0.0210851 0.0208998
0 0.110382 0.191479 0.0297166 0.0320995
0 0.114084 0.188108 0.0214733 0.024193
0 0.528016 0.0903461 0.0188679 0.0202222
0 0.109978 0.193077 0.0409502 0.0334568
0 0.022459 0.178163 0.00986053 0.0149532
0 0.990295 0.229939 0.0172066 0.0188929
0 0.0306106 0.111362 0.0180013 0.0189295
0 0.737084 0.306553 0.0125418 0.0186152
0 0.71218 0.917126 0.0165596 0.0190958
0 0.902717 0.391915 0.0112793 0.0159591
0 0.147821 0.175311 0.0180049 0.0183551
0 0.739637 0.606312 0.0259815 0.0248955
0 0.585176 0.87941 0.00924516 0.0126652
