0 0.961685 0.874731 0.0184987 0.0183856
0 0.929776 0.897743 0.0147728 0.0162422
0 0.957522 0.83605 0.0116587 0.0109783
0 0.562586 0.810887 0.0208993 0.0207043
0 0.979364 0.84635 0.0173426 0.0181274
0 0.599418 0.761643 0.0160965 0.017622
0 0.639995 0.761041 0.016339 0.0184115
0 0.987646 0.642204 0.0158264 0.0159155
0 0.991347 0.679087 0.0128977 0.0111201
0 0.744291 0.827174 0.0211688 0.0278202
0 0.978655 0.847115 0.0217655 0.0214252
0 0.189175 0.0466391 0.0106407 0.0109358
0 0.866369 0.322781 0.0232716 0.0209717
