0 0.898203 0.912931 0.0229687 0.0253029
0 0.267385 0.969017 0.0176477 0.0197523
0 0.287426 0.911846 0.0157308 0.0201322
0 0.130564 0.960052 0.0208508 0.0225304
0 0.0440753 0.58949 0.0189283 0.0190708
0 0.957659 0.967171 0.0229003 0.022356
0 0.612416 0.918626 0.0195635 0.0226784
0 0.88061 0.943124 0.0159153 0.0180774
0 0.298365 0.953112 0.0168871 0.0178276
0 0.27124 0.532513 0.0265241 0.0260288
0 0.332354 0.968927 0.0176616 0.0180618
0 0.328214 0.648964 0.0201092 0.0213659
0 0.690191 0.843213 0.0187845 0.0196247
0 0.673947 0.521158 0.0187801 0.02094
0 0.625647 0.481741 0.0168695 0.0196886
0 0.574231 0.630995 0.018033 0.0182161
0 0.351758 0.0844214 0.0192412 0.0203759
0 0.0674258 0.983596 0.0193703 0.019178
0 0.650915 0.966261 0.0176967 0.0159245
0 0.867445 0.897592 0.0105217 0.0130678
0 0.661062 0.17671 0.0154629 0.0170488
0 0.0126518 0.607636 0.0214535 0.0260283
0 0.132562 0.527898 0.00659177 0.006827
0 0.249064 0.991222 0.0285486 0.0175559
0 0.673536 0.938423 0.0261389 0.0187672
