0 0.152345 0.619243 0.0211506 0.0238921
0 0.0674684 0.909805 0.0180582 0.0195923
0 0.262704 0.272398 0.0186089 0.0198423
0 0.613024 0.343962 0.0150018 0.019796
0 0.416218 0.600812 0.018826 0.0189064
0 0.510869 0.0488374 0.0137801 0.0158914
0 0.213458 0.163936 0.0171593 0.0184317
0 0.806454 0.557281 0.0174968 0.0154486
0 0.734463 0.581988 0.0171927 0.0186571
0 0.65297 0.969776 0.0134583 0.0128536
0 0.142528 0.111266 0.0154139 0.0153415
0 0.64977 0.920185 0.0183738 0.0189002
0 0.38198 0.574176 0.0134084 0.0156536
0 0.263307 0.623048 0.0180622 0.0202947
0 0.289702 0.62953 0.0191596 0.0227312
0 0.213869 0.711848 0.0189153 0.0167461
0 0.192194 0.294046 0.0124571 0.0155761
0 0.0179368 0.968811 0.0194141 0.0194799
0 0.280115 0.806614 0.0148378 0.0179289
0 0.670901 0.963879 0.0140443 0.0157978
0 0.147535 0.141833 0.0156559 0.014145
0 0.077731 0.932813 0.0133469 0.0191479
0 0.221361 0.229476 0.0162528 0.0172376
0 0.420839 0.157391 0.0132534 0.0151202
0 0.175743 0.293874 0.0116764 0.0149328
0 0.635004 0.942033 0.0325609 0.0238068
0 0.179832 0.214855 0.0169303 0.0195305
0 0.295871 0.54662 0.0236193 0.0220327
0 0.807379 0.536625 0.0145612 0.0177872
0 0.695441 0.529317 0.0120991 0.0131718
0 0.0940477 0.953599 0.0156436 0.0180931
0 0.349292 0.947643 0.0127142 0.0151203
0 0.754151 0.79991 0.0116058 0.0157862
0 0.559411 0.882499 0.0115934 0.0121468
0 0.72416 0.828969 0.0139769 0.01439
0 0.763669 0.594767 0.0136656 0.0170493
0 0.313204 0.521142 0.0187502 0.0194454
0 0.493334 0.0165498 0.0189762 0.0248006
0 0.696564 0.776253 0.0116774 0.013694
0 0.775487 0.532412 0.0158127 0.0171581
0 0.697839 0.848254 0.0126323 0.0134072
0 0.313199 0.519514 0.0213793 0.0244805
0 0.592727 0.887379 0.0146431 0.0163994
0 0.552074 0.371326 0.0158745 0.0190295
0 0.964238 0.432084 0.0129532 0.010837
0 0.674491 0.279927 0.0131909 0.014143
0 0.0713516 0.95387 0.00989205 0.0119484
0 0.944576 0.452383 0.0189043 0.0217987
0 0.21783 0.551695 0.00913572 0.010235
0 0.837745 0.534791 0.0102909 0.01446
0 0.639387 0.942416 0.0213898 0.018288
0 0.576787 0.300073 0.0122818 0.0135515
0 0.30379 0.95854 0.00914899 0.0118788
0 0.768912 0.565009 0.0108109 0.0132493
0 0.23024 0.691232 0.007623 0.00924188
0 0.0484894 0.568506 0.0151712 0.0106639
0 0.816554 0.0954739 0.0108395 0.0141982
