0 0.464797 0.70049 0.0132073 0.0162642
0 0.430738 0.707526 0.0151631 0.0153646
0 0.467357 0.730822 0.014096 0.0144769
0 0.487203 0.747918 0.0160613 0.0192907
0 0.44248 0.663074 0.0136417 0.016258
0 0.464751 0.641987 0.0127972 0.0128546
0 0.647134 0.500139 0.024546 0.020121
0 0.504518 0.665793 0.0112985 0.0117624
0 0.517764 0.654939 0.010339 0.0123393
0 0.52986 0.82046 0.00861758 0.0133182
0 0.465534 0.605994 0.0117569 0.0120831
0 0.494333 0.678072 0.0105183 0.011247
0 0.847981 0.761252 0.0136398 0.0141317
0 0.485564 0.486124 0.00868455 0.00808313
