0 0.569506 0.855854 0.0132866 0.016238
0 0.0823263 0.0780345 0.0182466 0.0207604
0 0.307957 0.371321 0.0141622 0.0134972
0 0.764431 0.458085 0.0132251 0.0146071
0 0.572433 0.743679 0.0169324 0.0151115
0 0.1531 0.119156 0.0140285 0.0168497
0 0.513738 0.174282 0.018272 0.0170418
0 0.619026 0.638269 0.0167348 0.0152014
0 0.772755 0.883368 0.0145469 0.0212063
0 0.341812 0.726545 0.0145515 0.0176843
0 0.709146 0.781855 0.0184799 0.0177978
0 0.624927 0.319065 0.0200803 0.0210407
0 0.722478 0.799642 0.0141427 0.0168118
0 0.647464 0.294897 0.0168472 0.0147508
0 0.348105 0.942954 0.0122425 0.0164692
0 0.231831 0.887845 0.0156066 0.0172142
0 0.586486 0.660744 0.0170242 0.0156803
0 0.556851 0.910042 0.0111364 0.0130665
0 0.140797 0.0818796 0.0106714 0.0116338
0 0.214478 0.012428 0.0164327 0.0145618
0 0.921569 0.204907 0.0124038 0.015391
0 0.474078 0.120115 0.010736 0.013279
0 0.553656 0.977472 0.00963092 0.0120699
0 0.612868 0.943466 0.0125419 0.0146164
0 0.56895 0.630518 0.017988 0.0220118
0 0.570252 0.829351 0.0143333 0.0169308
0 0.663186 0.988464 0.0132731 0.0122095
0 0.175993 0.130982 0.0208405 0.020376
0 0.649683 0.100174 0.0140958 0.014123
0 0.338326 0.784974 0.0118025 0.0141166
0 0.555189 0.725392 0.0127565 0.018849
0 0.779223 0.825772 0.0181305 0.019029
0 0.849382 0.806251 0.0111738 0.0179287
0 0.634547 0.801463 0.0158253 0.0189839
0 0.685689 0.934023 0.0158991 0.0157878
0 0.444067 0.959092 0.0148728 0.012944
0 0.987797 0.383053 0.0190933 0.0180528
0 0.595374 0.775523 0.0122193 0.0119209
0 0.384264 0.919184 0.0142696 0.0175106
0 0.248797 0.273984 0.0140603 0.017287
0 0.612972 0.0663882 0.012664 0.0120934
0 0.0454074 0.0988919 0.014534 0.0153458
0 0.592428 0.854072 0.0134605 0.0149551
0 0.796723 0.842329 0.0122483 0.0170887
0 0.331281 0.669522 0.0156575 0.0146929
0 0.723469 0.903138 0.0212158 0.0171642
0 0.800361 0.875795 0.0128631 0.0146473
0 0.66124 0.316011 0.0167473 0.019441
0 0.323696 0.361697 0.0137235 0.0142348
0 0.56837 0.628022 0.0166298 0.016409
0 0.593874 0.622254 0.0128366 0.00790042
0 0.182827 0.504567 0.0172962 0.0157759
0 0.615125 0.797385 0.0115438 0.0136371
0 0.132019 0.302777 0.00930017 0.0101914
0 0.90956 0.836914 0.0146453 0.0125878
0 0.115529 0.69376 0.0241881 0.0224062
0 0.629344 0.0477931 0.00908524 0.00721494
0 0.203455 0.775122 0.0117324 0.0175833
0 0.574918 0.7272 0.0117275 0.0110924
0 0.499165 0.391149 0.0104493 0.00997838
0 0.714511 0.976357 0.0122423 0.0153683
0 0.877318 0.534855 0.0145454 0.0149666
0 0.237506 0.202034 0.0122271 0.0133482
0 0.829895 0.660601 0.0163843 0.0175712
0 0.324148 0.907638 0.0231712 0.0194038
