0 0.506199 0.906879 0.0164175 0.0157051
0 0.193191 0.621726 0.0155739 0.0154943
0 0.391745 0.679207 0.0145875 0.0168028
0 0.250307 0.614309 0.0155334 0.0152312
0 0.532604 0.579689 0.0132076 0.0161989
0 0.107211 0.140841 0.0174306 0.0183729
0 0.217319 0.601848 0.0165586 0.0169126
0 0.0422307 0.121003 0.0149613 0.0193779
0 0.0969078 0.444118 0.0174716 0.0185215
0 0.255596 0.663729 0.0171487 0.0192254
0 0.206323 0.459793 0.0165026 0.0181115
0 0.199395 0.555381 0.0151128 0.0175238
0 0.29631 0.95693 0.0126813 0.0157463
0 0.0403477 0.825162 0.0159572 0.0173039
0 0.0275359 0.276609 0.0127551 0.0135542
0 0.968494 0.223962 0.015489 0.0210091
0 0.0488271 0.630661 0.0152437 0.0168293
0 0.359632 0.68976 0.0174701 0.0167591
0 0.258284 0.778908 0.0148611 0.0192199
0 0.298793 0.291834 0.0139747 0.0188645
0 0.421412 0.987053 0.0113629 0.0111175
0 0.127303 0.0815118 0.0159235 0.0159132
0 0.204271 0.144754 0.0122366 0.0163414
0 0.977653 0.550925 0.0156181 0.0157615
0 0.561237 0.950468 0.0141146 0.0154335
0 0.22915 0.630032 0.0131776 0.0131542
0 0.342377 0.966771 0.0140785 0.0134823
0 0.361917 0.641637 0.0132305 0.0174088
0 0.111306 0.62898 0.0127107 0.015327
0 0.178977 0.467025 0.0141943 0.0158409
0 0.276589 0.669103 0.0152351 0.0187124
0 0.104109 0.666926 0.0161666 0.0175367
0 0.305174 0.928508 0.0124109 0.0169678
0 0.175574 0.218388 0.013173 0.0158514
0 0.372172 0.0425872 0.0106357 0.013288
0 0.661213 0.263576 0.0132297 0.0140293
0 0.0441406 0.0571845 0.0141744 0.0133697
0 0.137688 0.455426 0.0138765 0.0177463
0 0.692039 0.921964 0.0135871 0.0127403
0 0.356218 0.587445 0.0135323 0.0154269
0 0.953311 0.294301 0.0156065 0.0179713
0 0.0436087 0.859032 0.0123831 0.0144092
0 0.432643 0.200495 0.00609875 0.00870071
0 0.421533 0.200037 0.00698701 0.0110613
0 0.142723 0.0390419 0.0152834 0.0262496
0 0.00779407 0.679976 0.0140432 0.015423
0 0.23071 0.761021 0.0111866 0.0144734
0 0.199813 0.77232 0.0122285 0.0121218
0 0.258874 0.581731 0.0146833 0.0176138
0 0.0135276 0.0196893 0.0195294 0.0287897
0 0.71236 0.940867 0.017298 0.0189156
0 0.316403 0.707159 0.0148762 0.0223334
0 0.317085 0.704142 0.0139584 0.0147993
0 0.289666 0.557154 0.0112143 0.0142288
0 0.903381 0.226763 0.0117697 0.0137017
0 0.130179 0.417163 0.0170007 0.0248619
0 0.450651 0.993695 0.0172207 0.0116203
0 0.386991 0.583319 0.0104944 0.00927633
0 0.395516 0.623951 0.0219311 0.0202913
0 0.0709239 0.99595 0.0167669 0.00803298
0 0.189123 0.591694 0.0173235 0.0160585
0 0.316344 0.717488 0.0138978 0.0142838
0 0.580304 0.520824 0.0117998 0.0101776
0 0.0972345 0.510572 0.0147472 0.0133039
0 0.558393 0.976005 0.0180016 0.0208347
0 0.27349 0.556027 0.0137492 0.0154625
