0 0.839489 0.66551 0.0142529 0.0161182
0 0.88696 0.712554 0.0171879 0.0172396
0 0.693964 0.127058 0.0177168 0.0155781
0 0.814587 0.700768 0.0151615 0.0151251
0 0.745788 0.734081 0.0126665 0.013057
0 0.573822 0.396007 0.0140505 0.0165751
0 0.768436 0.102669 0.015501 0.0200833
0 0.209837 0.0541907 0.013647 0.014319
0 0.475133 0.261919 0.0163951 0.0180558
0 0.796143 0.0953751 0.0105232 0.0140389
0 0.307875 0.923493 0.0132148 0.0166985
0 0.849504 0.750448 0.0120125 0.013817
0 0.271189 0.0155551 0.0157643 0.0218994
0 0.495784 0.490092 0.0181805 0.0210993
0 0.370235 0.0135476 0.0132523 0.0136345
0 0.310051 0.984122 0.0111016 0.0146011
0 0.441937 0.426786 0.0133234 0.013432
0 0.257886 0.849854 0.0119664 0.0151379
0 0.748432 0.0771954 0.0148304 0.0148767
0 0.311658 0.311836 0.016412 0.0158494
0 0.585486 0.177734 0.015941 0.0157668
0 0.254895 0.767447 0.0118442 0.0132756
0 0.271729 0.859802 0.0122549 0.0154797
0 0.710934 0.939974 0.0110324 0.0117016
0 0.297096 0.945336 0.0140631 0.0163769
0 0.857979 0.376987 0.0145365 0.0131025
0 0.435152 0.462701 0.0132244 0.0134645
0 0.878461 0.377179 0.0160969 0.0145663
0 0.57894 0.993789 0.0130062 0.0124219
0 0.643597 0.543952 0.0146277 0.0143377
0 0.563472 0.604371 0.0129414 0.0125831
0 0.665694 0.86877 0.0141107 0.0168045
0 0.550608 0.0317674 0.0174724 0.0108852
0 0.643411 0.477587 0.0142859 0.0153412
0 0.55161 0.263494 0.0200996 0.0195298
0 0.765453 0.540607 0.011288 0.0106736
0 0.950101 0.666905 0.0212715 0.0244291
0 0.694732 0.104653 0.00990212 0.00970402
0 0.562781 0.60436 0.0161957 0.0146807
0 0.271398 0.860349 0.0151065 0.018519
0 0.563056 0.0128765 0.0174961 0.0215631
0 0.282144 0.952699 0.0099102 0.0109756
