0 0.501366 0.242517 0.0148895 0.0171179
0 0.303022 0.400284 0.0156968 0.0162911
0 0.728516 0.430905 0.0108393 0.0117348
0 0.407672 0.150021 0.0171675 0.0145382
0 0.815232 0.0368515 0.0178652 0.0171883
0 0.320845 0.423513 0.01663 0.0186934
0 0.804624 0.0190123 0.0141567 0.0121003
0 0.703695 0.0381914 0.0149978 0.0129114
0 0.967967 0.217308 0.0136204 0.0138234
0 0.453761 0.131079 0.0201589 0.0164835
0 0.632982 0.436255 0.0172287 0.0137467
0 0.921353 0.584221 0.0110172 0.0110083
0 0.130611 0.232007 0.0199877 0.018915
0 0.675642 0.614346 0.0141386 0.014269
0 0.769831 0.620043 0.0129487 0.00904399
0 0.847373 0.421253 0.00818157 0.00837833
0 0.482218 0.42722 0.0129936 0.0141445
