0 0.292994 0.019049 0.0181542 0.019654
0 0.479291 0.468172 0.0181466 0.0193768
0 0.81639 0.394559 0.0177032 0.0193852
0 0.557785 0.86286 0.0166075 0.0179389
0 0.934755 0.736098 0.0146539 0.0156839
0 0.361268 0.145989 0.0163511 0.021814
0 0.295125 0.1107 0.0168467 0.0190011
0 0.63938 0.241471 0.0152621 0.0192349
0 0.41103 0.0188924 0.0144682 0.014184
0 0.0271929 0.0329177 0.0191109 0.0216692
0 0.329313 0.0916306 0.0137883 0.0162323
0 0.389585 0.0685777 0.0144268 0.0170788
0 0.884761 0.200248 0.0128643 0.0156327
0 0.751166 0.244333 0.0229122 0.0235787
0 0.673968 0.634331 0.0169652 0.0177144
0 0.277876 0.148018 0.0149821 0.0160145
0 0.0315764 0.0826773 0.0172632 0.0220207
0 0.087143 0.0752347 0.0158453 0.0168571
0 0.557813 0.603134 0.0165698 0.0180009
0 0.650256 0.470073 0.0167601 0.0156431
0 0.467871 0.0782513 0.017989 0.0180422
0 0.732199 0.223231 0.0118117 0.0154893
0 0.65572 0.120101 0.014957 0.0143752
0 0.715394 0.143648 0.0156101 0.01601
0 0.58938 0.642421 0.0125619 0.0139499
0 0.241418 0.0410733 0.0174633 0.0217103
0 0.920656 0.784546 0.0165114 0.0170873
0 0.0767938 0.659242 0.0154688 0.0169566
0 0.582367 0.772452 0.0143136 0.0147518
0 0.330406 0.0165972 0.0158166 0.020432
0 0.456782 0.474542 0.0135752 0.0161909
0 0.320195 0.17836 0.0130951 0.0153927
0 0.0534041 0.0526029 0.0180609 0.0173792
0 0.622309 0.494225 0.015957 0.0177143
0 0.619061 0.23596 0.011862 0.0132497
0 0.946812 0.0766137 0.00972784 0.0168428
0 0.185893 0.00786374 0.0142521 0.0157275
0 0.885417 0.65642 0.010492 0.0147468
0 0.616672 0.924936 0.0145285 0.0166916
0 0.717535 0.765253 0.0168669 0.0166607
0 0.309116 0.0702576 0.0157513 0.0162572
0 0.952097 0.100809 0.0166313 0.0159246
0 0.799074 0.650681 0.0158297 0.01635
0 0.0259309 0.19464 0.0174994 0.0156708
0 0.948129 0.0364205 0.0105423 0.0118182
0 0.711006 0.400644 0.0153722 0.0137675
0 0.281195 0.504903 0.0133628 0.0164448
0 0.487461 0.112544 0.012844 0.0143733
0 0.619256 0.445184 0.0221549 0.01481
0 0.304906 0.654941 0.0163991 0.0161804
0 0.981002 0.0826287 0.0136063 0.0141191
0 0.608273 0.397959 0.0191585 0.0206647
0 0.640101 0.414215 0.00973874 0.0113605
0 0.168974 0.559857 0.0118436 0.0159577
0 0.174145 0.762786 0.0117348 0.0123268
0 0.314577 0.672665 0.0128451 0.011375
0 0.619502 0.403278 0.0162206 0.0176309
0 0.813347 0.663679 0.0165716 0.0140282
0 0.809781 0.845673 0.0127941 0.0150045
0 0.807707 0.339317 0.0147446 0.0152436
0 0.841171 0.33322 0.0141271 0.0160879
0 0.532395 0.00577312 0.016305 0.0115462
0 0.517961 0.989926 0.0193255 0.0193912
0 0.20268 0.0969924 0.0126949 0.0123689
0 0.442604 0.00570026 0.013917 0.0110113
0 0.722176 0.990962 0.0202206 0.0170017
0 0.97428 0.121663 0.0145414 0.0159472
0 0.0345997 0.212855 0.0183503 0.0216471
0 0.606373 0.397557 0.0152347 0.0181836
0 0.899166 0.780375 0.0128989 0.0145521
0 0.179247 0.894346 0.0126453 0.014187
0 0.613827 0.401579 0.0293374 0.0252156
0 0.685142 0.431973 0.0228958 0.0278074
0 0.630639 0.42877 0.0139278 0.0137434
0 0.627173 0.538417 0.00853986 0.0151814
0 0.617296 0.401604 0.0217766 0.0212562
0 0.488857 0.530244 0.0286335 0.02315
0 0.26092 0.774762 0.00955781 0.0127833
