0 0.644326 0.717665 0.0161745 0.0187414
0 0.233872 0.387023 0.0179759 0.0175985
0 0.883682 0.686787 0.0164924 0.0182989
0 0.740603 0.847133 0.0159801 0.0146565
0 0.27072 0.921866 0.0176342 0.0178629
0 0.469096 0.697701 0.0174553 0.0197481
0 0.756774 0.978026 0.0137272 0.0177309
0 0.911996 0.857164 0.0159328 0.0198408
0 0.677802 0.911203 0.015856 0.0158256
0 0.888908 0.850345 0.0149904 0.0138891
0 0.900312 0.730086 0.0159224 0.0241419
0 0.168194 0.779066 0.0156765 0.0170689
0 0.549652 0.720292 0.0146933 0.0193806
0 0.721694 0.854218 0.0139109 0.0160484
0 0.272268 0.538642 0.0171619 0.0170865
0 0.186403 0.353764 0.0174596 0.0162005
0 0.22442 0.931095 0.0145969 0.0163352
0 0.185991 0.967294 0.0173437 0.0212414
0 0.0129464 0.60359 0.0240287 0.025761
0 0.0216819 0.34334 0.0157812 0.0180268
0 0.735186 0.69744 0.0146375 0.0163242
0 0.0713422 0.518557 0.0162129 0.0212228
0 0.945048 0.647628 0.0197464 0.0179588
0 0.952011 0.711963 0.0143294 0.0172411
0 0.605121 0.707866 0.0152548 0.0176952
0 0.672226 0.797212 0.0157977 0.0173602
0 0.213176 0.337942 0.0170304 0.0184205
0 0.504397 0.790795 0.0133732 0.0163437
0 0.683513 0.637267 0.0136043 0.0141705
0 0.6571 0.669465 0.0132831 0.0126715
0 0.325876 0.992441 0.0135638 0.0139602
0 0.458817 0.495496 0.0187146 0.0170529
0 0.854095 0.775727 0.0162023 0.018727
0 0.845453 0.615215 0.0119198 0.0153577
0 0.878013 0.631158 0.0196525 0.0189204
0 0.834502 0.638543 0.0176205 0.0162554
0 0.119301 0.0887019 0.0172884 0.0191315
0 0.684827 0.662516 0.0115279 0.0156969
0 0.481601 0.65228 0.0180447 0.023847
0 0.129361 0.739276 0.0162782 0.016757
0 0.716708 0.660457 0.0173628 0.0203776
0 0.788294 0.671779 0.0149929 0.0173475
0 0.705978 0.600046 0.0159494 0.0187171
0 0.672534 0.624596 0.0133475 0.0171238
0 0.876584 0.767731 0.0153505 0.0184174
0 0.8484 0.984907 0.00790805 0.00836903
0 0.0375435 0.388556 0.0186262 0.0179859
0 0.574044 0.842409 0.0128771 0.0150856
0 0.852309 0.777078 0.02017 0.0231282
0 0.195893 0.877029 0.00906865 0.0101753
0 0.440905 0.639545 0.00761852 0.00911605
0 0.0649397 0.0952812 0.0128739 0.0154448
0 0.674822 0.625847 0.0198587 0.021686
0 0.447656 0.670566 0.0181943 0.0206234
0 0.784272 0.989854 0.00954628 0.0107504
0 0.175836 0.213525 0.0161678 0.0241727
0 0.534384 0.963675 0.0131084 0.0104517
0 0.652386 0.47544 0.0167729 0.0208607
0 0.871954 0.89005 0.0102497 0.0102535
0 0.110444 0.66092 0.0109098 0.0154846
