0 0.411182 0.310076 0.0173645 0.0187263
0 0.625645 0.765378 0.0177284 0.0177382
0 0.445426 0.941102 0.0135102 0.0150393
0 0.8406 0.456482 0.0130968 0.015453
0 0.64145 0.112903 0.0168567 0.0180141
0 0.418501 0.914924 0.0140178 0.01698
0 0.937843 0.891396 0.0163904 0.0173204
0 0.307449 0.944185 0.0141002 0.0184761
0 0.662964 0.318379 0.0180914 0.0179432
0 0.667321 0.806635 0.0162285 0.0190245
0 0.650123 0.671784 0.0148166 0.0161403
0 0.770376 0.211564 0.013603 0.0176127
0 0.80823 0.136202 0.0170169 0.0202268
0 0.294645 0.430727 0.0133784 0.0147486
0 0.0448032 0.804914 0.0186137 0.0154028
0 0.543415 0.550942 0.0145994 0.0151579
0 0.806633 0.394766 0.0192963 0.0198449
0 0.61895 0.127082 0.011619 0.0128794
0 0.505855 0.824556 0.0178908 0.0177345
0 0.92386 0.762868 0.0196033 0.0178118
0 0.70763 0.330504 0.0199023 0.0207285
0 0.467416 0.6643 0.0149029 0.0186142
0 0.35643 0.877655 0.0138886 0.0173735
0 0.41732 0.595047 0.0169278 0.0199178
0 0.385107 0.313203 0.0115384 0.0157378
0 0.531523 0.46297 0.016094 0.0179055
0 0.769516 0.267284 0.0162506 0.015654
0 0.326449 0.733043 0.0185446 0.0213048
0 0.0236526 0.840287 0.0155562 0.0158626
0 0.360651 0.371016 0.0158955 0.0165456
0 0.879699 0.699705 0.0142479 0.017522
0 0.768951 0.869082 0.0126661 0.0166492
0 0.92742 0.318898 0.0157951 0.0219655
0 0.559354 0.784808 0.0130105 0.0131925
0 0.552385 0.46026 0.0134513 0.0138018
0 0.832155 0.786686 0.0145226 0.016834
0 0.593191 0.645011 0.0151772 0.0154524
0 0.746668 0.415967 0.0147209 0.0170476
0 0.595388 0.663949 0.0157394 0.0150977
0 0.766834 0.896084 0.0142191 0.0184994
0 0.0602626 0.104785 0.0157041 0.0157893
0 0.967687 0.883218 0.0140648 0.0139633
0 0.905283 0.801231 0.0122625 0.0149587
0 0.699661 0.73961 0.0141168 0.0148283
0 0.584083 0.52929 0.0106007 0.0116787
0 0.537135 0.638912 0.0125386 0.0173944
0 0.81675 0.803845 0.0125185 0.0150844
0 0.541725 0.850428 0.016008 0.0183033
0 0.893929 0.457574 0.0139874 0.0188406
0 0.421073 0.517232 0.0159964 0.0225895
0 0.796213 0.303171 0.0149422 0.0180068
0 0.60391 0.160125 0.0160217 0.0191889
0 0.0957875 0.437802 0.0148802 0.0187925
0 0.164197 0.611146 0.0180422 0.0175661
0 0.781362 0.853157 0.0122139 0.015884
0 0.590931 0.595421 0.00910401 0.0106586
0 0.816395 0.461669 0.0121616 0.0135035
0 0.495339 0.741326 0.0136099 0.0162846
0 0.627608 0.142014 0.0113514 0.0129811
0 0.601071 0.691627 0.0134665 0.0125414
0 0.646554 0.259159 0.016117 0.0184186
0 0.875214 0.445526 0.0165333 0.0168173
0 0.671441 0.654059 0.0165095 0.0152256
0 0.706379 0.690645 0.0143784 0.0152047
0 0.89795 0.389684 0.0143692 0.0156188
0 0.141426 0.425014 0.0193391 0.0185306
0 0.414842 0.650049 0.0129401 0.0139605
0 0.746435 0.316942 0.0131397 0.0130893
0 0.262961 0.0931073 0.0137817 0.0132689
0 0.441017 0.419278 0.0174299 0.0193979
0 0.198557 0.589258 0.0116228 0.0117378
0 0.466542 0.855554 0.0111791 0.00948757
0 0.427934 0.883982 0.013052 0.0186809
0 0.768443 0.573548 0.0202078 0.0237598
0 0.408145 0.619127 0.0153738 0.0154577
0 0.726002 0.402597 0.0179152 0.0158587
0 0.967228 0.803004 0.0138798 0.0193825
0 0.295179 0.178221 0.0136648 0.0160352
0 0.0569336 0.825777 0.0145661 0.0147396
0 0.0796854 0.818158 0.0155969 0.0153705
0 0.832648 0.285472 0.0176128 0.0215589
0 0.442262 0.674182 0.0108753 0.0144979
0 0.801152 0.826827 0.0113758 0.0119593
0 0.693055 0.430598 0.0187008 0.0173218
0 0.889221 0.243724 0.0154259 0.0172496
0 0.233589 0.194679 0.0182827 0.0181699
0 0.659898 0.380306 0.00942534 0.0113662
0 0.738842 0.567886 0.0187333 0.0302265
0 0.172784 0.934337 0.00902963 0.0110413
0 0.971805 0.725021 0.0152649 0.0162418
0 0.928931 0.259531 0.0178234 0.019796
0 0.398173 0.359359 0.0158274 0.0207675
0 0.33293 0.388563 0.0159065 0.0163588
0 0.42178 0.957934 0.0152256 0.0146984
0 0.527195 0.572762 0.0158985 0.0188251
0 0.494387 0.52977 0.0138597 0.0193478
0 0.760863 0.532972 0.0137874 0.0133712
0 0.765604 0.533557 0.0240709 0.0163928
0 0.871129 0.516282 0.0122257 0.016085
0 0.138399 0.135599 0.0164669 0.0146651
0 0.439156 0.748132 0.0215311 0.0160881
0 0.512321 0.478163 0.0156732 0.0148184
0 0.217568 0.917455 0.0105972 0.0122772
0 0.968857 0.700517 0.0176945 0.0199285
0 0.685137 0.327199 0.0134084 0.0151313
0 0.241545 0.861312 0.0176337 0.0140858
0 0.698664 0.674517 0.00953138 0.0112123
0 0.245125 0.117014 0.0238369 0.0225398
0 0.0439281 0.343599 0.0130175 0.0154738
0 0.771489 0.53463 0.0129942 0.0140228
0 0.118425 0.415318 0.0176574 0.0170452
0 0.570894 0.797378 0.00601614 0.00629812
0 0.670352 0.294829 0.0159726 0.0172663
0 0.528188 0.575115 0.0179307 0.0265244
0 0.646708 0.362979 0.0124565 0.0173671
0 0.784264 0.284452 0.0121307 0.0143138
0 0.728549 0.905421 0.0142441 0.0158997
0 0.815583 0.276609 0.0109064 0.0134292
0 0.465692 0.413849 0.0109799 0.0139219
0 0.507628 0.70113 0.0232401 0.0224965
0 0.5581 0.827685 0.0132958 0.0152016
0 0.441616 0.748528 0.0189486 0.0125983
0 0.981393 0.926896 0.0139843 0.0156162
0 0.14538 0.167623 0.012914 0.0101661
0 0.919539 0.535802 0.0103283 0.0123193
0 0.404263 0.379992 0.00944263 0.0111535
0 0.380692 0.265149 0.0233676 0.0230159
0 0.203369 0.869004 0.0135387 0.0122676
0 0.35448 0.90808 0.0119625 0.00977725
0 0.689114 0.492614 0.0222006 0.0268013
0 0.99101 0.809671 0.014534 0.0148827
0 0.436268 0.748193 0.0150633 0.0140378
0 0.422657 0.960475 0.0167395 0.0195683
0 0.72317 0.153524 0.0113454 0.010046
0 0.415768 0.454546 0.0152119 0.0154277
0 0.377027 0.378595 0.00964674 0.0115122
0 0.778401 0.304118 0.0127382 0.0134553
0 0.923644 0.76103 0.0223969 0.0225124
0 0.333317 0.150271 0.0175682 0.0201916
0 0.77455 0.499014 0.0131115 0.0102772
0 0.848627 0.747222 0.0219837 0.0244761
0 0.885241 0.487971 0.010672 0.0126997
0 0.734435 0.236391 0.0128132 0.0156722
0 0.218483 0.861483 0.0120888 0.0146523
0 0.262354 0.836597 0.0148726 0.018325
0 0.979367 0.850378 0.0112951 0.0148975
0 0.742836 0.532256 0.0130562 0.0186293
0 0.090561 0.853295 0.014481 0.0184811
0 0.292286 0.54567 0.0227039 0.0325661
0 0.803169 0.875593 0.0118332 0.0131065
0 0.955681 0.263595 0.0156048 0.0219151
0 0.566806 0.531962 0.0104377 0.0092923
0 0.796148 0.303016 0.0183317 0.0210159
0 0.437068 0.355841 0.00920859 0.0112018
0 0.508357 0.704734 0.0242429 0.0132805
0 0.375286 0.381323 0.012898 0.0174013
0 0.825997 0.842122 0.0112812 0.0103554
0 0.769007 0.533661 0.0190214 0.0142902
0 0.758247 0.451171 0.0183246 0.0135113
0 0.540912 0.818455 0.0118008 0.0118706
0 0.799078 0.272419 0.0109351 0.0160993
0 0.450203 0.473178 0.0114903 0.0116701
0 0.580797 0.132956 0.0143378 0.0188657
0 0.47711 0.760954 0.0201508 0.0132526
0 0.782009 0.284621 0.0167931 0.0163397
0 0.559164 0.82514 0.0155395 0.0191298
0 0.977453 0.847183 0.009296 0.0104423
0 0.562055 0.822125 0.0113763 0.015202
0 0.205076 0.870561 0.0111513 0.0118164
0 0.79775 0.766384 0.00906849 0.0147985
0 0.334498 0.151702 0.0223216 0.0248565
0 0.294651 0.429376 0.0158098 0.0180339
0 0.863194 0.45684 0.0108833 0.00843105
0 0.859888 0.459105 0.0103832 0.011212
0 0.00405097 0.372873 0.00803178 0.0154421
