0 0.077144 0.0469972 0.0114773 0.0107642
0 0.144983 0.0973692 0.00979681 0.00982962
0 0.109909 0.0453692 0.00930719 0.00991632
0 0.115394 0.0610739 0.00843704 0.0110242
0 0.0771017 0.0331998 0.0121733 0.0107902
0 0.107821 0.157401 0.00854883 0.00878644
0 0.0613835 0.0616489 0.00876901 0.0106451
0 0.158294 0.092689 0.00747576 0.00777815
0 0.103566 0.107984 0.014691 0.0120325
0 0.0849982 0.057001 0.00701807 0.00848322
0 0.110745 0.141559 0.010099 0.0128707
0 0.153189 0.131226 0.0147582 0.0132708
0 0.00631261 0.0302491 0.0116745 0.0121558
0 0.14977 0.128865 0.0116018 0.0139481
0 0.111656 0.143559 0.00967117 0.0132461
0 0.0168143 0.0953114 0.00907676 0.0112493
0 0.152052 0.129671 0.017393 0.0172051
0 0.76618 0.0166717 0.0127188 0.0120439
