0 0.934449 0.347442 0.0086475 0.00977427
0 0.918566 0.250206 0.0119969 0.0127979
0 0.791313 0.271893 0.00949991 0.0106389
0 0.577148 0.315671 0.00864482 0.00962278
0 0.77657 0.266201 0.00904465 0.00932863
0 0.572117 0.348158 0.00830531 0.0098733
0 0.882685 0.333545 0.00836223 0.00928354
0 0.873227 0.928033 0.00836104 0.00912493
0 0.783522 0.229781 0.00901753 0.00904779
0 0.759425 0.248323 0.00891286 0.00959004
0 0.942415 0.564834 0.00994647 0.0105069
0 0.859204 0.340118 0.00903589 0.0103254
0 0.980997 0.684039 0.0117626 0.0146074
0 0.552992 0.632752 0.0109664 0.0109664
0 0.84059 0.897416 0.0107449 0.010469
0 0.91837 0.345251 0.00938034 0.00954872
0 0.545723 0.297197 0.00790852 0.00849885
0 0.723475 0.264938 0.0081082 0.00823671
0 0.963576 0.309966 0.00770211 0.00942454
0 0.945408 0.358469 0.00868416 0.00899807
0 0.932499 0.336087 0.00743484 0.00731316
0 0.750769 0.258754 0.0100638 0.00987697
0 0.827974 0.439162 0.0101196 0.0117483
0 0.941673 0.610136 0.00825769 0.00946987
0 0.827438 0.910397 0.00796819 0.0096302
0 0.910285 0.308562 0.0098936 0.0105929
0 0.89248 0.292116 0.00914347 0.0100414
0 0.47882 0.640342 0.00828323 0.0100843
0 0.904715 0.955692 0.0120102 0.0147579
0 0.751561 0.339393 0.00970805 0.01095
0 0.932786 0.602091 0.00943184 0.00963628
0 0.804353 0.283008 0.00776744 0.00756678
0 0.582463 0.302375 0.00807828 0.00972822
0 0.767136 0.257588 0.00858617 0.00872165
0 0.926353 0.316411 0.00802118 0.0107051
0 0.739075 0.309741 0.0141171 0.0222463
0 0.888362 0.538821 0.0116962 0.0135177
0 0.980491 0.26851 0.00851399 0.0117212
0 0.766102 0.310819 0.00704938 0.00888208
0 0.989892 0.670055 0.00881141 0.010102
0 0.947295 0.26935 0.00958037 0.00982809
0 0.503109 0.482406 0.00933078 0.0105319
0 0.906021 0.954 0.0118309 0.0157264
0 0.267142 0.984313 0.00833768 0.00869638
0 0.92592 0.984791 0.00808638 0.00890028
0 0.913936 0.329483 0.00689697 0.00741562
0 0.306974 0.926333 0.0109306 0.0138601
0 0.840205 0.443388 0.00872672 0.0105269
0 0.779563 0.281889 0.00927252 0.00946799
0 0.963479 0.264018 0.0110584 0.0141612
0 0.583783 0.333228 0.00686568 0.00913593
0 0.826584 0.420717 0.00918943 0.00967482
0 0.873841 0.319455 0.00793397 0.0088892
0 0.757199 0.379344 0.0103278 0.01002
0 0.738714 0.340928 0.0082804 0.0100103
0 0.785748 0.31028 0.00743181 0.00936681
0 0.790423 0.338906 0.00787419 0.00871736
0 0.959636 0.290802 0.00746918 0.00723195
0 0.905578 0.632951 0.00792694 0.0110472
0 0.274627 0.953266 0.00837049 0.00913352
0 0.80762 0.351871 0.00840932 0.00983936
0 0.982431 0.712908 0.00872862 0.0098446
0 0.879422 0.238158 0.00751382 0.00869094
0 0.775251 0.364407 0.00862581 0.00901538
0 0.552078 0.646388 0.00912017 0.00907248
0 0.904915 0.298556 0.00769955 0.00797784
0 0.571368 0.286438 0.00770777 0.0116656
0 0.903939 0.163463 0.00906867 0.0111025
0 0.902485 0.28249 0.00723571 0.00904766
0 0.862339 0.289516 0.0112196 0.0104699
0 0.907619 0.554523 0.0136974 0.0146102
0 0.846813 0.301659 0.00654072 0.00789109
0 0.972542 0.667479 0.00666004 0.00750673
0 0.82615 0.440629 0.0138966 0.0139137
0 0.992201 0.34417 0.00704724 0.00827062
0 0.915942 0.292664 0.0083794 0.00785255
0 0.85847 0.276697 0.00932276 0.00836664
0 0.910182 0.613405 0.00801963 0.00825745
0 0.542998 0.670019 0.00958949 0.00902671
0 0.917587 0.994247 0.0131855 0.00927049
0 0.780105 0.253001 0.0076769 0.00903095
0 0.256393 0.991582 0.00919616 0.00930905
0 0.775995 0.311444 0.00684756 0.00870934
0 0.492536 0.665288 0.0107544 0.0131836
0 0.505771 0.72431 0.00716591 0.00886178
0 0.814376 0.281663 0.00691378 0.00785616
0 0.791569 0.3725 0.00980806 0.0129378
0 0.789719 0.376934 0.0103918 0.0133235
0 0.486864 0.716059 0.00815752 0.00981098
0 0.836581 0.297002 0.00752145 0.00878882
0 0.494629 0.726061 0.00937167 0.00899136
0 0.784024 0.321241 0.00734729 0.00703463
0 0.882915 0.332151 0.00929874 0.00998989
0 0.766885 0.256128 0.0093317 0.00958991
0 0.278234 0.981103 0.00755337 0.00844646
0 0.839834 0.286203 0.00701636 0.00699368
0 0.865379 0.266188 0.00764102 0.00780448
0 0.862756 0.288035 0.0133219 0.0110531
0 0.582565 0.300866 0.00879377 0.0102469
