0 0.385352 0.589295 0.0087938 0.00990343
0 0.316446 0.546372 0.0088051 0.0100576
0 0.371354 0.550018 0.00910068 0.0137497
0 0.242492 0.553873 0.00702076 0.00814474
0 0.323166 0.927951 0.0117193 0.0136829
0 0.546581 0.690716 0.00802362 0.00917643
0 0.359305 0.439701 0.00784069 0.00925276
0 0.340828 0.578898 0.00614265 0.00760078
0 0.354025 0.53959 0.00815997 0.00909847
0 0.41475 0.552547 0.00746757 0.00871503
0 0.340178 0.433334 0.0092001 0.00937042
0 0.709441 0.384092 0.00869024 0.0101066
0 0.42626 0.5179 0.0105945 0.00989401
0 0.678343 0.297484 0.00755483 0.0100891
0 0.383597 0.565027 0.00720799 0.00824207
0 0.421868 0.592334 0.00799695 0.00888813
0 0.259946 0.909189 0.00773206 0.00845188
0 0.265105 0.553811 0.00640479 0.00843996
0 0.461889 0.68337 0.00866643 0.0107605
0 0.458141 0.517065 0.00802651 0.00817436
0 0.234494 0.58298 0.00896731 0.0114033
0 0.338786 0.562756 0.00824729 0.0100695
0 0.709408 0.233101 0.00789404 0.00911412
0 0.440039 0.65233 0.00946218 0.0101099
0 0.466049 0.561145 0.0100406 0.00915295
0 0.4803 0.637426 0.00912133 0.0113295
0 0.686562 0.254685 0.00829601 0.0104706
0 0.442607 0.625955 0.0099943 0.0114054
0 0.315221 0.634335 0.00834158 0.00796908
0 0.50381 0.329453 0.00927156 0.00961953
0 0.446971 0.454223 0.0101934 0.0103937
0 0.452902 0.67435 0.0086897 0.0101449
0 0.405239 0.546913 0.00761968 0.008255
0 0.48164 0.681055 0.0106603 0.0116133
0 0.254573 0.553891 0.00691539 0.00813472
0 0.301957 0.438884 0.00770235 0.00975513
0 0.340989 0.68569 0.00857031 0.00890964
0 0.282446 0.897382 0.00949639 0.00939482
0 0.38858 0.545176 0.00720319 0.00870609
0 0.358499 0.554823 0.00751618 0.00774604
0 0.445815 0.54773 0.00917301 0.00890768
0 0.430093 0.699062 0.00797626 0.00907671
0 0.442845 0.694588 0.00811395 0.00863248
0 0.357419 0.347349 0.00805444 0.00835896
0 0.152422 0.664335 0.00848107 0.00865477
0 0.562171 0.703752 0.00941533 0.0105885
0 0.24101 0.52244 0.00793839 0.0079546
0 0.314907 0.501053 0.00874615 0.00969008
0 0.492504 0.570759 0.00752944 0.00845337
0 0.334487 0.650375 0.00924417 0.00968838
0 0.702147 0.368004 0.00929791 0.00980312
0 0.423352 0.916258 0.00764722 0.00889719
0 0.310184 0.480344 0.00953341 0.00888321
0 0.167617 0.53349 0.00829345 0.0105429
0 0.167057 0.654383 0.00728408 0.00745624
0 0.402673 0.586818 0.00906897 0.00921345
0 0.46921 0.573496 0.00835592 0.00781345
0 0.420572 0.707836 0.00842249 0.00934255
0 0.621605 0.34133 0.00823098 0.00841132
0 0.913348 0.177109 0.0088352 0.00946994
0 0.33675 0.458169 0.00813428 0.00862858
0 0.277069 0.573234 0.00770688 0.00922221
0 0.258058 0.523381 0.00690278 0.00860214
0 0.24031 0.53295 0.00718661 0.00668907
0 0.344532 0.954467 0.00828651 0.00809896
0 0.453691 0.566663 0.00644243 0.0077852
0 0.504377 0.623787 0.0102949 0.00973022
0 0.760762 0.305887 0.00844097 0.0102854
0 0.222933 0.609033 0.00800967 0.00996882
0 0.377836 0.578858 0.0072028 0.00706136
0 0.272167 0.472016 0.00724247 0.00766906
0 0.679497 0.603248 0.00855327 0.00864375
0 0.404497 0.916216 0.00646651 0.00760442
0 0.179091 0.650721 0.00886925 0.00851196
0 0.748357 0.395552 0.00839633 0.0094924
0 0.528405 0.648772 0.00880742 0.0148249
0 0.374632 0.380968 0.00845346 0.00951955
0 0.353535 0.402917 0.00709134 0.00712547
0 0.548575 0.559257 0.00822562 0.0100424
0 0.406185 0.572866 0.00734901 0.00888568
0 0.279615 0.91357 0.00874788 0.00880849
0 0.401816 0.365242 0.00819024 0.0092659
0 0.292822 0.910548 0.00857186 0.00951999
0 0.333185 0.420531 0.00843325 0.00900576
0 0.819704 0.303689 0.00934714 0.0090996
0 0.967155 0.186238 0.0094654 0.0100647
0 0.681864 0.12122 0.00780356 0.0097674
0 0.324024 0.672284 0.00926846 0.00959092
0 0.347356 0.659863 0.00954953 0.00988483
0 0.589574 0.688576 0.00766879 0.00961095
0 0.664651 0.138517 0.00871325 0.010805
0 0.471573 0.702617 0.0072712 0.00946826
0 0.465359 0.664897 0.00813922 0.00794131
0 0.377492 0.611243 0.00760999 0.00781077
0 0.726655 0.3092 0.00764036 0.00732478
0 0.468047 0.269896 0.00984231 0.0101581
0 0.219284 0.459794 0.00795479 0.00883123
0 0.410737 0.258484 0.00714141 0.00817215
0 0.522822 0.667762 0.00696945 0.00776327
0 0.290832 0.605556 0.0103025 0.0112982
0 0.543535 0.659666 0.00991976 0.00900191
0 0.647307 0.217936 0.00813121 0.00870566
0 0.255024 0.993512 0.00896817 0.0104591
0 0.464638 0.441914 0.00877944 0.010141
0 0.240624 0.602435 0.00587282 0.00721377
0 0.70285 0.492915 0.00971597 0.011017
0 0.209304 0.739313 0.0076912 0.00843662
0 0.423728 0.674113 0.00855559 0.00836527
0 0.30884 0.510974 0.00753585 0.00706637
0 0.523908 0.267092 0.00794947 0.00879267
0 0.625869 0.564969 0.00892121 0.00902694
0 0.88759 0.318358 0.00927067 0.0103333
0 0.349277 0.630071 0.00752753 0.00802594
0 0.324599 0.435732 0.00766841 0.00916156
0 0.60265 0.261135 0.00618112 0.0068264
0 0.396137 0.568144 0.00899601 0.00757217
0 0.697862 0.590171 0.00916332 0.0108277
0 0.264795 0.599387 0.00827104 0.00949943
0 0.296521 0.521075 0.0079217 0.00773674
0 0.186658 0.633713 0.00847781 0.00832838
0 0.331596 0.619876 0.00768894 0.00909197
0 0.677715 0.585095 0.00775748 0.00803393
0 0.515336 0.636728 0.00789702 0.00911629
0 0.302463 0.463529 0.00740787 0.00925606
0 0.172134 0.73931 0.0106461 0.0109555
0 0.302126 0.437274 0.00853157 0.0103349
0 0.390283 0.947142 0.00684711 0.00705719
0 0.77904 0.404195 0.00853312 0.00878069
0 0.417815 0.684703 0.0074423 0.00907707
0 0.340974 0.43227 0.0109217 0.00991991
0 0.734943 0.322614 0.00695705 0.00727805
0 0.609111 0.361945 0.00901163 0.00866157
0 0.529337 0.666972 0.0098567 0.00929087
0 0.487973 0.43485 0.00869933 0.00982112
0 0.227527 0.628684 0.0074739 0.00791115
0 0.495241 0.68666 0.0082182 0.0081495
0 0.450937 0.944649 0.00787964 0.00885087
0 0.279894 0.436417 0.00907031 0.00867927
0 0.66692 0.183687 0.00794679 0.00879465
0 0.689894 0.219116 0.00921655 0.00995231
0 0.315708 0.421886 0.00702268 0.00729427
0 0.728053 0.280215 0.00786382 0.00811824
0 0.222025 0.622617 0.00742494 0.00776404
0 0.361362 0.688147 0.0105428 0.0129257
0 0.417711 0.926518 0.00768661 0.0082733
0 0.392088 0.409782 0.00701553 0.00796071
0 0.653287 0.572133 0.0111052 0.0136245
0 0.318107 0.622623 0.00759402 0.00839365
0 0.238134 0.726839 0.00821666 0.00871181
0 0.503617 0.636158 0.0073885 0.00788063
0 0.185714 0.840383 0.00780363 0.00994682
0 0.48815 0.477286 0.0089485 0.0103067
0 0.540553 0.570383 0.0075109 0.00858307
0 0.693142 0.349581 0.00819224 0.0094721
0 0.347649 0.600502 0.00944576 0.00924325
0 0.689351 0.482173 0.00891477 0.00937203
0 0.131538 0.984261 0.00782017 0.010492
0 0.505093 0.625389 0.0089581 0.00924778
0 0.223659 0.560759 0.00746213 0.0078066
0 0.384439 0.336419 0.00594035 0.00684628
0 0.418641 0.501411 0.0083704 0.00982037
0 0.609965 0.575291 0.0121447 0.0136551
0 0.345207 0.406802 0.00732002 0.00753191
0 0.274928 0.883814 0.00871202 0.00978833
0 0.62016 0.587927 0.0105392 0.0118439
0 0.469138 0.959223 0.00764093 0.00864714
0 0.945018 0.227027 0.00708121 0.00969934
0 0.886653 0.177001 0.00789893 0.00940605
0 0.687573 0.470915 0.0082708 0.00845948
0 0.262793 0.537253 0.00835267 0.00952262
0 0.716374 0.47157 0.012093 0.0164749
0 0.326567 0.423074 0.00741622 0.00716209
0 0.307829 0.923171 0.00951174 0.0105999
0 0.66418 0.606307 0.00820708 0.0111783
0 0.352522 0.420054 0.00833622 0.00852975
0 0.248535 0.536209 0.00661916 0.00773329
0 0.687986 0.233749 0.00847661 0.00969304
0 0.198382 0.677571 0.00826368 0.0100246
0 0.13145 0.606368 0.00953129 0.0104736
0 0.226775 0.551404 0.00834246 0.00807989
0 0.715382 0.469813 0.0121449 0.0162631
0 0.398771 0.559975 0.00807732 0.0081827
0 0.321399 0.850437 0.00963733 0.0108112
0 0.16448 0.889254 0.00866374 0.0108525
0 0.306953 0.642712 0.00781003 0.00803411
0 0.196333 0.910486 0.00695524 0.00739098
0 0.143214 0.866688 0.00829571 0.00869215
0 0.711588 0.2664 0.00759965 0.00781107
0 0.333617 0.663361 0.00851032 0.00847071
0 0.329401 0.490284 0.00863266 0.00842914
0 0.468349 0.425407 0.00980824 0.010825
0 0.483785 0.501541 0.00603992 0.00685292
0 0.297344 0.530272 0.00772199 0.00752068
0 0.342969 0.851888 0.00704288 0.00788075
0 0.619511 0.328392 0.00685292 0.00855464
0 0.184747 0.478798 0.00858359 0.0105585
0 0.166645 0.817732 0.00762682 0.00855672
0 0.986038 0.464357 0.0093689 0.0113932
0 0.248431 0.511144 0.008242 0.0090782
0 0.390179 0.892709 0.00827107 0.00966835
0 0.535266 0.600694 0.00808865 0.00812268
0 0.369087 0.951376 0.00703505 0.00894755
0 0.602346 0.336419 0.0063262 0.00708598
0 0.683329 0.277429 0.0071888 0.00671396
0 0.654875 0.205522 0.0080629 0.00819731
0 0.275299 0.420465 0.00812769 0.00858116
0 0.290248 0.483104 0.00620058 0.00736713
0 0.74962 0.278567 0.00787276 0.00760707
0 0.387808 0.621723 0.00756121 0.00866491
0 0.505274 0.466247 0.00863343 0.00862104
0 0.124062 0.830549 0.00821405 0.00945145
0 0.616194 0.353339 0.00675464 0.00774011
0 0.542087 0.651432 0.0113222 0.0180389
0 0.216162 0.689174 0.00674395 0.00800288
0 0.389203 0.544477 0.00879899 0.010416
0 0.229239 0.465543 0.009057 0.00823146
0 0.234697 0.564172 0.00853872 0.00799316
0 0.168016 0.853049 0.00774953 0.0101277
0 0.334124 0.400878 0.00806332 0.00912407
0 0.245807 0.563009 0.00755133 0.00712484
0 0.371625 0.631813 0.00798965 0.00838757
0 0.380747 0.952852 0.00754634 0.00822026
0 0.196084 0.750092 0.00823054 0.00804555
0 0.172412 0.641709 0.00549287 0.00674385
0 0.127557 0.737222 0.0126006 0.0118502
0 0.624733 0.545996 0.00822181 0.00990736
0 0.296587 0.505645 0.00824562 0.00935781
0 0.222412 0.726918 0.00727129 0.00716227
0 0.455686 0.504286 0.00799713 0.00883314
0 0.748836 0.295874 0.00608867 0.00688797
0 0.296445 0.506989 0.00740311 0.00908661
0 0.498516 0.657063 0.0067004 0.00769174
0 0.333429 0.441757 0.00611615 0.00635585
0 0.111971 0.978945 0.00757222 0.00803602
0 0.133729 0.807823 0.0075324 0.00767761
0 0.469222 0.479344 0.0122709 0.0132813
0 0.697665 0.257722 0.0064804 0.00677291
0 0.370561 0.861433 0.00763816 0.00835341
0 0.241965 0.716068 0.00845671 0.00851268
0 0.155473 0.779625 0.00793624 0.0102074
0 0.133971 0.737771 0.0119724 0.0110575
0 0.134573 0.875067 0.00778294 0.00887984
0 0.1064 0.714161 0.00810947 0.00984263
0 0.13152 0.234826 0.0213089 0.0235744
0 0.376806 0.945142 0.00650367 0.00682187
0 0.721506 0.290667 0.0068469 0.00778979
0 0.93046 0.233286 0.00792313 0.00940867
0 0.420909 0.706451 0.00918293 0.00963324
0 0.504584 0.663245 0.00796813 0.00798702
0 0.447285 0.499555 0.00776967 0.00804272
0 0.384283 0.604 0.00656107 0.00724381
0 0.369569 0.691416 0.00846082 0.0113518
0 0.36329 0.688052 0.0144913 0.0145317
0 0.706924 0.24662 0.00770164 0.00781196
0 0.476758 0.449507 0.00780469 0.0090642
0 0.559145 0.29425 0.00842398 0.00971746
0 0.305373 0.489751 0.00781438 0.00872386
0 0.108407 0.813476 0.00899506 0.0103603
0 0.394541 0.336531 0.00687447 0.00807863
0 0.600011 0.558076 0.00878406 0.0109164
0 0.742681 0.374795 0.0132677 0.010757
0 0.125916 0.736884 0.0100283 0.0102351
0 0.716573 0.311822 0.00559747 0.00758591
0 0.171056 0.502707 0.00869271 0.00928667
0 0.614773 0.557561 0.00810164 0.00729084
0 0.296746 0.531163 0.0084877 0.0084036
0 0.69512 0.243143 0.00999355 0.00882849
0 0.311409 0.480074 0.0112225 0.0102312
0 0.694206 0.454005 0.0102466 0.00950977
0 0.367037 0.398576 0.00647491 0.00704461
0 0.654266 0.569792 0.0143811 0.0196274
0 0.739711 0.291343 0.00687522 0.00853181
0 0.330452 0.5476 0.00805691 0.00893772
0 0.187983 0.620098 0.0089516 0.00976181
0 0.695892 0.244423 0.009305 0.0083393
0 0.15446 0.55539 0.00820875 0.00811446
0 0.455121 0.715171 0.00892904 0.0105648
0 0.292676 0.421557 0.00771639 0.00780189
0 0.344687 0.405632 0.00662452 0.00724962
0 0.899273 0.183955 0.00750524 0.00733939
0 0.730622 0.292972 0.00782329 0.00917181
0 0.138135 0.657142 0.00749746 0.00806999
0 0.352991 0.418536 0.00877848 0.00792092
0 0.523518 0.680821 0.0078783 0.00946331
0 0.178018 0.682745 0.00808702 0.00774878
0 0.157755 0.53951 0.00754905 0.00847566
0 0.17456 0.848131 0.00985183 0.0104504
0 0.542584 0.296789 0.0102887 0.0124794
0 0.920488 0.225179 0.00888902 0.00899448
0 0.49221 0.630731 0.00992087 0.0117989
0 0.679572 0.184689 0.0087809 0.0126005
0 0.693262 0.243014 0.00921899 0.00760631
0 0.973493 0.449671 0.00978339 0.0135182
0 0.250096 0.53872 0.008426 0.0106257
0 0.408868 0.993502 0.00953081 0.00915146
0 0.492916 0.632296 0.00918436 0.0102586
0 0.363267 0.887505 0.00797367 0.00933683
0 0.325421 0.608699 0.00905275 0.0108104
0 0.588649 0.561325 0.0101749 0.0144537
0 0.112958 0.979132 0.00923343 0.0093286
