0 0.722428 0.708657 0.0100786 0.00996619
0 0.26668 0.603565 0.00934389 0.0102935
0 0.720926 0.69198 0.00961334 0.00991976
0 0.227889 0.55346 0.00939469 0.0104961
0 0.939697 0.771849 0.0086422 0.00914937
0 0.282342 0.616853 0.00834379 0.0093416
0 0.301221 0.640721 0.00869712 0.00863266
0 0.618444 0.210043 0.00931388 0.00951129
0 0.323903 0.626544 0.0109399 0.0115271
0 0.645578 0.215364 0.0101963 0.010616
0 0.958642 0.765143 0.0108059 0.0128683
0 0.317075 0.651905 0.00798187 0.00979388
0 0.628374 0.200314 0.010573 0.0136734
0 0.169689 0.494876 0.00863333 0.0116127
0 0.171791 0.423563 0.00779399 0.00910568
0 0.961273 0.738019 0.00891703 0.00936109
0 0.157718 0.487488 0.00877862 0.0114735
0 0.52116 0.822742 0.00960267 0.0102703
0 0.809508 0.922953 0.0127583 0.0123737
0 0.908769 0.7049 0.0091154 0.0110292
0 0.5174 0.80968 0.0086509 0.00901335
0 0.530298 0.802871 0.00880432 0.0100229
0 0.527532 0.786251 0.00916451 0.0102969
0 0.961974 0.737724 0.0109615 0.0117465
0 0.975128 0.746262 0.0096069 0.0105898
0 0.525737 0.771127 0.010029 0.00998497
0 0.185071 0.438527 0.00901146 0.00896472
