0 0.640099 0.840266 0.0101927 0.0132778
0 0.865531 0.866982 0.0110188 0.013171
0 0.719311 0.819719 0.00933319 0.0101421
0 0.689121 0.732595 0.011103 0.0115974
0 0.865512 0.837277 0.0108997 0.0120035
0 0.727792 0.722213 0.00867862 0.0101215
0 0.703578 0.767608 0.010356 0.0119807
0 0.639263 0.761194 0.00891972 0.00970113
0 0.841667 0.786607 0.0107945 0.00962561
0 0.69341 0.779331 0.00869787 0.0130636
0 0.961187 0.889217 0.00826567 0.00866967
0 0.699048 0.717505 0.0127035 0.014551
0 0.959689 0.900568 0.00994802 0.0098114
0 0.96011 0.899583 0.00852585 0.00814819
