0 0.491675 0.520222 0.00866318 0.00963497
0 0.440549 0.537224 0.0128597 0.0105819
0 0.365543 0.540323 0.00923091 0.0103565
0 0.0414083 0.303042 0.00977641 0.0108795
0 0.983791 0.414539 0.00852966 0.0103249
0 0.464976 0.539895 0.00681838 0.00833827
0 0.483926 0.557976 0.00759289 0.00950664
0 0.265816 0.544787 0.00822249 0.0106579
0 0.438098 0.551829 0.00948086 0.00982815
0 0.436198 0.573879 0.00857696 0.00877523
0 0.305514 0.633037 0.00941476 0.0104051
0 0.508565 0.551707 0.00888479 0.0100572
0 0.278151 0.541937 0.00850439 0.0118395
0 0.466114 0.515027 0.00781402 0.0080235
0 0.404708 0.627972 0.00872001 0.00980973
0 0.391142 0.566656 0.00845519 0.00945586
0 0.504414 0.522856 0.00901946 0.00899732
0 0.743063 0.244401 0.011006 0.0118601
0 0.415038 0.592113 0.0096716 0.0116564
0 0.320668 0.698088 0.0100041 0.0113688
0 0.392267 0.625727 0.00907916 0.0101391
0 0.429687 0.623026 0.00692397 0.00758171
0 0.379586 0.553686 0.00814906 0.00816798
0 0.400202 0.555287 0.00773239 0.00836247
0 0.99745 0.424096 0.00510025 0.0122919
0 0.551115 0.646884 0.0081051 0.0092926
0 0.422861 0.52387 0.00701752 0.00849134
0 0.38248 0.670159 0.00799379 0.00915986
0 0.412385 0.585376 0.0149283 0.0149644
0 0.00717629 0.356269 0.00868524 0.00936779
0 0.350337 0.353267 0.00851992 0.00866881
0 0.363972 0.561018 0.00808024 0.00997883
0 0.461567 0.527153 0.00759658 0.00876695
0 0.302644 0.593982 0.00905684 0.0089184
0 0.488513 0.573847 0.00728378 0.0082342
0 0.410649 0.582746 0.0136118 0.0119232
0 0.370856 0.567792 0.00810489 0.00884932
0 0.0214092 0.423133 0.00931671 0.0096857
0 0.741522 0.288379 0.0122302 0.0140225
0 0.678944 0.268981 0.0131917 0.0118255
0 0.798808 0.270835 0.010632 0.0102457
0 0.372511 0.968144 0.00953713 0.010511
0 0.268473 0.764848 0.0138119 0.0113122
0 0.400857 0.536113 0.00731108 0.00763625
0 0.256509 0.899637 0.00974014 0.0131202
0 0.298302 0.734761 0.0109242 0.00957447
0 0.300783 0.744508 0.00939605 0.0101706
0 0.514705 0.525973 0.00782835 0.00981146
0 0.380493 0.56597 0.00747013 0.00966471
0 0.295718 0.883463 0.0088447 0.00988293
0 0.777709 0.256098 0.00933868 0.00967029
0 0.718811 0.22561 0.0141521 0.0154148
0 0.749191 0.285882 0.0127117 0.0160052
0 0.746905 0.286571 0.0175667 0.0178658
0 0.388543 0.548727 0.00754952 0.00769717
0 0.791028 0.262928 0.0103741 0.0100878
0 0.442467 0.538162 0.0107632 0.00829774
0 0.454018 0.535987 0.00773057 0.00859773
0 0.784514 0.283707 0.00846606 0.0087676
0 0.00705417 0.356254 0.0106957 0.011112
0 0.664446 0.612693 0.0084964 0.00866032
0 0.789803 0.263819 0.00842154 0.00847274
0 0.056977 0.417135 0.00800407 0.0096283
