0 0.502262 0.489675 0.00733656 0.00828457
0 0.604522 0.401396 0.00847667 0.00899151
0 0.522816 0.284902 0.00719756 0.0114207
0 0.562433 0.249555 0.00876456 0.00933038
0 0.643937 0.373072 0.0113702 0.00910935
0 0.54237 0.30461 0.0102947 0.00819486
0 0.729329 0.0287787 0.010967 0.0116171
0 0.748954 0.00783076 0.00845373 0.00946347
0 0.521003 0.397188 0.00810224 0.00918818
0 0.543521 0.265481 0.00726753 0.00823411
0 0.207367 0.0157841 0.0096301 0.0092823
0 0.567276 0.398762 0.00771844 0.00878143
0 0.607241 0.304597 0.0089165 0.00867239
0 0.465501 0.566825 0.0083355 0.0104404
0 0.533553 0.415429 0.00778449 0.00785789
0 0.509298 0.393391 0.00710261 0.0120831
0 0.584152 0.400989 0.00679106 0.00707093
0 0.575 0.237705 0.00879622 0.0109901
0 0.522184 0.552992 0.0050993 0.00522059
0 0.498199 0.460737 0.00562498 0.00820637
0 0.519602 0.350953 0.00681669 0.00846082
0 0.527873 0.577946 0.00658876 0.00902045
0 0.70631 0.0101304 0.0182585 0.0157298
0 0.588132 0.368952 0.00897062 0.0107525
0 0.492294 0.494875 0.0051586 0.00757638
0 0.526498 0.44718 0.0054701 0.00799608
0 0.492137 0.492956 0.00502852 0.00770396
0 0.528685 0.429143 0.00621265 0.00771302
0 0.513767 0.566234 0.0054481 0.00547427
0 0.548177 0.41758 0.00813347 0.0103487
0 0.615141 0.292969 0.00926453 0.0098936
0 0.54522 0.510666 0.00813752 0.010097
0 0.215903 0.799891 0.0123446 0.0149574
0 0.538179 0.415261 0.00703728 0.00880527
0 0.532939 0.37951 0.00638771 0.00738284
0 0.542736 0.384773 0.00731593 0.00883308
