0 0.29979 0.435746 0.0168076 0.0164061
0 0.314672 0.76172 0.0184934 0.0169399
0 0.256065 0.00940154 0.01648 0.0156057
0 0.0102518 0.251106 0.0200585 0.0214151
0 0.127669 0.0883232 0.0233085 0.0198989
0 0.333949 0.467057 0.0145506 0.0117814
0 0.194292 0.156228 0.0155972 0.0144606
0 0.0707749 0.420856 0.0177877 0.0129952
0 0.131883 0.198945 0.0189352 0.0177022
0 0.117117 0.027832 0.0226456 0.015003
0 0.535738 0.840615 0.019801 0.0155913
0 0.072964 0.453 0.0147251 0.0120676
0 0.144657 0.729796 0.0157451 0.0138826
0 0.00817297 0.423172 0.015551 0.0183144
0 0.144798 0.759633 0.0177474 0.014591
0 0.0433949 0.373447 0.0138531 0.0122566
