0 0.0857079 0.981766 0.0164109 0.0153208
0 0.0154518 0.973456 0.0145432 0.0133644
0 0.963793 0.584148 0.0150852 0.0138454
0 0.53593 0.134098 0.0161657 0.0171556
0 0.112422 0.971233 0.0179935 0.016335
0 0.649119 0.763693 0.0143152 0.013483
0 0.0931059 0.86216 0.0167015 0.0154617
0 0.856936 0.58901 0.0142292 0.0137824
0 0.837214 0.574905 0.0168827 0.0145065
0 0.0896103 0.962568 0.0165272 0.0133453
0 0.305969 0.206004 0.0134723 0.0125355
0 0.751798 0.184555 0.0140938 0.0126471
0 0.517188 0.0461925 0.0152761 0.0145399
0 0.488798 0.0490431 0.0153744 0.0149336
0 0.844884 0.798814 0.014933 0.0129094
0 0.111181 0.890676 0.0136788 0.0129589
0 0.370973 0.632706 0.0122496 0.0116646
0 0.695127 0.505117 0.0135204 0.0110468
0 0.0302488 0.961697 0.0103561 0.00929391
0 0.865138 0.716133 0.0133007 0.0115467
0 0.622704 0.428969 0.0197312 0.0162243
0 0.0274764 0.944437 0.013265 0.0120697
0 0.682399 0.298861 0.0170598 0.0152892
0 0.633677 0.459114 0.0128088 0.0122113
0 0.648437 0.440781 0.0154082 0.0165609
0 0.917702 0.370557 0.0112351 0.0104252
0 0.302793 0.945172 0.0123574 0.0111595
0 0.603612 0.179927 0.0138849 0.0168494
0 0.603455 0.179183 0.017311 0.0203828
0 0.779011 0.965509 0.0137064 0.0108557
0 0.816091 0.441177 0.0143518 0.0138146
0 0.100602 0.0150209 0.0143167 0.0117809
0 0.988773 0.567576 0.0109956 0.0111569
0 0.961626 0.014009 0.012796 0.0139478
0 0.680223 0.277334 0.0117617 0.0107707
0 0.860727 0.41497 0.0130493 0.0143743
0 0.0385513 0.0736742 0.0110856 0.00952038
0 0.47002 0.0861512 0.013962 0.0139045
0 0.963585 0.177915 0.0101473 0.0124009
0 0.142075 0.0209223 0.0120878 0.00944378
0 0.396361 0.379167 0.0127561 0.0139531
0 0.0314704 0.961293 0.0138655 0.0115448
0 0.901631 0.229495 0.0125494 0.0109516
0 0.0283362 0.944981 0.0168929 0.0150421
0 0.564248 0.110771 0.00905192 0.00852027
0 0.141608 0.0197686 0.0137291 0.0120517
