0 0.595512 0.146108 0.0101757 0.0110608
0 0.0326594 0.191554 0.00817781 0.00932352
0 0.803202 0.33008 0.00815541 0.00856876
0 0.466973 0.201532 0.00884619 0.00990716
0 0.791313 0.328155 0.00842631 0.00896883
0 0.645256 0.126481 0.00992602 0.0110737
0 0.559137 0.123491 0.00818962 0.00987651
0 0.490045 0.0326438 0.00895739 0.0102616
0 0.864 0.333399 0.0100281 0.0111794
0 0.853175 0.290863 0.00885731 0.0101755
0 0.75367 0.333475 0.00730836 0.00812322
0 0.700514 0.0841264 0.0101488 0.0103948
0 0.513345 0.140418 0.00765419 0.00966044
0 0.0260627 0.141588 0.00840163 0.0102492
0 0.519555 0.118214 0.00975531 0.0097281
0 0.850507 0.305188 0.0089165 0.00981578
0 0.445867 0.188924 0.00659561 0.008486
0 0.124013 0.217896 0.00825763 0.00879277
0 0.90644 0.303667 0.0121014 0.0117467
0 0.020542 0.219481 0.00797603 0.00850168
0 0.407075 0.171029 0.00848541 0.0101144
0 0.0140114 0.244757 0.00730689 0.00934434
0 0.764078 0.330231 0.00738889 0.00842875
0 0.813462 0.335039 0.00742054 0.00846338
0 0.0122454 0.144797 0.0102845 0.0105332
0 0.537136 0.199119 0.00924891 0.00925025
0 0.798731 0.346752 0.00780767 0.00803253
0 0.59737 0.0394866 0.0075534 0.00891688
0 0.0382022 0.279199 0.00749784 0.00869814
0 0.576993 0.0805152 0.00835055 0.00890629
0 0.562978 0.0181948 0.00900078 0.00944373
0 0.101314 0.234713 0.00743714 0.00770435
0 0.445026 0.167985 0.00850543 0.00919481
0 0.411964 0.191892 0.00903311 0.0100171
0 0.313286 0.189319 0.00732145 0.00819744
0 0.054523 0.177633 0.00583267 0.00662899
0 0.0554356 0.194859 0.00657284 0.0073512
0 0.983569 0.144806 0.00993997 0.0102627
0 0.869424 0.529953 0.00929469 0.0103714
0 0.48488 0.180612 0.00679567 0.00717835
0 0.457631 0.145306 0.00905675 0.0100521
0 0.550976 0.156939 0.00733125 0.00800742
0 0.76022 0.345768 0.0075779 0.0080553
0 0.576125 0.0396742 0.0089674 0.00920856
0 0.463387 0.121517 0.00791913 0.00740733
0 0.94856 0.538668 0.0112808 0.0102514
0 0.566615 0.156956 0.00788867 0.00776589
0 0.48164 0.117288 0.00790653 0.00900235
0 0.955262 0.369113 0.0090149 0.00968084
0 0.101732 0.223505 0.00670729 0.00661655
0 0.062432 0.203712 0.00756244 0.00924516
0 0.0433004 0.210714 0.00695015 0.00774993
0 0.613102 0.0703242 0.00761682 0.00839667
0 0.571253 0.00665992 0.00958824 0.00947832
0 0.0954076 0.197598 0.00567544 0.00653949
0 0.628556 0.00476617 0.00770283 0.00869881
0 0.0618481 0.272402 0.00727498 0.00725669
0 0.906052 0.304807 0.0140883 0.0149732
0 0.886053 0.504486 0.0102648 0.0101168
0 0.0986696 0.204991 0.00637164 0.00779067
0 0.561431 0.138426 0.00780344 0.00780602
0 0.485127 0.0962642 0.00736922 0.00985958
0 0.0436385 0.209338 0.00744072 0.00762367
0 0.948891 0.53742 0.0134693 0.0140166
0 0.955219 0.368376 0.0109165 0.0116837
0 0.712216 0.22679 0.00795937 0.00965147
