0 0.898023 0.439891 0.00830191 0.00911826
0 0.94225 0.483931 0.00974846 0.0105757
0 0.916647 0.700841 0.0099209 0.0122225
0 0.871249 0.834768 0.00994337 0.0107099
0 0.983524 0.607658 0.00731128 0.00775433
0 0.890172 0.728199 0.00990713 0.0100349
0 0.957713 0.560434 0.0116684 0.00995314
0 0.963149 0.229342 0.00973701 0.00927734
0 0.827703 0.679293 0.0101936 0.0107832
0 0.920739 0.723018 0.0096314 0.00969237
0 0.941155 0.167575 0.0078581 0.00911283
0 0.787989 0.789957 0.00960284 0.0102956
0 0.938959 0.354923 0.0094021 0.00951475
0 0.907241 0.634774 0.00966758 0.010672
0 0.945248 0.795308 0.00897831 0.00966763
0 0.983975 0.267829 0.00908661 0.0105519
0 0.930724 0.465905 0.00969011 0.0104084
0 0.947682 0.765358 0.00837421 0.00874168
0 0.878849 0.642748 0.00955296 0.0101519
0 0.898147 0.705196 0.00842708 0.00881124
0 0.986015 0.76111 0.00919461 0.00952435
0 0.972926 0.623771 0.0077793 0.0074774
0 0.980167 0.891074 0.00861573 0.00959778
0 0.901495 0.420992 0.00851977 0.00857267
0 0.910274 0.613585 0.0104001 0.0141475
0 0.882161 0.61217 0.0093599 0.0109398
0 0.828397 0.746247 0.01114 0.0125859
0 0.852858 0.739766 0.0100589 0.0103128
0 0.967387 0.771056 0.00959527 0.0102844
0 0.890267 0.636392 0.00850368 0.00953275
0 0.869393 0.477708 0.0101619 0.0104948
0 0.821564 0.590931 0.0085752 0.00986397
0 0.904094 0.188779 0.0103065 0.0112685
0 0.771447 0.793886 0.00972724 0.00982463
0 0.970127 0.611208 0.0102901 0.0102378
0 0.860908 0.335532 0.00883597 0.00989822
0 0.929546 0.732927 0.00931239 0.00992632
0 0.981054 0.700628 0.00993156 0.0119464
0 0.913561 0.404353 0.00714231 0.00783765
0 0.995423 0.282194 0.00893402 0.0100105
0 0.991071 0.451475 0.00910699 0.00964269
0 0.925255 0.986876 0.00939023 0.0108005
0 0.946958 0.550081 0.00991839 0.0125362
0 0.946623 0.823044 0.00668466 0.00836754
0 0.93748 0.307247 0.010659 0.0116141
0 0.927265 0.369895 0.00956476 0.0105281
0 0.974808 0.298728 0.00947535 0.00906017
0 0.97766 0.587374 0.008968 0.0095011
0 0.981259 0.555004 0.0103424 0.0100565
0 0.8261 0.565632 0.0101044 0.0103689
0 0.909151 0.593903 0.0098753 0.00971758
0 0.976211 0.12117 0.0102062 0.0118609
0 0.950256 0.92254 0.00940973 0.0090158
0 0.996403 0.770986 0.0058443 0.00882894
0 0.857518 0.445676 0.00874442 0.00874674
0 0.992089 0.30474 0.00869256 0.00868484
0 0.92763 0.297203 0.00967824 0.0092195
0 0.774304 0.745151 0.00947171 0.0102273
0 0.913494 0.414837 0.00673449 0.00643089
0 0.849829 0.327274 0.00867653 0.00946242
0 0.879823 0.450469 0.0086019 0.0106216
0 0.966861 0.360447 0.00925654 0.00914973
0 0.991499 0.4277 0.00816423 0.010128
0 0.896875 0.613318 0.00789911 0.00893402
0 0.968594 0.934256 0.00862002 0.0104321
0 0.956827 0.428618 0.0089649 0.0129137
0 0.950901 0.147092 0.0100555 0.0129332
0 0.815442 0.621028 0.0112125 0.0114107
0 0.800285 0.708533 0.0117393 0.0102266
0 0.818181 0.578319 0.0087654 0.00976849
0 0.874792 0.173797 0.0166117 0.0156274
0 0.80264 0.757295 0.00844747 0.00913143
0 0.893979 0.601129 0.00934315 0.0107099
0 0.791672 0.776953 0.00828975 0.00847566
0 0.942557 0.371588 0.00892597 0.00971335
0 0.989591 0.139684 0.0104766 0.00972612
0 0.946779 0.993939 0.0118335 0.0106239
0 0.937099 0.324441 0.00864732 0.00900248
0 0.927508 0.384709 0.0101455 0.00908488
0 0.807499 0.72783 0.00850904 0.00978774
0 0.923681 0.601099 0.00949705 0.00963485
0 0.903789 0.401559 0.00622594 0.00737476
0 0.970906 0.861348 0.0124038 0.0111084
0 0.880711 0.477389 0.00715214 0.00986099
0 0.87789 0.680772 0.00670451 0.0077427
0 0.894963 0.548347 0.00751644 0.00805676
0 0.766082 0.752828 0.00721139 0.00818121
0 0.964393 0.217824 0.00799519 0.00732327
0 0.989335 0.774998 0.00882262 0.00924456
0 0.911839 0.353672 0.009745 0.01025
0 0.812869 0.778199 0.00816423 0.0101723
0 0.978566 0.925623 0.00884974 0.0092926
0 0.997222 0.61168 0.00521159 0.0104876
0 0.807344 0.587915 0.00810432 0.00971198
0 0.974023 0.920971 0.00875545 0.00892979
0 0.9914 0.316184 0.00697637 0.00809336
0 0.813057 0.694555 0.00770414 0.00968516
0 0.794771 0.58306 0.00974447 0.00917709
0 0.829924 0.707064 0.00840741 0.00988024
0 0.977068 0.924153 0.0114456 0.0120575
0 0.902321 0.976847 0.00821722 0.0092808
0 0.954366 0.888515 0.00675392 0.00827903
0 0.807737 0.570091 0.0107986 0.0110531
0 0.88681 0.437489 0.00789219 0.00839922
0 0.940267 0.993654 0.0126085 0.00981575
0 0.86654 0.648635 0.00768661 0.00876284
0 0.91326 0.977441 0.00833243 0.00962144
0 0.993388 0.665247 0.0110867 0.0156565
0 0.772141 0.610109 0.00751227 0.00985187
0 0.835932 0.979965 0.00893557 0.00944483
0 0.845524 0.772687 0.0102299 0.0105209
0 0.975183 0.863155 0.00940377 0.00910532
0 0.997254 0.441768 0.00549299 0.00884408
0 0.990495 0.801712 0.011105 0.00912547
0 0.924404 0.383564 0.0137513 0.0115518
0 0.917423 0.378179 0.00882435 0.0100486
0 0.971814 0.288841 0.0125797 0.0106148
0 0.951137 0.593838 0.00915796 0.0095306
0 0.995452 0.250836 0.00885409 0.00941744
0 0.986078 0.713912 0.00955182 0.00900078
0 0.923893 0.340312 0.0111355 0.011717
0 0.969193 0.612565 0.00930136 0.0100956
0 0.975374 0.287169 0.00815082 0.00814697
0 0.871317 0.961411 0.0066666 0.0071556
0 0.992008 0.837078 0.0101143 0.00859433
0 0.844095 0.59762 0.00882763 0.0105463
0 0.973743 0.347814 0.012751 0.0111039
0 0.988115 0.801711 0.0113807 0.0092482
0 0.944954 0.376942 0.00777626 0.00906277
0 0.80828 0.70965 0.00655103 0.00862962
0 0.925862 0.340691 0.0100155 0.0140906
0 0.973977 0.288292 0.0108887 0.00863776
0 0.977671 0.81108 0.00694162 0.00709671
0 0.904008 0.330954 0.0094955 0.00879821
0 0.972548 0.346392 0.0147511 0.0108616
0 0.757391 0.58636 0.00799435 0.00828797
0 0.924864 0.342334 0.0124907 0.0164321
0 0.963742 0.9974 0.00841868 0.00510311
0 0.94239 0.993829 0.0164013 0.0107551
0 0.923863 0.399279 0.00730705 0.00689116
0 0.900609 0.342851 0.00854337 0.00785017
0 0.953644 0.865144 0.00717318 0.00820047
0 0.754606 0.771074 0.00720555 0.00893575
0 0.917023 0.332192 0.00702232 0.00923753
0 0.825589 0.55579 0.00916368 0.00857526
0 0.973377 0.862563 0.0138277 0.0122925
0 0.958259 0.12634 0.00899559 0.00998048
0 0.761038 0.738083 0.00824434 0.00844389
0 0.824608 0.694843 0.00757635 0.0088377
0 0.989801 0.40195 0.00635129 0.00726643
0 0.942919 0.373934 0.0109295 0.0142419
0 0.793284 0.58335 0.0118816 0.0105388
0 0.969096 0.289009 0.00866628 0.00975475
0 0.99472 0.666452 0.00972897 0.0151766
0 0.916216 0.330552 0.0077135 0.00897208
0 0.741798 0.700128 0.00776118 0.00965834
0 0.763506 0.611792 0.011781 0.0119009
0 0.843445 0.772001 0.0137756 0.0117
0 0.938849 0.355461 0.0115175 0.01167
