0 0.724505 0.47467 0.0148764 0.0153433
0 0.789114 0.571717 0.0160668 0.0159802
0 0.757232 0.619524 0.0154839 0.0156284
0 0.67052 0.0142962 0.0159685 0.014288
0 0.990249 0.329679 0.0121167 0.0135496
0 0.049028 0.696447 0.0165207 0.0160749
0 0.623369 0.263659 0.0170673 0.0169337
0 0.282085 0.617187 0.0240899 0.0181727
0 0.162152 0.598565 0.0172798 0.0156215
0 0.0932072 0.215558 0.0149332 0.0153597
0 0.273829 0.193687 0.0149163 0.0158646
0 0.0419579 0.81796 0.0167413 0.0170374
0 0.942928 0.40162 0.0119137 0.0120945
0 0.540766 0.718009 0.0139929 0.0159777
0 0.559288 0.605165 0.0171033 0.0153947
0 0.323586 0.732671 0.0200216 0.0259346
0 0.62052 0.57062 0.014668 0.0130417
0 0.656998 0.503357 0.013965 0.0131316
0 0.32345 0.733162 0.0154642 0.0213425
0 0.075211 0.103979 0.0174309 0.0141444
0 0.0348508 0.662777 0.0163327 0.0209988
0 0.120546 0.52469 0.0163626 0.0165154
0 0.122092 0.718309 0.0151445 0.0152483
0 0.842491 0.678833 0.0141201 0.0146589
0 0.832037 0.625192 0.0140293 0.0154478
0 0.933468 0.700718 0.0141796 0.0150505
0 0.915342 0.650905 0.013842 0.015101
0 0.915431 0.71205 0.0157908 0.0119514
0 0.605021 0.626776 0.0102091 0.0111225
0 0.0288767 0.747263 0.012098 0.0128668
0 0.551511 0.672955 0.0157301 0.0161394
0 0.561598 0.876803 0.0162314 0.0155928
0 0.756467 0.532915 0.0148287 0.0146607
0 0.594134 0.632947 0.00974804 0.0108881
0 0.576249 0.645534 0.0150936 0.0136554
0 0.0558654 0.670703 0.0137231 0.0147943
0 0.0283336 0.74401 0.0133513 0.0121818
0 0.184043 0.0125861 0.0104105 0.00971596
0 0.592102 0.79557 0.0154932 0.0142458
0 0.298247 0.720163 0.0132728 0.0123661
0 0.798706 0.669607 0.0126261 0.0128939
0 0.0290094 0.745407 0.0160164 0.0159699
0 0.815874 0.718702 0.0163132 0.0133352
0 0.701807 0.00501715 0.01031 0.00870698
0 0.811805 0.53 0.0123344 0.00911009
0 0.617818 0.727552 0.0141986 0.0170587
0 0.962538 0.310228 0.0120665 0.0126389
0 0.617138 0.728186 0.0110052 0.013697
0 0.605249 0.626344 0.0130718 0.0133255
0 0.397335 0.568353 0.015854 0.0130506
0 0.767173 0.473144 0.0140497 0.013129
0 0.360676 0.687044 0.0135928 0.0134538
0 0.535327 0.913204 0.0148742 0.0143257
0 0.786794 0.606998 0.0124504 0.0118433
0 0.626869 0.786056 0.0139211 0.0133627
0 0.0350023 0.662174 0.0228989 0.0242819
0 0.83123 0.620393 0.014658 0.0206605
0 0.334429 0.112758 0.0135261 0.0129639
0 0.566925 0.697855 0.00734305 0.0074957
0 0.571838 0.541825 0.0130714 0.0122274
0 0.623955 0.520947 0.0106848 0.00990349
0 0.731421 0.423274 0.0132477 0.0106281
0 0.613141 0.64358 0.00940931 0.0105023
0 0.671585 0.734687 0.00965768 0.0150976
