0 0.647412 0.401589 0.0200793 0.020577
0 0.423944 0.918285 0.0181506 0.0196754
0 0.391033 0.746676 0.0206303 0.0166195
0 0.939198 0.743884 0.015269 0.0181659
0 0.396162 0.372095 0.0183664 0.0169336
0 0.896532 0.823304 0.022202 0.0167467
0 0.332651 0.685662 0.0247444 0.0141788
0 0.841501 0.784149 0.0209293 0.0179382
0 0.299545 0.386796 0.0136222 0.0115616
0 0.504628 0.901112 0.0168635 0.0163419
0 0.277767 0.957914 0.0205516 0.0140488
0 0.473393 0.931407 0.0257354 0.0196434
0 0.842212 0.947753 0.0103127 0.0100403
0 0.217746 0.952365 0.0135845 0.0153505
0 0.249403 0.948195 0.0206082 0.0156196
0 0.52717 0.968025 0.0148133 0.0123718
0 0.117944 0.928742 0.028592 0.0134938
0 0.676737 0.276111 0.0169702 0.0205008
0 0.230641 0.854666 0.00899267 0.00862122
0 0.472306 0.931422 0.0205753 0.0155098
0 0.247689 0.540366 0.0268516 0.0264435
0 0.280987 0.662024 0.0179383 0.0161071
0 0.779035 0.343432 0.0179057 0.0168333
0 0.601437 0.374653 0.012867 0.0157568
0 0.632281 0.418248 0.0129493 0.0122564
0 0.634302 0.418586 0.0146449 0.0141024
0 0.854624 0.739088 0.0249203 0.0166073
0 0.00299945 0.321865 0.00504367 0.00713143
0 0.576664 0.384589 0.00996399 0.00982836
0 0.810644 0.435088 0.010183 0.00883102
0 0.739047 0.306303 0.0125484 0.0101326
0 0.212857 0.932869 0.0123685 0.0106644
0 0.0792979 0.338478 0.0134328 0.00985357
0 0.244906 0.698541 0.017808 0.0121115
0 0.377583 0.665554 0.0137593 0.0116293
0 0.932429 0.788098 0.00953466 0.0113079
0 0.352853 0.313907 0.0134194 0.0180272
0 0.0178727 0.957273 0.0100752 0.00919682
0 0.56065 0.39517 0.00933433 0.0110912
0 0.639489 0.422141 0.0144377 0.0134018
0 0.645876 0.315259 0.0151274 0.0119526
0 0.397906 0.917733 0.0130916 0.00965387
0 0.340255 0.528512 0.0240899 0.0168791
0 0.0631073 0.830332 0.011335 0.00881386
0 0.280518 0.330374 0.0123003 0.0115152
0 0.700587 0.380938 0.0202382 0.0242369
0 0.248223 0.536408 0.0218281 0.0183306
0 0.812946 0.435146 0.015824 0.0102518
0 0.932113 0.820032 0.0146316 0.00954586
