0 0.681785 0.881428 0.0109431 0.0115673
0 0.657793 0.848357 0.0100895 0.00922966
0 0.708257 0.953107 0.00986958 0.0105051
0 0.646046 0.653631 0.00984633 0.00998443
0 0.626743 0.667404 0.00941277 0.00942671
0 0.75396 0.872349 0.0100046 0.00972825
0 0.660422 0.622727 0.00889146 0.00935239
0 0.625949 0.766648 0.0105667 0.00977755
0 0.65976 0.905263 0.00985813 0.00876141
0 0.903768 0.921814 0.00954968 0.00896603
0 0.801382 0.9547 0.00953084 0.00935477
0 0.643819 0.855519 0.0110644 0.0104074
0 0.766539 0.896658 0.00957936 0.0113043
0 0.954939 0.912934 0.00993192 0.0104887
0 0.972213 0.904894 0.00805283 0.00809264
0 0.961783 0.898111 0.00895041 0.0102528
0 0.907792 0.939378 0.00908339 0.00919288
0 0.697765 0.722102 0.0105346 0.0103703
0 0.608518 0.852675 0.0093435 0.0092659
0 0.909474 0.961898 0.00960028 0.00884187
0 0.732276 0.802305 0.00829899 0.00975144
0 0.6922 0.978306 0.00904572 0.00923365
0 0.692728 0.916796 0.00803429 0.00954914
0 0.536619 0.854766 0.00970477 0.0108421
0 0.727308 0.97321 0.00823152 0.0083828
0 0.624303 0.861706 0.0112337 0.0130859
0 0.623889 0.841839 0.0102019 0.0100681
0 0.948514 0.852609 0.00998479 0.0101938
0 0.785559 0.900508 0.0110525 0.0121036
0 0.652733 0.962663 0.00871146 0.0101938
0 0.756796 0.754152 0.0106875 0.0103108
0 0.980417 0.920713 0.00948024 0.00916725
0 0.641966 0.87409 0.00832498 0.00877458
0 0.860683 0.974199 0.0107799 0.0110071
0 0.659249 0.939253 0.0118925 0.0127472
0 0.693455 0.87328 0.00901222 0.00965732
0 0.629573 0.937548 0.010622 0.0131553
0 0.811949 0.933523 0.00869179 0.00984919
0 0.617183 0.8301 0.00768524 0.00807112
0 0.67002 0.767065 0.00894374 0.00925404
0 0.72444 0.946596 0.010328 0.00982952
0 0.73632 0.7766 0.00779456 0.00845593
0 0.571539 0.899036 0.00986421 0.00832784
0 0.68275 0.926657 0.00834787 0.00897121
0 0.66769 0.638007 0.00959212 0.0107016
0 0.735111 0.880241 0.00744724 0.00815886
0 0.567979 0.841498 0.00893784 0.0096342
0 0.662084 0.792214 0.00872612 0.00987613
0 0.696948 0.900702 0.00859284 0.00886077
0 0.576098 0.817154 0.00856686 0.00898224
0 0.814515 0.956245 0.00834161 0.00967902
0 0.755221 0.934012 0.00872445 0.0121052
0 0.645972 0.720559 0.00838596 0.00940245
0 0.820908 0.839487 0.0103531 0.0101463
0 0.980362 0.873091 0.00891346 0.00933725
0 0.601353 0.882932 0.00854987 0.00900191
0 0.760939 0.916829 0.00882435 0.0104856
0 0.7555 0.889263 0.00793451 0.00894815
0 0.616384 0.646794 0.00861418 0.0100121
0 0.904828 0.909423 0.00759888 0.00828421
0 0.671968 0.933403 0.00746047 0.00827903
0 0.939943 0.89248 0.0110976 0.0118405
0 0.551121 0.785921 0.00937271 0.0103807
0 0.696163 0.796656 0.00890267 0.00911921
0 0.524503 0.839364 0.00935847 0.00935936
0 0.669147 0.868719 0.0100816 0.0101368
0 0.62909 0.649176 0.00924492 0.00773156
0 0.610109 0.58535 0.011647 0.0106215
0 0.748692 0.805374 0.00860053 0.00835037
0 0.53294 0.956544 0.00911331 0.00963879
0 0.663152 0.920501 0.00925905 0.00875318
0 0.802753 0.829745 0.0114807 0.0132731
0 0.669533 0.892997 0.00854987 0.00921518
0 0.778157 0.869802 0.0101078 0.0106419
0 0.679953 0.605966 0.0104678 0.0107031
0 0.653895 0.872342 0.00726289 0.00777853
0 0.577921 0.847474 0.00858045 0.0091446
0 0.331702 0.983957 0.0101301 0.00843924
0 0.703071 0.775069 0.011378 0.0110778
0 0.677796 0.712577 0.0118144 0.0103925
0 0.733562 0.816366 0.00881904 0.00900954
0 0.603547 0.772071 0.00958824 0.00904977
0 0.741389 0.921856 0.0100941 0.0111725
0 0.743248 0.936903 0.00853604 0.00937611
0 0.67257 0.782926 0.00884449 0.0106667
0 0.632016 0.970997 0.00806665 0.00938338
0 0.600416 0.791088 0.0104483 0.0112426
0 0.755023 0.901756 0.00907344 0.00991249
0 0.550493 0.81776 0.00909901 0.00873911
0 0.215346 0.964745 0.01048 0.00887454
0 0.580741 0.907593 0.00866133 0.00883734
0 0.37761 0.976773 0.00903529 0.00892085
0 0.730594 0.920766 0.00874251 0.00991362
0 0.755952 0.939445 0.00853956 0.00989836
0 0.746565 0.883811 0.0064007 0.00727004
0 0.296876 0.990806 0.0155639 0.0127602
0 0.544919 0.908914 0.01408 0.0100063
0 0.650043 0.612473 0.0105404 0.011116
0 0.962287 0.852997 0.0092867 0.0106403
0 0.622757 0.746203 0.00700796 0.00870508
0 0.60655 0.908374 0.00802982 0.00932467
0 0.803463 0.832243 0.0118939 0.0163679
0 0.585087 0.91701 0.00768524 0.00694621
0 0.764304 0.73974 0.0114529 0.0121161
0 0.545237 0.842359 0.00956422 0.0120815
0 0.665 0.597087 0.0131061 0.010951
0 0.554763 0.8526 0.00865573 0.00784034
0 0.74189 0.847823 0.00945532 0.00904059
0 0.741606 0.75838 0.00907773 0.00944859
0 0.906567 0.89401 0.0100325 0.00879931
0 0.607118 0.932353 0.0080536 0.00843161
0 0.75036 0.738739 0.0109078 0.0137716
0 0.630435 0.916006 0.00837487 0.0100336
0 0.953291 0.888722 0.0078876 0.00794029
0 0.747727 0.951628 0.00978851 0.0101541
0 0.602974 0.995255 0.0131823 0.00899583
0 0.714212 0.826321 0.00958228 0.00929755
0 0.584743 0.840114 0.00894725 0.00980985
0 0.597407 0.83394 0.00687408 0.00690806
0 0.707124 0.757544 0.0145341 0.0133181
0 0.56993 0.969865 0.00976241 0.00998569
0 0.719546 0.796032 0.0108017 0.0108733
0 0.756156 0.93922 0.0103655 0.0120223
0 0.710039 0.788364 0.0104725 0.008928
0 0.684578 0.956627 0.00956696 0.00894529
0 0.620081 0.983722 0.00838149 0.0101234
0 0.613551 0.570678 0.00974792 0.00956535
0 0.671502 0.78168 0.00926608 0.0118263
0 0.646865 0.926105 0.0114965 0.0096069
0 0.344425 0.992048 0.00869435 0.00936663
0 0.697048 0.618778 0.0148522 0.0117412
0 0.560647 0.797262 0.00725412 0.0079332
0 0.985767 0.86221 0.00877398 0.00768358
0 0.803748 0.771605 0.00980413 0.00991648
0 0.58852 0.943969 0.00895029 0.0105343
0 0.595334 0.927756 0.0114317 0.00961328
0 0.712814 0.840637 0.0104226 0.0117582
0 0.662094 0.921333 0.0108618 0.0103226
0 0.6434 0.590944 0.00905782 0.0100237
0 0.593161 0.966741 0.008699 0.00894791
0 0.569938 0.798514 0.00658226 0.00707817
0 0.608288 0.624972 0.00925028 0.00860518
0 0.607973 0.948036 0.00711328 0.0080303
0 0.637587 0.892246 0.00696832 0.00867885
0 0.275817 0.921338 0.0109637 0.0117855
0 0.676357 0.997223 0.0108213 0.00555426
0 0.056566 0.88966 0.00900984 0.0105545
0 0.586978 0.980767 0.00917739 0.00878179
0 0.732778 0.921357 0.0131394 0.0117393
0 0.67347 0.731502 0.00935978 0.0104307
0 0.593125 0.926931 0.0130212 0.00920868
0 0.545624 0.844973 0.00868374 0.00962216
0 0.613932 0.97365 0.00793326 0.00858426
0 0.591624 0.956987 0.00788784 0.0069502
0 0.50911 0.840242 0.00881106 0.00754851
0 0.710804 0.838617 0.0150121 0.016251
0 0.967041 0.920492 0.00809175 0.00812018
0 0.356894 0.992501 0.00720111 0.00743026
0 0.719373 0.797959 0.0107315 0.0100591
0 0.791635 0.864433 0.00926495 0.0110029
0 0.721879 0.793293 0.00920796 0.0088703
0 0.755155 0.930717 0.00853252 0.00820082
0 0.916834 0.889452 0.00643688 0.00736427
0 0.75555 0.933101 0.0121991 0.0158911
0 0.560705 0.810247 0.00966215 0.0101322
0 0.766336 0.930272 0.00733089 0.00742114
0 0.581929 0.90727 0.00795668 0.00781059
0 0.554766 0.806796 0.00787354 0.00790751
0 0.940247 0.996816 0.0109894 0.00636709
0 0.13671 0.989906 0.00933114 0.00875777
0 0.754812 0.82732 0.00812107 0.00860327
0 0.708861 0.837424 0.0137544 0.0132484
0 0.674565 0.748544 0.00889605 0.00858706
0 0.693064 0.734576 0.00852203 0.0105391
0 0.9965 0.882876 0.0064804 0.0139831
0 0.743518 0.894377 0.00795138 0.00850445
0 0.766992 0.810121 0.00885719 0.0127377
0 0.37671 0.990382 0.00811106 0.00891
0 0.945526 0.962373 0.0109627 0.0173256
0 0.76749 0.841473 0.00720119 0.00779265
0 0.398095 0.996044 0.0105619 0.00719035
0 0.74542 0.84617 0.0114756 0.00936812
0 0.698585 0.617787 0.0127048 0.00918484
0 0.562401 0.811979 0.00965393 0.00932235
0 0.522245 0.855206 0.0104599 0.0101839
0 0.252207 0.965881 0.00974254 0.0107933
0 0.695263 0.619776 0.0117334 0.0111367
0 0.706652 0.835243 0.0105109 0.00992334
0 0.161464 0.957379 0.0192896 0.0204331
0 0.744593 0.818323 0.00794798 0.00899738
0 0.732503 0.800544 0.00845951 0.00936264
0 0.71048 0.913388 0.00970376 0.0081116
0 0.720971 0.877297 0.00699329 0.00654352
0 0.772123 0.803059 0.00942212 0.0107622
0 0.587924 0.945368 0.0100423 0.0124626
0 0.628827 0.902881 0.00765169 0.0077492
0 0.544286 0.841655 0.00921506 0.0100016
0 0.65065 0.551007 0.00766677 0.00830036
0 0.756087 0.755409 0.0109701 0.0102154
0 0.555205 0.805639 0.00827849 0.00760269
0 0.645368 0.9248 0.0126576 0.0095284
0 0.763093 0.823556 0.0067873 0.00678635
0 0.631756 0.915566 0.00878257 0.0103573
0 0.628477 0.896862 0.00668889 0.00796282
0 0.24015 0.99639 0.00917035 0.00721914
0 0.663938 0.598396 0.0149649 0.0127301
0 0.663487 0.880262 0.00712281 0.00633144
0 0.643492 0.805167 0.007065 0.00726873
0 0.606379 0.933321 0.00915647 0.00988847
0 0.543656 0.704383 0.00835145 0.00773561
0 0.395587 0.982514 0.00992149 0.00981694
0 0.960029 0.837661 0.0102188 0.00883138
0 0.561663 0.81296 0.00828362 0.00780416
0 0.621887 0.988427 0.0115006 0.0156868
0 0.547484 0.886508 0.00754774 0.00698507
0 0.602076 0.994162 0.0136344 0.00847971
0 0.607851 0.931174 0.00798625 0.00795996
0 0.709126 0.755952 0.0146147 0.0152202
0 0.0356035 0.812927 0.0151389 0.0215122
0 0.607446 0.783647 0.00725073 0.00803804
0 0.322867 0.962718 0.00897989 0.0089041
0 0.594122 0.910587 0.00674129 0.00767398
0 0.637869 0.911474 0.0062483 0.0066433
0 0.256161 0.900732 0.00985095 0.0111316
0 0.741889 0.818585 0.0119358 0.0113769
0 0.713547 0.824736 0.0106876 0.00816035
0 0.579279 0.960611 0.00626433 0.00772977
0 0.765351 0.930806 0.00782752 0.00976145
0 0.55445 0.702655 0.00643688 0.00672215
0 0.766761 0.898504 0.00977707 0.011393
0 0.315837 0.930133 0.00736332 0.00986898
0 0.609441 0.585617 0.0146847 0.0129033
0 0.795253 0.773268 0.0115294 0.0105963
0 0.195502 0.861332 0.00871953 0.00665206
0 0.393583 0.985442 0.00974154 0.00952762
0 0.539152 0.833916 0.0056724 0.00647616
0 0.322843 0.960959 0.00844562 0.00992489
0 0.711535 0.936345 0.00766969 0.00759012
0 0.309229 0.938874 0.00584793 0.00677967
0 0.68258 0.789325 0.0071708 0.00716817
0 0.620195 0.985348 0.0110918 0.0124668
0 0.70261 0.9221 0.00663358 0.00706005
0 0.797843 0.852255 0.00844139 0.0089041
0 0.791161 0.860381 0.00934613 0.0134769
0 0.677972 0.617508 0.00682384 0.00562024
0 0.769859 0.805624 0.0136994 0.0161228
0 0.629264 0.742183 0.00544894 0.0061779
0 0.316418 0.931574 0.00727004 0.00940818
0 0.755614 0.931127 0.0104582 0.00956935
0 0.194396 0.85089 0.0092597 0.00767708
0 0.0366495 0.928606 0.00885442 0.0108967
0 0.246308 0.982521 0.00590792 0.00643885
0 0.618752 0.988267 0.00840777 0.0120465
0 0.94717 0.971497 0.0113287 0.0151409
0 0.255355 0.915233 0.00994426 0.00949365
0 0.617368 0.55984 0.00797713 0.00759488
0 0.955523 0.943468 0.00905955 0.00811499
0 0.960758 0.996507 0.00903553 0.00698596
0 0.755296 0.900266 0.00927901 0.00895464
0 0.69871 0.963699 0.00719261 0.00682986
0 0.546124 0.83844 0.00811255 0.0104967
