0 0.683252 0.983162 0.0222683 0.0160904
0 0.850762 0.959307 0.0214893 0.0225552
0 0.834077 0.805717 0.0247585 0.0155373
0 0.960608 0.518754 0.0177614 0.0166588
0 0.15617 0.861624 0.0115111 0.015422
0 0.539147 0.911471 0.0261577 0.0235352
0 0.800344 0.750485 0.0230532 0.0168926
0 0.738846 0.787329 0.0163055 0.0142158
0 0.0166993 0.420881 0.0197799 0.0150112
0 0.877864 0.978406 0.0170441 0.0183422
0 0.37091 0.777416 0.0115781 0.0111099
0 0.74765 0.974988 0.00893819 0.0112545
0 0.726423 0.263587 0.0173485 0.0149227
0 0.970127 0.406767 0.0144915 0.0147267
0 0.593922 0.84591 0.0203804 0.0197651
0 0.994848 0.606295 0.0098694 0.0116142
0 0.732228 0.99579 0.00999838 0.00761831
0 0.132369 0.986933 0.0193445 0.0165787
0 0.839931 0.984841 0.0137707 0.0175369
0 0.707905 0.860527 0.0158064 0.0125589
0 0.104474 0.975477 0.0203626 0.017597
0 0.960724 0.460301 0.0115711 0.012972
0 0.106175 0.141746 0.010742 0.0157384
0 0.954777 0.425503 0.00993115 0.0115893
0 0.799142 0.459105 0.0146785 0.0136335
0 0.90096 0.467326 0.0176491 0.0120571
0 0.31253 0.635108 0.0123161 0.0131939
0 0.416571 0.829323 0.00856799 0.00942093
0 0.429652 0.352971 0.0077616 0.0096215
0 0.967199 0.438555 0.0157444 0.0232668
0 0.64217 0.859387 0.0225588 0.0199686
0 0.96872 0.549542 0.0131626 0.0151848
0 0.9718 0.549525 0.0214634 0.0181426
0 0.418135 0.117097 0.0305965 0.0148377
0 0.777749 0.956642 0.00972766 0.00994986
0 0.00899767 0.126682 0.0170502 0.01441
0 0.281189 0.701197 0.0117328 0.0125648
0 0.798815 0.459277 0.011252 0.0119997
0 0.159856 0.988947 0.0139302 0.0123348
0 0.396897 0.903155 0.0220258 0.0132766
0 0.976738 0.546375 0.012686 0.0134122
0 0.691198 0.862233 0.00899184 0.00881881
0 0.1404 0.507459 0.0111988 0.00831205
0 0.354541 0.138147 0.0126296 0.0149994
0 0.928188 0.966492 0.00528586 0.00531691
0 0.0589155 0.563487 0.0110419 0.0103198
0 0.379571 0.296321 0.0182747 0.0155862
0 0.145143 0.420592 0.00864652 0.0081993
0 0.724756 0.0458879 0.0114698 0.00958725
0 0.814387 0.459489 0.0153906 0.012962
0 0.957642 0.277145 0.00754052 0.00836763
0 0.254818 0.980048 0.00999932 0.0105629
0 0.162605 0.402285 0.016103 0.0104544
0 0.732403 0.933006 0.00780571 0.00876963
0 0.170838 0.27661 0.00583157 0.00670889
0 0.12251 0.144227 0.0223574 0.0177507
0 0.708056 0.861118 0.019184 0.0148033
0 0.704606 0.907894 0.00963271 0.00851196
0 0.0668806 0.132814 0.0137165 0.00987922
0 0.970159 0.253125 0.0105349 0.0127973
0 0.45815 0.0646682 0.00881928 0.0105699
0 0.943818 0.242673 0.0106224 0.00944777
0 0.871731 0.890124 0.0135242 0.0135273
0 0.732484 0.995392 0.0131033 0.00886536
0 0.705531 0.0657424 0.00965613 0.010547
0 0.370542 0.2983 0.0158396 0.0124296
0 0.00248493 0.570506 0.00496987 0.00661182
0 0.901104 0.684271 0.0107574 0.0136617
0 0.550211 0.508553 0.0166057 0.0115929
0 0.726683 0.0460115 0.0128498 0.00999435
0 0.422169 0.117843 0.0222669 0.0132785
0 0.156305 0.524551 0.0112925 0.00949794
0 0.135349 0.520396 0.00883323 0.00831801
0 0.404292 0.299659 0.0124855 0.0105706
0 0.85947 0.924007 0.0137928 0.0123981
0 0.0681864 0.133953 0.012555 0.00999089
0 0.155355 0.455379 0.00927052 0.00830135
0 0.962857 0.812574 0.0124974 0.0188618
0 0.778217 0.95492 0.0110245 0.0131786
0 0.819302 0.882995 0.0149296 0.0155233
0 0.172255 0.415059 0.0111585 0.00852507
0 0.0306313 0.605855 0.0100116 0.0120025
0 0.824612 0.993145 0.0134339 0.0124514
0 0.123911 0.146667 0.0232555 0.019594
0 0.863362 0.926408 0.0166994 0.0121773
0 0.989501 0.391565 0.00843716 0.00826728
0 0.110186 0.71553 0.00992212 0.0108637
0 0.163555 0.280369 0.00654522 0.00704718
0 0.117855 0.458194 0.00870528 0.00972712
0 0.0181889 0.564962 0.00891558 0.00980026
0 0.170016 0.415266 0.0120162 0.00881651
0 0.730954 0.895247 0.0112713 0.0116249
0 0.397136 0.851596 0.011816 0.0101303
0 0.671221 0.367306 0.00915277 0.00962996
0 0.442157 0.338722 0.00580177 0.00660047
0 0.902401 0.468773 0.0203312 0.013604
0 0.182803 0.228065 0.0180314 0.0132792
0 0.562115 0.66934 0.0131384 0.0140788
0 0.410197 0.11646 0.0119642 0.0114131
0 0.930029 0.491137 0.0156544 0.013912
0 0.255531 0.562286 0.0132154 0.00984514
0 0.991022 0.368774 0.0110363 0.0124833
0 0.114087 0.728936 0.00967997 0.00831223
0 0.452596 0.370055 0.00916195 0.00808534
0 0.313838 0.982626 0.00688609 0.0083456
