0 0.732336 0.569719 0.017989 0.0149717
0 0.544943 0.599051 0.0188757 0.0182424
0 0.571804 0.571837 0.0192412 0.0175482
0 0.109636 0.378603 0.0140083 0.0206066
0 0.572588 0.787838 0.0119483 0.0108105
0 0.540145 0.446173 0.0161384 0.0120962
0 0.544849 0.506858 0.0185772 0.0131767
0 0.921552 0.00755957 0.0134569 0.0127262
0 0.578871 0.83005 0.015296 0.0191445
0 0.895172 0.528797 0.0137945 0.0111809
0 0.636598 0.596919 0.018598 0.0155689
0 0.457645 0.627853 0.0176946 0.0216536
0 0.23398 0.175131 0.0272087 0.0180721
0 0.583608 0.591282 0.0222681 0.0129355
0 0.853313 0.485325 0.0159671 0.0147747
0 0.486587 0.567011 0.0158094 0.00992888
0 0.456629 0.570785 0.0162915 0.0122705
0 0.859273 0.186053 0.0238121 0.0194238
0 0.567033 0.177624 0.011508 0.0139271
0 0.860707 0.44006 0.00761908 0.00672972
0 0.855832 0.46083 0.0086506 0.00965691
0 0.992391 0.535897 0.0133414 0.013598
0 0.170222 0.579546 0.0126892 0.0104836
0 0.859883 0.185636 0.0215763 0.0146251
0 0.827081 0.493709 0.00941885 0.0110872
0 0.674631 0.8031 0.0131795 0.0113077
0 0.0109158 0.836628 0.00955711 0.00889719
0 0.566184 0.696296 0.00841254 0.00923938
0 0.197244 0.395375 0.0125836 0.0170489
0 0.645319 0.613791 0.00980937 0.00838196
0 0.484446 0.659611 0.00950262 0.0101051
