0 0.329289 0.819718 0.019467 0.0192545
0 0.34014 0.706906 0.0173342 0.0189247
0 0.499464 0.67296 0.0137397 0.0167713
0 0.326441 0.653538 0.0216794 0.0197902
0 0.321182 0.0379758 0.0154955 0.0194409
0 0.0586476 0.892663 0.0157256 0.0155895
0 0.588908 0.488541 0.0158863 0.0196163
0 0.331018 0.899012 0.0195323 0.019809
0 0.559743 0.560336 0.0167198 0.0181163
0 0.259494 0.849918 0.0151204 0.0160059
0 0.306256 0.790675 0.0164108 0.0180869
0 0.83053 0.703016 0.0153891 0.0175564
0 0.944261 0.21761 0.0197479 0.0195305
0 0.491806 0.644754 0.0199458 0.0178342
0 0.845912 0.66989 0.0185356 0.0189421
0 0.342426 0.578805 0.0172493 0.0197775
0 0.107455 0.648333 0.0141609 0.0157163
0 0.95227 0.16551 0.023905 0.0221517
0 0.398632 0.134424 0.0162272 0.0174342
0 0.504861 0.467564 0.0194345 0.0184879
0 0.976128 0.0351914 0.0159123 0.019326
0 0.452403 0.037399 0.0171184 0.0175987
0 0.408734 0.643324 0.0210336 0.0188823
0 0.226709 0.857305 0.0175404 0.0180759
0 0.796531 0.814149 0.0158695 0.0166779
0 0.368753 0.814281 0.0168415 0.0188918
0 0.0645683 0.630747 0.0157442 0.0201883
0 0.496557 0.0617948 0.0153348 0.0187118
0 0.484624 0.0829062 0.0182424 0.0154305
0 0.13393 0.815656 0.0246366 0.0181801
0 0.241529 0.181363 0.0142762 0.0171097
0 0.12887 0.244704 0.0167798 0.0182597
0 0.144357 0.303925 0.0192425 0.0224776
0 0.783372 0.567639 0.013974 0.0154918
0 0.213742 0.0731012 0.0180699 0.0201873
0 0.27533 0.769507 0.0134098 0.0168421
0 0.0287174 0.844234 0.0180123 0.018544
0 0.0536467 0.792382 0.0190192 0.0182297
0 0.897674 0.55453 0.0144806 0.0115498
0 0.601044 0.862929 0.0138868 0.0175427
0 0.273091 0.682771 0.0150203 0.0153151
0 0.478402 0.877078 0.0209137 0.023587
0 0.457335 0.471201 0.0169283 0.0192311
0 0.0133387 0.618683 0.0266774 0.022189
0 0.170869 0.479781 0.0193108 0.0178034
0 0.00889533 0.677001 0.0150362 0.0209007
0 0.668813 0.0458022 0.0184332 0.0142616
0 0.0168878 0.465422 0.0152028 0.0163683
0 0.867269 0.155815 0.0152102 0.01766
0 0.164649 0.236709 0.016287 0.0167084
0 0.76777 0.368367 0.0140858 0.0155214
0 0.236878 0.982619 0.0152307 0.0197012
0 0.732632 0.406069 0.0162544 0.0188055
0 0.169248 0.20351 0.0185786 0.016733
0 0.817389 0.812155 0.0120314 0.0128483
0 0.125423 0.450822 0.020813 0.0163494
0 0.995396 0.118693 0.0092085 0.0161402
0 0.557673 0.536397 0.0198002 0.0203158
0 0.778529 0.392618 0.0185148 0.0174528
0 0.980155 0.203376 0.0164076 0.0168852
0 0.212824 0.0727656 0.0225235 0.0244574
0 0.240174 0.324607 0.0192378 0.0182804
0 0.243759 0.298365 0.0142186 0.0191827
0 0.0477168 0.500709 0.0166717 0.0147045
0 0.267458 0.0422482 0.0141126 0.0161699
0 0.00765304 0.868109 0.0146912 0.0121357
0 0.0119811 0.70726 0.0122496 0.0175745
0 0.277566 0.0263306 0.0110348 0.0110216
0 0.0815065 0.921377 0.0158679 0.0156201
0 0.206215 0.126406 0.0193608 0.0175471
0 0.154645 0.790883 0.0139624 0.0200626
0 0.207028 0.127137 0.0141651 0.0150653
0 0.10668 0.647325 0.0176143 0.0192459
0 0.0216582 0.507797 0.015569 0.0135931
0 0.756931 0.412847 0.0139439 0.0168013
0 0.937643 0.302922 0.017828 0.0184648
0 0.625818 0.87833 0.0152252 0.017116
0 0.938561 0.305813 0.0161414 0.0133792
0 0.939024 0.324716 0.014331 0.014029
0 0.706899 0.392886 0.0166388 0.0172706
0 0.0687546 0.491644 0.0138446 0.0106548
0 0.918305 0.330358 0.0184129 0.0146857
0 0.272289 0.682619 0.019141 0.0195133
0 0.786219 0.721377 0.0134912 0.0139512
0 0.0925829 0.452525 0.0093555 0.0111664
0 0.784305 0.352323 0.0119846 0.0155637
0 0.598617 0.192143 0.0208435 0.0206716
0 0.0400916 0.457302 0.0097628 0.00987625
0 0.964588 0.0175457 0.0159855 0.0133801
0 0.146045 0.351453 0.0170467 0.0172346
0 0.771222 0.339345 0.0166688 0.0178625
0 0.277172 0.0245964 0.0128752 0.0146899
0 0.920182 0.308122 0.0130165 0.0127313
0 0.253115 0.499801 0.0203689 0.0147402
0 0.263851 0.833014 0.00912341 0.0123991
0 0.148333 0.265441 0.0146999 0.0163773
0 0.916188 0.329737 0.0274618 0.0233532
0 0.266667 0.827596 0.00805607 0.0105305
0 0.379959 0.421879 0.0107386 0.0120607
0 0.203248 0.691779 0.0205494 0.0156071
0 0.825985 0.575877 0.0167473 0.0154778
0 0.0348784 0.791082 0.0103486 0.00842094
0 0.0346581 0.454241 0.0196022 0.0190531
0 0.916524 0.330811 0.0236325 0.0184596
0 0.258974 0.632092 0.0225649 0.0212129
0 0.293969 0.048667 0.0135606 0.0120044
0 0.563655 0.146471 0.0151701 0.013427
0 0.0170157 0.464738 0.0190312 0.0190531
0 0.0329833 0.453551 0.0147992 0.0157514
0 0.592941 0.0029962 0.0143349 0.00588032
0 0.253877 0.498438 0.02467 0.0200203
0 0.053227 0.916604 0.00996261 0.00870585
0 0.29341 0.0477095 0.016965 0.0167312
0 0.78358 0.566774 0.0169681 0.0193359
0 0.401119 0.605825 0.0139031 0.0212824
0 0.931184 0.177796 0.00849169 0.00827503
0 0.021998 0.507459 0.0203642 0.0178764
0 0.757901 0.729551 0.00931406 0.0120695
0 0.0605501 0.483117 0.00943776 0.0107
0 0.739812 0.28678 0.0215997 0.0176795
0 0.0309182 0.779757 0.010195 0.00977975
0 0.218187 0.520043 0.00919065 0.0126024
0 0.155048 0.791022 0.0178017 0.0227854
0 0.760392 0.729669 0.015035 0.015493
0 0.399856 0.605145 0.0189607 0.0246742
0 0.254945 0.52362 0.0150136 0.0157889
