0 0.303295 0.386493 0.0191411 0.0174434
0 0.200273 0.221571 0.0180588 0.0181188
0 0.458988 0.665469 0.0180973 0.0172962
0 0.902911 0.95923 0.0176998 0.0158626
0 0.570345 0.778065 0.018191 0.0160613
0 0.0975261 0.549044 0.0191955 0.0193297
0 0.586967 0.812115 0.0168726 0.0162027
0 0.510196 0.844042 0.0153834 0.0129433
0 0.649585 0.664846 0.0176931 0.0172602
0 0.507131 0.766771 0.0202189 0.0179225
0 0.0272704 0.258951 0.0186138 0.0176632
0 0.557822 0.117932 0.0193497 0.0168557
0 0.918028 0.937886 0.013932 0.0124021
0 0.511516 0.844501 0.0219182 0.0174618
0 0.618783 0.77037 0.0189036 0.0174206
0 0.0802227 0.212012 0.0187625 0.0251431
0 0.188633 0.0138768 0.017184 0.0140068
0 0.0838583 0.303442 0.0157675 0.0157149
0 0.411036 0.719911 0.0155388 0.0128544
0 0.91208 0.816176 0.015691 0.0130936
0 0.548713 0.802911 0.0182461 0.011303
0 0.0730729 0.329265 0.0152458 0.0130124
0 0.492656 0.814476 0.0126183 0.0123695
0 0.292206 0.695925 0.0156048 0.0138836
0 0.351216 0.67009 0.016947 0.0139043
0 0.143375 0.0345574 0.0155834 0.0155791
0 0.0970782 0.983054 0.01255 0.0116529
0 0.244585 0.676913 0.012562 0.0142479
0 0.640092 0.373072 0.0159209 0.016471
0 0.700855 0.993697 0.0155962 0.0115921
0 0.995306 0.77821 0.00938833 0.0116247
0 0.641071 0.591772 0.0200931 0.0176263
0 0.912362 0.815287 0.0194611 0.0174866
0 0.677057 0.458379 0.0138179 0.0104485
0 0.230781 0.649506 0.0171426 0.0154254
0 0.219203 0.775708 0.0171307 0.0140749
0 0.495963 0.824608 0.0106375 0.00776064
0 0.188432 0.0134274 0.0217441 0.0185567
0 0.244869 0.676381 0.0152141 0.0170528
