0 0.0979533 0.0854095 0.0186481 0.0207772
0 0.59069 0.114895 0.0177153 0.019603
0 0.547683 0.509063 0.0170105 0.0182559
0 0.554476 0.238047 0.0166788 0.0147901
0 0.1203 0.861189 0.0186303 0.0233929
0 0.0299447 0.0820792 0.0169096 0.0176649
0 0.162902 0.968751 0.0133447 0.019309
0 0.364532 0.0315975 0.0183372 0.0199447
0 0.0512169 0.0708499 0.0210658 0.0208569
0 0.290511 0.874908 0.0183791 0.0216217
0 0.58602 0.27351 0.0141722 0.0151361
0 0.309289 0.45433 0.0181094 0.0178205
0 0.64061 0.662467 0.022962 0.0203003
0 0.333039 0.447894 0.0201773 0.0203983
0 0.191516 0.279297 0.00869007 0.00987387
0 0.142353 0.117823 0.0157093 0.0186758
0 0.569207 0.919927 0.0170273 0.0220841
0 0.6307 0.942374 0.0129066 0.0132602
0 0.0134698 0.866518 0.0125008 0.0187575
0 0.557316 0.20416 0.0147285 0.0170199
0 0.513379 0.419102 0.0120199 0.0131998
0 0.311552 0.828541 0.0208515 0.0191548
0 0.472744 0.855759 0.0216336 0.0177948
0 0.430809 0.326568 0.0203932 0.0206588
0 0.0458587 0.960925 0.0183378 0.0240248
0 0.558284 0.425781 0.0214245 0.0212802
0 0.340456 0.471559 0.0168209 0.0194621
0 0.5102 0.449795 0.0138428 0.0162723
0 0.575818 0.157012 0.0126383 0.0174583
0 0.598942 0.21495 0.0146307 0.019921
0 0.241357 0.26666 0.0143749 0.0137969
0 0.572045 0.189228 0.0111566 0.017109
0 0.20697 0.273977 0.0128805 0.00992548
0 0.154575 0.83386 0.0197031 0.0179968
0 0.330669 0.139069 0.0129025 0.0112978
0 0.40588 0.349596 0.0157369 0.0144994
0 0.523275 0.440264 0.00803185 0.00891209
0 0.566602 0.168999 0.00842118 0.0102374
0 0.0298236 0.0820026 0.0213586 0.0202725
0 0.61495 0.493196 0.0216012 0.0178647
0 0.65842 0.59031 0.0203865 0.0219034
0 0.648337 0.1553 0.0128475 0.0179533
0 0.200199 0.290033 0.0149001 0.0110954
0 0.508084 0.589491 0.0103413 0.0189306
0 0.189497 0.27858 0.0131353 0.0137682
0 0.483509 0.813583 0.0195768 0.0158585
0 0.110915 0.255953 0.0199774 0.015843
0 0.289672 0.872471 0.0225005 0.0263096
0 0.461228 0.0260225 0.0134207 0.0156486
