0 0.490847 0.268949 0.0208125 0.0207794
0 0.730838 0.317681 0.0180486 0.0186973
0 0.338605 0.54619 0.0178412 0.0230333
0 0.668228 0.924188 0.0176408 0.0200318
0 0.458482 0.535394 0.0212839 0.0200862
0 0.410912 0.253659 0.0171175 0.0196632
0 0.830145 0.318155 0.0195095 0.0218002
0 0.595807 0.744289 0.0160303 0.0183256
0 0.893671 0.75925 0.0132904 0.0131906
0 0.437361 0.890854 0.0153429 0.0196226
0 0.378757 0.543307 0.0148107 0.0198436
0 0.833809 0.348168 0.0201809 0.0281828
0 0.54616 0.959904 0.0184094 0.019648
0 0.774734 0.270071 0.0194551 0.0203015
0 0.237415 0.575568 0.0197386 0.0154212
0 0.340499 0.37279 0.0120035 0.016122
0 0.750616 0.394787 0.019708 0.0220575
0 0.36678 0.408595 0.0148848 0.0218175
0 0.66465 0.356492 0.0180211 0.0253634
0 0.261937 0.533702 0.0183219 0.0172534
0 0.366337 0.500956 0.0190616 0.0160764
0 0.421065 0.280826 0.0158132 0.0194324
0 0.244077 0.641993 0.0187123 0.0282486
0 0.5661 0.386764 0.0199535 0.0257623
0 0.60585 0.78577 0.0170832 0.0159717
0 0.903021 0.799919 0.0130161 0.0143092
0 0.418334 0.324299 0.0191596 0.0177991
0 0.80316 0.604 0.0291822 0.0305258
0 0.408543 0.297264 0.00956786 0.00863776
0 0.308838 0.53898 0.0185263 0.0224264
0 0.48167 0.863778 0.0137001 0.0157515
0 0.581446 0.461828 0.025857 0.027417
0 0.483067 0.86342 0.017325 0.0187591
0 0.578606 0.773185 0.0188046 0.0169234
0 0.451068 0.221257 0.0205652 0.0218021
0 0.361827 0.252857 0.0232104 0.0242545
0 0.795854 0.691865 0.0152048 0.016153
0 0.367069 0.36762 0.0173366 0.0234629
0 0.387225 0.499304 0.0134601 0.0192894
0 0.39527 0.520599 0.0165569 0.0153685
0 0.281488 0.616692 0.0168768 0.0108898
0 0.437745 0.328304 0.0129412 0.0222129
0 0.893562 0.759905 0.0164132 0.015784
0 0.637249 0.661405 0.0173723 0.0212785
0 0.36563 0.501037 0.0160977 0.0131464
0 0.593501 0.218726 0.0118959 0.0112626
0 0.397409 0.932742 0.01804 0.0175512
0 0.581167 0.238795 0.00919288 0.00992694
0 0.282501 0.624864 0.0162811 0.021089
0 0.846839 0.626342 0.0194668 0.0235457
0 0.479033 0.364109 0.0232031 0.0226894
0 0.755551 0.313819 0.0121376 0.0179124
0 0.944218 0.872267 0.0146591 0.0156315
0 0.598689 0.770017 0.015139 0.011886
0 0.403797 0.501654 0.0084303 0.00974318
0 0.552662 0.480544 0.0127029 0.0113098
0 0.592084 0.243226 0.0117928 0.00985213
0 0.595108 0.219072 0.0159678 0.0134818
0 0.362317 0.257064 0.0169299 0.0167608
0 0.595913 0.220442 0.0182227 0.0174474
0 0.561084 0.23945 0.0185282 0.0185093
0 0.806883 0.737784 0.0127525 0.0196367
0 0.973731 0.74332 0.00925046 0.00848335
0 0.623137 0.277826 0.00860423 0.0102833
0 0.622084 0.986898 0.00920701 0.0123535
0 0.760003 0.336109 0.0119951 0.0156228
0 0.806931 0.277833 0.0195041 0.0267649
0 0.459916 0.874996 0.0169852 0.0182221
0 0.756071 0.35448 0.01231 0.0140291
0 0.437268 0.326875 0.0151244 0.0283765
0 0.345344 0.495953 0.0133778 0.0143774
0 0.597083 0.255276 0.0166647 0.0173229
0 0.477984 0.363193 0.0276918 0.0274196
0 0.311038 0.69891 0.0172957 0.0158094
0 0.398017 0.934187 0.0208035 0.0224306
0 0.630568 0.634838 0.0196725 0.0236481
0 0.361847 0.531266 0.0103274 0.00933188
0 0.282149 0.621221 0.0186207 0.0202459
0 0.243977 0.644655 0.0161955 0.0226939
0 0.95234 0.855811 0.0106956 0.0130013
0 0.391903 0.455608 0.0168885 0.0209475
0 0.586801 0.301177 0.0144684 0.0154443
0 0.808168 0.603753 0.0210601 0.02821
0 0.951374 0.855114 0.00703353 0.00825655
0 0.428565 0.914931 0.0116056 0.0109806
0 0.403595 0.498359 0.0110914 0.017893
0 0.580384 0.458595 0.0209035 0.0229912
0 0.399574 0.936898 0.0188898 0.0179119
0 0.84812 0.596141 0.00890577 0.0108774
0 0.995508 0.464686 0.00796396 0.0143863
0 0.341143 0.372866 0.0147777 0.0193335
0 0.403595 0.493797 0.0117226 0.0104022
0 0.941315 0.854106 0.00855482 0.0089016
0 0.597601 0.769613 0.0170988 0.0150143
0 0.561676 0.240467 0.0213671 0.0237368
0 0.409342 0.538543 0.0150858 0.014599
0 0.592694 0.243912 0.0171019 0.0129617
0 0.581962 0.23867 0.0119141 0.0121143
0 0.66663 0.357684 0.01539 0.0212116
0 0.79607 0.694319 0.0172311 0.0233667
0 0.635595 0.660039 0.0158443 0.0179165
0 0.848783 0.627273 0.014827 0.0183463
0 0.601522 0.993846 0.0130855 0.0107452
0 0.55238 0.480816 0.0148153 0.0140021
0 0.238256 0.592865 0.0161049 0.0121487
0 0.361958 0.531353 0.0131676 0.0121518
0 0.957364 0.855076 0.0147106 0.0150355
0 0.244903 0.642219 0.0253426 0.0309736
0 0.364057 0.250419 0.0246384 0.0222713
0 0.956431 0.855036 0.0191774 0.0183167
0 0.588645 0.301616 0.0193082 0.0203247
0 0.616734 0.967785 0.0134729 0.0181268
