0 0.151654 0.618751 0.0208091 0.0223711
0 0.213357 0.163617 0.0168445 0.0175989
0 0.262462 0.272348 0.0189213 0.0193425
0 0.0664807 0.909866 0.0180879 0.0198431
0 0.510933 0.0487061 0.0136198 0.0154202
0 0.416424 0.600623 0.0181595 0.0189244
0 0.288913 0.628716 0.018977 0.0231237
0 0.733949 0.581883 0.0168627 0.017779
0 0.634897 0.941759 0.031296 0.0209795
0 0.649572 0.920521 0.0189266 0.0187477
0 0.142266 0.11124 0.0160848 0.016435
0 0.221382 0.22912 0.0158318 0.017004
0 0.382387 0.574135 0.0146604 0.0153601
0 0.179273 0.21484 0.0167432 0.0207795
0 0.493339 0.0160709 0.0187573 0.0238655
0 0.65317 0.970004 0.0141859 0.0129833
0 0.613132 0.343052 0.0148878 0.0206401
0 0.147569 0.141347 0.0160066 0.0143173
0 0.263206 0.622667 0.0180305 0.0211926
0 0.213732 0.710908 0.0194104 0.0168247
0 0.296219 0.546445 0.0247653 0.0222012
0 0.670953 0.96406 0.0139194 0.0155189
0 0.192027 0.294187 0.0133177 0.0154676
0 0.0178518 0.968872 0.0186835 0.0180554
0 0.763163 0.594695 0.0140033 0.0177969
0 0.724306 0.829072 0.0142261 0.0144631
0 0.312342 0.518479 0.0200681 0.0263937
0 0.754681 0.800198 0.0112023 0.0150207
0 0.807446 0.537151 0.0147808 0.0169685
0 0.806859 0.557215 0.0181229 0.0152049
0 0.696601 0.776188 0.011211 0.0139216
0 0.420829 0.15717 0.0137704 0.0150802
0 0.175777 0.293801 0.0118341 0.0139054
0 0.0939887 0.95355 0.0148224 0.0174778
0 0.695466 0.52946 0.0122261 0.0132295
0 0.0777667 0.932592 0.0134445 0.0176956
0 0.279893 0.806468 0.0150034 0.0184681
0 0.592549 0.887634 0.014163 0.0169765
0 0.55163 0.371654 0.0163895 0.0199928
0 0.559629 0.882475 0.0116469 0.0118965
0 0.963743 0.432178 0.0122093 0.0112404
0 0.837735 0.53601 0.0100666 0.0163643
0 0.349429 0.947535 0.0120458 0.014365
0 0.603446 0.967365 0.0310491 0.02687
0 0.775134 0.531777 0.0136739 0.0168214
0 0.698073 0.848136 0.0126776 0.013666
0 0.674089 0.279589 0.0133109 0.0144173
0 0.944305 0.451289 0.01763 0.021787
0 0.0715409 0.953732 0.00995617 0.0121384
0 0.769186 0.565369 0.0106421 0.0121162
0 0.248835 0.383401 0.0210906 0.0203073
0 0.047778 0.567945 0.0134048 0.00978303
0 0.638047 0.942343 0.0229586 0.0190847
0 0.217977 0.551479 0.00913763 0.0103102
0 0.264805 0.330005 0.014515 0.0165615
0 0.723181 0.515338 0.0120134 0.0160473
0 0.0215078 0.871453 0.0163785 0.0223877
0 0.94435 0.639393 0.00824565 0.00990206
0 0.66131 0.409111 0.0225474 0.0208276
0 0.640986 0.271871 0.0125536 0.0136451
0 0.328513 0.553378 0.0149623 0.018177
0 0.663568 0.40716 0.0248028 0.0164167
0 0.961714 0.46776 0.0230747 0.0226085
0 0.458032 0.0670763 0.0118021 0.0146781
0 0.0784353 0.460397 0.0121075 0.0124765
0 0.329359 0.551895 0.0187262 0.0235674
0 0.577725 0.300258 0.0102876 0.0128971
0 0.958342 0.472651 0.0142345 0.0129204
0 0.816242 0.0951941 0.0100479 0.0140907
0 0.962056 0.59074 0.00767022 0.00740623
0 0.873195 0.453 0.00974995 0.0100412
0 0.23059 0.690788 0.00755759 0.0101463
0 0.859402 0.45453 0.0107149 0.0108914
0 0.0654578 0.971484 0.00800478 0.00956762
0 0.57643 0.298623 0.0123811 0.0133256
0 0.446022 0.14237 0.0111759 0.013884
0 0.0342299 0.954835 0.0106047 0.0105934
0 0.055175 0.970194 0.00868659 0.00879973
0 0.201347 0.575155 0.0115329 0.0140287
0 0.659126 0.408377 0.0181723 0.0175366
0 0.62587 0.940032 0.0125843 0.0169021
0 0.334335 0.539009 0.00968444 0.0136271
0 0.964453 0.46525 0.0199984 0.0191238
0 0.747249 0.445281 0.0096733 0.0135832
0 0.696954 0.776383 0.0139109 0.0161145
0 0.488796 0.162918 0.0141807 0.0193925
0 0.0492843 0.568599 0.0172148 0.01065
0 0.708212 0.517662 0.00940156 0.0109045
0 0.303961 0.958725 0.00918102 0.0122852
0 0.944749 0.638083 0.00988716 0.0126459
0 0.200108 0.641403 0.00959486 0.0132987
