0 0.267451 0.968794 0.017727 0.019421
0 0.898281 0.912533 0.0219221 0.0238531
0 0.129825 0.9594 0.020927 0.0217522
0 0.287586 0.912103 0.0143379 0.0195503
0 0.880951 0.942933 0.0160496 0.0177258
0 0.0443318 0.589552 0.0194415 0.0197687
0 0.271143 0.531868 0.0275475 0.0260012
0 0.689981 0.843432 0.0185005 0.0186909
0 0.331836 0.969144 0.0163383 0.0164027
0 0.611789 0.91831 0.0199227 0.023217
0 0.297859 0.953374 0.0178569 0.019146
0 0.956311 0.967103 0.0185601 0.0164112
0 0.32734 0.648378 0.0216324 0.0222639
0 0.0665919 0.983704 0.0183988 0.0197536
0 0.0121117 0.607726 0.0192727 0.0250068
0 0.673513 0.520834 0.0168546 0.0189434
0 0.957048 0.966783 0.022772 0.0195091
0 0.661102 0.176952 0.0148258 0.0168625
0 0.574443 0.630369 0.0177 0.0185573
0 0.351356 0.0841671 0.0186527 0.0192242
0 0.867834 0.897634 0.0113089 0.012957
0 0.625768 0.481376 0.0149791 0.0182108
0 0.247079 0.991564 0.0235928 0.0153938
0 0.132359 0.528054 0.0066267 0.00661981
0 0.0580284 0.80915 0.0231094 0.0238592
0 0.732617 0.920534 0.0114323 0.0147934
0 0.870743 0.897533 0.0187153 0.0177029
0 0.651045 0.96613 0.0171185 0.0149711
0 0.0651587 0.544083 0.015636 0.0132396
0 0.671823 0.937647 0.01889 0.0118572
0 0.247971 0.990548 0.0306986 0.0189039
0 0.673341 0.936483 0.0259786 0.0179661
0 0.445328 0.986649 0.00967121 0.0104126
0 0.0572951 0.809415 0.0199989 0.0182297
0 0.666231 0.213026 0.0147547 0.0207396
0 0.0679959 0.984258 0.0226009 0.023629
0 0.828006 0.454041 0.0181984 0.0209801
0 0.917897 0.30292 0.00974309 0.0113991
0 0.731688 0.919884 0.016662 0.0182712
0 0.107998 0.991751 0.0133383 0.0143448
