0 0.431036 0.707389 0.0154176 0.0146888
0 0.467223 0.731164 0.0144156 0.014303
0 0.487125 0.747966 0.0156315 0.0183434
0 0.464716 0.641856 0.0134346 0.0132966
0 0.464359 0.700749 0.0135507 0.0160013
0 0.517546 0.655635 0.010624 0.012611
0 0.442514 0.663164 0.0133244 0.0152454
0 0.504921 0.665857 0.0121396 0.0132882
0 0.493692 0.678154 0.0107618 0.011244
0 0.465378 0.604465 0.0119076 0.0132543
0 0.530054 0.820216 0.00826454 0.0124571
0 0.5404 0.768791 0.0165728 0.0148271
0 0.646939 0.500604 0.02369 0.020446
0 0.467303 0.595625 0.0120279 0.0146151
0 0.551861 0.754302 0.0118074 0.0121561
0 0.605493 0.569912 0.0263081 0.018128
0 0.490502 0.782549 0.00897753 0.00882512
0 0.541585 0.767437 0.0129753 0.0125034
0 0.485863 0.773466 0.00821859 0.00827998
0 0.979484 0.286506 0.0121918 0.0111534
0 0.938842 0.95769 0.0200087 0.0158868
0 0.601749 0.568932 0.0176487 0.0154051
0 0.466069 0.600065 0.0139381 0.0232073
0 0.848018 0.761005 0.0144482 0.0140494
0 0.486108 0.486754 0.00933599 0.00784168
0 0.569473 0.608887 0.0231138 0.0211989
