0 0.233759 0.387057 0.0173792 0.0166868
0 0.270862 0.921803 0.0180726 0.0175396
0 0.644458 0.717494 0.0159143 0.0186984
0 0.883688 0.686601 0.0162239 0.0179124
0 0.0125795 0.604135 0.0228273 0.0233777
0 0.756669 0.977713 0.0130591 0.0159874
0 0.469036 0.696945 0.0171714 0.0195853
0 0.740627 0.846776 0.0161066 0.0153202
0 0.911882 0.857297 0.0152126 0.0189419
0 0.549699 0.720158 0.0142469 0.0186278
0 0.677813 0.911165 0.0164813 0.0158138
0 0.900263 0.729609 0.0147009 0.0230888
0 0.185723 0.96705 0.0159678 0.0214121
0 0.672071 0.796537 0.0154203 0.0169258
0 0.16815 0.778886 0.0155954 0.0171576
0 0.021951 0.34326 0.0148479 0.017911
0 0.735245 0.697201 0.0149155 0.0160438
0 0.721512 0.854258 0.0141637 0.0165821
0 0.604957 0.707372 0.0147682 0.0169016
0 0.71622 0.660698 0.0172295 0.0198735
0 0.878126 0.630888 0.018606 0.0187383
0 0.481304 0.652135 0.018013 0.0245112
0 0.944253 0.647512 0.02005 0.0181227
0 0.888711 0.850212 0.0146267 0.0134853
0 0.272013 0.53879 0.0171002 0.0166231
0 0.504515 0.790653 0.0133656 0.0156432
0 0.037207 0.388317 0.018624 0.018019
0 0.0714606 0.517771 0.0154974 0.020178
0 0.95222 0.711543 0.013967 0.0170532
0 0.118919 0.0888664 0.0166827 0.0190385
0 0.224258 0.930769 0.0142629 0.0157745
0 0.21342 0.33762 0.0167564 0.018513
0 0.683837 0.636969 0.0125191 0.0139035
0 0.186574 0.35388 0.0180237 0.0157593
0 0.853741 0.776007 0.0162102 0.0206603
0 0.458151 0.495277 0.0173786 0.0169331
0 0.833858 0.638678 0.0162224 0.0155423
0 0.845469 0.615195 0.011337 0.0142935
0 0.787921 0.671131 0.014388 0.0177288
0 0.326024 0.992431 0.0142494 0.0143658
0 0.705722 0.599977 0.0154178 0.0183168
0 0.129015 0.739582 0.0156406 0.0156875
0 0.657074 0.669635 0.0139263 0.0130563
0 0.848447 0.984912 0.00831449 0.00882572
0 0.67314 0.624328 0.0132686 0.0165091
0 0.877078 0.768833 0.0145493 0.0197216
0 0.0649603 0.0950455 0.012523 0.0152297
0 0.684595 0.662394 0.0114394 0.0148264
0 0.906761 0.896874 0.0121964 0.0174592
0 0.652187 0.475257 0.0166639 0.0212717
0 0.176157 0.211452 0.0140544 0.0219265
0 0.905903 0.898337 0.0094986 0.0145009
0 0.633098 0.658052 0.0183262 0.0231768
0 0.447305 0.669876 0.0166737 0.0190464
0 0.535169 0.963589 0.0127108 0.0100279
0 0.784139 0.989936 0.00907421 0.0105187
0 0.573232 0.842802 0.0107476 0.0131859
0 0.85203 0.777085 0.0191864 0.027841
0 0.79992 0.600504 0.0219667 0.0190039
0 0.992765 0.813139 0.0132419 0.0199728
0 0.833828 0.81496 0.00922394 0.0106999
0 0.845411 0.858821 0.00681329 0.00725955
0 0.6036 0.828424 0.0141034 0.0179241
0 0.798403 0.600915 0.0174127 0.0165291
0 0.110389 0.660303 0.0101008 0.0160044
0 0.871834 0.890028 0.00933534 0.00928688
0 0.168081 0.450945 0.0172258 0.0222395
0 0.532752 0.995708 0.0154746 0.00858384
0 0.664008 0.81134 0.00804955 0.00928533
0 0.134023 0.373899 0.0105805 0.0110185
0 0.86741 0.805472 0.00723684 0.00778139
0 0.180692 0.187249 0.0204849 0.01833
0 0.587357 0.99204 0.0118763 0.0103062
0 0.613455 0.76856 0.0158606 0.0164435
0 0.800824 0.784006 0.0108726 0.0112761
0 0.877622 0.809232 0.00646782 0.00600129
0 0.293213 0.97201 0.0160584 0.016901
0 0.802653 0.600455 0.0179012 0.0170844
0 0.96228 0.903426 0.00822318 0.00987029
0 0.155106 0.299678 0.0139722 0.0119638
0 0.156178 0.300809 0.0110188 0.00972003
0 0.985438 0.563821 0.0103028 0.0100309
0 0.195887 0.876944 0.00866203 0.00960141
0 0.835115 0.64055 0.0153721 0.0146998
0 0.450982 0.922369 0.00746572 0.00819933
0 0.167192 0.77891 0.0193572 0.0203494
