0 0.107315 0.141088 0.0167603 0.018563
0 0.506314 0.90697 0.0164956 0.0146954
0 0.391632 0.678805 0.0152085 0.0175135
0 0.20627 0.46018 0.0165769 0.0189668
0 0.0420674 0.121103 0.0143939 0.0184088
0 0.296364 0.957332 0.0126092 0.0150063
0 0.193345 0.622092 0.0150695 0.0139052
0 0.0965537 0.444198 0.0173981 0.0184734
0 0.25035 0.614264 0.0155147 0.0146787
0 0.532502 0.57952 0.012244 0.0155712
0 0.255882 0.662754 0.0174572 0.0193179
0 0.216694 0.60247 0.0158448 0.0172787
0 0.3589 0.689882 0.0172375 0.0183245
0 0.19917 0.554779 0.0156308 0.0175604
0 0.127098 0.0815158 0.016031 0.0157806
0 0.258057 0.779117 0.014542 0.0186967
0 0.0488874 0.630494 0.0151986 0.0170242
0 0.0401709 0.825181 0.0163475 0.0173176
0 0.305285 0.928298 0.0123931 0.0161663
0 0.952925 0.294255 0.0162323 0.0186388
0 0.0130721 0.0185493 0.0214711 0.030281
0 0.968456 0.223925 0.0151173 0.0207558
0 0.0275452 0.276236 0.0140332 0.0145347
0 0.104036 0.666547 0.0160846 0.0186157
0 0.421478 0.987037 0.0112595 0.0109039
0 0.044055 0.0565227 0.0120958 0.0118365
0 0.229338 0.629932 0.0135202 0.0140407
0 0.362066 0.641561 0.0121438 0.016201
0 0.298695 0.291962 0.0134922 0.0183193
0 0.175937 0.218079 0.0128555 0.0162098
0 0.977873 0.550711 0.0149643 0.0154858
0 0.204293 0.145084 0.012933 0.016346
0 0.276176 0.669078 0.0155521 0.0183445
0 0.342412 0.966997 0.0140615 0.0132297
0 0.356532 0.585494 0.0136691 0.0187548
0 0.561015 0.950829 0.013572 0.0158772
0 0.316561 0.709658 0.0144055 0.0262067
0 0.71191 0.941502 0.0172964 0.0202374
0 0.138209 0.455509 0.0138708 0.0165109
0 0.179237 0.467003 0.0143459 0.0165002
0 0.273818 0.555977 0.0125552 0.0155153
0 0.692537 0.922477 0.0120056 0.0131786
0 0.11125 0.629055 0.0124406 0.0151644
0 0.142692 0.0382568 0.0157495 0.0258047
0 0.387695 0.583763 0.00985324 0.00899732
0 0.661253 0.264108 0.0117231 0.0133743
0 0.199584 0.772423 0.0128626 0.012601
0 0.316898 0.706115 0.0138061 0.0186532
0 0.580152 0.521498 0.0109549 0.0118079
0 0.0435784 0.858912 0.0116804 0.0135231
0 0.421852 0.200058 0.00698853 0.0105358
0 0.395213 0.623184 0.0213259 0.0199436
0 0.0925598 0.121659 0.00949188 0.0107559
0 0.287987 0.555025 0.0128768 0.0167196
0 0.0702703 0.996459 0.0157079 0.00708151
0 0.450334 0.994003 0.0177113 0.0112202
0 0.230407 0.761588 0.0117966 0.0159471
0 0.257892 0.582054 0.0139841 0.0163037
0 0.483882 0.970565 0.0113811 0.0116999
0 0.432681 0.20048 0.00601348 0.0089868
0 0.123444 0.432456 0.0160328 0.0160168
0 0.557675 0.975345 0.0159475 0.0165276
0 0.289906 0.556485 0.010582 0.0140717
0 0.124185 0.427335 0.0189741 0.0266771
0 0.628284 0.577216 0.00660491 0.00646365
0 0.68797 0.401858 0.0109097 0.0147291
0 0.397073 0.62055 0.0215774 0.0200803
0 0.903199 0.226651 0.0113472 0.0131392
0 0.392915 0.626325 0.0158224 0.0133885
0 0.309919 0.663323 0.00953209 0.0102746
0 0.227608 0.794954 0.011015 0.00886154
0 0.263918 0.544034 0.0122781 0.0138215
0 0.130898 0.415547 0.0149727 0.0199321
0 0.100114 0.684994 0.0098817 0.0101692
0 0.129316 0.422061 0.0198934 0.0353465
0 0.00624819 0.681087 0.0123957 0.0164078
0 0.189944 0.591179 0.0148291 0.016406
0 0.0485603 0.320704 0.0163487 0.0188993
0 0.446153 0.785122 0.0155484 0.0178692
0 0.355453 0.995602 0.00966796 0.00762028
0 0.927019 0.233691 0.0143726 0.0181803
0 0.381371 0.514538 0.0100238 0.00856942
0 0.97193 0.291655 0.0119228 0.0140832
0 0.402416 0.616522 0.0112677 0.0112217
0 0.372044 0.0421267 0.00951713 0.0130333
0 0.488782 0.96992 0.0234169 0.0153669
0 0.0772831 0.676871 0.0109188 0.0128578
0 0.50446 0.871143 0.00799537 0.00763512
0 0.484345 0.381634 0.0240564 0.0168648
0 0.410519 0.716884 0.010575 0.0149927
0 0.45978 0.725854 0.0111796 0.0153498
0 0.0163186 0.294768 0.00792331 0.00989866
0 0.632738 0.569959 0.00782984 0.00869864
0 0.0418496 0.469575 0.0271069 0.0349744
0 0.00902114 0.790626 0.0165177 0.0298151
0 0.0286103 0.301801 0.00981173 0.0118352
0 0.180268 0.590411 0.0234568 0.0149939
0 0.0973462 0.509953 0.0144373 0.0125995
0 0.334989 0.492543 0.0100192 0.0141431
0 0.194238 0.00680943 0.0123529 0.0136189
0 0.416176 0.959481 0.00692537 0.0069868
0 0.629221 0.404133 0.00929564 0.0128718
0 0.670125 0.518739 0.0159138 0.022509
0 0.726437 0.926139 0.01372 0.0147873
0 0.210675 0.867089 0.00839858 0.00888366
0 0.801398 0.957766 0.0177513 0.0235122
0 0.0143657 0.0214435 0.0180176 0.0218431
0 0.028267 0.299452 0.0105013 0.0137483
0 0.496863 0.969732 0.0107641 0.0118496
0 0.215841 0.777383 0.0116809 0.010025
0 0.210701 0.882525 0.0097741 0.0118423
