0 0.293209 0.0185853 0.0180531 0.0187997
0 0.361527 0.145697 0.0163771 0.0201957
0 0.295371 0.110611 0.0155196 0.017964
0 0.0270995 0.0328039 0.0182823 0.0205577
0 0.557924 0.86294 0.016156 0.0169762
0 0.750381 0.243824 0.0229393 0.0226662
0 0.410818 0.0191677 0.0148199 0.0145553
0 0.389473 0.0686783 0.0146711 0.0164111
0 0.241205 0.0405811 0.0159623 0.0203303
0 0.277814 0.147916 0.0155965 0.0160946
0 0.639551 0.241126 0.0153029 0.0192978
0 0.934679 0.735783 0.0147282 0.0156543
0 0.816216 0.394965 0.0179829 0.0195046
0 0.329262 0.0919157 0.0137583 0.0163953
0 0.622318 0.493626 0.0163179 0.0192104
0 0.479343 0.468368 0.0177212 0.0194498
0 0.715542 0.143747 0.0152209 0.0168023
0 0.0530377 0.0532224 0.0166111 0.016292
0 0.0313993 0.0827616 0.0163269 0.0207196
0 0.185908 0.00780968 0.0143249 0.0145796
0 0.467768 0.0779939 0.0169237 0.0171062
0 0.884665 0.200184 0.013686 0.0150235
0 0.5896 0.642075 0.0123304 0.0137032
0 0.557747 0.603094 0.0160812 0.0181238
0 0.0766762 0.659546 0.0151667 0.0170568
0 0.920323 0.783605 0.0165561 0.0156074
0 0.673418 0.634477 0.0172849 0.0175145
0 0.0870135 0.0747422 0.0152672 0.0171789
0 0.456917 0.474456 0.0144419 0.0165191
0 0.320121 0.177808 0.0133453 0.0153053
0 0.619085 0.236069 0.0126469 0.0146164
0 0.73121 0.223013 0.0108942 0.0149154
0 0.582057 0.772157 0.0138499 0.0136203
0 0.308507 0.0706751 0.0155827 0.0147415
0 0.650245 0.469911 0.0167972 0.0158167
0 0.95202 0.101971 0.0179908 0.0170507
0 0.330156 0.0169925 0.0154471 0.020135
0 0.975157 0.12269 0.0165527 0.0225599
0 0.532693 0.00537271 0.0161747 0.010361
0 0.655843 0.119918 0.0149713 0.0142045
0 0.798109 0.64994 0.0170557 0.0183482
0 0.684295 0.43265 0.0229822 0.0300983
0 0.948129 0.0363665 0.0101528 0.012239
0 0.0254468 0.194213 0.0169795 0.0144113
0 0.484793 0.529868 0.0195068 0.0201487
0 0.980927 0.0823654 0.0131029 0.0145247
0 0.351792 0.649687 0.0185431 0.0246083
0 0.722097 0.99078 0.0196457 0.0175598
0 0.710847 0.400649 0.014765 0.0133915
0 0.885527 0.656163 0.00988597 0.013739
0 0.61641 0.924405 0.0136474 0.015844
0 0.28144 0.504961 0.0125399 0.0146387
0 0.899145 0.78046 0.0119621 0.0142651
0 0.442785 0.00506916 0.0131639 0.0096458
0 0.717364 0.764932 0.0169986 0.0162621
0 0.61602 0.400509 0.0234424 0.0254311
0 0.304731 0.654704 0.0157247 0.0149107
0 0.487418 0.113183 0.0136565 0.0148836
0 0.174112 0.762845 0.0111956 0.0126866
0 0.952992 0.103276 0.0209564 0.0232337
0 0.640049 0.41442 0.00982571 0.0107811
0 0.612069 0.397464 0.027946 0.0230135
0 0.807532 0.339517 0.0139435 0.0148863
0 0.606973 0.398569 0.0168154 0.0215572
0 0.946517 0.0772613 0.00905991 0.0167316
0 0.314729 0.672679 0.0124767 0.0104769
0 0.619923 0.444747 0.0201406 0.0134046
0 0.619051 0.401996 0.0163298 0.0210406
0 0.703309 0.21042 0.0133306 0.0111395
0 0.813681 0.663591 0.014769 0.0131516
0 0.841754 0.333492 0.0135536 0.0152883
0 0.033355 0.213401 0.0180666 0.0174016
0 0.168923 0.5598 0.0111924 0.0150748
0 0.61755 0.538755 0.00695652 0.00888807
0 0.809353 0.845841 0.0132263 0.0148385
0 0.203623 0.0970076 0.0140447 0.0123328
0 0.627228 0.539453 0.00680596 0.0126797
0 0.486854 0.53069 0.0271322 0.0206657
0 0.918111 0.207653 0.0133545 0.0179541
0 0.630222 0.428821 0.0146666 0.0162543
0 0.918499 0.0932842 0.0132682 0.0141348
0 0.628642 0.42749 0.0153503 0.0145019
0 0.583621 0.837658 0.0165295 0.0167156
0 0.301835 0.827592 0.0143318 0.0204922
0 0.62226 0.445521 0.0156929 0.0127284
0 0.995555 0.0752175 0.00889063 0.0167624
0 0.816035 0.0263586 0.0114449 0.0121836
0 0.809337 0.847172 0.014793 0.0199654
0 0.650666 0.951694 0.0216866 0.0263695
0 0.704246 0.21174 0.0132478 0.0108374
0 0.781752 0.329749 0.0119573 0.0133911
0 0.518122 0.989843 0.0193604 0.0203146
0 0.753649 0.450294 0.00915813 0.0127018
0 0.188535 0.0683083 0.0115638 0.0117249
0 0.490545 0.527576 0.0290539 0.0173972
0 0.815276 0.0256891 0.0136574 0.0146759
0 0.20471 0.0973385 0.0176227 0.0146499
0 0.79012 0.992822 0.0147961 0.0136979
0 0.538555 0.887466 0.0175421 0.0131565
0 0.455788 0.0884116 0.00785485 0.00857706
0 0.190133 0.696317 0.0168612 0.0216362
0 0.802916 0.963193 0.0150471 0.0148321
0 0.68584 0.430338 0.019685 0.0239479
0 0.174187 0.705893 0.0119597 0.0154038
0 0.0622952 0.551902 0.00867522 0.00981772
0 0.941989 0.623576 0.00973892 0.00974774
0 0.926375 0.623034 0.0127127 0.0108204
0 0.850352 0.71485 0.00684285 0.00660884
0 0.915979 0.092533 0.016863 0.0137763
0 0.464341 0.0797396 0.0226271 0.0216654
0 0.651841 0.996532 0.00966948 0.00693625
0 0.26099 0.774267 0.009435 0.0134699
