0 0.918497 0.250195 0.0118431 0.0129568
0 0.576929 0.315788 0.00970918 0.0108346
0 0.934311 0.348123 0.00809705 0.009065
0 0.926605 0.316803 0.0082525 0.0108673
0 0.913784 0.329609 0.0075199 0.00822666
0 0.776729 0.266236 0.0089817 0.00877497
0 0.790921 0.272046 0.00899619 0.0103292
0 0.307127 0.926353 0.0115088 0.0142483
0 0.859695 0.340232 0.00834996 0.00976208
0 0.572609 0.348495 0.00860536 0.00988841
0 0.783542 0.229922 0.00878376 0.00907746
0 0.963465 0.310196 0.00787926 0.00943691
0 0.55306 0.633257 0.0107282 0.0113621
0 0.942691 0.564656 0.00982952 0.010428
0 0.84059 0.897462 0.0108132 0.0105547
0 0.932447 0.33594 0.00758016 0.00739089
0 0.873107 0.928643 0.00818211 0.00896114
0 0.750472 0.258806 0.010273 0.0106159
0 0.945643 0.35837 0.00909042 0.00920212
0 0.888696 0.538894 0.0116289 0.0129313
0 0.723454 0.265183 0.00793982 0.00820637
0 0.582301 0.302094 0.00915295 0.00993451
0 0.58391 0.333357 0.00758171 0.00954518
0 0.942105 0.610831 0.00827122 0.00954455
0 0.738422 0.3088 0.0130056 0.0195727
0 0.552228 0.646644 0.0094496 0.00857586
0 0.478866 0.640549 0.00857124 0.0104533
0 0.98058 0.268134 0.0087654 0.0112224
0 0.759705 0.248709 0.00825942 0.00879002
0 0.910669 0.308151 0.00941277 0.0104477
0 0.925862 0.985348 0.008165 0.00900036
0 0.918839 0.345366 0.00942349 0.00970295
0 0.545656 0.29731 0.00899971 0.00922576
0 0.980998 0.684754 0.0109196 0.0137516
0 0.882795 0.33321 0.00855446 0.00904179
0 0.5033 0.4825 0.010052 0.0107342
0 0.751686 0.339876 0.00969392 0.0107793
0 0.267051 0.984733 0.00819257 0.00857466
0 0.990047 0.670167 0.00889057 0.0107906
0 0.829041 0.439149 0.00910497 0.00985566
0 0.738279 0.340867 0.00824511 0.010633
0 0.76727 0.257666 0.00868946 0.00893724
0 0.757257 0.379471 0.00977135 0.00875324
0 0.90493 0.298712 0.00788498 0.00783873
0 0.308571 0.888732 0.0151816 0.015128
0 0.785814 0.310593 0.00712681 0.00869712
0 0.826736 0.42091 0.00887662 0.00959215
0 0.963752 0.264089 0.00921363 0.0126631
0 0.864979 0.266378 0.00805223 0.00836095
0 0.947675 0.269414 0.00949097 0.00909695
0 0.272785 0.96698 0.00844714 0.00928879
0 0.827511 0.910437 0.00743771 0.00930595
0 0.840159 0.443647 0.00900042 0.010073
0 0.790452 0.339123 0.00720519 0.00860918
0 0.572005 0.285742 0.00802916 0.0127745
0 0.959826 0.291266 0.00798279 0.00825161
0 0.807599 0.352119 0.0087828 0.0101317
0 0.873713 0.319593 0.00796646 0.00923437
0 0.933074 0.60208 0.00975037 0.00999397
0 0.965166 0.277888 0.00783467 0.00818616
0 0.783868 0.321946 0.00674206 0.00696558
0 0.902995 0.282309 0.00803065 0.00807723
0 0.766356 0.311657 0.00722986 0.00934631
0 0.879582 0.238283 0.00813198 0.00942822
0 0.48713 0.715661 0.00920275 0.0100922
0 0.904299 0.95684 0.0110161 0.012297
0 0.858202 0.277361 0.00821668 0.00785625
0 0.906833 0.953291 0.0102173 0.0128538
0 0.904161 0.163582 0.0085209 0.0111537
0 0.775153 0.364267 0.00867397 0.00932854
0 0.846681 0.30152 0.00709742 0.00782862
0 0.804873 0.282986 0.00666541 0.00778571
0 0.840128 0.286443 0.00739479 0.00777951
0 0.992268 0.344438 0.00673103 0.00840458
0 0.86222 0.288979 0.00962681 0.00937188
0 0.905652 0.632587 0.00761604 0.0106043
0 0.552265 0.657326 0.00820386 0.00797999
0 0.327999 0.837997 0.00809219 0.0130104
0 0.892852 0.292413 0.00823361 0.00920174
0 0.493094 0.665214 0.0111761 0.0135948
0 0.915736 0.293006 0.0076803 0.00753209
0 0.939678 0.375925 0.00530738 0.00647518
0 0.256478 0.992139 0.00932091 0.0093174
0 0.542814 0.669799 0.00940382 0.00927907
0 0.862118 0.276773 0.0114952 0.00742286
0 0.982512 0.712938 0.00942993 0.00987941
0 0.780309 0.252663 0.00736105 0.0089924
0 0.775731 0.311427 0.00660288 0.00867748
0 0.495071 0.726106 0.00892466 0.00917137
0 0.264445 0.973393 0.00832757 0.00817049
0 0.836738 0.297622 0.00773162 0.00869951
0 0.907715 0.234703 0.0103412 0.0100703
0 0.779766 0.282053 0.00905538 0.00873554
0 0.916684 0.994821 0.0137619 0.00952113
0 0.902216 0.234379 0.00944555 0.00918455
0 0.274981 0.953273 0.00897065 0.00936627
0 0.278276 0.980662 0.00744325 0.00823557
0 0.542457 0.658221 0.00764179 0.00775033
0 0.788807 0.378688 0.00881463 0.00934038
0 0.317708 0.84475 0.0068638 0.008448
0 0.505983 0.724904 0.00794238 0.00970292
0 0.908573 0.553115 0.0120373 0.0121903
0 0.905248 0.954675 0.0134211 0.016387
0 0.828631 0.438442 0.0102407 0.0127392
0 0.792255 0.371314 0.00874984 0.0104361
0 0.283957 0.941829 0.0145051 0.0170143
0 0.862848 0.28794 0.013121 0.0103935
0 0.191814 0.995524 0.0124743 0.00895154
0 0.91045 0.613446 0.00833052 0.00830364
0 0.906257 0.555458 0.0101326 0.0134554
0 0.573037 0.283679 0.0102766 0.0175325
0 0.512998 0.715639 0.00847238 0.0100092
0 0.932054 0.335879 0.0100721 0.00909033
0 0.756811 0.380456 0.0114449 0.0101657
0 0.814003 0.280964 0.00724238 0.00745228
0 0.907522 0.554796 0.0133088 0.0151619
0 0.794072 0.324418 0.007496 0.00852433
0 0.826607 0.440762 0.0137526 0.0126994
0 0.914265 0.320744 0.00672358 0.00723216
