0 0.640209 0.840119 0.0103222 0.0135157
0 0.8655 0.867138 0.0117248 0.0148357
0 0.72776 0.722233 0.00929278 0.0103401
0 0.689005 0.732447 0.011124 0.0115663
0 0.719283 0.819937 0.0092783 0.00985301
0 0.865881 0.837563 0.0113049 0.0120621
0 0.66589 0.78436 0.0109243 0.010252
0 0.639072 0.761273 0.00919348 0.00962007
0 0.699298 0.717472 0.012439 0.014913
0 0.703427 0.767193 0.00996327 0.0131278
0 0.654431 0.790799 0.00738132 0.00892699
0 0.964605 0.952303 0.0106987 0.0102406
0 0.751264 0.736242 0.00896519 0.00948679
0 0.693736 0.779686 0.00928932 0.0129225
0 0.702972 0.78419 0.00780791 0.00880975
0 0.960777 0.899808 0.00886458 0.00835687
0 0.657531 0.743288 0.00985491 0.00807017
0 0.961689 0.889296 0.00818676 0.0084759
0 0.84174 0.787165 0.0105434 0.010242
0 0.674385 0.77087 0.00714666 0.00851864
0 0.963712 0.934508 0.0120845 0.0102437
0 0.976413 0.892425 0.00657803 0.00718898
0 0.65716 0.732305 0.00907898 0.00911778
0 0.694064 0.748181 0.0101399 0.0107225
0 0.716407 0.721662 0.00759965 0.00755119
0 0.992956 0.907225 0.00874329 0.00871658
0 0.696419 0.744598 0.0173276 0.0172892
0 0.986936 0.887972 0.007411 0.00741118
0 0.972205 0.878531 0.00705284 0.00744438
0 0.655228 0.769056 0.00783527 0.00776613
0 0.759767 0.717408 0.0103756 0.0105538
