0 0.278114 0.542025 0.0078133 0.0106275
0 0.365871 0.540631 0.00955352 0.00993747
0 0.504179 0.523283 0.00927755 0.00904745
0 0.405135 0.628012 0.00819731 0.00987345
0 0.391298 0.566885 0.00924683 0.00912017
0 0.983969 0.41482 0.0087353 0.01007
0 0.742874 0.244211 0.0107639 0.0114429
0 0.320818 0.697811 0.00978291 0.0117261
0 0.265974 0.545069 0.0081431 0.00970024
0 0.302801 0.593564 0.00927028 0.00896657
0 0.0415589 0.303066 0.00952923 0.010797
0 0.305654 0.63283 0.00970197 0.0102792
0 0.491824 0.519806 0.00895241 0.00992072
0 0.466439 0.515541 0.00745106 0.00799733
0 0.379831 0.55405 0.0081307 0.00902921
0 0.268633 0.764957 0.0147628 0.0126324
0 0.465722 0.539796 0.00700998 0.00763911
0 0.50859 0.551348 0.00860256 0.00920618
0 0.350228 0.353412 0.00899133 0.00953263
0 0.484102 0.55826 0.00748101 0.00918257
0 0.436377 0.574296 0.00813389 0.00814825
0 0.799284 0.270903 0.00916004 0.0102923
0 0.295707 0.883593 0.00978613 0.0106556
0 0.461859 0.526758 0.00751266 0.00887698
0 0.00704828 0.356273 0.0093264 0.0102269
0 0.551044 0.646904 0.00845921 0.00937873
0 0.440203 0.537053 0.0116903 0.00922322
0 0.454767 0.536198 0.00783738 0.00845605
0 0.790478 0.263216 0.0077076 0.00862464
0 0.438051 0.55181 0.00915614 0.00887048
0 0.42274 0.524411 0.0071018 0.00806689
0 0.415059 0.592738 0.00898257 0.00955236
0 0.392435 0.625645 0.0095875 0.0103703
0 0.765323 0.278158 0.00959474 0.0108382
0 0.400924 0.536455 0.00759202 0.00817144
0 0.298185 0.736084 0.0107405 0.0119186
0 0.38229 0.670029 0.0079976 0.00886011
0 0.370556 0.567819 0.00776413 0.00824946
0 0.256997 0.89847 0.0104514 0.0138171
0 0.300739 0.744069 0.00976884 0.0102426
0 0.36409 0.561053 0.008854 0.0106668
0 0.791185 0.262314 0.00931913 0.00901932
0 0.740226 0.288878 0.00919604 0.0116588
0 0.99739 0.424358 0.00509262 0.0105478
0 0.678484 0.268442 0.0120193 0.0115488
0 0.719225 0.226178 0.0135158 0.0144475
0 0.0214281 0.422652 0.00984687 0.0102856
0 0.414348 0.5848 0.00987837 0.0117638
0 0.4885 0.573969 0.00739253 0.00852555
0 0.784396 0.283946 0.00762409 0.00845289
0 0.429624 0.623959 0.00679693 0.00759888
0 0.372605 0.968409 0.00934821 0.0100296
0 0.691429 0.249806 0.0172468 0.0236036
0 0.514648 0.525887 0.00778913 0.00982708
0 0.400194 0.555466 0.00746006 0.00810301
0 0.692598 0.278853 0.00834805 0.00866738
0 0.687502 0.254752 0.00960386 0.0122751
0 0.708565 0.292197 0.00742131 0.00826818
0 0.278248 0.904855 0.00738478 0.0107123
0 0.388302 0.54871 0.00702661 0.00787967
0 0.0476054 0.449077 0.0069661 0.00772688
0 0.0570836 0.416811 0.00873387 0.0103541
0 0.298323 0.739339 0.0132139 0.0189493
0 0.250797 0.885539 0.0105966 0.0110462
0 0.0078283 0.285104 0.0096504 0.00998357
0 0.0436807 0.39833 0.00980421 0.00955892
0 0.748922 0.286543 0.0105417 0.0152066
0 0.408923 0.581923 0.00989142 0.00961936
0 0.764859 0.27375 0.009022 0.0118678
0 0.373178 0.681063 0.0082815 0.00776738
0 0.777981 0.269482 0.00850028 0.00823012
0 0.0462538 0.418717 0.00924281 0.0104838
0 0.688275 0.252754 0.0146217 0.0194392
0 0.778512 0.257264 0.00719357 0.00852758
0 0.799995 0.269027 0.00857925 0.0118568
0 0.0471166 0.385307 0.00738786 0.00855732
0 0.778066 0.256079 0.00861794 0.00916377
0 0.38087 0.566183 0.00728425 0.00912553
0 0.750262 0.286705 0.0082432 0.0137531
0 0.395871 0.54497 0.00683719 0.0069477
0 0.777948 0.278572 0.00788802 0.00821948
0 0.0549694 0.376245 0.00854879 0.0127924
0 0.698333 0.248525 0.0142573 0.0187568
0 0.681224 0.269427 0.0144482 0.0122471
0 0.693121 0.278638 0.0112922 0.0106569
0 0.6886 0.257172 0.011178 0.0116554
0 0.681527 0.239411 0.0103941 0.0101606
0 0.66472 0.612089 0.00872898 0.0084011
0 0.0423997 0.461615 0.00879141 0.0096716
0 0.0564831 0.416984 0.0112004 0.0122879
0 0.260129 0.878906 0.00874591 0.00917011
0 0.26951 0.888526 0.00792933 0.00869638
0 0.0365046 0.445913 0.00861352 0.00756606
