0 0.621667 0.34175 0.00946641 0.00882378
0 0.385246 0.589557 0.00934064 0.0103731
0 0.323279 0.927952 0.0120227 0.0132357
0 0.42188 0.59271 0.00785789 0.00853616
0 0.264661 0.554198 0.00684389 0.00846881
0 0.678421 0.297966 0.00761855 0.00960064
0 0.709437 0.384432 0.00886041 0.0103286
0 0.316492 0.546707 0.0087606 0.0100432
0 0.254653 0.554618 0.00687036 0.00788188
0 0.282281 0.897769 0.0100458 0.00991023
0 0.466164 0.561735 0.00973263 0.00830954
0 0.315482 0.634744 0.00827473 0.00802314
0 0.354176 0.539844 0.0087088 0.00943452
0 0.445939 0.548079 0.00935411 0.00894016
0 0.240287 0.533164 0.00632286 0.00617313
0 0.383949 0.565006 0.00758928 0.0080331
0 0.227871 0.628853 0.00755911 0.00853407
0 0.461504 0.683493 0.00839883 0.0101771
0 0.442602 0.626046 0.00968486 0.010833
0 0.403176 0.586782 0.0099695 0.00920242
0 0.260093 0.909332 0.00835595 0.00877303
0 0.440239 0.652382 0.00907725 0.0097456
0 0.340795 0.579153 0.00647143 0.00768703
0 0.464873 0.442117 0.00956574 0.0108263
0 0.546627 0.691432 0.00769109 0.0095641
0 0.359549 0.43992 0.00761139 0.00883007
0 0.458295 0.517264 0.00865251 0.00872105
0 0.487841 0.434774 0.0105988 0.0116238
0 0.358742 0.554981 0.00740176 0.0083105
0 0.469081 0.573934 0.00906572 0.00786704
0 0.698181 0.589769 0.00954103 0.0111024
0 0.371579 0.548588 0.00882223 0.0117744
0 0.528326 0.650078 0.00952703 0.013168
0 0.308493 0.510953 0.00697595 0.00729102
0 0.616587 0.353288 0.00684279 0.00814739
0 0.41508 0.552427 0.00757143 0.00884587
0 0.340985 0.686071 0.00876036 0.00886899
0 0.702564 0.492256 0.0109048 0.0124227
0 0.384234 0.604421 0.00727433 0.00786555
0 0.709467 0.233402 0.00797194 0.00910835
0 0.702092 0.367864 0.00941885 0.00994891
0 0.198776 0.677858 0.00779827 0.00982094
0 0.223089 0.609172 0.00806908 0.00981653
0 0.453736 0.567317 0.0069088 0.0079596
0 0.276833 0.573428 0.00819671 0.00905782
0 0.405543 0.546479 0.00710258 0.00852394
0 0.347405 0.659674 0.00873002 0.0101492
0 0.503649 0.32975 0.00926402 0.010426
0 0.471683 0.702634 0.00735977 0.00944692
0 0.339916 0.432888 0.0087243 0.0086132
0 0.334541 0.6496 0.0091919 0.00944251
0 0.681857 0.121205 0.00829077 0.0100492
0 0.222406 0.727569 0.00796241 0.00819808
0 0.447043 0.454397 0.0103125 0.0108677
0 0.329606 0.490904 0.00812072 0.00845584
0 0.503693 0.624085 0.00999054 0.00907916
0 0.504375 0.636428 0.00733459 0.00751877
0 0.388752 0.966226 0.0078297 0.00994533
0 0.24272 0.55382 0.00749217 0.00806862
0 0.42636 0.517415 0.0113252 0.00952011
0 0.186005 0.840403 0.00786772 0.0102962
0 0.4432 0.694382 0.00760764 0.00934464
0 0.452948 0.674474 0.0080224 0.00921637
0 0.46573 0.664594 0.00750515 0.00729162
0 0.54347 0.659265 0.00983012 0.0105448
0 0.562131 0.703744 0.00925636 0.0106388
0 0.338711 0.562169 0.00860247 0.00950325
0 0.208984 0.739055 0.00788212 0.0086773
0 0.54865 0.559085 0.00799495 0.010251
0 0.3335 0.42017 0.00782585 0.007774
0 0.423307 0.916388 0.00761318 0.00957602
0 0.406425 0.572556 0.00828248 0.00966299
0 0.241477 0.522573 0.00786805 0.00839233
0 0.476453 0.44964 0.0085617 0.0106045
0 0.240655 0.602182 0.00621828 0.00704414
0 0.913291 0.177024 0.00940442 0.0100331
0 0.258124 0.52339 0.00645503 0.00896835
0 0.514821 0.637026 0.00831479 0.00871128
0 0.727045 0.309751 0.007864 0.0071643
0 0.235076 0.564696 0.00819182 0.00835907
0 0.37729 0.611648 0.00779352 0.00756156
0 0.679784 0.603211 0.00908273 0.00891876
0 0.451098 0.944965 0.00891304 0.00932121
0 0.430177 0.699066 0.00834751 0.00912476
0 0.523869 0.667794 0.00805426 0.00776577
0 0.234964 0.583167 0.00785246 0.0102596
0 0.468309 0.269849 0.0100261 0.0108301
0 0.378041 0.579086 0.00758067 0.00772405
0 0.647645 0.217921 0.00832736 0.00853591
0 0.748655 0.395459 0.00849229 0.00987262
0 0.323762 0.671746 0.00909519 0.00977904
0 0.307772 0.923007 0.00946385 0.0106899
0 0.186518 0.633404 0.00889497 0.00904733
0 0.29306 0.910625 0.00882578 0.0100555
0 0.167964 0.533048 0.00833559 0.00987786
0 0.152308 0.664489 0.00767308 0.00797373
0 0.664657 0.13812 0.00909996 0.0108531
0 0.513288 0.680613 0.00899452 0.00868326
0 0.706888 0.24717 0.00676727 0.00775881
0 0.483478 0.464106 0.00804788 0.00830308
0 0.352689 0.419987 0.00771928 0.00782186
0 0.297653 0.530788 0.00713891 0.0072217
0 0.357407 0.347561 0.00844732 0.0086529
0 0.349349 0.630273 0.00810909 0.00820941
0 0.13161 0.234402 0.0208734 0.0219463
0 0.255301 0.993534 0.00970459 0.0107406
0 0.492281 0.570954 0.00758076 0.0083065
0 0.326261 0.423188 0.00676185 0.00826034
0 0.340197 0.915474 0.013977 0.0127888
0 0.819957 0.30375 0.00982362 0.00937375
0 0.65274 0.57245 0.0103238 0.0132643
0 0.371139 0.550722 0.00879431 0.0137444
0 0.222004 0.623084 0.00737095 0.0073185
0 0.333453 0.442025 0.00614375 0.00719273
0 0.17212 0.73935 0.0101149 0.0103719
0 0.655138 0.20569 0.00901771 0.00789399
0 0.279611 0.913487 0.00864595 0.00903243
0 0.410735 0.258806 0.00720996 0.00817227
0 0.390607 0.947641 0.00655895 0.00713885
0 0.380668 0.965974 0.0076189 0.00887758
0 0.196091 0.91097 0.00759768 0.00807953
0 0.216345 0.688993 0.00724883 0.00843573
0 0.589998 0.688482 0.00755906 0.00914097
0 0.16402 0.54897 0.00790325 0.00797826
0 0.390662 0.892783 0.007516 0.0103065
0 0.690037 0.218732 0.00879812 0.00919065
0 0.625829 0.565112 0.00855207 0.00929701
0 0.344699 0.954631 0.00873709 0.00884932
0 0.677822 0.585674 0.00854337 0.00881577
0 0.694244 0.454163 0.0112748 0.0114636
0 0.76068 0.306081 0.0082348 0.0106574
0 0.469982 0.679561 0.00624189 0.00706398
0 0.229901 0.465665 0.00809684 0.0086138
0 0.250883 0.540601 0.00693123 0.00823343
0 0.325065 0.43583 0.00839499 0.00940266
0 0.540743 0.570653 0.00762028 0.00920135
0 0.315315 0.501094 0.00890845 0.00966051
0 0.602617 0.261809 0.00646973 0.00801191
0 0.201957 0.494854 0.00725131 0.00761613
0 0.387767 0.62194 0.0076558 0.00936002
0 0.468553 0.425665 0.00996789 0.0103861
0 0.480368 0.637516 0.008737 0.0095973
0 0.213449 0.478732 0.00751628 0.00902349
0 0.295637 0.521501 0.00718847 0.00780201
0 0.689452 0.481887 0.00931054 0.00969046
0 0.213197 0.717264 0.00675851 0.007662
0 0.401943 0.365457 0.00874072 0.00978106
0 0.609157 0.36203 0.00963676 0.00862455
0 0.588654 0.560736 0.0095818 0.0124891
0 0.379223 0.875639 0.00906059 0.00846821
0 0.399166 0.559761 0.00777078 0.00770015
0 0.344883 0.835322 0.00882873 0.00870514
0 0.505193 0.466753 0.00854456 0.00842503
0 0.523975 0.267483 0.00807089 0.0087527
0 0.620174 0.58742 0.0104385 0.0117191
0 0.147863 0.800899 0.00726505 0.00825995
0 0.179831 0.650307 0.00899073 0.00764298
0 0.184996 0.479171 0.00796051 0.00981617
0 0.715771 0.471104 0.013433 0.0190816
0 0.16419 0.889358 0.00870423 0.0102059
0 0.310775 0.480663 0.00814772 0.00829563
0 0.375794 0.890289 0.00859189 0.00877154
0 0.370654 0.861579 0.0082283 0.00897312
0 0.202331 0.694483 0.0071229 0.00725973
0 0.238259 0.726896 0.00815257 0.0080542
0 0.711918 0.266664 0.00743032 0.00798321
0 0.664583 0.606572 0.00933665 0.0120226
0 0.483829 0.501489 0.00654393 0.00741273
0 0.298034 0.421595 0.00757304 0.00852919
0 0.420345 0.707557 0.00902852 0.00952989
0 0.49284 0.632576 0.00921994 0.0107314
0 0.404681 0.916658 0.00654203 0.00756776
0 0.316003 0.422153 0.00691172 0.00711095
0 0.184125 0.692698 0.00691788 0.00703293
0 0.151351 0.80862 0.00680012 0.00725114
0 0.27517 0.883686 0.00913656 0.0101326
0 0.619551 0.329104 0.00731856 0.00901958
0 0.468836 0.959249 0.00802934 0.0097298
0 0.41772 0.926232 0.00809157 0.00866205
0 0.388771 0.545287 0.00718555 0.00820273
0 0.4885 0.477372 0.00983667 0.0111053
0 0.735332 0.323009 0.00707024 0.0074524
0 0.73867 0.413647 0.00803739 0.00814039
0 0.310898 0.665204 0.008342 0.00953466
0 0.683449 0.27761 0.00747228 0.00694782
0 0.41899 0.501542 0.00820121 0.00953558
0 0.751562 0.529022 0.00934392 0.0105713
0 0.666687 0.184332 0.0086295 0.00865702
0 0.248049 0.511571 0.00825165 0.00877458
0 0.76055 0.537596 0.00921839 0.0113661
0 0.166573 0.818183 0.00779748 0.0087536
0 0.361927 0.688446 0.0104203 0.0111014
0 0.196836 0.749591 0.00736982 0.00712717
0 0.351318 0.613205 0.00832406 0.007851
0 0.227529 0.551536 0.00872974 0.00864029
0 0.565758 0.761087 0.00750905 0.00876796
0 0.614566 0.557366 0.0075531 0.00759506
0 0.602652 0.336864 0.00782222 0.00868049
0 0.899407 0.183636 0.00810981 0.00825086
0 0.369807 0.691711 0.00757799 0.0104641
0 0.632431 0.377644 0.00826418 0.00789356
0 0.333672 0.663086 0.00862178 0.00769746
0 0.264665 0.599766 0.00813428 0.00977719
0 0.2084 0.621875 0.00757179 0.00896227
0 0.167424 0.654713 0.00685367 0.00738049
0 0.727789 0.280482 0.00795227 0.00794306
0 0.633034 0.334391 0.00729561 0.00787094
0 0.347697 0.599676 0.00891981 0.00815105
0 0.495366 0.686993 0.0083189 0.00870115
0 0.528566 0.667299 0.0120316 0.00965858
0 0.659118 0.560985 0.0100952 0.0092907
0 0.302385 0.438816 0.00787455 0.00853652
0 0.0665811 0.274111 0.0277144 0.0289154
0 0.464148 0.584134 0.00613633 0.00698072
0 0.384809 0.33686 0.00675249 0.00782099
0 0.480955 0.680585 0.00858 0.00945169
0 0.686618 0.254773 0.00819534 0.00919509
0 0.456336 0.503975 0.00755119 0.00966376
0 0.246149 0.563436 0.00733957 0.00733465
0 0.392085 0.410353 0.00664473 0.00770843
0 0.454043 0.289916 0.00886041 0.0095129
0 0.887341 0.318282 0.00869632 0.010397
0 0.395617 0.56937 0.0074144 0.00762439
0 0.290685 0.60586 0.00944528 0.0104738
0 0.512265 0.679556 0.0105667 0.0111216
0 0.542724 0.653232 0.0111133 0.0171382
0 0.133443 0.807867 0.00703597 0.00749856
0 0.728811 0.440656 0.00911582 0.0103834
0 0.160939 0.980823 0.00809288 0.00802231
0 0.178252 0.682275 0.00787999 0.00717014
0 0.36783 0.398487 0.0069564 0.0081605
0 0.381998 0.892278 0.00934476 0.00899696
0 0.280027 0.436839 0.00751433 0.00732556
0 0.64153 0.368566 0.00841403 0.00893328
0 0.343022 0.852209 0.00704491 0.00860649
0 0.37476 0.381856 0.00908306 0.00901228
0 0.748548 0.296453 0.00631714 0.0063976
0 0.44707 0.28909 0.0100216 0.00998643
0 0.331462 0.619726 0.00726634 0.00922257
0 0.305418 0.490364 0.00776824 0.0086399
0 0.732599 0.423566 0.00839972 0.0085167
0 0.131772 0.984567 0.00746335 0.0102695
0 0.302426 0.916343 0.00805923 0.00811332
0 0.455879 0.963185 0.00731984 0.00806236
0 0.944682 0.227438 0.00733835 0.0101951
0 0.635809 0.20525 0.00668782 0.00720286
0 0.223975 0.561193 0.00677471 0.00719815
0 0.687332 0.470763 0.00872862 0.00928688
0 0.131648 0.606457 0.00953171 0.0104286
0 0.371813 0.63187 0.00752443 0.00753814
0 0.967517 0.186485 0.0092575 0.00927582
0 0.624905 0.545828 0.00879836 0.00914109
0 0.218989 0.460053 0.00835037 0.00949049
0 0.336929 0.457994 0.00751686 0.00837612
0 0.106372 0.714519 0.00889044 0.0111704
0 0.750195 0.279297 0.00750208 0.00986871
0 0.22674 0.476631 0.00874075 0.00760517
0 0.69328 0.34975 0.00846052 0.00958994
0 0.778844 0.404973 0.00813389 0.00897333
0 0.5772 0.233549 0.00636041 0.0069737
0 0.97307 0.450802 0.00978696 0.0128015
0 0.188122 0.619983 0.00821772 0.00879729
0 0.469734 0.479945 0.0136937 0.0131575
0 0.680191 0.187143 0.00818574 0.0151868
0 0.220601 0.736784 0.00802889 0.00689906
0 0.33461 0.400027 0.00830007 0.00910309
0 0.182032 0.508143 0.00791173 0.00883615
0 0.169556 0.72815 0.00673014 0.00690323
0 0.610063 0.575584 0.0114359 0.0129011
0 0.291185 0.411688 0.00619158 0.00641328
0 0.498398 0.65724 0.00557891 0.00747454
0 0.687972 0.23305 0.00841916 0.0085434
0 0.172828 0.641761 0.0069021 0.00764656
0 0.345029 0.969305 0.00808117 0.00760573
0 0.3184 0.623166 0.00730908 0.00816172
0 0.333433 0.826645 0.00766671 0.00840014
0 0.919392 0.236835 0.00770319 0.00845309
0 0.1702 0.716807 0.00699835 0.00707608
0 0.241202 0.716504 0.0105385 0.00850028
0 0.679701 0.185363 0.00822335 0.0134506
0 0.21523 0.747561 0.0066985 0.00678539
0 0.504581 0.663465 0.00747603 0.00811005
0 0.930463 0.23369 0.00730705 0.00872354
0 0.381297 0.953067 0.00773031 0.00847393
0 0.523952 0.680339 0.00735825 0.00876212
0 0.394378 0.33682 0.00696024 0.00797835
0 0.143364 0.866879 0.00805736 0.00892711
0 0.342569 0.345121 0.0090026 0.0138783
0 0.12508 0.737205 0.00860389 0.00891149
0 0.128403 0.711402 0.00742781 0.00751114
0 0.201396 0.61994 0.00732955 0.00854665
0 0.0894151 0.939662 0.0117839 0.0101063
0 0.43811 0.897536 0.00865385 0.00935668
0 0.345161 0.406705 0.00771046 0.00740185
0 0.301165 0.519477 0.00682926 0.00669247
0 0.535627 0.600842 0.00743616 0.00809306
0 0.157587 0.538892 0.00744508 0.0076285
0 0.739097 0.291715 0.00660264 0.00886688
0 0.168386 0.853504 0.00793444 0.00944996
0 0.346791 0.461759 0.00676402 0.00703728
