0 0.314202 0.761567 0.0183557 0.01669
0 0.299502 0.435474 0.0167054 0.0164667
0 0.131984 0.198373 0.019951 0.0179824
0 0.334101 0.467338 0.0158095 0.0121395
0 0.255937 0.00911398 0.0165235 0.0151893
0 0.127259 0.0881279 0.0236876 0.0197763
0 0.193695 0.154925 0.0171133 0.0158051
0 0.0101317 0.251568 0.0202634 0.0212995
0 0.0705831 0.419782 0.0182564 0.0139996
0 0.072874 0.452306 0.0156178 0.0125625
0 0.190073 0.629124 0.0197858 0.016921
0 0.0642681 0.0270547 0.0142485 0.0128073
0 0.116953 0.0277689 0.0220902 0.0152811
0 0.0438669 0.373282 0.0143407 0.013617
0 0.536087 0.840416 0.0201766 0.0160763
0 0.144958 0.729518 0.016334 0.0132101
0 0.010715 0.459949 0.00994074 0.0114752
0 0.144615 0.759157 0.017915 0.0151932
0 0.252764 0.156406 0.0197287 0.0122011
0 0.00770705 0.422609 0.0154141 0.019513
0 0.0359408 0.718344 0.0251412 0.0259823
0 0.239366 0.633884 0.0224752 0.0121775
0 0.142407 0.046757 0.0242212 0.0201503
0 0.814033 0.126256 0.0196025 0.0162992
0 0.800135 0.14949 0.011739 0.0161321
0 0.516391 0.906842 0.0202777 0.0194599
0 0.352168 0.380769 0.0222641 0.0157875
0 0.201868 0.613422 0.0160933 0.0147201
0 0.143108 0.0449231 0.0215232 0.0151333
0 0.124879 0.249093 0.0180164 0.0123208
0 0.191953 0.625148 0.0270566 0.0268314
0 0.151688 0.680748 0.0126523 0.00975591
0 0.343453 0.540328 0.0118049 0.0126823
0 0.495449 0.862984 0.0213943 0.0128836
