0 0.948738 0.605255 0.00766683 0.00776196
0 0.944176 0.583067 0.00680256 0.00761074
0 0.867394 0.545624 0.00651211 0.00748712
0 0.898916 0.846109 0.00726473 0.00664955
0 0.633233 0.896504 0.00881743 0.00977957
0 0.610249 0.891811 0.00795591 0.00723881
0 0.943934 0.583201 0.00841826 0.00905228
0 0.622333 0.857638 0.00871336 0.00833553
0 0.629689 0.875367 0.00835609 0.0068779
0 0.402544 0.460344 0.00747147 0.00794783
0 0.781857 0.664014 0.00715125 0.00715309
0 0.932805 0.81813 0.0054493 0.00648803
0 0.960785 0.534046 0.00621909 0.00713104
0 0.923573 0.583727 0.00658584 0.00892317
0 0.923898 0.532856 0.00705034 0.00691366
0 0.882144 0.846612 0.0070768 0.00677228
0 0.559025 0.924949 0.0113002 0.00945359
0 0.92606 0.544778 0.00770032 0.00759143
0 0.607524 0.88086 0.00807744 0.00734824
