0 0.942437 0.483828 0.010659 0.010091
0 0.871435 0.834505 0.0103886 0.0105225
0 0.991154 0.427715 0.00836146 0.0103136
0 0.916358 0.700269 0.0106689 0.0135261
0 0.947571 0.765324 0.00821227 0.00863498
0 0.980018 0.890743 0.0100334 0.0103717
0 0.898086 0.704882 0.00804973 0.0087654
0 0.903818 0.188209 0.0116016 0.0114502
0 0.827813 0.678971 0.0101524 0.0112145
0 0.945362 0.795226 0.00962847 0.00966835
0 0.986177 0.760417 0.00949121 0.00949037
0 0.901234 0.420873 0.00879252 0.0092411
0 0.890227 0.72786 0.0100517 0.00924122
0 0.93038 0.465906 0.0112907 0.0109869
0 0.771495 0.794109 0.0111195 0.0108245
0 0.877385 0.680757 0.00643921 0.00762957
0 0.857715 0.446074 0.00928801 0.00939834
0 0.949652 0.922354 0.0100552 0.00947988
0 0.946551 0.822439 0.00613213 0.00832993
0 0.907363 0.634616 0.00938648 0.0117362
0 0.983583 0.608253 0.0076797 0.00902921
0 0.984202 0.267512 0.0103539 0.0123636
0 0.976402 0.121077 0.0101517 0.0106091
0 0.828598 0.746451 0.0115608 0.0127876
0 0.941096 0.167118 0.00858647 0.00944743
0 0.950574 0.14741 0.0102636 0.0145148
0 0.977577 0.587607 0.00925905 0.00979263
0 0.9699 0.611355 0.0107836 0.0110965
0 0.991022 0.451342 0.00894737 0.00992107
0 0.882236 0.611723 0.00975919 0.010091
0 0.860852 0.335373 0.010066 0.00969982
0 0.878322 0.642385 0.0105209 0.0101553
0 0.911246 0.612851 0.0120094 0.0157116
0 0.850101 0.326949 0.00893378 0.00893858
0 0.921195 0.722979 0.00921345 0.00980818
0 0.909162 0.593567 0.0109245 0.00998503
0 0.787692 0.789465 0.00915015 0.00988984
0 0.981097 0.555044 0.00985074 0.0103201
0 0.96783 0.770523 0.0110302 0.0109391
0 0.869801 0.47807 0.0112042 0.0109534
0 0.89505 0.548304 0.00756031 0.00888139
0 0.875175 0.173729 0.0161949 0.0150298
0 0.852751 0.739658 0.0100542 0.0103682
0 0.929641 0.73283 0.00965691 0.00987798
