0 0.119274 0.792463 0.00853606 0.00971365
0 0.0898663 0.690263 0.00857339 0.00849128
0 0.387388 0.976403 0.010195 0.0108368
0 0.160632 0.773194 0.00842036 0.00946212
0 0.203663 0.74043 0.00786524 0.00914192
0 0.3218 0.903864 0.00801408 0.00868112
0 0.103808 0.739858 0.00786014 0.00832444
0 0.0665457 0.610545 0.00764003 0.00832331
0 0.499233 0.64894 0.00906792 0.00943452
0 0.11492 0.577819 0.0114954 0.0090872
0 0.469696 0.728387 0.00936374 0.0102324
0 0.215127 0.65093 0.00958614 0.00970173
0 0.188456 0.628155 0.00861697 0.00897044
0 0.488722 0.678266 0.00748539 0.00846976
0 0.289597 0.951993 0.00822496 0.00797039
0 0.319845 0.914971 0.00695765 0.00711113
0 0.0351007 0.700516 0.00694162 0.00837857
0 0.204036 0.802634 0.00863647 0.00853443
0 0.108481 0.673777 0.00800095 0.00831628
0 0.0562761 0.767001 0.00799922 0.00838202
0 0.403205 0.966234 0.0074186 0.00692707
0 0.0193346 0.82726 0.00813697 0.00804198
