0 0.558788 0.123241 0.00943989 0.0107645
0 0.595245 0.146393 0.0101199 0.0112003
0 0.0328009 0.191373 0.00842972 0.0100964
0 0.519428 0.118252 0.0102748 0.0105681
0 0.576932 0.0803666 0.00810581 0.00894947
0 0.700534 0.0842911 0.00887823 0.010453
0 0.53708 0.198718 0.00974226 0.0102714
0 0.513138 0.140246 0.00822306 0.00899835
0 0.484889 0.180463 0.00743017 0.00745207
0 0.490266 0.0324509 0.00967541 0.00949995
0 0.445171 0.167734 0.00866643 0.00938252
0 0.576062 0.0395627 0.00877434 0.00962807
0 0.466799 0.201194 0.00924167 0.00874053
0 0.0381877 0.27879 0.00810796 0.00942287
0 0.853127 0.290863 0.00887108 0.0100144
0 0.644856 0.126305 0.00875586 0.0104518
0 0.481499 0.116592 0.00850657 0.00870397
0 0.445823 0.188398 0.00765955 0.00929949
0 0.791119 0.327964 0.00797039 0.00899953
0 0.850937 0.304965 0.00910681 0.00983745
0 0.457631 0.145117 0.00919211 0.00957708
0 0.59747 0.0392963 0.00640148 0.00729204
0 0.0141364 0.244624 0.00825894 0.00977154
0 0.412627 0.191703 0.0101078 0.0116547
0 0.463436 0.121629 0.00756195 0.0072742
0 0.55112 0.156706 0.0082823 0.00858966
0 0.123919 0.217339 0.00870192 0.00994372
0 0.0206756 0.219468 0.00878517 0.00962763
0 0.10166 0.23407 0.0069525 0.00702314
0 0.313252 0.188933 0.00813785 0.00771061
0 0.407288 0.170798 0.0090009 0.00988638
0 0.562889 0.018006 0.00977916 0.0105746
0 0.983489 0.144495 0.00991136 0.0100591
0 0.61292 0.0701564 0.00750577 0.00865171
0 0.906582 0.303848 0.0114513 0.0113552
0 0.803016 0.329615 0.00708866 0.0074923
0 0.462932 0.121622 0.00917912 0.0085705
0 0.094388 0.1546 0.00779767 0.00861488
0 0.712935 0.226654 0.00907689 0.0107675
