0 0.948247 0.64067 0.0113655 0.0107624
0 0.872856 0.771196 0.0172146 0.0157869
0 0.557964 0.056762 0.0186325 0.020173
0 0.776041 0.846566 0.0166252 0.0169006
0 0.841474 0.146121 0.0179214 0.0219474
0 0.417958 0.620762 0.0222941 0.0181574
0 0.767423 0.278344 0.0144467 0.01346
0 0.945025 0.603126 0.0167934 0.0165701
0 0.982675 0.814609 0.0139958 0.014052
0 0.881897 0.751524 0.0139435 0.0125027
0 0.241428 0.820097 0.00879726 0.0112261
0 0.791698 0.710816 0.0158774 0.0193157
0 0.579858 0.0415483 0.0178468 0.0161167
0 0.732892 0.92949 0.0121645 0.015321
0 0.684197 0.91665 0.0130659 0.0163559
0 0.842626 0.146697 0.01399 0.0178538
0 0.519343 0.081366 0.0229716 0.0215646
0 0.418842 0.984766 0.0168661 0.0137581
0 0.663134 0.277073 0.017503 0.0183248
0 0.323459 0.224826 0.0149835 0.0144989
0 0.366712 0.402132 0.0113163 0.0123881
0 0.384148 0.990766 0.0143068 0.0129368
0 0.975091 0.830769 0.0130085 0.0120735
0 0.926121 0.619677 0.0100891 0.0128742
0 0.700816 0.852671 0.018548 0.0189052
0 0.939215 0.786944 0.0161381 0.0143137
0 0.25861 0.348172 0.00648147 0.00796318
0 0.934956 0.867425 0.0247011 0.0191559
0 0.941671 0.674274 0.0183527 0.0174357
0 0.53661 0.179906 0.0146229 0.0183684
0 0.663507 0.277314 0.0215164 0.0231089
0 0.947039 0.639987 0.0161695 0.0147824
0 0.369398 0.255805 0.0222715 0.0146095
0 0.995168 0.825974 0.00864428 0.0128265
0 0.980721 0.248744 0.0133533 0.0145291
0 0.918731 0.599875 0.0156521 0.0131053
0 0.957088 0.775436 0.00788808 0.00838488
0 0.767302 0.238622 0.0142664 0.0137326
0 0.384578 0.99118 0.0180298 0.0176407
0 0.517759 0.472186 0.0143207 0.0123878
