0 0.0272226 0.945013 0.0121086 0.011853
0 0.0160276 0.972968 0.0141808 0.0126598
0 0.517264 0.0464294 0.0151737 0.0148013
0 0.1109 0.890339 0.0138529 0.0132627
0 0.0933288 0.861791 0.0169954 0.0154322
0 0.96402 0.583507 0.0155067 0.0129711
0 0.649328 0.763056 0.0140705 0.0132799
0 0.0855425 0.982083 0.0157825 0.0141712
0 0.306543 0.20612 0.0122873 0.0107881
0 0.302499 0.944608 0.0114689 0.0107929
0 0.370831 0.632412 0.0111718 0.0107254
0 0.648107 0.440884 0.014768 0.0155716
0 0.84375 0.798624 0.0134686 0.01183
0 0.111609 0.969044 0.0151904 0.0126795
0 0.681928 0.298597 0.0165463 0.016227
0 0.535059 0.132785 0.0157785 0.0162249
0 0.488896 0.0485627 0.0134264 0.0140427
0 0.694624 0.504848 0.0120897 0.0111267
0 0.837667 0.574501 0.0167871 0.0138564
0 0.751307 0.184441 0.0142283 0.0130783
0 0.856979 0.589024 0.0131084 0.0127142
0 0.111985 0.969974 0.0178732 0.0155185
0 0.0891132 0.962657 0.0159546 0.0141922
0 0.603077 0.180408 0.0189903 0.0208137
0 0.917704 0.369749 0.0123203 0.0104526
0 0.6231 0.429292 0.0201019 0.016024
0 0.680398 0.27717 0.0117289 0.010906
0 0.535092 0.132982 0.0192428 0.0190792
0 0.633868 0.45887 0.0126042 0.011187
0 0.470202 0.085914 0.0144651 0.0149178
0 0.142403 0.0215125 0.0117907 0.0104539
