0 0.653551 0.908641 0.0135067 0.0129421
0 0.917074 0.110058 0.0130306 0.0139254
0 0.643133 0.896602 0.0125396 0.0112057
0 0.904487 0.127883 0.0119913 0.0115712
0 0.649325 0.832022 0.014464 0.0130476
0 0.201459 0.514524 0.0191564 0.0227415
0 0.95063 0.135624 0.0113909 0.0110784
0 0.945338 0.783748 0.0111675 0.0112097
0 0.496089 0.959723 0.0102781 0.00963247
0 0.438081 0.918061 0.013958 0.0132959
0 0.962727 0.103533 0.0111055 0.0109685
0 0.625251 0.861824 0.0150303 0.0138537
0 0.937215 0.0805293 0.0121346 0.0123365
0 0.959719 0.61155 0.0143951 0.0134773
0 0.902268 0.14337 0.0122841 0.0122362
0 0.111465 0.849074 0.0143541 0.0127974
0 0.74891 0.918041 0.0116743 0.0133465
0 0.516317 0.571075 0.0169428 0.0149475
0 0.655628 0.971594 0.0136475 0.0112848
0 0.270801 0.928568 0.0130685 0.0128405
0 0.170287 0.3063 0.0129271 0.0123393
0 0.955948 0.153265 0.0126351 0.0123712
0 0.776517 0.94235 0.0111321 0.0106838
0 0.958563 0.768883 0.0112529 0.0114086
0 0.867724 0.32126 0.0148544 0.0130423
0 0.102267 0.353197 0.0108875 0.00955132
0 0.153455 0.13865 0.0145382 0.0138252
0 0.211513 0.864273 0.0152833 0.0141075
0 0.597744 0.749703 0.0136726 0.0119073
0 0.684276 0.870477 0.0131209 0.010708
0 0.693198 0.924532 0.0126925 0.0117914
0 0.922168 0.0654661 0.0141033 0.0133145
0 0.54893 0.36108 0.0129517 0.0111608
0 0.960277 0.117699 0.0106053 0.0120404
0 0.91301 0.552033 0.0163344 0.0147713
0 0.828161 0.317253 0.0131946 0.0124186
0 0.896554 0.227199 0.0124931 0.0119505
0 0.792744 0.687358 0.0116146 0.0110765
0 0.0149197 0.912727 0.0130454 0.0134159
0 0.78595 0.911293 0.0107395 0.0098238
0 0.00624881 0.977894 0.0124206 0.0140443
0 0.0519498 0.531415 0.0157246 0.0143899
0 0.236775 0.966 0.0131839 0.0123995
0 0.761749 0.899348 0.0130726 0.0137028
0 0.672898 0.796602 0.0152077 0.0115822
0 0.670661 0.958115 0.0107161 0.0110443
0 0.761958 0.951792 0.0115467 0.00968134
0 0.848625 0.244788 0.0107881 0.0105862
0 0.837076 0.627365 0.0159472 0.0141355
0 0.16193 0.18322 0.0154486 0.0165038
0 0.217086 0.955207 0.0126499 0.0109728
0 0.621042 0.798882 0.00995171 0.00976199
0 0.144313 0.293865 0.0139985 0.0109472
0 0.367162 0.00835905 0.0102207 0.0101805
0 0.226653 0.0765109 0.0132701 0.0111298
0 0.656977 0.986401 0.0161142 0.0106289
0 0.978523 0.119421 0.0113583 0.0105576
0 0.984603 0.452041 0.011977 0.0114809
0 0.636334 0.746671 0.0142404 0.0121682
0 0.0652656 0.947216 0.0134676 0.0124649
0 0.476961 0.933785 0.00873718 0.00892794
0 0.495301 0.940674 0.00903299 0.00932813
0 0.809746 0.247152 0.0120088 0.0106949
0 0.983634 0.255991 0.0123982 0.0110716
0 0.0346262 0.438526 0.0148874 0.0127178
0 0.655662 0.9734 0.0190901 0.0153202
0 0.873159 0.763381 0.0138175 0.0145636
0 0.597605 0.271585 0.0132508 0.012287
0 0.290783 0.977999 0.0127345 0.0124058
0 0.10291 0.10908 0.014517 0.0145333
0 0.506649 0.946832 0.0100338 0.00996512
0 0.292188 0.928373 0.0115799 0.00940096
0 0.808648 0.953713 0.0139911 0.0139618
0 0.836459 0.628106 0.0191368 0.0187438
0 0.446366 0.859509 0.0139364 0.013213
0 0.654561 0.735853 0.0113279 0.0107803
0 0.790051 0.253939 0.0110095 0.0113369
0 0.537765 0.77524 0.0199648 0.014612
0 0.0786596 0.786828 0.0153562 0.0143759
0 0.64314 0.896194 0.0152726 0.0139301
0 0.503865 0.786701 0.0134749 0.0121664
0 0.0356849 0.883901 0.0116982 0.0112839
