0 0.788516 0.571939 0.017028 0.0171558
0 0.0489143 0.696078 0.0175652 0.0159006
0 0.623161 0.263626 0.0168688 0.0162153
0 0.989845 0.330032 0.0118603 0.0126663
0 0.724955 0.474346 0.0134733 0.0138573
0 0.942834 0.401099 0.012195 0.0119722
0 0.591689 0.795226 0.01474 0.0131903
0 0.757834 0.619154 0.0164484 0.0175861
0 0.540666 0.717648 0.0138495 0.0156716
0 0.670458 0.0141213 0.0166278 0.0156276
0 0.0275479 0.746062 0.0168946 0.0184013
0 0.0552006 0.671624 0.0149191 0.016738
0 0.323907 0.734087 0.015223 0.0202345
0 0.9152 0.650691 0.0141514 0.0147879
0 0.841942 0.678739 0.0139028 0.0149951
0 0.576504 0.645134 0.0174025 0.0159572
0 0.914407 0.711882 0.0132362 0.0119441
0 0.620789 0.570489 0.0139251 0.0129366
0 0.16278 0.598312 0.0179464 0.0166462
0 0.0929352 0.215506 0.0143837 0.0153566
0 0.933607 0.701287 0.0133976 0.0136127
0 0.0340801 0.662758 0.0177201 0.0232387
0 0.0414108 0.81737 0.0186413 0.0185475
0 0.616877 0.728272 0.0119631 0.0138006
0 0.274298 0.193477 0.0140652 0.0141506
0 0.8325 0.625196 0.0137329 0.0145259
0 0.324332 0.732727 0.0220471 0.0256546
0 0.282554 0.61665 0.0236109 0.0196555
0 0.559094 0.604673 0.0155176 0.0142723
0 0.551977 0.673313 0.015797 0.0157011
0 0.122206 0.71804 0.0165221 0.0159643
0 0.61871 0.727158 0.0168039 0.0197538
0 0.59887 0.726812 0.0125408 0.00920761
0 0.594585 0.632654 0.00958049 0.0114258
0 0.0757567 0.103243 0.0185856 0.0145604
