0 0.629979 0.937555 0.0120603 0.0145111
0 0.811869 0.933398 0.00888461 0.00933576
0 0.681089 0.881106 0.0117815 0.0117241
0 0.658234 0.848155 0.0105328 0.0101593
0 0.753782 0.872122 0.0111252 0.0108362
0 0.64354 0.854372 0.0111059 0.0121137
0 0.903458 0.921471 0.00974083 0.00937903
0 0.801277 0.954379 0.00908226 0.00974464
0 0.601479 0.882708 0.00848329 0.00976026
0 0.652861 0.962143 0.00922942 0.0092625
0 0.907785 0.939044 0.00936848 0.00901985
0 0.669039 0.868626 0.00994682 0.0111227
0 0.955038 0.912748 0.0112907 0.0121458
0 0.645963 0.720702 0.00802326 0.00888366
0 0.532935 0.95667 0.00907838 0.0091446
0 0.909576 0.961683 0.00935292 0.00987852
0 0.68255 0.926759 0.00835019 0.00862426
0 0.64636 0.653315 0.0106341 0.0105547
0 0.693503 0.873247 0.00969142 0.00940645
0 0.627143 0.667079 0.0108294 0.0107064
0 0.69724 0.900423 0.00742197 0.00912398
0 0.668162 0.638002 0.00990272 0.00975531
0 0.692142 0.978383 0.00873375 0.00791818
0 0.802693 0.830857 0.0116331 0.0161797
0 0.727661 0.972841 0.00867254 0.0091297
0 0.661921 0.791691 0.0095439 0.0111883
0 0.692792 0.91672 0.00826532 0.00920677
0 0.544133 0.909005 0.0164019 0.0113956
0 0.708204 0.953093 0.00987703 0.01084
0 0.649968 0.612816 0.0109131 0.010366
0 0.659892 0.905333 0.00980902 0.00952566
0 0.660282 0.622741 0.00977516 0.0102208
0 0.820478 0.839611 0.011726 0.0117014
0 0.814662 0.956055 0.00732976 0.00841063
0 0.571896 0.899033 0.0103132 0.00959438
0 0.860512 0.974928 0.0125785 0.0126373
0 0.948981 0.85212 0.0109127 0.0100496
0 0.677732 0.712977 0.0120915 0.0114042
0 0.669557 0.893456 0.00836498 0.00912648
