0 0.329632 0.820179 0.0183035 0.019583
0 0.588212 0.48871 0.0156583 0.0189999
0 0.340721 0.707553 0.0167526 0.0195931
0 0.21421 0.0734705 0.0213773 0.0237328
0 0.326503 0.653343 0.0202125 0.0184568
0 0.144986 0.303987 0.0201893 0.0226434
0 0.0593266 0.8925 0.0172394 0.0167835
0 0.89772 0.554572 0.0144169 0.0117701
0 0.398645 0.133647 0.0175759 0.0176667
0 0.321206 0.0385429 0.0176403 0.0227977
0 0.95306 0.165481 0.0260033 0.0252529
0 0.484354 0.0826384 0.0191725 0.0159599
0 0.306683 0.790287 0.0171333 0.0187853
0 0.214191 0.0750509 0.0164405 0.0170469
0 0.45801 0.471394 0.0193706 0.0213356
0 0.241393 0.181012 0.0167589 0.0193094
0 0.343024 0.579149 0.0175296 0.0183815
0 0.275383 0.770783 0.0129729 0.0141674
0 0.081112 0.920828 0.0157388 0.0168923
0 0.499614 0.672938 0.0137209 0.0179764
0 0.504276 0.467158 0.0181743 0.0189716
0 0.559004 0.559595 0.014774 0.0165541
0 0.240613 0.324598 0.0204774 0.0197081
0 0.054592 0.79247 0.0200532 0.0220547
0 0.128406 0.245218 0.0192281 0.0201424
0 0.244332 0.298021 0.0172248 0.0221545
0 0.830672 0.702701 0.0171325 0.0182979
0 0.259681 0.849832 0.0150434 0.0166295
0 0.976709 0.0351121 0.0170369 0.0179406
0 0.845898 0.670181 0.0212059 0.0218967
0 0.452468 0.03779 0.0168156 0.017688
0 0.277138 0.0269219 0.0100442 0.010134
0 0.668698 0.0452238 0.0178708 0.0136403
0 0.495068 0.0601808 0.0130871 0.0147182
0 0.293814 0.0486949 0.0137593 0.0134965
0 0.267965 0.0424479 0.0162879 0.0165977
0 0.588745 0.488981 0.0197681 0.0223844
0 0.732373 0.406532 0.0143713 0.0176302
0 0.409314 0.643771 0.0230877 0.0214726
0 0.491962 0.643852 0.0214313 0.0175499
0 0.368632 0.815105 0.0164801 0.0194746
0 0.17161 0.479337 0.0213602 0.0180452
0 0.768483 0.368003 0.0132845 0.0156007
0 0.496257 0.0617158 0.0141827 0.017599
0 0.817616 0.811495 0.0136238 0.0149807
0 0.559587 0.559948 0.0185835 0.0198082
0 0.00792406 0.868167 0.0149862 0.0131687
0 0.331415 0.899505 0.0188113 0.0195156
0 0.867737 0.155518 0.0157879 0.0189137
0 0.707506 0.392437 0.0180476 0.018577
0 0.757322 0.412331 0.0158497 0.0175427
0 0.944186 0.217491 0.0189968 0.0178375
0 0.783352 0.567884 0.0130258 0.0153578
0 0.148321 0.266204 0.0152545 0.0159118
0 0.293893 0.36474 0.0172575 0.0180046
0 0.919766 0.330285 0.0152206 0.0156283
0 0.78464 0.352691 0.011573 0.0148577
