0 0.839226 0.646516 0.00839347 0.0087893
0 0.802477 0.660556 0.00989968 0.0107334
0 0.365824 0.522803 0.00859538 0.00883424
0 0.0656642 0.984088 0.00944972 0.00791264
0 0.41607 0.874689 0.0128973 0.0112787
0 0.347936 0.577057 0.00863791 0.00867349
0 0.385833 0.642188 0.00770861 0.0080151
0 0.154674 0.895184 0.0132414 0.0148741
0 0.364592 0.508736 0.00881845 0.00943899
0 0.326796 0.93174 0.00897217 0.00836337
0 0.405302 0.862918 0.0113022 0.00921959
0 0.55429 0.734436 0.00737458 0.00701851
0 0.39505 0.563143 0.00820383 0.00786352
0 0.425614 0.760597 0.0125712 0.0113397
0 0.427451 0.602355 0.00858477 0.00788385
0 0.841048 0.577412 0.0137939 0.0128906
0 0.411963 0.634719 0.0102843 0.00972295
0 0.445281 0.802358 0.00809726 0.00823057
0 0.653761 0.734192 0.00659007 0.00724649
0 0.322993 0.746891 0.0070923 0.00742322
0 0.310125 0.549139 0.00993147 0.0106721
0 0.97457 0.990371 0.0123043 0.0133101
0 0.39235 0.791955 0.00865802 0.00846815
0 0.739534 0.667028 0.00677377 0.00758839
0 0.44551 0.734323 0.00835514 0.00888288
