0 0.303543 0.386535 0.0182724 0.0164362
0 0.649313 0.664569 0.0198826 0.0176706
0 0.459341 0.66542 0.017738 0.0166685
0 0.587522 0.812413 0.0184614 0.0188022
0 0.292276 0.695808 0.0158314 0.0149862
0 0.918132 0.938318 0.0133575 0.0120041
0 0.0968805 0.549346 0.0192538 0.0212944
0 0.911783 0.81547 0.0164021 0.015041
0 0.569559 0.778187 0.0213141 0.0173035
0 0.200049 0.222463 0.0211133 0.0199697
0 0.506832 0.766531 0.0217378 0.019511
0 0.492886 0.814694 0.015263 0.0139191
0 0.0269277 0.259954 0.0208087 0.0167933
0 0.189265 0.0135552 0.0145592 0.0141258
0 0.9029 0.959616 0.0185658 0.0162206
0 0.617894 0.770187 0.0213034 0.0189163
0 0.557772 0.117736 0.0214447 0.0173267
0 0.912344 0.815876 0.0197818 0.0180439
0 0.511374 0.84427 0.0202705 0.0141317
0 0.143369 0.0343626 0.0170084 0.0164094
0 0.0798145 0.212374 0.0211123 0.0276105
0 0.143349 0.0347309 0.0212157 0.0211314
0 0.0843654 0.303895 0.015622 0.0157404
0 0.189845 0.0126777 0.0198004 0.0199631
