0 0.173572 0.0216454 0.00980096 0.00952458
0 0.0130623 0.0466517 0.008163 0.00948008
0 0.0533206 0.140382 0.00882287 0.0115685
0 0.380309 0.052933 0.0093435 0.00969139
0 0.27482 0.0410044 0.0094983 0.0100642
0 0.567892 0.0842636 0.00940382 0.00982907
0 0.0927402 0.0358559 0.00884519 0.00901614
0 0.212112 0.166128 0.00865442 0.00902399
0 0.225907 0.114908 0.00848885 0.00867953
0 0.085447 0.0462564 0.00820126 0.00883454
0 0.442116 0.112763 0.0102478 0.0101009
0 0.313994 0.0394427 0.0111818 0.0123058
0 0.0716959 0.0476825 0.00933008 0.00980058
0 0.111249 0.113649 0.00979934 0.0109981
0 0.0971414 0.116025 0.00947566 0.0101321
0 0.0513951 0.0594321 0.00880377 0.00915372
0 0.463674 0.0824602 0.00882635 0.00941318
0 0.44002 0.0388217 0.0101192 0.0102028
0 0.443113 0.0169983 0.00797063 0.00917184
0 0.454502 0.0948981 0.00880834 0.00963056
0 0.428497 0.164453 0.0101604 0.0122003
0 0.560899 0.0369439 0.0124285 0.0116276
0 0.495792 0.0123229 0.00734997 0.00811143
0 0.245754 0.0994701 0.00773668 0.0087046
0 0.63648 0.0952932 0.00973111 0.00978128
0 0.2164 0.025799 0.0121147 0.00909691
0 0.367337 0.0912145 0.00668657 0.0085301
0 0.161357 0.115369 0.0105949 0.0111942
0 0.321076 0.0231072 0.00842151 0.0086404
0 0.0705392 0.062593 0.00772891 0.00800259
