0 0.289535 0.40973 0.0118924 0.0122558
0 0.233697 0.958095 0.00992383 0.00952643
0 0.287516 0.369003 0.0117936 0.00978178
0 0.204607 0.491038 0.0121942 0.0109665
0 0.264547 0.392347 0.0114567 0.0110632
0 0.299916 0.353379 0.0144181 0.0137812
0 0.276248 0.355963 0.010537 0.0120006
0 0.315161 0.405937 0.0134193 0.0122016
0 0.306777 0.423619 0.0113347 0.0118999
0 0.094769 0.768854 0.0128725 0.0124216
0 0.447001 0.63375 0.0130119 0.0124551
0 0.349831 0.508208 0.0108214 0.010632
0 0.166822 0.8729 0.010242 0.0088585
0 0.191422 0.720401 0.0129961 0.0119509
0 0.224879 0.802005 0.0123991 0.0123919
0 0.13241 0.550178 0.0120541 0.0114229
0 0.315714 0.461747 0.0137637 0.0132574
0 0.229667 0.746121 0.012819 0.0123655
0 0.337955 0.473791 0.0129159 0.0119373
0 0.308411 0.389137 0.0115748 0.0113982
0 0.410846 0.588768 0.0111044 0.0125367
0 0.45507 0.65122 0.0124995 0.0143062
0 0.53673 0.497557 0.0108484 0.0116712
0 0.166371 0.588192 0.0148989 0.0138319
0 0.239058 0.938491 0.0111688 0.011694
0 0.324423 0.387125 0.0114236 0.0119177
0 0.22579 0.882353 0.0127258 0.0102615
0 0.404832 0.983082 0.012558 0.012192
0 0.350417 0.388027 0.0124121 0.0108458
0 0.217837 0.0411489 0.0175993 0.019106
0 0.240717 0.865899 0.0108206 0.00958711
0 0.857443 0.292979 0.0126121 0.0141279
0 0.243062 0.912187 0.0129457 0.0125206
0 0.500224 0.20124 0.0114416 0.0101746
0 0.223146 0.94785 0.0124003 0.0115345
0 0.397615 0.51912 0.0128819 0.0103912
0 0.058994 0.728553 0.0129829 0.0127121
0 0.499382 0.67182 0.0131021 0.0142236
0 0.161701 0.956738 0.0161748 0.0125712
0 0.338092 0.357701 0.0177598 0.0186427
0 0.331217 0.516333 0.0119645 0.0100614
0 0.160774 0.85892 0.0121305 0.0126573
0 0.258389 0.432666 0.0103641 0.0109712
0 0.464139 0.694687 0.0107969 0.014442
0 0.360852 0.481567 0.0132412 0.0114409
0 0.122178 0.590445 0.0115835 0.0116084
0 0.488353 0.00837244 0.00944921 0.00993468
0 0.471302 0.424333 0.00890371 0.00862256
0 0.341763 0.536845 0.0100488 0.0117735
0 0.183684 0.8524 0.0128239 0.0123016
0 0.0472428 0.844788 0.0135522 0.0130504
0 0.200282 0.517582 0.0114383 0.00998098
0 0.217527 0.897733 0.0142518 0.013113
0 0.274413 0.912562 0.011517 0.0125871
0 0.16489 0.891648 0.0130162 0.0107666
0 0.331698 0.546765 0.0116009 0.0115812
0 0.00592515 0.839831 0.0118503 0.0134557
0 0.265601 0.965204 0.0158389 0.0149261
0 0.464455 0.695928 0.0142287 0.0188651
0 0.213553 0.737021 0.0127579 0.0127587
0 0.209091 0.932623 0.0123907 0.0113777
0 0.625586 0.203182 0.0119411 0.0105623
0 0.45048 0.434985 0.0104107 0.0105659
0 0.291478 0.465032 0.0115716 0.0113793
0 0.482752 0.420196 0.00742856 0.00795156
0 0.306558 0.443497 0.0139493 0.0119678
0 0.0832167 0.840862 0.0142305 0.0125828
