0 0.454316 0.6191 0.0105377 0.0111875
0 0.397919 0.932447 0.00888461 0.01055
0 0.471044 0.928813 0.00945854 0.0101253
0 0.507004 0.283052 0.00839806 0.00953475
0 0.667313 0.442094 0.0117652 0.0123657
0 0.86569 0.647376 0.00971299 0.0114864
0 0.862673 0.776046 0.0129189 0.0132564
0 0.216379 0.647274 0.00930762 0.00974965
0 0.388211 0.8944 0.0128834 0.0134872
0 0.299145 0.155487 0.0112931 0.0120583
0 0.597323 0.989552 0.00836241 0.00935286
0 0.357323 0.542374 0.0102622 0.0109615
0 0.711414 0.45148 0.00899851 0.00941792
0 0.319604 0.870642 0.00841883 0.0101791
0 0.7264 0.438687 0.0100303 0.0102171
0 0.666087 0.369727 0.010001 0.0110951
0 0.173193 0.288459 0.00746028 0.00766888
0 0.622339 0.538443 0.010309 0.0110256
0 0.592666 0.216205 0.0123463 0.0106486
0 0.713647 0.474504 0.0100634 0.010206
0 0.695319 0.502124 0.0128449 0.0114829
0 0.575788 0.294751 0.0102451 0.00948811
0 0.634317 0.49016 0.00956154 0.00967571
0 0.337266 0.586112 0.0108989 0.0106931
0 0.337366 0.82964 0.0161012 0.0147808
0 0.328395 0.797816 0.00780296 0.00894338
0 0.645915 0.180092 0.008515 0.00842601
0 0.440377 0.602585 0.00861663 0.00754285
0 0.892489 0.639839 0.00958937 0.011005
0 0.247127 0.52034 0.0115826 0.0118436
0 0.71174 0.450804 0.0109178 0.0115522
0 0.592953 0.301945 0.00971764 0.0102742
0 0.601311 0.237128 0.0080741 0.00971207
0 0.836673 0.413564 0.0105995 0.00981978
0 0.652929 0.362054 0.00919092 0.00871044
0 0.754241 0.493107 0.0129822 0.0138115
0 0.739667 0.526481 0.00998145 0.0101531
0 0.658273 0.475897 0.00731343 0.0079256
0 0.384574 0.913513 0.00873637 0.0101709
0 0.977935 0.646888 0.0116295 0.0135786
0 0.290909 0.853173 0.0113082 0.0136894
0 0.604982 0.202262 0.00904042 0.00884371
0 0.431618 0.492319 0.00889951 0.0100634
0 0.198219 0.947094 0.0109505 0.00998956
