0 0.3406 0.372309 0.012068 0.0137091
0 0.408088 0.297279 0.00939485 0.00852209
0 0.492669 0.269346 0.0181853 0.0204337
0 0.366609 0.501323 0.0177209 0.0141279
0 0.831905 0.318598 0.0202328 0.0211934
0 0.437299 0.889202 0.0156452 0.0181717
0 0.731371 0.317666 0.0185919 0.0181504
0 0.418186 0.324927 0.0159411 0.0155025
0 0.668429 0.924856 0.0186103 0.019404
0 0.411231 0.2537 0.0166323 0.0205369
0 0.42085 0.281277 0.0172279 0.0226613
0 0.755466 0.311301 0.011269 0.0143628
0 0.428265 0.915417 0.0101802 0.0095436
0 0.796012 0.692948 0.0167164 0.0189705
0 0.417491 0.324918 0.0194188 0.0195407
0 0.338582 0.54792 0.0155605 0.0170605
0 0.459045 0.534549 0.022426 0.0194669
0 0.595149 0.744564 0.0163369 0.0177189
0 0.262417 0.533349 0.0165009 0.0153797
0 0.7752 0.270057 0.0197681 0.0210235
0 0.622163 0.987797 0.0113485 0.0143261
0 0.366654 0.408069 0.0135905 0.018744
0 0.387169 0.500504 0.0121863 0.0156754
0 0.751323 0.393968 0.0180476 0.0191507
0 0.545972 0.959044 0.0165052 0.0172907
0 0.364841 0.501565 0.0142221 0.0110177
0 0.362729 0.253721 0.0201505 0.0265898
0 0.438497 0.891655 0.0194383 0.026161
0 0.756233 0.354596 0.0114226 0.0130288
0 0.902804 0.799846 0.0120882 0.0130341
0 0.665175 0.357435 0.0207175 0.0282308
0 0.340953 0.372361 0.0146518 0.0176497
0 0.760062 0.335143 0.0132034 0.0152991
0 0.566118 0.386361 0.0189537 0.0258708
0 0.807487 0.277962 0.0204601 0.027458
0 0.847729 0.595452 0.00938088 0.0111784
0 0.839141 0.353269 0.00942308 0.0153278
0 0.240897 0.577133 0.0127423 0.0127289
0 0.559881 0.236177 0.0152364 0.0115119
0 0.595429 0.219479 0.0190904 0.0172048
0 0.308513 0.539498 0.0196595 0.0222513
0 0.479441 0.864403 0.00872964 0.0106655
0 0.338528 0.546988 0.0181578 0.0222316
0 0.452078 0.222657 0.0183338 0.0188915
