0 0.0398013 0.924063 0.0155676 0.0173096
0 0.446869 0.451412 0.0200792 0.0206503
0 0.178961 0.397745 0.0170532 0.0172625
0 0.362712 0.340407 0.0194607 0.0248646
0 0.528651 0.667141 0.0137083 0.0137438
0 0.121648 0.791725 0.00908562 0.00902164
0 0.318255 0.298459 0.0124601 0.0127802
0 0.653512 0.444167 0.0162106 0.0169352
0 0.785664 0.188305 0.014048 0.0170309
0 0.16908 0.562216 0.0201757 0.025792
0 0.844507 0.173095 0.0203778 0.0186527
0 0.228335 0.244106 0.0159924 0.0162838
0 0.371648 0.990595 0.0115528 0.0141935
0 0.0409076 0.924033 0.0117356 0.0152584
0 0.511664 0.377723 0.0115324 0.0119518
0 0.304199 0.33059 0.0182077 0.0230812
0 0.600546 0.475476 0.0154598 0.0148174
0 0.452376 0.328711 0.0143139 0.0130361
0 0.599734 0.223982 0.0174078 0.0162393
0 0.337011 0.297441 0.0172364 0.0143678
0 0.399543 0.96786 0.0130283 0.0182197
0 0.330809 0.326044 0.0214115 0.0206784
0 0.371633 0.990764 0.0143639 0.0184725
0 0.163891 0.346562 0.0208071 0.0189674
0 0.39967 0.968123 0.0110067 0.0150925
0 0.400779 0.428814 0.0171526 0.0153961
0 0.116159 0.326737 0.0172931 0.0165923
0 0.232625 0.86709 0.0163505 0.014892
0 0.601832 0.518521 0.0146 0.0176968
0 0.644497 0.394359 0.010631 0.0101867
0 0.114912 0.778619 0.0181835 0.016663
0 0.204044 0.387166 0.0157327 0.0175865
0 0.582699 0.269581 0.0142357 0.0173576
0 0.259494 0.788041 0.0254633 0.0229856
0 0.0757466 0.56742 0.0192358 0.013961
0 0.588534 0.549008 0.00978357 0.0100189
0 0.71386 0.357917 0.0151938 0.0205452
0 0.275399 0.84476 0.0176516 0.020041
0 0.127238 0.51778 0.0189198 0.0160621
0 0.506499 0.723666 0.011519 0.0158355
0 0.0927309 0.612946 0.0235279 0.0187972
0 0.506524 0.725087 0.0153482 0.0203758
0 0.156111 0.775032 0.012244 0.0186391
0 0.492338 0.267715 0.0184243 0.0157984
0 0.0672197 0.550991 0.014824 0.0137981
