0 0.508572 0.883467 0.00959742 0.00942308
0 0.415959 0.821487 0.0100455 0.0101148
0 0.473411 0.82905 0.0101391 0.00930119
0 0.514542 0.897591 0.00815314 0.00900728
0 0.357927 0.785439 0.0081625 0.00907028
0 0.705756 0.735514 0.0100906 0.0104146
0 0.446243 0.896347 0.00905001 0.00983334
0 0.310044 0.840408 0.010527 0.00999969
0 0.514795 0.796421 0.00910544 0.00896949
0 0.688929 0.715491 0.00873673 0.0102491
0 0.546385 0.736046 0.00765353 0.00939751
0 0.608818 0.699093 0.00820577 0.00841713
0 0.290548 0.872998 0.0102185 0.00986707
0 0.30917 0.866267 0.010365 0.00995922
0 0.406184 0.979388 0.0096961 0.00953025
0 0.247149 0.733834 0.00916028 0.00922507
0 0.667439 0.849304 0.0108156 0.0103443
0 0.379563 0.925916 0.00999326 0.00893116
0 0.486899 0.973122 0.0102951 0.0105534
0 0.645154 0.8673 0.00969809 0.0103111
0 0.402416 0.798748 0.0106573 0.010437
0 0.391891 0.808824 0.007642 0.00888044
0 0.623463 0.802346 0.00953627 0.00902766
0 0.175193 0.820146 0.00901099 0.00905633
0 0.611158 0.895632 0.00854504 0.00883812
0 0.220254 0.780089 0.00925827 0.00946444
0 0.686075 0.8778 0.00690174 0.00717676
0 0.554272 0.831059 0.00967866 0.00978303
0 0.51244 0.365929 0.0111718 0.0111173
0 0.423393 0.883998 0.0136454 0.01236
0 0.539796 0.674178 0.00989723 0.00890851
0 0.491132 0.844996 0.00862896 0.00814205
0 0.232516 0.724091 0.00740404 0.00863189
0 0.68556 0.744047 0.00948715 0.00883925
0 0.595156 0.722056 0.00734305 0.00808287
0 0.630677 0.412966 0.0105359 0.00966492
0 0.752591 0.811612 0.00941807 0.00879765
0 0.579418 0.75251 0.0121973 0.0115582
0 0.468519 0.775477 0.0100857 0.0092144
0 0.953517 0.920591 0.00926971 0.00926667
0 0.580827 0.712016 0.0102077 0.0101106
0 0.508117 0.829221 0.00839937 0.00884265
0 0.553357 0.715815 0.00645638 0.00649136
0 0.626878 0.633115 0.00792831 0.00815225
0 0.934974 0.922953 0.00874788 0.0101364
0 0.628807 0.858447 0.00770104 0.00681728
0 0.373438 0.756604 0.0113924 0.0124683
0 0.226904 0.746745 0.00985488 0.0118422
0 0.332331 0.951543 0.00836411 0.00862581
0 0.482106 0.778458 0.00729111 0.00740165
0 0.826812 0.835999 0.00874156 0.0089817
0 0.425928 0.757989 0.00809994 0.00813961
0 0.304994 0.964691 0.0112468 0.011795
0 0.898534 0.99136 0.00839573 0.008609
0 0.750399 0.888415 0.0122232 0.00941449
0 0.61305 0.827596 0.00832045 0.00801772
0 0.346011 0.908179 0.00800791 0.00925368
0 0.56842 0.80926 0.0105734 0.0104961
0 0.599521 0.738449 0.0101964 0.00970614
0 0.167405 0.801091 0.0088598 0.0085001
0 0.489758 0.960701 0.0080992 0.00865972
0 0.629769 0.646702 0.00867558 0.00864702
0 0.524929 0.867629 0.00954211 0.00896984
0 0.893471 0.804482 0.011857 0.0121254
0 0.319305 0.986719 0.0107146 0.0121109
0 0.582049 0.394167 0.00951672 0.00972456
0 0.641263 0.626963 0.00857562 0.00890005
0 0.629944 0.660423 0.0106936 0.0104045
0 0.690336 0.774762 0.00784224 0.00980967
0 0.535016 0.361451 0.00866795 0.00864562
0 0.43879 0.62163 0.0100312 0.0107576
0 0.419939 0.976769 0.00812778 0.00978047
0 0.209297 0.689755 0.00875288 0.00884932
0 0.621058 0.401306 0.0107375 0.0117178
0 0.686745 0.623931 0.0092513 0.00932944
0 0.671831 0.822225 0.00983 0.00904775
0 0.632547 0.617458 0.00881118 0.0100293
0 0.3951 0.773469 0.007615 0.00870126
0 0.694272 0.90872 0.00941032 0.00803339
0 0.66754 0.809466 0.00936431 0.0118895
0 0.642225 0.824354 0.00736094 0.00721705
0 0.560737 0.728798 0.00950712 0.00906563
0 0.702622 0.752806 0.00763744 0.00873452
0 0.476207 0.332579 0.00850764 0.00890961
0 0.678133 0.785795 0.00936425 0.00816345
0 0.63814 0.394765 0.00907111 0.00958565
0 0.290229 0.846797 0.00735113 0.00765002
0 0.489141 0.70307 0.00941011 0.00916713
0 0.393799 0.916382 0.00794992 0.00896001
0 0.584314 0.694419 0.00860614 0.00849301
0 0.414557 0.760049 0.00814667 0.00746214
0 0.628313 0.815966 0.0067482 0.0072884
0 0.577875 0.495967 0.00903815 0.00812167
0 0.524028 0.677081 0.00728035 0.00716084
0 0.260855 0.712212 0.00865787 0.00865632
0 0.423615 0.421049 0.010524 0.00963259
0 0.469581 0.604253 0.0101965 0.0103771
0 0.499458 0.755841 0.00826362 0.008035
0 0.496588 0.931944 0.00843829 0.00880545
0 0.925205 0.982887 0.0107495 0.010392
0 0.148309 0.81704 0.00895734 0.00848275
0 0.192142 0.809056 0.00936799 0.00865304
0 0.384361 0.746477 0.00819558 0.00943738
0 0.671118 0.670517 0.00848198 0.00847733
0 0.509771 0.761585 0.00699079 0.007936
0 0.454043 0.60909 0.00582361 0.0062542
0 0.396303 0.931439 0.0100719 0.00982779
0 0.396219 0.930968 0.00798932 0.00862008
0 0.502808 0.898678 0.00901374 0.00840127
0 0.509842 0.762354 0.00859171 0.00887567
0 0.515183 0.637648 0.00934947 0.0088098
0 0.331282 0.705054 0.00971803 0.011785
0 0.943382 0.883352 0.00912285 0.00918365
0 0.560037 0.396417 0.00870442 0.00871345
0 0.569172 0.785694 0.0119999 0.0123608
0 0.607424 0.372796 0.0073927 0.00766465
0 0.411985 0.773033 0.00657627 0.00719738
0 0.173464 0.1455 0.00786434 0.00792375
0 0.226442 0.746188 0.0119333 0.0143845
0 0.622445 0.676481 0.00649661 0.00600111
0 0.521273 0.836174 0.00652182 0.00760686
0 0.681755 0.638903 0.00845492 0.00889707
0 0.347667 0.940774 0.0086711 0.00998229
0 0.39562 0.635592 0.00740063 0.0075565
0 0.494599 0.950162 0.00992069 0.0113006
0 0.557472 0.818164 0.0074665 0.00737035
0 0.354795 0.915017 0.00765952 0.00809216
0 0.468432 0.933436 0.00777605 0.00805205
0 0.938248 0.895264 0.00839084 0.0084064
0 0.982764 0.753246 0.00856686 0.00903267
0 0.257586 0.843604 0.00819799 0.00871694
0 0.190572 0.786883 0.0105775 0.00982106
0 0.380058 0.925727 0.0126344 0.0103325
0 0.671192 0.770444 0.00907534 0.0100104
0 0.371117 0.916034 0.0067324 0.00592458
0 0.558761 0.327584 0.00844634 0.00900021
0 0.642514 0.788019 0.00902998 0.00848901
0 0.554978 0.616605 0.00842303 0.0081715
0 0.694526 0.866557 0.00704783 0.00809914
0 0.818761 0.912377 0.00937825 0.0100704
0 0.459301 0.706002 0.00774375 0.00776321
0 0.544498 0.317697 0.00844467 0.00898317
0 0.393856 0.737415 0.00946808 0.00873965
0 0.224001 0.831643 0.00929223 0.00851101
0 0.578403 0.644874 0.0114624 0.00896329
0 0.672174 0.719867 0.00701773 0.00846517
0 0.900049 0.893264 0.0105022 0.0088383
0 0.5291 0.344971 0.0107061 0.00949916
0 0.44862 0.601012 0.00745028 0.00767827
0 0.953468 0.919426 0.010805 0.0103838
0 0.52289 0.850545 0.00724012 0.00765765
0 0.691078 0.891385 0.00881439 0.00955772
0 0.705184 0.833496 0.00842285 0.00840092
0 0.968615 0.756395 0.00976372 0.00864524
