0 0.586103 0.273394 0.0151055 0.0152778
0 0.554875 0.237969 0.0164665 0.0145947
0 0.162052 0.968119 0.0121108 0.0177435
0 0.191166 0.279348 0.00989833 0.00977838
0 0.548389 0.508655 0.0163355 0.0168518
0 0.590309 0.114243 0.0179716 0.0207174
0 0.120557 0.862075 0.0201169 0.0232158
0 0.630645 0.942558 0.012939 0.0135632
0 0.0301758 0.0817834 0.0163502 0.0163086
0 0.0982156 0.0842385 0.0170744 0.0192543
0 0.0510891 0.0716983 0.0240204 0.0224907
0 0.51379 0.418783 0.0110666 0.0123012
0 0.333359 0.448471 0.0193681 0.018725
0 0.364407 0.0319666 0.0196038 0.0212627
0 0.558083 0.203887 0.012634 0.0158859
0 0.142522 0.118131 0.0164552 0.0187926
0 0.557595 0.205 0.0166262 0.0213757
0 0.290789 0.875772 0.0186343 0.0209061
