0 0.151708 0.618875 0.0196975 0.0223797
0 0.734585 0.582001 0.0164152 0.0182722
0 0.142947 0.111116 0.0167007 0.0175165
0 0.75466 0.8002 0.0123608 0.0159652
0 0.65293 0.970041 0.0138936 0.0129135
0 0.213734 0.163642 0.0167931 0.0181118
0 0.0673473 0.90951 0.0185957 0.0199974
0 0.696572 0.776079 0.0107595 0.0127174
0 0.724138 0.828703 0.0144342 0.0156941
0 0.21375 0.71087 0.019022 0.0160517
0 0.511151 0.0488157 0.0140249 0.0160605
0 0.61329 0.343815 0.0151091 0.0216125
0 0.493537 0.0161352 0.0188101 0.0266352
0 0.416452 0.601667 0.0194445 0.0191736
0 0.695826 0.529296 0.0126203 0.0130041
0 0.018075 0.969071 0.0189305 0.0191975
0 0.147861 0.141562 0.0161782 0.0152169
0 0.28953 0.629373 0.0203003 0.0230915
0 0.220846 0.228777 0.0176965 0.016655
0 0.230474 0.690124 0.00831686 0.00879616
0 0.697573 0.848046 0.0128289 0.0136552
0 0.262549 0.272668 0.020217 0.0211122
0 0.19213 0.293655 0.0125051 0.0140997
0 0.382839 0.574315 0.0143642 0.0154386
0 0.649336 0.92091 0.0183535 0.0176628
0 0.420429 0.157318 0.0154669 0.0163232
0 0.671698 0.963369 0.0134043 0.0154663
0 0.639866 0.941857 0.02075 0.0180025
0 0.17662 0.294042 0.0118855 0.0148931
0 0.0939213 0.954089 0.0157747 0.0171963
0 0.0780278 0.931763 0.0128221 0.0162827
0 0.964119 0.431856 0.0115871 0.0129752
0 0.312838 0.520956 0.0207301 0.0208683
0 0.262835 0.622278 0.0170094 0.018651
0 0.80736 0.537483 0.0149937 0.0181302
0 0.806979 0.557016 0.0180836 0.0156601
0 0.775772 0.532218 0.0171877 0.0185931
0 0.349548 0.947723 0.0126616 0.0152206
