0 0.658044 0.333079 0.0228364 0.0235356
0 0.822575 0.288765 0.0177114 0.0203024
0 0.79686 0.258016 0.024154 0.0221481
0 0.100531 0.20006 0.0168656 0.0164679
0 0.844983 0.393176 0.0189136 0.0183986
0 0.182106 0.726089 0.0195033 0.0207946
0 0.131807 0.389215 0.0172425 0.0150694
0 0.755311 0.232378 0.0169052 0.0120658
0 0.789183 0.215112 0.0229208 0.0290251
0 0.895884 0.428006 0.0149683 0.0148701
0 0.737779 0.306472 0.0127434 0.0188107
0 0.828582 0.371229 0.0142963 0.0125546
0 0.886471 0.367092 0.0136482 0.0142672
0 0.989272 0.610082 0.0214558 0.0224673
0 0.0470045 0.129451 0.0178597 0.0171525
0 0.951536 0.502874 0.0143532 0.0142756
0 0.844145 0.209206 0.0209678 0.0151608
0 0.797138 0.259115 0.0299244 0.0316241
0 0.90191 0.391351 0.0129307 0.0168758
