0 0.0829088 0.0771675 0.0192251 0.021031
0 0.513428 0.174036 0.0192048 0.0173517
0 0.625575 0.31852 0.0207172 0.0201265
0 0.308108 0.371748 0.0145696 0.0135513
0 0.341849 0.726288 0.0131617 0.0175861
0 0.15343 0.119327 0.0133831 0.01619
0 0.347941 0.942237 0.0129654 0.01456
0 0.557158 0.909819 0.0114536 0.0136005
0 0.663576 0.98873 0.0115557 0.0114162
0 0.772949 0.883875 0.0148314 0.0228014
0 0.473806 0.119477 0.0126503 0.0122868
0 0.140425 0.0818825 0.0110854 0.0113968
0 0.21429 0.0124403 0.0171138 0.0157469
0 0.722539 0.799919 0.0142801 0.0179148
0 0.877709 0.535085 0.0149238 0.0147473
0 0.764185 0.457707 0.0133888 0.0156732
0 0.175738 0.129456 0.0219353 0.0211488
0 0.231876 0.887393 0.0153736 0.0179205
0 0.0056483 0.061428 0.010812 0.0134135
