0 0.644538 0.717586 0.0153487 0.018252
0 0.912114 0.857275 0.0151901 0.0185772
0 0.952129 0.71198 0.0142795 0.0171356
0 0.0219171 0.343444 0.015447 0.0183239
0 0.884289 0.686761 0.0156267 0.0175631
0 0.270802 0.921828 0.018085 0.0173077
0 0.756778 0.977218 0.0137857 0.017175
0 0.0125677 0.604388 0.0251355 0.0255131
0 0.469371 0.697222 0.0163948 0.017978
0 0.945026 0.647505 0.0205404 0.0181206
0 0.0380831 0.389141 0.0198175 0.0195842
0 0.900072 0.730102 0.0151466 0.0222745
0 0.677693 0.911319 0.0164195 0.0159401
0 0.888481 0.849975 0.0153973 0.014679
0 0.504381 0.790109 0.0131982 0.0153506
0 0.272292 0.538871 0.0178064 0.0170561
0 0.549749 0.720304 0.0147471 0.019632
0 0.233665 0.387202 0.0168962 0.0171532
0 0.186238 0.967348 0.0164874 0.0200836
0 0.168488 0.778866 0.0154435 0.0163351
0 0.871742 0.889689 0.00970691 0.00992513
0 0.740663 0.846659 0.0149169 0.0141098
0 0.721637 0.854017 0.0141416 0.0163576
0 0.876284 0.768146 0.0151974 0.0183288
0 0.853588 0.776541 0.0196411 0.0223753
0 0.878661 0.630943 0.0162022 0.0179363
0 0.458606 0.494831 0.0192878 0.0170622
0 0.186752 0.354728 0.0189742 0.0185363
0 0.671967 0.79642 0.0156732 0.0182814
