0 0.808402 0.136401 0.0168675 0.0194637
0 0.625986 0.765625 0.0171978 0.0175546
0 0.937633 0.89139 0.0161713 0.0176701
0 0.418643 0.914615 0.0144036 0.0165825
0 0.467607 0.664334 0.0153973 0.019025
0 0.770527 0.211272 0.0137134 0.0176815
0 0.385216 0.313137 0.0122549 0.0162562
0 0.806355 0.395019 0.0194824 0.0201702
0 0.16415 0.610729 0.0169135 0.016115
0 0.816531 0.804317 0.0136089 0.0162491
0 0.531778 0.463333 0.0157768 0.0191236
0 0.64979 0.671896 0.0141854 0.0157967
0 0.706978 0.690643 0.0142823 0.0152878
0 0.505967 0.824288 0.0185217 0.020106
0 0.641685 0.113034 0.0165091 0.018399
0 0.417384 0.595661 0.0161139 0.0188729
0 0.584792 0.528472 0.0107101 0.0125236
0 0.897815 0.390205 0.0143268 0.0160438
0 0.543849 0.550373 0.0148998 0.0164866
0 0.295211 0.430304 0.0147556 0.0159998
0 0.5598 0.78493 0.0139877 0.0142151
0 0.840848 0.456532 0.014323 0.0156825
0 0.0568062 0.825702 0.0164359 0.0156033
0 0.671354 0.653914 0.0163329 0.015408
0 0.69966 0.740472 0.0137562 0.0152858
0 0.198218 0.589136 0.0121808 0.0123982
0 0.553038 0.460292 0.0129892 0.014661
0 0.445211 0.9404 0.0140938 0.0146782
0 0.0233284 0.840446 0.0157172 0.0166746
0 0.707731 0.330594 0.0191938 0.0198279
0 0.537219 0.638848 0.014118 0.0174637
0 0.663175 0.318131 0.0184739 0.0166512
0 0.466606 0.855509 0.0113905 0.00933647
0 0.76955 0.266127 0.0161851 0.0142893
0 0.0455524 0.804515 0.0193925 0.0146738
0 0.768606 0.573187 0.0208285 0.0262246
0 0.769982 0.868486 0.0123333 0.0152102
0 0.411665 0.31069 0.0177254 0.0202783
0 0.726004 0.402134 0.0178324 0.0156749
0 0.816805 0.461397 0.0125502 0.0130489
0 0.361235 0.371488 0.0167608 0.0178836
0 0.96772 0.883179 0.0138374 0.0135006
0 0.414901 0.649343 0.0133742 0.0150225
0 0.875583 0.44561 0.0172844 0.0170368
0 0.172563 0.934015 0.00966635 0.0113274
0 0.879828 0.699524 0.0143356 0.0177702
0 0.723641 0.153938 0.012064 0.0111391
0 0.328014 0.733186 0.0214289 0.0233431
0 0.380877 0.266164 0.021069 0.0210196
0 0.627462 0.141292 0.0122423 0.0138687
0 0.923996 0.761991 0.0200505 0.0216324
0 0.356425 0.877162 0.0134977 0.0167332
0 0.437686 0.355324 0.0102431 0.0119087
0 0.832152 0.787383 0.0146508 0.0159712
0 0.442397 0.674342 0.0112298 0.0149397
0 0.688963 0.492939 0.0201208 0.0222131
0 0.590843 0.595418 0.00863558 0.00983775
0 0.646139 0.258135 0.0164091 0.0167046
0 0.766797 0.895064 0.0135595 0.0154213
0 0.54239 0.850157 0.0168067 0.0186117
0 0.745878 0.415065 0.0147806 0.0152389
0 0.495739 0.739491 0.0140119 0.0152814
0 0.694274 0.428138 0.0164851 0.015156
0 0.738944 0.568242 0.0192968 0.0293009
0 0.696236 0.426838 0.0133314 0.013005
0 0.307987 0.944417 0.0139568 0.0176609
0 0.927209 0.318972 0.0163023 0.0214441
0 0.0885446 0.854672 0.0175556 0.0196282
0 0.421357 0.517197 0.0154817 0.020603
0 0.781079 0.8518 0.0117809 0.014228
0 0.670291 0.29463 0.0167254 0.018421
0 0.605053 0.15924 0.0206224 0.0229515
0 0.407974 0.618199 0.0157106 0.0155285
0 0.667662 0.805889 0.0162457 0.0216405
0 0.405116 0.380193 0.00866526 0.0105602
0 0.245644 0.115887 0.0262537 0.0254526
0 0.576191 0.315953 0.0110146 0.0104639
0 0.6013 0.691907 0.0134306 0.0128067
0 0.511875 0.477626 0.0162546 0.0173883
0 0.759062 0.451402 0.0166462 0.0130155
0 0.581117 0.132495 0.0178993 0.0238418
0 0.619279 0.126982 0.0117605 0.012986
0 0.059917 0.104657 0.0165859 0.0156684
