0 0.193873 0.622168 0.0159396 0.0159946
0 0.206667 0.459904 0.0166163 0.0183591
0 0.256287 0.663037 0.0172432 0.0208964
0 0.506624 0.906847 0.015858 0.0149189
0 0.0974306 0.444664 0.0188451 0.0194803
0 0.250628 0.614264 0.0150526 0.0156445
0 0.199797 0.554597 0.0157581 0.0182377
0 0.391654 0.679092 0.0147471 0.0178463
0 0.217261 0.602052 0.0165951 0.0173245
0 0.107083 0.140919 0.0169053 0.0176549
0 0.204191 0.144487 0.0138568 0.0167353
0 0.229898 0.62965 0.0144422 0.0137191
0 0.0424128 0.120375 0.0147819 0.0188643
0 0.258543 0.777989 0.0143803 0.0194181
0 0.01255 0.0193121 0.0206555 0.0296446
0 0.358879 0.688951 0.0185222 0.0212842
0 0.296376 0.956847 0.0132521 0.0171477
0 0.305322 0.927835 0.0132412 0.016925
0 0.421583 0.986511 0.0120699 0.0119118
0 0.1762 0.218543 0.0129942 0.0166025
0 0.0278988 0.27587 0.0133688 0.0149061
0 0.126983 0.0812516 0.0161061 0.0159554
0 0.298522 0.291853 0.0144784 0.0194461
0 0.5329 0.579331 0.0116341 0.014805
0 0.0446648 0.0562044 0.0140063 0.0132641
0 0.342685 0.966975 0.0144989 0.0148613
0 0.259783 0.581167 0.017045 0.0184352
0 0.104168 0.667162 0.0175104 0.0225129
0 0.0486563 0.630574 0.0158775 0.0194002
0 0.394475 0.624568 0.0206701 0.0180326
0 0.179094 0.466732 0.0136652 0.0164112
