0 0.361729 0.146676 0.0173291 0.0242689
0 0.277947 0.148056 0.015326 0.0157917
0 0.411246 0.0188013 0.0156855 0.0147188
0 0.389934 0.0690619 0.013933 0.0172334
0 0.71519 0.14399 0.0159947 0.0173225
0 0.295138 0.110507 0.016234 0.0181334
0 0.186266 0.00809361 0.015799 0.0161872
0 0.293008 0.0184883 0.0176873 0.0195963
0 0.0282546 0.0331897 0.0210729 0.0236676
0 0.674415 0.633564 0.0180115 0.0173542
0 0.750973 0.243835 0.0229321 0.0229643
0 0.558093 0.862724 0.0170053 0.0186306
0 0.934952 0.736151 0.0144102 0.0156925
0 0.32914 0.0916677 0.0137461 0.016237
0 0.920978 0.784949 0.0164452 0.0177934
0 0.0763219 0.658834 0.0168912 0.017417
0 0.639672 0.241082 0.0153385 0.0191122
0 0.46785 0.0782138 0.0170631 0.0182844
0 0.616473 0.924836 0.0151812 0.0170765
0 0.884781 0.200504 0.0138534 0.0160379
0 0.320464 0.177132 0.013962 0.0170287
0 0.0543006 0.0518324 0.01922 0.0188346
0 0.717811 0.765218 0.0176592 0.0170135
0 0.0314149 0.0837113 0.0169508 0.0229054
0 0.0870967 0.0743132 0.0162385 0.0191472
0 0.841347 0.334042 0.0136276 0.016454
0 0.885508 0.656309 0.0111351 0.0151098
0 0.618959 0.236198 0.0131029 0.0149068
0 0.655446 0.119689 0.0145246 0.0138695
