0 0.546544 0.690723 0.00956249 0.00984621
0 0.323306 0.928279 0.0128198 0.0145132
0 0.503536 0.329271 0.00934586 0.00978926
0 0.421627 0.592524 0.00747949 0.0087446
0 0.492705 0.570537 0.0082821 0.00831985
0 0.401842 0.365221 0.00858 0.00996742
0 0.488927 0.477357 0.00989285 0.0106529
0 0.678412 0.297287 0.00853324 0.00982121
0 0.420352 0.707586 0.00789174 0.00918692
0 0.602269 0.261766 0.00661945 0.00842682
0 0.693448 0.349353 0.00912428 0.00945961
0 0.67762 0.585139 0.00846893 0.00883263
0 0.709452 0.38426 0.00902539 0.00927112
0 0.446387 0.547732 0.0107821 0.0103895
0 0.621479 0.340943 0.00974429 0.00896114
0 0.760315 0.305525 0.00974321 0.0110685
0 0.471425 0.702388 0.00795287 0.00921094
0 0.679653 0.603361 0.00863665 0.00942326
0 0.402937 0.587 0.00948629 0.00977814
0 0.589432 0.688177 0.00796926 0.00951731
0 0.820033 0.303573 0.0105326 0.0107512
0 0.260124 0.909268 0.00848541 0.00878602
0 0.647278 0.217798 0.00918502 0.0098184
0 0.406406 0.571913 0.00931904 0.00903511
0 0.442523 0.62503 0.0106003 0.011254
0 0.353719 0.539753 0.00819874 0.00896168
0 0.282398 0.897993 0.0101422 0.0100282
0 0.344334 0.954782 0.00843677 0.00918198
0 0.702362 0.367828 0.00919706 0.010426
0 0.703042 0.492297 0.010165 0.0128632
0 0.414644 0.55215 0.00777856 0.00989133
0 0.73596 0.322938 0.00704318 0.00742131
0 0.664471 0.606402 0.00878906 0.0116777
0 0.404303 0.91623 0.00683299 0.00725114
0 0.440157 0.652189 0.010092 0.0106835
0 0.316294 0.546079 0.00839186 0.00872421
0 0.681908 0.121196 0.00790745 0.00984287
0 0.447006 0.453924 0.0102536 0.0106203
0 0.748541 0.395428 0.00856799 0.00913164
0 0.760578 0.537587 0.00927031 0.0106276
0 0.778814 0.404539 0.00925559 0.00937882
0 0.540634 0.570216 0.00739223 0.00786352
0 0.385215 0.589398 0.00891224 0.0104808
0 0.450728 0.94481 0.0079768 0.00904351
0 0.37469 0.380603 0.00944147 0.00916043
0 0.683075 0.277483 0.00791699 0.00699416
0 0.619554 0.329131 0.0073362 0.00813666
0 0.548696 0.559331 0.00856918 0.0104237
0 0.383579 0.565084 0.00722292 0.0092991
0 0.468072 0.269758 0.0100069 0.0101731
0 0.458198 0.517163 0.00827017 0.00951695
0 0.357251 0.347198 0.00829476 0.00901833
0 0.464894 0.441773 0.00868681 0.00911617
0 0.408445 0.993209 0.0084956 0.00909406
0 0.417659 0.926136 0.00732136 0.0073874
0 0.602405 0.336514 0.00803661 0.00866401
0 0.274913 0.883517 0.0092423 0.009606
0 0.732285 0.423323 0.00796556 0.00857332
0 0.410558 0.258743 0.00751248 0.00833663
0 0.423391 0.916133 0.00795919 0.00951689
0 0.255251 0.992944 0.00921661 0.00925046
0 0.476654 0.449417 0.00775376 0.00937834
0 0.689437 0.482261 0.00742817 0.00840205
0 0.620376 0.587795 0.010334 0.0115646
0 0.453194 0.673773 0.00845033 0.0112481
0 0.437795 0.897396 0.00999805 0.0098232
0 0.7514 0.528877 0.00879717 0.0105858
0 0.131433 0.233703 0.0223324 0.0256373
0 0.469002 0.958644 0.00800437 0.00922894
0 0.457269 0.355663 0.00860396 0.0102527
0 0.408682 0.882249 0.00895149 0.00858957
0 0.543462 0.656869 0.00972003 0.0141127
0 0.504742 0.466234 0.00945109 0.00844002
0 0.561998 0.703998 0.0110893 0.0117882
0 0.418677 0.501728 0.00913659 0.00944597
0 0.480213 0.637003 0.00898647 0.0112677
0 0.279957 0.913017 0.00818104 0.00868988
0 0.358783 0.555152 0.00680009 0.0085873
0 0.488135 0.434781 0.00973836 0.0107494
0 0.528574 0.649532 0.0109846 0.0171795
0 0.52417 0.267204 0.00841045 0.00958097
0 0.686494 0.254498 0.00819784 0.0103787
0 0.63207 0.378015 0.00729847 0.00826073
0 0.468057 0.426065 0.00857466 0.00987902
0 0.358982 0.439786 0.00785962 0.00936288
0 0.609017 0.361872 0.0084492 0.00884089
0 0.728685 0.440923 0.00855726 0.00889111
0 0.338607 0.561857 0.00892037 0.00952607
0 0.465882 0.561378 0.00969961 0.00826722
0 0.512063 0.680199 0.0110651 0.0120379
0 0.72658 0.309601 0.00779653 0.00781405
0 0.389118 0.545236 0.00868204 0.0103555
0 0.449256 0.486554 0.00799578 0.00796261
0 0.377839 0.578789 0.00883597 0.0087589
0 0.700545 0.310853 0.00677323 0.00712547
0 0.340065 0.915588 0.0126191 0.0113636
0 0.455145 0.963137 0.00847891 0.00741881
0 0.454021 0.567275 0.00731879 0.00889623
0 0.307512 0.923098 0.00965291 0.0103523
0 0.426308 0.517948 0.0115794 0.0104735
0 0.624565 0.546296 0.00957048 0.010698
0 0.576713 0.233127 0.00669676 0.00696902
0 0.167408 0.654245 0.00691752 0.00771922
0 0.450494 0.943701 0.00946963 0.00925213
0 0.694348 0.454122 0.0116047 0.0107137
0 0.186014 0.840025 0.00762987 0.00923401
0 0.292957 0.909993 0.00759459 0.00937611
0 0.392231 0.409976 0.00741214 0.00786075
0 0.626047 0.56496 0.00844955 0.00894278
0 0.443347 0.693655 0.00929967 0.00988042
0 0.718056 0.341582 0.00669038 0.00603983
0 0.222011 0.703025 0.0134708 0.0128568
0 0.664521 0.138137 0.00951982 0.0112166
0 0.317528 0.622676 0.00697106 0.00790691
0 0.199087 0.677683 0.00849462 0.0098452
0 0.167919 0.532932 0.00770244 0.00883079
0 0.535504 0.600057 0.00950164 0.00887948
0 0.644378 0.262258 0.00710791 0.00760099
0 0.543861 0.297515 0.0133657 0.0128768
0 0.166341 0.817896 0.00743599 0.0079428
0 0.342991 0.852005 0.00731534 0.0074001
0 0.370328 0.861673 0.00768194 0.00922203
0 0.340652 0.685826 0.00793082 0.00851989
0 0.565412 0.760592 0.00834179 0.0094009
0 0.739704 0.29014 0.00741339 0.0113091
0 0.16412 0.88907 0.00865936 0.00990677
0 0.223014 0.609564 0.00799975 0.00972718
0 0.749873 0.280071 0.0096851 0.0119227
0 0.709135 0.23228 0.00909311 0.0106855
0 0.131906 0.984102 0.00737612 0.0106079
0 0.495517 0.687092 0.0079689 0.00927097
0 0.559254 0.293881 0.00767446 0.00931263
0 0.738514 0.413477 0.00702763 0.00744009
0 0.913001 0.177365 0.00853652 0.00927538
0 0.315596 0.499689 0.00934577 0.00905761
0 0.574029 0.435224 0.0103979 0.0110395
0 0.633033 0.333655 0.00918293 0.00798288
0 0.340466 0.578678 0.00584438 0.00733799
0 0.371639 0.549396 0.00900459 0.0144597
0 0.257801 0.522984 0.00771835 0.0100654
0 0.316552 0.421895 0.00754079 0.00807449
0 0.72842 0.280471 0.00791931 0.00808048
0 0.376863 0.890538 0.010932 0.00980324
0 0.613432 0.275283 0.00692403 0.00827768
0 0.394549 0.33674 0.00690532 0.00830936
0 0.37976 0.864917 0.00636911 0.00613838
0 0.277052 0.573221 0.00895959 0.00977534
0 0.461493 0.683594 0.00920153 0.0109591
0 0.417686 0.685013 0.00723037 0.00920296
0 0.714861 0.469558 0.0116882 0.0163672
0 0.711632 0.266436 0.00784153 0.0090071
0 0.687321 0.470857 0.0088852 0.00916165
0 0.405406 0.547027 0.00720349 0.00895959
0 0.34719 0.659191 0.00985399 0.0108921
0 0.378747 0.874265 0.00882387 0.00873739
0 0.453674 0.717285 0.0131444 0.0156335
0 0.698298 0.589449 0.00893039 0.0100931
0 0.545417 0.298627 0.0119939 0.0122652
0 0.238414 0.726924 0.0077351 0.00839156
0 0.196555 0.749288 0.00878946 0.00914878
0 0.429215 0.29226 0.0087879 0.00877228
0 0.447688 0.288689 0.0120831 0.00899714
0 0.515416 0.636704 0.00866622 0.00979894
0 0.58813 0.560238 0.00801051 0.0105709
0 0.314832 0.634462 0.00839412 0.0071649
0 0.482383 0.681366 0.00988626 0.0110346
0 0.742474 0.375142 0.0132141 0.011515
0 0.356788 0.347222 0.0101552 0.0107379
0 0.689732 0.219402 0.0087238 0.0098054
0 0.930045 0.232993 0.00681651 0.00852756
0 0.22768 0.628578 0.00725508 0.00915575
0 0.581459 0.471581 0.0115343 0.0158447
0 0.529242 0.649424 0.0136813 0.0209203
0 0.653157 0.5723 0.0115435 0.014908
0 0.195945 0.910756 0.00704817 0.00747395
0 0.264778 0.599387 0.00783575 0.00889969
0 0.334194 0.399873 0.00793886 0.00845584
0 0.208659 0.739649 0.00707255 0.00898874
0 0.887616 0.318787 0.0101516 0.00937986
0 0.21977 0.459759 0.00872608 0.00928956
0 0.635505 0.204659 0.00722206 0.00863218
0 0.777055 0.546612 0.00741923 0.00947636
0 0.744147 0.373869 0.0108965 0.00939
0 0.302541 0.916293 0.00748554 0.00761604
0 0.106891 0.71418 0.0090424 0.0108344
0 0.483918 0.544622 0.00857067 0.00740796
0 0.969333 0.239909 0.00769043 0.0093461
0 0.13341 0.807566 0.00704813 0.00692177
0 0.383214 0.966007 0.0121958 0.00906563
0 0.9862 0.464651 0.009161 0.0108898
0 0.1726 0.641647 0.0063557 0.00669765
0 0.582097 0.220329 0.00639451 0.00699997
