0 0.365743 0.540642 0.010161 0.0110669
0 0.550902 0.646809 0.00760972 0.00901663
0 0.422691 0.52425 0.00794736 0.00815052
0 0.436282 0.573994 0.00930539 0.00986886
0 0.438283 0.551892 0.00922412 0.00959396
0 0.483532 0.558034 0.00774422 0.00998843
0 0.466741 0.515287 0.00743285 0.00856698
0 0.295373 0.883605 0.00904799 0.0106874
0 0.302625 0.593319 0.00918835 0.00857013
0 0.404989 0.627474 0.00877085 0.00920892
0 0.32077 0.697607 0.0111592 0.0127531
0 0.508377 0.551444 0.00918508 0.00996363
0 0.391501 0.566442 0.00912353 0.0100567
0 0.382143 0.670166 0.00813639 0.00865692
0 0.74283 0.244315 0.0113531 0.0115512
0 0.305493 0.632732 0.0103489 0.0100222
0 0.984326 0.413976 0.00982702 0.0101797
0 0.392432 0.624838 0.00915006 0.00941819
0 0.268581 0.765112 0.0162907 0.0133286
0 0.429646 0.623655 0.00747529 0.00792813
0 0.277754 0.541264 0.00904483 0.0113884
0 0.350358 0.353114 0.00857329 0.0098283
0 0.29801 0.735065 0.00974283 0.00957811
0 0.400953 0.555176 0.00796205 0.00868911
0 0.488513 0.574134 0.0075691 0.00886935
0 0.300663 0.743915 0.00760767 0.00893861
0 0.464893 0.540279 0.00792158 0.00884742
0 0.266028 0.544794 0.00928116 0.00900871
0 0.491629 0.520216 0.00933591 0.0105532
0 0.0414841 0.302891 0.0102193 0.0114301
0 0.249976 0.885191 0.00883603 0.0100479
0 0.717389 0.227793 0.0188983 0.0196398
0 0.00716496 0.355942 0.00863009 0.00956079
0 0.414673 0.590266 0.010708 0.0159366
0 0.462002 0.526193 0.00805312 0.00735825
0 0.257319 0.898336 0.0105288 0.0153909
0 0.439953 0.536554 0.0124149 0.0100847
0 0.412518 0.586846 0.0146012 0.0173954
0 0.45415 0.535881 0.00844553 0.00889701
