0 0.963418 0.309913 0.00782967 0.0105413
0 0.545806 0.29716 0.00943244 0.0101933
0 0.926631 0.316143 0.00808221 0.0117462
0 0.942657 0.564482 0.0109409 0.0102459
0 0.572363 0.347897 0.0092327 0.0111432
0 0.783621 0.229705 0.00946254 0.00988235
0 0.947383 0.269589 0.0100749 0.0102853
0 0.918404 0.249769 0.0122864 0.0134217
0 0.307232 0.926531 0.010685 0.0137684
0 0.478639 0.640367 0.0086219 0.0100531
0 0.888884 0.538183 0.011252 0.0128229
0 0.981017 0.684045 0.0108055 0.0151409
0 0.918646 0.345293 0.0101877 0.00977755
0 0.942421 0.610022 0.00766981 0.00889802
0 0.93307 0.602119 0.00904578 0.00965005
0 0.992314 0.343654 0.00754738 0.00728846
0 0.582045 0.302198 0.00859737 0.00934818
0 0.98083 0.268126 0.00999278 0.0116546
0 0.577075 0.315654 0.0108099 0.0118161
0 0.989701 0.669926 0.00902522 0.0104171
0 0.882685 0.333256 0.00780201 0.00900298
0 0.925957 0.984629 0.00818866 0.00859493
0 0.503134 0.482745 0.00987464 0.00998107
0 0.934698 0.34745 0.00847054 0.0100755
0 0.493016 0.664676 0.0120327 0.0145552
0 0.945854 0.358324 0.00930953 0.0106195
0 0.553109 0.631999 0.0123158 0.0121942
0 0.872793 0.928336 0.00815392 0.00895804
0 0.906191 0.953342 0.0114124 0.0137466
0 0.583791 0.333351 0.00715518 0.00940362
0 0.487348 0.715714 0.00927943 0.00928098
0 0.905712 0.632792 0.00914532 0.0102067
0 0.905143 0.955372 0.0124989 0.0155818
0 0.972619 0.667728 0.00690442 0.00765157
0 0.98215 0.607153 0.00623471 0.00656617
0 0.98227 0.712199 0.00878984 0.00947285
0 0.879341 0.237507 0.00876123 0.00867549
0 0.87383 0.319597 0.00840187 0.0082919
0 0.903962 0.162903 0.00938416 0.0112662
0 0.959607 0.290706 0.00843108 0.00742617
0 0.964493 0.263412 0.0102124 0.0138161
