0 0.301079 0.640935 0.00891408 0.00984615
0 0.26691 0.603127 0.00924128 0.0101545
0 0.72123 0.691488 0.0100124 0.0116615
0 0.22791 0.553406 0.00996676 0.0107687
0 0.157831 0.48636 0.00940515 0.00947732
0 0.282568 0.616981 0.00954199 0.011006
0 0.316847 0.651729 0.0102166 0.00983489
0 0.171704 0.423859 0.00793414 0.00939772
0 0.722475 0.708733 0.0100222 0.00988156
0 0.130402 0.528794 0.00854301 0.00966018
0 0.209011 0.541468 0.0115398 0.0144731
0 0.645459 0.214979 0.0113557 0.0115007
0 0.0431802 0.459203 0.00916961 0.00959626
0 0.324231 0.626345 0.0126717 0.0117033
0 0.627999 0.199352 0.0106163 0.0124819
