0 0.684245 0.916837 0.0121779 0.0149989
0 0.241687 0.820929 0.00887895 0.0111306
0 0.733231 0.929482 0.0113837 0.0137272
0 0.94841 0.640625 0.00990808 0.00998729
0 0.370148 0.255981 0.0204818 0.0143594
0 0.558377 0.0568386 0.0162504 0.019092
0 0.732944 0.929176 0.0142857 0.0159319
0 0.579838 0.0413368 0.0152111 0.0142393
0 0.872994 0.771522 0.0160866 0.0156958
0 0.792504 0.711943 0.0126306 0.014773
0 0.323813 0.225189 0.0126967 0.0123679
0 0.517383 0.472181 0.0137156 0.0123185
0 0.843095 0.14707 0.0131111 0.0152355
0 0.982597 0.814069 0.0154846 0.0168314
0 0.767105 0.278605 0.0132282 0.0128678
0 0.419027 0.621124 0.0177004 0.0141716
0 0.366724 0.403336 0.0112558 0.0113731
0 0.936492 0.867791 0.020998 0.0177879
0 0.419091 0.985124 0.0146553 0.0119529
0 0.702077 0.852905 0.0139931 0.0143333
0 0.983197 0.814212 0.012801 0.0135574
0 0.994362 0.288677 0.0109615 0.0132357
0 0.66299 0.278844 0.017077 0.0179214
0 0.975953 0.830563 0.0120727 0.011496
0 0.945141 0.603851 0.0132288 0.0132636
0 0.384222 0.991689 0.0127831 0.0118767
0 0.519393 0.0815207 0.0189316 0.0171577
0 0.507799 0.539587 0.0140749 0.0116954
0 0.589166 0.0243752 0.0116297 0.00988665
0 0.384217 0.991569 0.0153992 0.0142822
0 0.536539 0.179672 0.0141197 0.0164853
0 0.885333 0.179854 0.0107822 0.00900424
0 0.917171 0.649699 0.0156471 0.0157266
0 0.76737 0.238774 0.0162834 0.0151157
0 0.700649 0.852606 0.0181493 0.0165768
0 0.247356 0.892691 0.00892426 0.0117421
0 0.51623 0.472416 0.0179179 0.0143122
0 0.263201 0.895618 0.0152032 0.0118647
0 0.881209 0.752108 0.0151097 0.0141969
0 0.842632 0.145962 0.0167988 0.0198928
0 0.241899 0.821014 0.0116193 0.0126663
0 0.576949 0.33067 0.010305 0.0127736
0 0.700378 0.24287 0.0141962 0.0117902
0 0.576486 0.330073 0.0125795 0.0153649
