0 0.711704 0.451883 0.0094685 0.0101704
0 0.593056 0.216313 0.0117583 0.0100821
0 0.454158 0.618211 0.0102786 0.0105971
0 0.575796 0.295114 0.0110252 0.010842
0 0.53941 0.315512 0.00723374 0.00715399
0 0.625242 0.505904 0.00762182 0.00877029
0 0.398256 0.932964 0.0094164 0.0112388
0 0.337265 0.58594 0.0104959 0.0104904
0 0.319576 0.870066 0.0085777 0.00972557
0 0.62259 0.53874 0.0103181 0.0112703
0 0.66684 0.441613 0.0113235 0.0120623
0 0.732901 0.49527 0.00916243 0.00964931
0 0.407853 0.87473 0.0107828 0.0116647
0 0.593436 0.301754 0.00992638 0.0105606
0 0.695887 0.50235 0.011928 0.010901
0 0.754105 0.491852 0.0109774 0.0117941
0 0.647546 0.27627 0.00886363 0.00991499
0 0.654479 0.528207 0.00900537 0.00986022
0 0.726399 0.439007 0.00990504 0.00986537
0 0.388183 0.894398 0.0136194 0.014613
0 0.739917 0.526547 0.00918561 0.00990736
0 0.633305 0.260296 0.00742626 0.00819206
0 0.542606 0.280374 0.0064891 0.00720224
0 0.604847 0.202736 0.0086714 0.00962515
0 0.506194 0.283682 0.00849611 0.0096567
0 0.373698 0.595569 0.00852942 0.00851041
0 0.634149 0.489932 0.011302 0.0104534
0 0.551935 0.298869 0.00704974 0.00808859
0 0.225736 0.446866 0.012067 0.0116072
0 0.664117 0.390405 0.0103903 0.0111622
0 0.713485 0.474086 0.00954825 0.00938377
0 0.865617 0.647268 0.00883979 0.0109583
0 0.654542 0.374132 0.00715047 0.00809956
0 0.592751 0.154947 0.00664264 0.00744614
0 0.618655 0.344587 0.0138979 0.0139683
0 0.299138 0.155881 0.0103121 0.0121385
0 0.542111 0.30401 0.00697803 0.00690928
0 0.629043 0.491462 0.0126925 0.0103433
0 0.653124 0.361098 0.00869811 0.00876823
0 0.41646 0.254318 0.0122128 0.00989924
0 0.445726 0.968497 0.0104467 0.0106449
0 0.290491 0.621905 0.00738779 0.00844139
0 0.339788 0.808586 0.0111754 0.0113949
0 0.69197 0.361135 0.00973552 0.00952005
0 0.836858 0.413962 0.0100565 0.0104491
0 0.392015 0.255268 0.00771084 0.00872785
0 0.601556 0.237162 0.00810641 0.00940208
0 0.384918 0.914146 0.00837699 0.00981867
0 0.47154 0.928664 0.0104814 0.0100975
0 0.575174 0.20391 0.011133 0.0108777
0 0.665793 0.369686 0.00998449 0.0117234
0 0.259739 0.0967398 0.00819609 0.00953825
0 0.277252 0.581334 0.0113656 0.0110052
0 0.634409 0.273843 0.00625497 0.00685591
0 0.853515 0.417238 0.00913125 0.00909406
0 0.652083 0.514048 0.00847548 0.00885355
0 0.247041 0.519267 0.0107654 0.0105347
0 0.834614 0.445008 0.00991517 0.00980148
0 0.598664 0.506778 0.00822717 0.00837183
0 0.173357 0.288808 0.00716615 0.00811365
0 0.701938 0.0273486 0.00749832 0.00783381
0 0.357478 0.541951 0.0093964 0.00965291
0 0.738463 0.542111 0.00823164 0.00933105
0 0.605939 0.533422 0.008605 0.0093776
0 0.502415 0.228129 0.00791913 0.00842614
0 0.153917 0.431646 0.0093018 0.00860938
0 0.573426 0.149296 0.00672793 0.00696617
0 0.341209 0.239671 0.00685778 0.00762567
0 0.67647 0.190264 0.00694335 0.00734764
0 0.802272 0.410232 0.00914913 0.011047
0 0.197533 0.946533 0.00757477 0.00901622
0 0.658368 0.474915 0.00859261 0.00872841
0 0.431759 0.492263 0.00878164 0.00912607
0 0.442073 0.201343 0.00922051 0.0110442
0 0.39486 0.860475 0.012385 0.0101757
0 0.638413 0.326558 0.00903928 0.0102095
0 0.440308 0.602627 0.00787333 0.0081051
0 0.567957 0.402463 0.00966436 0.0110857
0 0.892743 0.64028 0.00888407 0.011105
0 0.0274982 0.329849 0.00857746 0.0104448
0 0.610202 0.985801 0.00691402 0.00701523
0 0.755361 0.49408 0.0113848 0.0163551
0 0.645971 0.17997 0.00838643 0.00792059
0 0.41302 0.272484 0.0115876 0.0118217
0 0.690576 0.525088 0.0118105 0.0160404
0 0.308116 0.623551 0.0108685 0.00914806
0 0.234144 0.513781 0.0110501 0.0107527
0 0.185548 0.33719 0.00938468 0.00983346
0 0.336854 0.252087 0.00825724 0.0092082
0 0.276199 0.535256 0.00792953 0.00849324
0 0.36519 0.607206 0.00999415 0.00919712
0 0.597256 0.989213 0.00789356 0.00850332
0 0.862363 0.775709 0.0124205 0.0139635
0 0.204171 0.266209 0.00782999 0.00851077
0 0.216843 0.647164 0.00900918 0.00975227
0 0.56448 0.378936 0.00781268 0.00793478
0 0.849914 0.433227 0.00953215 0.0109688
0 0.632079 0.303828 0.0108074 0.010228
0 0.846365 0.894535 0.00896358 0.00937402
0 0.655344 0.433506 0.00976676 0.0102678
0 0.851423 0.647976 0.00883138 0.00920713
0 0.670473 0.501655 0.00987804 0.0091736
0 0.427969 0.586932 0.0072895 0.00790793
0 0.492592 0.895064 0.00812188 0.00914228
0 0.178116 0.362039 0.01251 0.0140782
0 0.826084 0.754148 0.00801885 0.00890768
0 0.565255 0.281089 0.0132957 0.00927263
0 0.32891 0.797818 0.00837669 0.00963354
0 0.262266 0.865698 0.0105467 0.0107389
0 0.0663231 0.297 0.0114206 0.0102398
0 0.461277 0.73618 0.00951546 0.00966221
0 0.308481 0.27262 0.00701773 0.00763088
0 0.49264 0.919998 0.00685292 0.00726128
0 0.449632 0.94047 0.00706312 0.00900805
0 0.689272 0.527965 0.0119764 0.0195547
0 0.576341 0.165932 0.0154887 0.0123385
0 0.325474 0.214275 0.00763798 0.00966989
0 0.319528 0.0786801 0.00813046 0.00902722
0 0.697214 0.558722 0.00935286 0.00961798
0 0.35348 0.203907 0.0104343 0.0102775
0 0.267492 0.541548 0.00568268 0.00737971
0 0.892953 0.917348 0.0111133 0.0104614
0 0.628773 0.984512 0.00770324 0.00886154
0 0.475577 0.94201 0.00698107 0.00787395
0 0.197892 0.951856 0.0111943 0.0163784
0 0.877265 0.443699 0.0115776 0.0116312
0 0.469679 0.260759 0.00699064 0.00739735
0 0.481375 0.899791 0.00818101 0.00818956
0 0.290873 0.853235 0.0110467 0.0125235
0 0.37793 0.260362 0.00783113 0.0120847
0 0.69363 0.24064 0.00817436 0.00851473
0 0.255498 0.147555 0.00767335 0.00824396
0 0.267549 0.140904 0.00706679 0.00764637
0 0.48618 0.94771 0.00539854 0.00604743
0 0.692024 0.277284 0.012834 0.0101393
0 0.37522 0.529864 0.00826541 0.00916559
0 0.453932 0.188714 0.00856268 0.00924817
0 0.909714 0.658344 0.00783581 0.00855303
0 0.124181 0.308955 0.00739013 0.00911435
0 0.338191 0.185633 0.0101341 0.0119537
0 0.65697 0.304258 0.0100088 0.0125269
0 0.0329288 0.710881 0.0079255 0.0078907
0 0.352303 0.640287 0.00937277 0.00969505
0 0.698602 0.48319 0.00817239 0.009087
0 0.12304 0.383692 0.0102701 0.00997025
0 0.513491 0.238635 0.00947708 0.0107493
0 0.631435 0.491292 0.0178291 0.0133305
0 0.287981 0.117385 0.00651512 0.0069324
0 0.432731 0.738657 0.0102676 0.00978297
0 0.711981 0.450733 0.0119039 0.0109554
0 0.697931 0.542907 0.00838435 0.00886899
0 0.747833 0.427137 0.00873089 0.00928068
0 0.300563 0.608336 0.00791007 0.0103737
0 0.419364 0.968988 0.0106232 0.0116493
0 0.447829 0.593045 0.00678465 0.00741005
0 0.625336 0.266621 0.0069716 0.00775343
0 0.200053 0.951201 0.0106885 0.0123135
0 0.445293 0.732747 0.0110669 0.0131594
0 0.504146 0.217342 0.00818366 0.00752997
0 0.394978 0.511332 0.00950447 0.00914532
0 0.0521423 0.409373 0.0102393 0.0103844
0 0.685037 0.514402 0.0098713 0.0109363
0 0.832079 0.500664 0.0103567 0.0114193
0 0.569459 0.959517 0.010193 0.0102112
0 0.656501 0.305003 0.0114134 0.0167922
0 0.739335 0.527082 0.0122731 0.011801
0 0.414222 0.704127 0.00924739 0.0096792
