0 0.449629 0.563195 0.524257 0.348682
0 0.539089 0.910876 0.026042 0.0235419
0 0.878397 0.977959 0.0177372 0.0183529
0 0.969771 0.405954 0.0135325 0.0140412
0 0.370642 0.777638 0.0113617 0.0104195
0 0.706178 0.0656934 0.0108346 0.0103243
0 0.686669 0.982381 0.0163033 0.0147057
0 0.739178 0.787346 0.0160163 0.0147812
0 0.83453 0.805781 0.0242637 0.0153526
0 0.0643082 0.445453 0.00832958 0.00784701
0 0.970474 0.549032 0.0161957 0.0177858
0 0.155752 0.861257 0.00989139 0.0146822
0 0.155576 0.863345 0.0088326 0.0127193
0 0.994946 0.606178 0.00872689 0.0115315
0 0.684976 0.982472 0.0212479 0.0161371
