0 0.945642 0.784112 0.0105473 0.0111243
0 0.548825 0.36116 0.0115442 0.0107718
0 0.937378 0.0803503 0.011475 0.0104797
0 0.170082 0.306635 0.0126079 0.0118707
0 0.761618 0.952299 0.0105839 0.0103951
0 0.958756 0.768482 0.011149 0.0115593
0 0.79296 0.688045 0.0108535 0.0101965
0 0.951443 0.135909 0.0109611 0.00996548
0 0.649182 0.831692 0.0117617 0.0110771
0 0.102971 0.353637 0.0103133 0.00988239
0 0.624378 0.861289 0.0123029 0.0114784
0 0.960182 0.611233 0.0108837 0.0111451
0 0.111296 0.848825 0.0131775 0.0119995
0 0.438149 0.918424 0.0130675 0.0135053
0 0.597722 0.749263 0.0116463 0.0112585
0 0.202165 0.514667 0.0139648 0.0179579
0 0.902397 0.143474 0.0114444 0.0107209
0 0.748451 0.917675 0.0115597 0.0121918
0 0.153578 0.138993 0.0137312 0.013471
0 0.0523209 0.531757 0.0145792 0.0143791
0 0.896517 0.227521 0.0113627 0.0121711
0 0.693242 0.924199 0.0123127 0.0107723
0 0.211404 0.863756 0.0124395 0.0124604
0 0.761376 0.899801 0.0128649 0.0135189
0 0.904508 0.128324 0.0100864 0.0103999
0 0.516714 0.571659 0.0138845 0.0135978
0 0.960196 0.117392 0.00974309 0.0110009
0 0.917022 0.110456 0.0111469 0.011451
0 0.955569 0.153548 0.0118259 0.0118295
0 0.653376 0.9094 0.0123909 0.0113102
0 0.86744 0.32188 0.0131748 0.0124904
0 0.656419 0.971749 0.0118814 0.0103737
0 0.983811 0.256408 0.0130608 0.0122019
0 0.0347671 0.437784 0.012932 0.0114223
0 0.837526 0.627815 0.0157706 0.0155735
0 0.672922 0.797005 0.0142029 0.0110041
0 0.913338 0.552488 0.0131884 0.0125216
0 0.848791 0.245128 0.00961149 0.00980271
0 0.776841 0.94213 0.0095703 0.00857925
0 0.922144 0.0660197 0.0121187 0.0119342
0 0.292197 0.92823 0.011183 0.00951803
0 0.237939 0.966249 0.0116181 0.0109615
0 0.984821 0.452716 0.0114193 0.0117903
0 0.82833 0.317409 0.0122185 0.0112712
0 0.144049 0.293479 0.0118555 0.0100331
0 0.0652481 0.947549 0.0127242 0.0115555
0 0.44629 0.859469 0.014251 0.0131185
0 0.537073 0.775504 0.0177311 0.0127657
0 0.962906 0.104043 0.00979501 0.00970289
0 0.434797 0.952781 0.013056 0.0126055
0 0.684537 0.870903 0.0132805 0.0112903
0 0.477365 0.933978 0.00777769 0.00811636
0 0.0788846 0.787353 0.014828 0.013644
0 0.217498 0.95601 0.011622 0.0110739
0 0.202138 0.513545 0.0178889 0.0206187
0 0.366993 0.00903253 0.0105268 0.0113656
0 0.496261 0.960055 0.0102838 0.00897181
0 0.837248 0.628494 0.0183998 0.0193743
0 0.790212 0.254666 0.0102609 0.00968248
0 0.904886 0.127631 0.0124199 0.0123169
0 0.960462 0.611541 0.0134976 0.0129669
0 0.873321 0.763123 0.0114872 0.0134514
0 0.621423 0.798787 0.00993061 0.00960654
0 0.10311 0.109568 0.0138842 0.013385
0 0.978743 0.119692 0.0118625 0.0115078
0 0.0146074 0.913244 0.0121642 0.0117435
0 0.597399 0.271758 0.0117031 0.0119006
0 0.484451 0.88202 0.0137344 0.013069
0 0.46699 0.890998 0.0118569 0.01124
0 0.983507 0.2548 0.0146721 0.0158407
0 0.270341 0.928638 0.0128138 0.0119408
0 0.60743 0.704557 0.0132836 0.0118151
0 0.642905 0.896867 0.0107667 0.0110319
0 0.946047 0.784643 0.0129188 0.0145218
0 0.809816 0.24758 0.010577 0.0103934
0 0.162252 0.183273 0.0135918 0.0141131
0 0.103197 0.354392 0.0123946 0.0128888
0 0.94707 0.783735 0.0167465 0.0151547
0 0.23756 0.96273 0.0178922 0.0169439
