0 0.595619 0.14619 0.0102463 0.0107911
0 0.0331853 0.191323 0.00866367 0.00942855
0 0.577285 0.0801082 0.00849307 0.00878769
0 0.445939 0.189195 0.0069333 0.00795387
0 0.31356 0.189627 0.00724918 0.00749412
0 0.485059 0.180298 0.0064432 0.00713511
0 0.124034 0.21732 0.00874875 0.00923853
0 0.490446 0.0326442 0.00916585 0.00971808
0 0.559518 0.12311 0.00906384 0.0100802
0 0.513276 0.140426 0.00804216 0.00882998
0 0.0384138 0.279218 0.00786681 0.00869054
0 0.0139911 0.244832 0.00811032 0.009436
0 0.576044 0.039921 0.00787354 0.00901332
0 0.519749 0.117879 0.00918251 0.0088819
0 0.467023 0.201414 0.00827485 0.00837761
0 0.445308 0.167985 0.00952041 0.0103977
0 0.644962 0.12592 0.010179 0.0117052
0 0.56289 0.0185103 0.00984001 0.0105772
0 0.481669 0.117038 0.00784063 0.00820348
0 0.463303 0.121795 0.00766018 0.00719196
0 0.101382 0.234412 0.00657256 0.00686871
0 0.0204501 0.218864 0.00889193 0.0100461
0 0.537563 0.198873 0.00983196 0.0098712
0 0.412701 0.19154 0.0103475 0.0107735
0 0.791163 0.328044 0.00764024 0.00882569
0 0.853335 0.290733 0.00885659 0.0103541
0 0.596968 0.0397422 0.00674915 0.00812666
0 0.0546525 0.177845 0.00669308 0.00739114
0 0.701066 0.0841913 0.00934941 0.0103888
0 0.0122807 0.145382 0.00838348 0.00924611
0 0.551195 0.156124 0.00840741 0.0084608
0 0.407577 0.171066 0.00811064 0.00926545
0 0.0620376 0.271666 0.00684071 0.00708628
0 0.284622 0.143224 0.00898787 0.0079166
0 0.851024 0.3052 0.00792903 0.00852138
0 0.764222 0.329815 0.00705647 0.00793847
0 0.457407 0.14522 0.009523 0.00958027
0 0.613129 0.0706207 0.00758034 0.0084527
0 0.906871 0.303914 0.0124691 0.0126004
0 0.863852 0.333561 0.00928307 0.00999832
0 0.40722 0.171195 0.0102802 0.0121702
0 0.948604 0.539123 0.0107343 0.00925386
0 0.0972337 0.180104 0.0101794 0.0116155
0 0.566946 0.157538 0.00728083 0.00819363
0 0.0945729 0.154724 0.00742977 0.0083133
0 0.463153 0.121752 0.00900364 0.00975242
0 0.753785 0.333088 0.00700116 0.0081082
0 0.485154 0.18091 0.00872204 0.00879635
0 0.983715 0.145011 0.0106821 0.0108843
0 0.313259 0.189576 0.00889939 0.00953706
0 0.446036 0.187654 0.00816041 0.00826274
0 0.803653 0.329434 0.00761509 0.00785193
0 0.0802551 0.258636 0.00844668 0.00927889
0 0.628764 0.004402 0.00906503 0.00880401
0 0.467085 0.201095 0.0108603 0.00958504
0 0.906698 0.304911 0.0151725 0.0153427
0 0.0199789 0.21956 0.0105623 0.0125413
