0 0.347995 0.577128 0.00930235 0.00926268
0 0.839427 0.646748 0.00887853 0.00941372
0 0.427749 0.6023 0.00871974 0.00869483
0 0.0660309 0.984308 0.00833035 0.00831568
0 0.342605 0.559724 0.00726804 0.0084303
0 0.460193 0.778659 0.00773183 0.00772071
0 0.386241 0.641949 0.00710359 0.00807458
0 0.415747 0.874017 0.0121457 0.0112806
0 0.410255 0.822811 0.00752887 0.00748771
0 0.412008 0.634633 0.00948602 0.00962353
0 0.515157 0.860995 0.00995713 0.00917071
0 0.39478 0.563444 0.00814319 0.00865191
0 0.405698 0.8631 0.00765952 0.00887758
0 0.157662 0.916814 0.00751109 0.00787294
0 0.464049 0.583852 0.00697556 0.00763226
0 0.366206 0.522706 0.00933957 0.00902796
0 0.445803 0.802397 0.00876713 0.00908965
0 0.425633 0.760323 0.0120088 0.0113924
0 0.436462 0.811148 0.00695801 0.00754851
0 0.689499 0.710679 0.00705451 0.00794727
0 0.364894 0.508433 0.00906685 0.00948399
0 0.41294 0.621492 0.00748825 0.00732672
0 0.662824 0.540545 0.00937575 0.0104744
0 0.42814 0.639532 0.00689211 0.00730711
0 0.408154 0.66706 0.00792179 0.00796109
0 0.802453 0.660796 0.00922543 0.00893855
0 0.449695 0.867676 0.00838318 0.00834042
0 0.505776 0.630479 0.00705367 0.00748676
0 0.128382 0.860915 0.007759 0.00843352
0 0.50042 0.746921 0.00946626 0.010112
0 0.335257 0.612513 0.0100416 0.00899601
0 0.483172 0.797765 0.00967294 0.00963688
0 0.486431 0.628347 0.00784302 0.00795794
0 0.154952 0.895527 0.0122079 0.0138523
0 0.310365 0.548833 0.0096004 0.0108734
0 0.439012 0.695259 0.0106173 0.0101244
0 0.376888 0.498795 0.00751123 0.00805533
0 0.30908 0.858595 0.0071457 0.0077948
0 0.357283 0.542127 0.00799999 0.0079813
0 0.417146 0.663801 0.00805417 0.00823998
0 0.392047 0.792024 0.00878716 0.00805587
0 0.584615 0.958518 0.00906867 0.00955927
0 0.467953 0.651575 0.0107601 0.00898302
0 0.453459 0.652533 0.00711545 0.00848532
0 0.655434 0.697424 0.00892633 0.0107126
0 0.323291 0.74685 0.00825319 0.00879228
0 0.428529 0.829813 0.00766408 0.00794828
0 0.17084 0.922135 0.00844647 0.00870401
0 0.361755 0.481488 0.00910971 0.00977334
0 0.326949 0.579919 0.00865307 0.00932515
0 0.0864241 0.930842 0.00768472 0.00736654
0 0.416189 0.579876 0.00815296 0.00819337
0 0.653831 0.73407 0.00767481 0.00818956
0 0.543606 0.702184 0.0126817 0.013539
0 0.437763 0.86018 0.00687751 0.00806713
0 0.0839225 0.883081 0.0072123 0.00736713
0 0.362687 0.563208 0.00836203 0.00878352
0 0.657866 0.63657 0.00766146 0.00819361
0 0.824244 0.571783 0.0125588 0.0113989
0 0.752536 0.685558 0.00966614 0.0103456
0 0.573442 0.718211 0.00826377 0.00830877
0 0.554804 0.734223 0.0077011 0.00862938
0 0.748919 0.582086 0.00705284 0.00706846
0 0.370191 0.667049 0.00844845 0.00946599
0 0.50395 0.848764 0.00863633 0.0113071
0 0.561581 0.72254 0.00787109 0.00905532
0 0.485361 0.901785 0.00679076 0.007312
0 0.150536 0.939787 0.00898908 0.00812131
0 0.44229 0.666846 0.00578612 0.00643522
0 0.741459 0.590911 0.00771475 0.00867283
0 0.573244 0.719431 0.0092327 0.00918818
0 0.554958 0.762163 0.00853139 0.0106153
0 0.536683 0.860218 0.0129259 0.0131283
0 0.85195 0.548679 0.00601768 0.00597817
0 0.603503 0.714889 0.0069223 0.00741494
0 0.678111 0.524791 0.00983858 0.0131763
0 0.380134 0.575651 0.00817436 0.00881976
0 0.902463 0.353818 0.00983679 0.0102323
0 0.108003 0.852808 0.00688209 0.00752223
0 0.933878 0.786236 0.00810206 0.00795668
0 0.692498 0.68548 0.00835007 0.00893861
0 0.374524 0.923063 0.0111358 0.0160324
0 0.325738 0.932277 0.0076963 0.00892794
0 0.385286 0.573173 0.00957271 0.00892842
0 0.362056 0.606945 0.00748357 0.00838989
0 0.545189 0.91165 0.00750834 0.00772572
0 0.528277 0.848029 0.00818223 0.00852317
0 0.353171 0.601766 0.00785685 0.00842893
0 0.622496 0.598877 0.009045 0.0118786
0 0.678976 0.527035 0.00910473 0.0137958
0 0.304777 0.58716 0.00998327 0.010386
0 0.697192 0.672403 0.00939351 0.0102022
0 0.328997 0.540228 0.00945014 0.00983632
0 0.83547 0.519539 0.00889355 0.00856286
0 0.41723 0.662371 0.00813636 0.00739962
0 0.398474 0.827014 0.00740471 0.00745332
0 0.351737 0.551382 0.0089944 0.00875038
0 0.428686 0.801595 0.00725105 0.00790811
0 0.339175 0.731929 0.0121779 0.00907475
0 0.739577 0.667356 0.00769639 0.00738382
0 0.42809 0.841117 0.00634423 0.00796205
0 0.44892 0.84174 0.00648344 0.0068146
0 0.858224 0.539194 0.00833648 0.00910836
0 0.777962 0.515415 0.00855541 0.00961953
0 0.344074 0.734005 0.0078145 0.00738221
0 0.593503 0.803715 0.00750601 0.00854778
0 0.383612 0.73071 0.00753075 0.00849617
0 0.841396 0.577309 0.0126598 0.0132662
0 0.479095 0.619813 0.00731888 0.0066328
0 0.655671 0.763536 0.00689012 0.00762272
0 0.457855 0.854531 0.0104061 0.0133028
0 0.465576 0.69976 0.0102644 0.0120044
0 0.16763 0.908301 0.0071546 0.00771272
0 0.474937 0.759793 0.00777692 0.00828856
0 0.979347 0.271299 0.00663716 0.00777045
0 0.565872 0.798175 0.00859892 0.0131118
0 0.604809 0.564317 0.00720578 0.00757962
0 0.445256 0.733654 0.0086506 0.00802916
0 0.396984 0.811814 0.00726262 0.00767058
0 0.32661 0.580654 0.01053 0.0113265
0 0.298183 0.863717 0.0084359 0.00858498
0 0.653638 0.860718 0.00652242 0.0070442
0 0.192509 0.352604 0.0107438 0.00915822
