0 0.265152 0.39218 0.0100103 0.00956434
0 0.338113 0.474024 0.0106655 0.00989091
0 0.218314 0.0413286 0.0163364 0.0186154
0 0.500208 0.202034 0.00918314 0.00913815
0 0.411108 0.588814 0.0117834 0.011656
0 0.218671 0.04115 0.0129494 0.015142
0 0.289548 0.409994 0.0102578 0.0105709
0 0.166943 0.873076 0.00982118 0.0088402
0 0.132322 0.550387 0.0115473 0.0114883
0 0.287227 0.369336 0.0104787 0.00971851
0 0.204526 0.491446 0.0112287 0.0103111
0 0.857854 0.293185 0.0123981 0.0129241
0 0.324415 0.386932 0.00986326 0.00999475
0 0.191903 0.721327 0.0136004 0.0128188
0 0.0947681 0.768819 0.0114168 0.0110439
0 0.316176 0.461364 0.011464 0.010877
0 0.53657 0.498326 0.0105631 0.0106861
0 0.397848 0.51909 0.0120658 0.0104108
0 0.166481 0.588861 0.0134545 0.0125855
0 0.489304 0.00873457 0.00999659 0.0108025
0 0.276218 0.355766 0.00938016 0.0105377
0 0.22487 0.802533 0.0139885 0.0129174
0 0.471891 0.424029 0.00773945 0.00812665
0 0.229853 0.747041 0.0131748 0.0120825
0 0.455471 0.65212 0.0115089 0.0131266
0 0.243294 0.911905 0.0113417 0.0107384
0 0.306309 0.424003 0.0102417 0.010539
0 0.499501 0.672269 0.0125889 0.0125238
0 0.314999 0.405895 0.0123033 0.0114201
0 0.274906 0.912474 0.0114121 0.011268
0 0.625962 0.203624 0.0116249 0.0110406
0 0.464532 0.695941 0.0107857 0.0161765
0 0.238677 0.93784 0.0118298 0.0116867
0 0.233749 0.958585 0.0092268 0.00948447
0 0.0588655 0.728845 0.011776 0.011722
0 0.404401 0.983925 0.0104238 0.0107075
0 0.161616 0.956909 0.0144445 0.0122795
0 0.46464 0.694398 0.00894985 0.0132377
0 0.899268 0.448804 0.00703961 0.00768965
0 0.339348 0.359176 0.0132565 0.0136777
0 0.299323 0.354228 0.0129879 0.0122429
0 0.223 0.948112 0.00956546 0.00959057
0 0.447012 0.634312 0.0110367 0.0117239
0 0.276686 0.356023 0.0120673 0.0130102
0 0.241311 0.866342 0.0105409 0.00930196
0 0.277832 0.931281 0.0121053 0.011866
0 0.308666 0.388749 0.0105866 0.010941
