0 0.724989 0.47512 0.0118482 0.0127935
0 0.943426 0.401628 0.0108627 0.0105272
0 0.0416896 0.817925 0.0158494 0.016266
0 0.990249 0.329965 0.0105341 0.0113442
0 0.671285 0.014711 0.0161223 0.0140355
0 0.623661 0.264586 0.0152594 0.014284
0 0.789216 0.572066 0.0150269 0.0154189
0 0.0932848 0.215637 0.012682 0.0126059
0 0.915565 0.651516 0.0135048 0.0150154
0 0.0350496 0.662269 0.0198447 0.0262396
0 0.162164 0.59877 0.0163224 0.0155187
0 0.0347676 0.662203 0.0153254 0.0231763
0 0.274384 0.194279 0.0127375 0.0125898
0 0.757243 0.619316 0.0135581 0.0151064
0 0.559197 0.605091 0.0151935 0.0148454
0 0.540679 0.718102 0.013271 0.015058
0 0.0489648 0.696133 0.0153207 0.0152866
0 0.0347707 0.662675 0.0115492 0.0175796
0 0.323872 0.733996 0.0144732 0.0177798
0 0.842183 0.67909 0.0130993 0.0130705
0 0.604363 0.627073 0.00871259 0.0102577
0 0.914646 0.712158 0.0127434 0.0101475
0 0.120375 0.525155 0.0170491 0.0162103
0 0.576662 0.646185 0.0149915 0.0130526
0 0.281787 0.616487 0.0233127 0.019549
0 0.0298039 0.747167 0.0115545 0.0128809
0 0.832404 0.626259 0.0134851 0.0140836
0 0.620931 0.570898 0.0136759 0.0128286
0 0.0751639 0.104066 0.0167768 0.0137525
0 0.122286 0.71846 0.0158518 0.0148751
0 0.397357 0.568606 0.0147862 0.0135653
0 0.561854 0.876447 0.0161994 0.0143533
0 0.551186 0.673383 0.0129005 0.0154406
0 0.092804 0.215739 0.0161984 0.0159497
0 0.184346 0.012282 0.0118377 0.0117576
0 0.0282788 0.745485 0.0124987 0.0156148
0 0.323831 0.73277 0.0194857 0.0244238
0 0.67129 0.733642 0.00902599 0.0126989
0 0.598563 0.727401 0.0107363 0.00919044
