0 0.304266 0.386497 0.0169522 0.0140724
0 0.0970036 0.548687 0.0160724 0.0165309
0 0.557644 0.118626 0.0161434 0.0137741
0 0.200347 0.222138 0.0170293 0.0167096
0 0.507514 0.767726 0.0188391 0.0163128
0 0.510469 0.844559 0.0157762 0.013155
0 0.096919 0.548412 0.0210069 0.0205452
0 0.569982 0.778121 0.0167267 0.0141681
0 0.649704 0.66543 0.0170492 0.0171818
0 0.587536 0.812608 0.0166385 0.0162378
0 0.459811 0.665722 0.0157208 0.0150049
0 0.190354 0.0120029 0.0223035 0.01836
0 0.0281348 0.259965 0.0144111 0.0125186
0 0.918031 0.938474 0.0119755 0.0114204
0 0.903091 0.959632 0.017001 0.0150347
0 0.512629 0.843955 0.0234985 0.017767
0 0.189873 0.013175 0.0168496 0.0148724
0 0.91199 0.816817 0.0162106 0.0155125
0 0.49281 0.814694 0.0104778 0.0106817
0 0.143349 0.0349235 0.0163947 0.0167992
0 0.292383 0.69641 0.0151188 0.0141547
0 0.618475 0.770249 0.0169851 0.0168165
0 0.0845699 0.304254 0.013483 0.0127974
0 0.218893 0.776366 0.015685 0.012536
0 0.0274224 0.259468 0.0174653 0.0148457
0 0.4928 0.814413 0.0126887 0.0126785
0 0.0802263 0.215818 0.0152188 0.0180643
