0 0.306897 0.206195 0.0115647 0.0110004
0 0.649598 0.76314 0.0119705 0.0124245
0 0.751699 0.184793 0.0116102 0.0110455
0 0.844683 0.798518 0.0120063 0.0113235
0 0.0935288 0.861816 0.0141948 0.0132309
0 0.963985 0.583555 0.0129623 0.0122867
0 0.0275328 0.945278 0.0106589 0.0118473
0 0.370964 0.632803 0.00980702 0.0102403
0 0.0896301 0.9619 0.0159057 0.0126705
0 0.535796 0.132299 0.0116585 0.0139896
0 0.112217 0.970155 0.0147642 0.0133222
0 0.0857708 0.982155 0.0154522 0.0153729
0 0.68269 0.298677 0.0137945 0.0133321
0 0.0160691 0.973214 0.0146115 0.0132782
0 0.535737 0.133648 0.0149668 0.0167658
0 0.917416 0.370633 0.00995785 0.00954589
0 0.694947 0.505037 0.0122523 0.0108397
0 0.60358 0.18077 0.0135374 0.0154296
0 0.837776 0.574996 0.0167805 0.0137868
0 0.603785 0.179027 0.0172911 0.0189331
0 0.622805 0.429988 0.019545 0.0162144
0 0.489226 0.0488706 0.0141335 0.0139223
0 0.111167 0.890784 0.0132692 0.0124176
0 0.302789 0.945044 0.010865 0.0103531
0 0.857475 0.589012 0.0129047 0.01236
0 0.517947 0.046463 0.0154267 0.013919
0 0.961746 0.0135315 0.0160435 0.0154316
0 0.0272558 0.944767 0.0130358 0.0140033
0 0.751813 0.185174 0.0133947 0.0139457
0 0.680183 0.277471 0.0106098 0.00995037
0 0.0385136 0.0738121 0.0118911 0.0104092
0 0.37082 0.6316 0.012293 0.0117775
0 0.86481 0.716065 0.0120659 0.0109211
0 0.634242 0.458799 0.0113533 0.0112009
