0 0.588519 0.489107 0.0151535 0.0182091
0 0.339931 0.707434 0.0159517 0.0179771
0 0.329899 0.8204 0.0191846 0.0185951
0 0.321811 0.0381591 0.0176306 0.0205707
0 0.0590149 0.892373 0.0154037 0.0163601
0 0.326567 0.653517 0.0207199 0.0189031
0 0.321511 0.0397777 0.0145449 0.0166889
0 0.241257 0.181753 0.0136792 0.0162294
0 0.21398 0.0752326 0.0154935 0.0152507
0 0.50466 0.467803 0.0164318 0.0168335
0 0.783477 0.568386 0.0120578 0.0137055
0 0.343088 0.578639 0.0166644 0.0180371
0 0.499357 0.673384 0.0138569 0.0176026
0 0.171231 0.479944 0.0197991 0.0173128
0 0.259895 0.850074 0.0145046 0.0159855
0 0.213409 0.0729124 0.0186407 0.0212565
0 0.504512 0.467426 0.0133485 0.0142622
0 0.559091 0.560259 0.0157752 0.0180717
0 0.452426 0.0382074 0.0173967 0.017075
0 0.830324 0.703928 0.0144932 0.0154467
0 0.275353 0.770269 0.0133737 0.0157185
0 0.409696 0.643678 0.0227109 0.0193751
0 0.241503 0.325993 0.0195165 0.018612
0 0.39873 0.134708 0.0159765 0.0159817
0 0.897727 0.554724 0.0138718 0.0114217
0 0.307202 0.79087 0.0161901 0.0177156
0 0.846464 0.670656 0.0212406 0.0196419
0 0.846306 0.671271 0.017807 0.0157126
0 0.169544 0.479485 0.0135607 0.0131128
0 0.128977 0.246499 0.0151078 0.0148525
0 0.783756 0.567257 0.0149164 0.0177134
0 0.492179 0.644453 0.0206254 0.0160701
0 0.0815238 0.921995 0.0148305 0.013481
0 0.277643 0.0265247 0.0109763 0.010394
0 0.976008 0.035183 0.016922 0.0195441
0 0.24342 0.298731 0.0139167 0.0204026
0 0.485286 0.0834024 0.0182927 0.013822
0 0.331445 0.899266 0.0194765 0.0183141
0 0.0133642 0.617979 0.0267285 0.0197984
0 0.826133 0.576047 0.0175629 0.01556
0 0.45739 0.471059 0.0150204 0.0177495
0 0.267904 0.0427158 0.0145073 0.0159963
0 0.952472 0.165384 0.0216916 0.0207888
0 0.495463 0.0622688 0.0135284 0.0174536
0 0.164748 0.236854 0.0150346 0.0160244
0 0.14483 0.304917 0.0180092 0.0214356
0 0.294038 0.0495892 0.0144461 0.0134702
0 0.209875 0.128276 0.00977345 0.0119772
0 0.277376 0.0246079 0.0127031 0.0128417
0 0.601346 0.863181 0.0134107 0.0170551
0 0.867205 0.155687 0.0146667 0.0171247
0 0.224542 0.856213 0.0116193 0.0132852
0 0.668736 0.0460922 0.0174958 0.0138424
0 0.768257 0.368936 0.0121813 0.0139642
0 0.36891 0.813874 0.0150675 0.0187895
0 0.706811 0.393781 0.0166836 0.0170312
0 0.0535007 0.791861 0.0163178 0.0179441
0 0.943608 0.217695 0.0166851 0.0164048
0 0.558195 0.537324 0.0176845 0.0188468
0 0.589057 0.488688 0.0208876 0.023394
