0 0.119519 0.792387 0.00784669 0.00860578
0 0.160928 0.773098 0.00749174 0.00840276
0 0.387452 0.976423 0.0108137 0.0110313
0 0.188405 0.62851 0.00797677 0.00889415
0 0.204069 0.802887 0.00824365 0.00873649
0 0.0567407 0.767353 0.00758895 0.00832123
0 0.104366 0.739863 0.00787153 0.00811976
0 0.0665558 0.610568 0.00724721 0.00776881
0 0.499482 0.648761 0.00973967 0.00927478
0 0.114936 0.577883 0.0121572 0.0100937
0 0.496459 0.623386 0.00860757 0.0102244
0 0.203798 0.740229 0.00811701 0.00973248
0 0.0902583 0.690664 0.00700182 0.00789863
0 0.322508 0.903671 0.00808507 0.00840145
0 0.319949 0.914961 0.00678506 0.00677031
0 0.327443 0.936201 0.00825012 0.00900996
0 0.215394 0.650334 0.00869527 0.0101032
0 0.1105 0.70419 0.00594256 0.00770396
0 0.273764 0.946409 0.00671253 0.00705796
0 0.289698 0.95211 0.00858632 0.00854897
0 0.488932 0.678562 0.00793514 0.00913966
0 0.0194893 0.827474 0.00757895 0.00810337
0 0.482212 0.595766 0.00713074 0.00733775
0 0.143204 0.674193 0.00800112 0.00787163
0 0.0347246 0.700873 0.00841633 0.0090332
0 0.160859 0.77375 0.0105204 0.010177
0 0.108119 0.673797 0.00742378 0.00816536
0 0.0276218 0.760592 0.00763764 0.0077427
0 0.211837 0.851366 0.00928392 0.0100293
0 0.469668 0.727912 0.00923482 0.00861514
0 0.0153594 0.764683 0.00671725 0.00719815
0 0.403338 0.965899 0.00809669 0.00888079
0 0.140763 0.665677 0.00692253 0.00707436
0 0.236276 0.935091 0.00733081 0.00842321
0 0.0707718 0.77676 0.00616495 0.00665152
