0 0.442414 0.112116 0.00983563 0.0095581
0 0.0929225 0.0582071 0.00821032 0.00862627
0 0.5586 0.0723864 0.00860924 0.0107792
0 0.561054 0.0371122 0.0115235 0.0123099
0 0.440122 0.0389059 0.0104065 0.0101129
0 0.0134481 0.0469622 0.00809866 0.0098749
0 0.495496 0.0119658 0.0081172 0.00794975
0 0.0611621 0.153639 0.00907905 0.00914502
0 0.568137 0.0845143 0.0090636 0.0103164
0 0.443046 0.0175356 0.00818273 0.00841296
0 0.17364 0.0218611 0.00944822 0.00973766
0 0.648706 0.0268213 0.008645 0.00938991
0 0.367586 0.0912875 0.00691232 0.00859184
0 0.636793 0.0957102 0.00759983 0.00949588
0 0.0534288 0.140495 0.00782048 0.0109123
0 0.226232 0.115099 0.00892553 0.00927043
0 0.216537 0.024848 0.0105091 0.00910251
0 0.070358 0.0615551 0.00713622 0.0079226
0 0.380815 0.0529787 0.0090726 0.0102497
0 0.111384 0.113546 0.00878327 0.0102456
0 0.46382 0.0827008 0.00878212 0.0100303
0 0.0855016 0.0462395 0.00836471 0.00872895
0 0.0672909 0.17388 0.00971327 0.0112827
0 0.454433 0.094614 0.00848636 0.00890524
0 0.0715578 0.0478899 0.008344 0.00954793
0 0.185151 0.0444086 0.00898972 0.0090839
0 0.136293 0.0586552 0.0119924 0.0150411
0 0.625704 0.0527006 0.00838262 0.00873589
0 0.313507 0.0391173 0.0128006 0.0134535
0 0.498885 0.0787946 0.00870478 0.0110405
0 0.533141 0.0673113 0.00951916 0.00938547
0 0.51295 0.0804949 0.00821769 0.00870528
0 0.0255079 0.086445 0.0111516 0.0100856
0 0.212542 0.166352 0.00840664 0.00958844
0 0.161816 0.115432 0.00993152 0.0115242
0 0.538187 0.0506739 0.00808591 0.00877921
0 0.0972805 0.115873 0.0103062 0.0111018
0 0.168268 0.0987931 0.00743079 0.00832744
0 0.32164 0.0230253 0.00962472 0.00907556
0 0.275004 0.0410924 0.00935087 0.0106127
0 0.532662 0.0105117 0.0115282 0.0134884
0 0.0405466 0.097606 0.00905987 0.00955431
0 0.0927814 0.0360192 0.0083477 0.00878429
0 0.0592182 0.112407 0.00765264 0.0101527
0 0.0502519 0.0742237 0.0067853 0.007177
0 0.565495 0.0208978 0.0103298 0.0104078
0 0.0507597 0.0592299 0.00713348 0.00833137
0 0.428901 0.162961 0.00879735 0.0106548
0 0.112513 0.0583128 0.009265 0.00993017
0 0.0189616 0.0618011 0.00824149 0.00813961
0 0.399162 0.0454023 0.00725111 0.00873849
0 0.1721 0.0802116 0.00731571 0.00833195
0 0.564792 0.0563382 0.0085724 0.0102674
0 0.0728632 0.184543 0.00971568 0.00981312
0 0.385846 0.0887949 0.00954506 0.0101024
0 0.177928 0.0898494 0.00677605 0.00875169
0 0.526543 0.0271953 0.0102669 0.0100979
0 0.51575 0.0656461 0.00827044 0.00986747
0 0.154299 0.045691 0.00989413 0.0109874
0 0.465756 0.12088 0.00957793 0.0102331
0 0.557622 0.0731211 0.0110552 0.0145522
0 0.0638247 0.102004 0.00905386 0.00851665
0 0.245775 0.099268 0.0080183 0.00926737
0 0.634715 0.0107867 0.00690562 0.00780862
0 0.0597306 0.113335 0.0093472 0.0112445
0 0.315001 0.249035 0.00785673 0.00820036
0 0.451489 0.00585255 0.0125612 0.0112882
0 0.565317 0.0188644 0.010119 0.00903165
0 0.533345 0.0686913 0.00850219 0.00940363
0 0.526174 0.0251882 0.00846374 0.00927881
0 0.0251375 0.171153 0.00800989 0.00897007
0 0.0966229 0.0132857 0.00994486 0.0101414
0 0.117135 0.142499 0.0106271 0.011083
0 0.0978205 0.172073 0.0085483 0.00937784
0 0.53075 0.0652007 0.0124052 0.0127861
0 0.644427 0.0152226 0.00714231 0.00742931
0 0.291574 0.0745457 0.00808021 0.00879583
0 0.51045 0.0665671 0.0110626 0.0106728
0 0.528216 0.0610155 0.00947309 0.0084816
