0 0.812055 0.933993 0.00845164 0.0103542
0 0.907711 0.939094 0.0102259 0.00903624
0 0.658111 0.848036 0.00899446 0.00872767
0 0.801845 0.954777 0.00908411 0.00867766
0 0.697113 0.899445 0.00780511 0.00772339
0 0.727678 0.972837 0.00941634 0.00924897
0 0.629481 0.938533 0.0111908 0.0145485
0 0.643853 0.855011 0.0116171 0.0113974
0 0.693352 0.873707 0.00876313 0.00866389
0 0.646228 0.720938 0.00807929 0.00935555
0 0.681228 0.882033 0.00984448 0.0105211
0 0.532748 0.956036 0.00883877 0.00960046
0 0.66 0.904597 0.00933582 0.0100406
0 0.669255 0.868982 0.0116403 0.010141
0 0.6923 0.978092 0.00860506 0.00891149
0 0.903909 0.921667 0.00952125 0.009597
0 0.661907 0.792155 0.00828665 0.0095129
0 0.646036 0.65344 0.0106968 0.0106007
0 0.623499 0.84107 0.0104651 0.0100153
0 0.683095 0.92697 0.0092575 0.00966132
0 0.710854 0.913312 0.00834423 0.00787848
0 0.760872 0.91666 0.0090639 0.0113388
0 0.596896 0.834355 0.00738871 0.00759584
0 0.909375 0.96142 0.0092541 0.00902063
0 0.692682 0.916828 0.00747532 0.00810701
0 0.627195 0.667237 0.00928152 0.00939441
0 0.724769 0.946416 0.012493 0.0102398
0 0.652647 0.961898 0.00832486 0.00984573
0 0.954585 0.912699 0.0102409 0.0101301
0 0.860751 0.973586 0.0112442 0.0122578
0 0.785594 0.899593 0.011466 0.0116757
0 0.554776 0.852496 0.00807399 0.00740016
0 0.654578 0.872444 0.00693947 0.00777721
0 0.626528 0.76644 0.0103831 0.00982726
0 0.802553 0.829287 0.0101257 0.0127655
0 0.617302 0.829627 0.00824219 0.00823975
0 0.670087 0.766943 0.00941747 0.00914019
0 0.904692 0.909112 0.00790942 0.00840706
0 0.659802 0.622183 0.0104188 0.0101851
0 0.708506 0.953047 0.0108482 0.0111582
0 0.668329 0.638196 0.00844842 0.00956249
0 0.677775 0.713015 0.0120317 0.011549
0 0.567906 0.841429 0.00937653 0.00876409
0 0.524792 0.839072 0.00805616 0.00845373
0 0.616205 0.646958 0.00867081 0.0101836
0 0.814434 0.955385 0.00830764 0.00833321
0 0.601132 0.882774 0.00905001 0.0089916
0 0.754187 0.872204 0.0101801 0.0102373
0 0.90702 0.893222 0.0102398 0.00935304
0 0.576488 0.817142 0.00976419 0.00969923
0 0.669841 0.892725 0.00878268 0.00901204
0 0.980725 0.920894 0.00805891 0.00927043
0 0.743599 0.847489 0.0128365 0.0101669
0 0.641146 0.874977 0.00956196 0.0105682
0 0.658759 0.938605 0.0115293 0.0136297
0 0.650137 0.613225 0.00882435 0.0100021
0 0.66349 0.880478 0.0074665 0.00708318
0 0.570055 0.969983 0.0105654 0.00999677
0 0.778148 0.868916 0.0107806 0.0114493
0 0.766254 0.896914 0.0085308 0.0121014
0 0.544919 0.90931 0.0150159 0.0100237
0 0.551544 0.785893 0.0105738 0.0110747
0 0.732486 0.802192 0.00905293 0.00955141
0 0.948558 0.852846 0.00957888 0.0106758
0 0.571714 0.898728 0.0095216 0.00898552
0 0.979681 0.872638 0.00855082 0.0096575
0 0.713798 0.841773 0.0104717 0.00927275
0 0.735069 0.87985 0.008376 0.00870818
0 0.643494 0.805375 0.00686592 0.00730556
0 0.673657 0.731296 0.00885552 0.0103798
0 0.332231 0.984029 0.00937217 0.0083763
0 0.671606 0.781366 0.00907385 0.0120122
0 0.537223 0.855139 0.00922829 0.0122833
0 0.631757 0.970841 0.00955385 0.00971186
0 0.605781 0.909217 0.0103664 0.0111961
0 0.629041 0.64855 0.00822783 0.00773478
0 0.710541 0.787273 0.0084222 0.00771981
0 0.684409 0.95709 0.00960863 0.00993061
0 0.624589 0.863134 0.0120182 0.0124952
0 0.60689 0.933017 0.00810659 0.00994074
0 0.55115 0.817551 0.00983703 0.00853574
0 0.551778 0.817353 0.0123527 0.0101639
0 0.714035 0.825863 0.0097124 0.00932288
0 0.916564 0.889901 0.00690079 0.00840664
0 0.721533 0.877831 0.00741047 0.00711882
0 0.672119 0.783014 0.00981539 0.011013
0 0.703165 0.775688 0.0106845 0.0106732
0 0.644973 0.92428 0.0111103 0.00942111
0 0.581293 0.907357 0.00972784 0.0095638
0 0.577445 0.847384 0.00926507 0.00879514
0 0.755151 0.827226 0.00762385 0.00754702
0 0.803616 0.833157 0.00950986 0.0148401
0 0.603904 0.771719 0.00918871 0.00926191
0 0.767673 0.840735 0.0073269 0.00790638
0 0.741775 0.921575 0.0106367 0.0109901
0 0.755586 0.901325 0.00726634 0.0087418
0 0.622467 0.74672 0.00749975 0.00893366
0 0.626961 0.667428 0.0119542 0.010734
0 0.377316 0.976701 0.00959978 0.00899619
0 0.609237 0.852809 0.0103111 0.00955904
0 0.64611 0.719691 0.00985497 0.00960213
0 0.701928 0.776759 0.0125712 0.0140176
0 0.608147 0.947884 0.00768805 0.00864446
0 0.953463 0.888705 0.00794071 0.00746763
0 0.939903 0.893568 0.0111118 0.0129519
0 0.755612 0.888751 0.00708789 0.00819987
