0 0.907267 0.634966 0.00977534 0.0103869
0 0.857887 0.445907 0.0103576 0.0100017
0 0.871714 0.834856 0.00942421 0.0103853
0 0.930699 0.465839 0.010152 0.0110041
0 0.901684 0.420974 0.00912267 0.00900689
0 0.898318 0.704487 0.00825745 0.00871944
0 0.860585 0.335036 0.0102871 0.0104971
0 0.890575 0.728134 0.0100456 0.010191
0 0.821861 0.590863 0.00820023 0.00923175
0 0.942175 0.484084 0.00983351 0.0101294
0 0.91632 0.700015 0.0101406 0.0123281
0 0.941264 0.167173 0.00765914 0.00850514
0 0.958262 0.560745 0.0105698 0.00938404
0 0.946933 0.823041 0.00677854 0.00784266
0 0.984375 0.266787 0.0102089 0.011655
0 0.945039 0.79518 0.00910431 0.00927418
0 0.879869 0.449741 0.00856709 0.0115021
0 0.852581 0.739924 0.00957602 0.0102898
0 0.921103 0.723115 0.0091961 0.00951344
0 0.904073 0.187871 0.0107956 0.0110179
0 0.874861 0.173711 0.0165116 0.0149663
0 0.9812 0.554582 0.0104439 0.010303
0 0.985899 0.760409 0.00860518 0.00991362
0 0.877741 0.680195 0.00710428 0.00776148
0 0.890405 0.635947 0.00845259 0.00974196
0 0.947992 0.765098 0.0081867 0.00867444
0 0.911134 0.613414 0.0112451 0.0149559
0 0.971879 0.861958 0.01343 0.0121395
0 0.962903 0.228704 0.009754 0.00990649
0 0.828168 0.679126 0.009938 0.0104993
0 0.980192 0.890801 0.00949669 0.0103947
0 0.947048 0.549032 0.0100945 0.0122029
0 0.976386 0.12145 0.0101359 0.0112627
0 0.938905 0.354582 0.00941807 0.0100724
0 0.895432 0.548232 0.00769615 0.00878483
0 0.977679 0.587177 0.00906909 0.0105289
0 0.828595 0.746726 0.0112745 0.0120031
0 0.898137 0.439989 0.00803012 0.00860786
0 0.869648 0.47799 0.0117033 0.0117189
0 0.815342 0.621429 0.0101477 0.011106
0 0.929937 0.732753 0.00887161 0.00975168
0 0.983932 0.608465 0.00763476 0.00779456
0 0.937219 0.307605 0.00901473 0.0109631
0 0.913139 0.40468 0.00685292 0.00741863
0 0.84993 0.327702 0.00812435 0.00979197
0 0.913591 0.415204 0.00583571 0.00574207
0 0.878648 0.642012 0.00992817 0.0109403
0 0.991473 0.427436 0.00735706 0.00942326
0 0.951073 0.14693 0.0104523 0.0129786
0 0.882317 0.612578 0.00972003 0.0108799
0 0.972934 0.623481 0.00804329 0.00860918
0 0.990916 0.451647 0.00818974 0.00896072
0 0.909041 0.593423 0.0105168 0.0100272
0 0.807956 0.569226 0.0098747 0.0109164
0 0.882836 0.611187 0.00944674 0.00954276
0 0.995144 0.281663 0.00930059 0.0106898
0 0.949977 0.922102 0.00854641 0.00903243
0 0.970097 0.611539 0.00934219 0.00891042
0 0.927101 0.369595 0.00962847 0.00987515
0 0.980462 0.699443 0.00851232 0.0107315
0 0.96812 0.771446 0.00891572 0.0100744
0 0.904417 0.401553 0.00749147 0.0081234
0 0.880783 0.477667 0.00786972 0.010264
0 0.771309 0.793463 0.00991839 0.0106938
0 0.953484 0.864901 0.00849116 0.00882357
0 0.968558 0.934109 0.00764048 0.00979882
0 0.787711 0.789946 0.0113586 0.0100824
0 0.924525 0.600914 0.0091446 0.0100005
0 0.990697 0.450462 0.00918657 0.00969353
0 0.990195 0.140173 0.00945091 0.00932047
0 0.975248 0.921419 0.00958407 0.00985146
0 0.893971 0.600735 0.00905114 0.00914687
0 0.969806 0.612814 0.0113564 0.0103655
0 0.802175 0.757026 0.00865519 0.00967956
0 0.826664 0.560367 0.0120651 0.020047
0 0.954645 0.888232 0.00645751 0.00732273
0 0.980906 0.700941 0.00921005 0.0107524
0 0.818856 0.578319 0.00887716 0.00946563
0 0.866779 0.648205 0.00873142 0.00968742
0 0.957016 0.428126 0.0103763 0.0146578
