0 0.416076 0.821895 0.00951788 0.0107231
0 0.473697 0.829138 0.0104938 0.010004
0 0.379427 0.926678 0.0094716 0.00903225
0 0.446585 0.896647 0.00976256 0.0109707
0 0.491302 0.84527 0.00843161 0.00863856
0 0.290947 0.873073 0.00927925 0.00890273
0 0.407423 0.97947 0.00874043 0.00921398
0 0.392494 0.808854 0.00744182 0.00802422
0 0.373732 0.75675 0.0108302 0.0114812
0 0.599924 0.738572 0.00933278 0.00996757
0 0.60901 0.698684 0.0082441 0.00804025
0 0.581066 0.711887 0.00980133 0.00902367
0 0.595625 0.722793 0.00724542 0.00777149
0 0.309634 0.866429 0.0100633 0.00974196
0 0.415127 0.760888 0.00684088 0.00743043
0 0.522045 0.835887 0.00738883 0.00822145
0 0.645278 0.867262 0.00867397 0.00900537
0 0.611329 0.896121 0.0082916 0.00932616
0 0.332657 0.95172 0.00810489 0.00905383
0 0.512824 0.365929 0.0118452 0.011214
0 0.261293 0.712112 0.00771111 0.00838393
0 0.423542 0.884466 0.012164 0.0124366
0 0.220206 0.779798 0.00840101 0.0086571
0 0.629767 0.66033 0.0108989 0.0106331
0 0.554824 0.831578 0.00918692 0.00905305
0 0.175321 0.820168 0.00863552 0.00882572
0 0.48199 0.778973 0.00744498 0.00804693
0 0.226811 0.746931 0.00930905 0.0110313
0 0.935378 0.922861 0.00853574 0.00916862
0 0.358312 0.785349 0.00816211 0.00889337
0 0.384534 0.746546 0.00929275 0.00954592
0 0.468885 0.77572 0.00985336 0.0100722
0 0.402804 0.798538 0.00967759 0.00967616
0 0.627229 0.632957 0.00915909 0.00867969
0 0.439005 0.621812 0.00902987 0.0102095
0 0.250991 0.230098 0.00821163 0.00825609
0 0.232648 0.723876 0.00740872 0.00802749
0 0.539281 0.492058 0.00844622 0.00942889
0 0.667846 0.849482 0.00899982 0.00848621
0 0.173673 0.145738 0.0080101 0.00854655
0 0.305381 0.965247 0.010618 0.0119869
0 0.310212 0.840927 0.0100418 0.010358
0 0.672423 0.821917 0.0089218 0.00864339
0 0.508588 0.884187 0.00900704 0.00998807
0 0.57965 0.753125 0.0114603 0.0119742
0 0.514978 0.897251 0.00789726 0.00860232
0 0.68887 0.715813 0.00881147 0.0099234
0 0.898894 0.991533 0.00782299 0.00879747
0 0.568906 0.809317 0.00980949 0.0106009
0 0.515097 0.797099 0.00834846 0.00924069
0 0.535483 0.361245 0.00847703 0.00820675
0 0.582131 0.394013 0.00920451 0.0106927
0 0.469817 0.60399 0.00879118 0.0092079
0 0.525129 0.867934 0.00950658 0.00913578
0 0.62894 0.858781 0.00754213 0.00734365
0 0.209745 0.690066 0.00924411 0.00984842
0 0.39548 0.772992 0.00864902 0.00950521
0 0.953703 0.920648 0.00835055 0.00906318
0 0.509847 0.761323 0.00666213 0.0077486
0 0.25301 0.217443 0.007329 0.00822124
0 0.638346 0.395163 0.00944805 0.00991926
0 0.685598 0.743079 0.00761247 0.00784945
0 0.346585 0.908272 0.00791794 0.00901753
0 0.642788 0.787179 0.00868285 0.00867718
0 0.893799 0.804213 0.0112749 0.0120791
0 0.686788 0.624061 0.0086298 0.00867534
0 0.752688 0.811162 0.00875533 0.00808185
0 0.53293 0.633839 0.00699043 0.00699502
0 0.555302 0.616573 0.00884497 0.00867712
0 0.476873 0.333002 0.00863838 0.00934944
0 0.425999 0.758655 0.00748217 0.0080902
0 0.558799 0.498051 0.00894034 0.00941065
0 0.630802 0.412279 0.00945246 0.00931674
0 0.540151 0.674036 0.00839645 0.00821537
0 0.40864 0.435009 0.00769767 0.00891647
0 0.607654 0.372988 0.00798702 0.00820836
0 0.62133 0.400325 0.0113955 0.0111255
0 0.508299 0.828738 0.00886536 0.00862122
0 0.364765 0.923965 0.00784302 0.00767708
0 0.454648 0.609219 0.00553456 0.00639611
0 0.208822 0.141303 0.00986253 0.00964451
0 0.570028 0.785247 0.0128787 0.0123251
0 0.423671 0.421409 0.0113418 0.0111286
0 0.547006 0.735933 0.00779647 0.00816631
0 0.355553 0.915231 0.00756273 0.00886536
0 0.628907 0.816591 0.00737441 0.00847322
0 0.459663 0.70551 0.00732431 0.00776726
0 0.706084 0.735322 0.00909132 0.00936395
0 0.396658 0.9304 0.00757942 0.00808716
0 0.396106 0.635976 0.00738573 0.00703001
0 0.925784 0.983222 0.00919378 0.00941736
0 0.291133 0.846804 0.0077506 0.00879478
0 0.374021 0.697945 0.00727421 0.00791985
0 0.584306 0.694904 0.00861228 0.00870115
0 0.751007 0.888524 0.0111129 0.0100464
0 0.496691 0.931137 0.00841865 0.00922853
0 0.247858 0.734049 0.00844814 0.00924492
0 0.557468 0.817862 0.00739735 0.00748062
0 0.70316 0.752887 0.0063616 0.00800371
0 0.331389 0.704264 0.0109139 0.0108222
0 0.20432 0.804911 0.00730313 0.00741959
0 0.499306 0.755825 0.00762045 0.00814056
0 0.69443 0.908797 0.00741041 0.00718689
0 0.632529 0.616697 0.00909603 0.0113676
0 0.488049 0.973045 0.0101668 0.00991172
0 0.69177 0.890848 0.00820255 0.0093044
0 0.559845 0.851244 0.00652808 0.00710046
0 0.247259 0.199611 0.0104467 0.00978656
0 0.420557 0.977439 0.00803947 0.0105152
0 0.167969 0.801103 0.0085402 0.0103362
0 0.257659 0.84449 0.00852183 0.00943071
0 0.61618 0.654988 0.00689137 0.00695819
0 0.393467 0.736463 0.0100051 0.00884724
0 0.556274 0.44031 0.00982207 0.0110821
0 0.553905 0.715934 0.00628263 0.00697118
0 0.198001 0.178331 0.0101196 0.010985
0 0.19115 0.786762 0.00857729 0.00938779
0 0.521958 0.624571 0.00926912 0.00812471
0 0.938418 0.895651 0.0078932 0.00792885
0 0.224079 0.715171 0.00621971 0.00688869
0 0.347805 0.940984 0.00975108 0.010537
0 0.68575 0.743978 0.00899649 0.0082491
0 0.560806 0.728857 0.0092063 0.00957221
0 0.622376 0.676626 0.00633276 0.00669557
0 0.396552 0.931513 0.00851804 0.00885701
0 0.667729 0.809731 0.0097847 0.0120251
0 0.331336 0.70524 0.0121075 0.0143545
0 0.311054 0.313322 0.0117797 0.010933
0 0.522673 0.849628 0.00687349 0.00726742
0 0.192854 0.809224 0.00761533 0.00888103
0 0.559214 0.327382 0.00754917 0.00941667
0 0.148359 0.816951 0.00929122 0.00913352
0 0.524223 0.676846 0.00679457 0.00718457
0 0.409603 0.652473 0.00663823 0.0113493
0 0.409364 0.649174 0.00689602 0.0152919
0 0.33247 0.95188 0.0100532 0.0114021
0 0.481353 0.670131 0.00859669 0.00876862
0 0.690679 0.774246 0.00839329 0.0104923
0 0.560525 0.39686 0.00947112 0.0100001
0 0.612947 0.827555 0.00724107 0.00796431
0 0.630076 0.646608 0.00806296 0.00796622
0 0.943247 0.883319 0.00801885 0.00893974
0 0.490239 0.614443 0.00875112 0.00780737
0 0.827217 0.835959 0.00923711 0.00914723
0 0.898034 0.90518 0.00660169 0.00750083
0 0.624629 0.802567 0.00836086 0.00989783
0 0.284295 0.840101 0.00737354 0.00657767
0 0.686799 0.878082 0.00723511 0.00940114
0 0.319595 0.986585 0.00991964 0.0107182
0 0.147194 0.183889 0.00707459 0.00719896
0 0.490411 0.960624 0.00757352 0.00761604
0 0.515073 0.636876 0.0087322 0.00866413
0 0.349294 0.692454 0.00746804 0.00786614
0 0.69546 0.846678 0.00750339 0.00682849
0 0.544894 0.317328 0.0085972 0.00847948
0 0.394129 0.915954 0.00789142 0.00808644
0 0.671138 0.770527 0.00739193 0.00924319
0 0.578676 0.645677 0.011627 0.00942177
0 0.502432 0.898358 0.00850201 0.00867879
0 0.752817 0.812249 0.0101091 0.00954098
0 0.45826 0.630242 0.00653526 0.00687927
0 0.521657 0.608511 0.00760752 0.00862378
0 0.122965 0.138023 0.00855204 0.00978418
0 0.530183 0.458548 0.00812131 0.00948811
0 0.535463 0.362029 0.0102675 0.00933322
0 0.969261 0.756915 0.00909901 0.0093109
0 0.488343 0.313242 0.00744563 0.00776687
0 0.63327 0.614111 0.00989836 0.0152626
0 0.346352 0.90734 0.00985461 0.010264
0 0.362433 0.581852 0.0100226 0.0110052
0 0.578458 0.496227 0.00876331 0.00820333
0 0.328095 0.323178 0.0109126 0.010906
0 0.273834 0.624354 0.00843582 0.00879908
0 0.224492 0.832249 0.00944358 0.0103912
0 0.469048 0.933707 0.00759944 0.00777775
0 0.362182 0.580419 0.00886011 0.00797772
0 0.679632 0.730903 0.00714856 0.00740111
0 0.385518 0.702743 0.00903311 0.0100842
0 0.566263 0.488962 0.00667763 0.00712395
0 0.818892 0.912374 0.00905269 0.00908166
0 0.371585 0.916103 0.00704724 0.007447
0 0.476076 0.332927 0.00972775 0.0118262
0 0.0444819 0.684062 0.00832785 0.0120726
0 0.468944 0.435756 0.0125074 0.0165289
0 0.899871 0.894318 0.00909483 0.0098213
0 0.488714 0.335816 0.00710228 0.00741959
0 0.575561 0.485373 0.00780392 0.0079008
0 0.550537 0.680949 0.00805873 0.00920743
0 0.359594 0.376528 0.0118305 0.0101183
0 0.411959 0.772429 0.00692919 0.00722867
0 0.190869 0.788722 0.009727 0.0119331
0 0.521898 0.836982 0.00849086 0.00908089
