0 0.65385 0.445096 0.0157461 0.0146441
0 0.599411 0.22352 0.0183007 0.0180746
0 0.447505 0.451187 0.0177746 0.0198839
0 0.786136 0.189162 0.0127113 0.0141181
0 0.492857 0.26845 0.0181624 0.0153365
0 0.114602 0.778942 0.0177976 0.0188472
0 0.36207 0.340114 0.0188852 0.0251311
0 0.399963 0.967473 0.0127083 0.0175312
0 0.232708 0.868731 0.0164687 0.0129875
0 0.400853 0.429303 0.0169423 0.0148576
0 0.204084 0.387129 0.0142646 0.0146553
0 0.22726 0.241893 0.0122077 0.0120828
0 0.0416315 0.92341 0.00966933 0.0121445
0 0.602478 0.518715 0.0145767 0.0197341
0 0.336841 0.29829 0.0152977 0.0156958
0 0.400374 0.967561 0.0100418 0.013802
0 0.816471 0.152999 0.00818753 0.00884442
0 0.116594 0.327183 0.0158503 0.0147009
0 0.171456 0.521074 0.0164536 0.0210223
0 0.749022 0.190861 0.0131564 0.0167021
0 0.179474 0.398295 0.0145805 0.0160653
0 0.163222 0.346897 0.0214846 0.0214331
0 0.535491 0.65281 0.0143815 0.014363
0 0.644824 0.393762 0.00971621 0.0103509
0 0.127146 0.518987 0.0160997 0.0128212
0 0.156384 0.774911 0.0121595 0.0204176
0 0.168913 0.562056 0.0173881 0.0233856
0 0.843636 0.173093 0.0176346 0.0165029
0 0.669789 0.433601 0.0176107 0.0159514
0 0.506923 0.725223 0.0131923 0.0201176
0 0.0280065 0.604267 0.0170537 0.0242859
0 0.259196 0.788182 0.0220789 0.0198464
0 0.622213 0.49219 0.0151153 0.0168828
0 0.600214 0.476031 0.0155304 0.0168413
0 0.228356 0.243563 0.0144715 0.0158816
0 0.0671395 0.54996 0.0122691 0.0118823
0 0.180163 0.625303 0.0159438 0.0119554
0 0.582418 0.270327 0.0139761 0.0146773
0 0.483472 0.727086 0.0152702 0.0162443
0 0.371766 0.991354 0.0100957 0.0136616
0 0.0925994 0.61222 0.0206475 0.0170683
0 0.453145 0.329039 0.014266 0.0132822
0 0.528293 0.667721 0.0124889 0.0134861
0 0.319053 0.298441 0.0118365 0.0121668
0 0.271671 0.279087 0.0148452 0.0188752
0 0.534394 0.652049 0.0187045 0.0180763
0 0.49073 0.40942 0.0100957 0.0127287
0 0.371107 0.990793 0.0142223 0.018415
