0 0.120023 0.86174 0.0171003 0.0213558
0 0.590338 0.114334 0.0150182 0.0190015
0 0.364304 0.0315307 0.0193389 0.0204846
0 0.548105 0.509734 0.017269 0.0174589
0 0.162596 0.968313 0.0117856 0.017753
0 0.554854 0.237845 0.0153221 0.0136726
0 0.630673 0.942312 0.0117893 0.0122524
0 0.59044 0.115357 0.0191525 0.021966
0 0.0302986 0.0814302 0.0151792 0.0157378
0 0.121237 0.863009 0.0215908 0.0263737
0 0.558426 0.202409 0.0108694 0.0122322
0 0.586036 0.273801 0.0140415 0.0143143
0 0.0990565 0.0856497 0.0180098 0.0213902
0 0.309401 0.45458 0.0155892 0.0129433
0 0.334355 0.449195 0.0184976 0.0170588
0 0.192083 0.2794 0.00857528 0.00900131
0 0.310515 0.82809 0.0159786 0.0149891
0 0.0144881 0.866709 0.0135086 0.0197785
0 0.557871 0.205292 0.0144778 0.019761
0 0.311036 0.828751 0.0194751 0.0175984
