0 0.408951 0.297767 0.00901434 0.00890329
0 0.831538 0.317866 0.0189346 0.0204971
0 0.366357 0.501658 0.0145528 0.01092
0 0.340773 0.372622 0.0109707 0.0124491
0 0.893988 0.758825 0.0117142 0.011591
0 0.731053 0.317976 0.017141 0.0180703
0 0.339098 0.547738 0.0147402 0.0201992
0 0.418142 0.325588 0.0159943 0.0148684
0 0.437267 0.889305 0.0134399 0.0164688
0 0.340625 0.373411 0.0135704 0.016296
0 0.491675 0.269191 0.0193338 0.0193084
0 0.944618 0.869985 0.0118757 0.0107441
0 0.665734 0.356907 0.0155191 0.0225999
0 0.49093 0.268657 0.024242 0.0238169
0 0.90235 0.800313 0.0127678 0.0135357
0 0.755641 0.31246 0.0114045 0.0149001
0 0.421497 0.28158 0.0153797 0.0200539
0 0.667573 0.924373 0.0167041 0.0194896
0 0.665715 0.355957 0.021232 0.0272268
0 0.411523 0.254451 0.0163473 0.0199212
0 0.750413 0.395001 0.0173706 0.0182226
0 0.796151 0.693633 0.0181724 0.0206001
0 0.311871 0.698566 0.0143557 0.0130898
0 0.777028 0.271652 0.0136778 0.0149154
0 0.366906 0.408088 0.0136218 0.0201916
0 0.581412 0.239169 0.0101795 0.0110662
0 0.832109 0.346732 0.0144291 0.0202464
0 0.459248 0.535555 0.0213095 0.0189328
0 0.80651 0.276115 0.0175247 0.0213363
0 0.367373 0.36746 0.014647 0.0203288
0 0.437266 0.889858 0.0165594 0.0224628
0 0.552363 0.480551 0.0108145 0.0108467
0 0.312048 0.700121 0.0169158 0.0180098
0 0.239489 0.57591 0.0185696 0.0148234
0 0.806373 0.738333 0.0131384 0.01818
0 0.241329 0.576734 0.0134164 0.0126497
0 0.833977 0.348356 0.0209694 0.0274928
0 0.262303 0.533601 0.0171709 0.0157449
0 0.775519 0.271515 0.0183216 0.0174873
0 0.366411 0.408422 0.0169379 0.0238813
0 0.807145 0.73898 0.0156407 0.0223029
0 0.836037 0.702768 0.00600415 0.00730222
0 0.894328 0.760512 0.0161896 0.0164969
0 0.428743 0.915525 0.0111601 0.0110102
0 0.595572 0.744653 0.0159025 0.0188625
0 0.437283 0.327483 0.0125546 0.0247919
0 0.43498 0.320058 0.0132826 0.0218444
