0 0.658815 0.332525 0.0236557 0.022604
0 0.796931 0.259617 0.0265297 0.0259404
0 0.822988 0.288304 0.0175816 0.0207273
0 0.183081 0.726067 0.0208928 0.0197946
0 0.132323 0.389111 0.0175091 0.0170054
0 0.755152 0.232233 0.0170169 0.0117433
0 0.846208 0.393719 0.0184364 0.0189894
0 0.593399 0.824098 0.0188742 0.0195961
0 0.829761 0.371584 0.0133324 0.0123677
0 0.0996595 0.201072 0.0135057 0.0143023
0 0.595472 0.823398 0.010874 0.0121765
0 0.133191 0.3903 0.0209386 0.0217544
0 0.895486 0.428253 0.0156866 0.0173433
0 0.633719 0.836346 0.0194254 0.0173538
0 0.737829 0.306895 0.0123137 0.0181497
0 0.527533 0.092227 0.0181471 0.018106
0 0.887509 0.367257 0.0116348 0.0134759
0 0.886249 0.36755 0.0152096 0.0178526
0 0.830102 0.37012 0.0107616 0.0108216
0 0.182599 0.724877 0.0228056 0.0260412
0 0.952263 0.502635 0.0127301 0.0136691
0 0.791013 0.21541 0.0214654 0.0279941
0 0.989699 0.608965 0.0206017 0.0209894
