0 0.317135 0.737709 0.559269 0.349764
0 0.124341 0.580499 0.176463 0.264003
0 0.28125 0.637487 0.5625 0.100026
0 0.554292 0.831773 0.383583 0.336453
0 0.324391 0.512504 0.426212 0.349993
0 0.247995 0.655819 0.495991 0.113363
0 0.665454 0.831953 0.555908 0.336094
0 0.311413 0.624504 0.440171 0.225991
0 0.281246 0.55064 0.562492 0.32372
0 0.172802 0.475186 0.21962 0.475363
0 0.125316 0.45002 0.125736 0.424962
0 0.28125 0.492902 0.5625 0.339197
0 0.184918 0.562536 0.369837 0.349928
0 0.525099 0.899749 0.374856 0.200502
0 0.423734 0.783607 0.521785 0.158937
0 0.283617 0.824805 0.348093 0.225409
0 0.156402 0.713866 0.312803 0.352586
0 0.511937 0.712483 0.349206 0.350034
