0 0.213672 0.164106 0.0171244 0.0175009
0 0.653196 0.970056 0.0135857 0.0124046
0 0.142742 0.110726 0.0159755 0.0157352
0 0.152618 0.618138 0.0208439 0.0239288
0 0.213735 0.711081 0.0188548 0.0167602
0 0.147867 0.141636 0.0154449 0.0145859
0 0.262695 0.271709 0.0184825 0.021334
0 0.734804 0.582146 0.0182378 0.0195776
0 0.510991 0.049399 0.0138838 0.0163589
0 0.221786 0.228584 0.0166291 0.017954
0 0.0663858 0.909371 0.0190307 0.0185532
0 0.696471 0.775986 0.0122761 0.013451
0 0.69836 0.848742 0.0151653 0.0139488
0 0.671581 0.963794 0.01332 0.0148464
0 0.724358 0.828969 0.0133734 0.0133678
0 0.0182547 0.969284 0.0196006 0.0180557
0 0.313876 0.518907 0.0204358 0.0242167
0 0.381736 0.574428 0.0138745 0.0157999
0 0.754429 0.799857 0.011329 0.0152237
0 0.612391 0.343765 0.0141697 0.0192141
0 0.649536 0.920231 0.0172643 0.0178185
0 0.230481 0.690898 0.00776568 0.00954211
0 0.280457 0.806722 0.0148436 0.0178812
0 0.420725 0.157823 0.0156772 0.0156988
0 0.290215 0.629155 0.0196379 0.0225734
0 0.0936887 0.953253 0.0154635 0.0178471
0 0.192096 0.293526 0.0124073 0.0147303
0 0.493711 0.0154549 0.0195248 0.0258905
0 0.807238 0.538029 0.0146294 0.0183164
0 0.416678 0.600802 0.0190151 0.019195
0 0.0777223 0.932066 0.013288 0.0163017
0 0.296807 0.545583 0.0250431 0.0216659
0 0.175903 0.293358 0.0119814 0.0135764
0 0.695652 0.529212 0.0127905 0.0137968
0 0.31374 0.521842 0.0174533 0.0183453
0 0.592469 0.887243 0.0147147 0.0176823
0 0.559607 0.882694 0.0114393 0.0120034
0 0.263377 0.620998 0.01511 0.0171297
0 0.671574 0.964621 0.01427 0.0215462
0 0.724079 0.82839 0.0154886 0.0167072
0 0.180298 0.214524 0.0198243 0.0215294
0 0.769586 0.565074 0.0100603 0.0114993
0 0.0719305 0.953442 0.00935562 0.0122837
0 0.775149 0.532341 0.0151876 0.0164763
0 0.635752 0.941618 0.034143 0.0230503
0 0.304256 0.958181 0.0109443 0.0118332
0 0.263485 0.622163 0.0171226 0.0237536
0 0.349465 0.947792 0.012356 0.0138359
0 0.898796 0.703503 0.00551909 0.00677913
0 0.148218 0.140114 0.0186565 0.0171677
0 0.763284 0.594804 0.0133427 0.0191426
0 0.806863 0.55693 0.0160612 0.015627
