0 0.898882 0.912841 0.0209711 0.0209187
0 0.287516 0.912372 0.0154255 0.0196193
0 0.881157 0.942927 0.0161259 0.0172234
0 0.267853 0.969042 0.0152447 0.0177357
0 0.331358 0.969434 0.0162503 0.0185803
0 0.958155 0.966715 0.0232182 0.021194
0 0.129975 0.959952 0.0167453 0.0174778
0 0.956611 0.966967 0.0180962 0.0149746
0 0.130075 0.959089 0.0203579 0.021994
0 0.867322 0.897591 0.00837749 0.0111443
0 0.690902 0.842891 0.019438 0.0193378
0 0.954194 0.966799 0.012661 0.0130779
0 0.298292 0.952789 0.0170552 0.019594
0 0.612718 0.918659 0.0175263 0.019743
0 0.0445175 0.590241 0.018364 0.0189303
0 0.871177 0.897577 0.0173756 0.0149765
0 0.445321 0.985906 0.00950909 0.00979042
0 0.267833 0.967705 0.0204052 0.023587
0 0.869102 0.897961 0.0143162 0.012664
