0 0.815535 0.701074 0.0148201 0.0149992
0 0.796302 0.0956827 0.0115265 0.0127071
0 0.839775 0.665389 0.0134033 0.0143608
0 0.693805 0.127343 0.0151571 0.014133
0 0.311817 0.312116 0.0172512 0.0160073
0 0.849535 0.749469 0.0119373 0.0141132
0 0.88714 0.712669 0.017029 0.016571
0 0.695437 0.104291 0.0105667 0.0101936
0 0.574366 0.395908 0.012645 0.0158775
0 0.750384 0.0759984 0.00989074 0.0112416
0 0.210136 0.0541429 0.0127705 0.0129302
0 0.768314 0.102145 0.0149139 0.0190751
0 0.710965 0.940155 0.0113554 0.0117134
0 0.370178 0.0142336 0.0135722 0.013349
0 0.745524 0.734162 0.0119173 0.013387
0 0.749534 0.0772045 0.0130802 0.0136687
0 0.366523 0.874136 0.00668809 0.00817263
0 0.747979 0.0762698 0.0162803 0.0157505
0 0.559781 0.00987418 0.0132542 0.0147517
0 0.441529 0.426851 0.0122762 0.0127582
0 0.579349 0.994015 0.0141779 0.0119709
0 0.307427 0.922646 0.0116583 0.015584
0 0.736748 0.0678777 0.0162958 0.0238605
0 0.560356 0.0104596 0.0168128 0.0175445
0 0.271081 0.0159342 0.0151386 0.0204313
0 0.550329 0.031661 0.017432 0.010299
0 0.435028 0.462383 0.0118689 0.0118551
0 0.366696 0.875082 0.00785694 0.00876617
0 0.258308 0.848858 0.0112133 0.0133938
