0 0.351049 0.371087 0.577098 0.367174
0 0.255604 0.362525 0.436205 0.35005
0 0.424399 0.21255 0.623799 0.349926
0 0.299883 0.362502 0.125234 0.349998
0 0.410175 0.390213 0.445363 0.228233
0 0.524998 0.325815 0.325004 0.373369
0 0.498502 0.396649 0.427996 0.231674
0 0.478886 0.266627 0.48402 0.182449
0 0.509241 0.299023 0.337333 0.224754
0 0.260352 0.327453 0.196076 0.470094
0 0.27523 0.228378 0.375455 0.318245
0 0.260945 0.449993 0.297045 0.225014
0 0.95384 0.438558 0.00966877 0.00847313
0 0.574981 0.187497 0.325083 0.350006
0 0.278379 0.738616 0.00974295 0.00830334
0 0.1344 0.317672 0.0187559 0.0191358
0 0.526123 0.103726 0.0100253 0.00986312
0 0.107193 0.00981492 0.0116742 0.00953163
0 0.225725 0.338746 0.17663 0.447508
