0 0.250697 0.614573 0.0157864 0.015192
0 0.199479 0.555146 0.0166295 0.0178812
0 0.107267 0.140377 0.017043 0.0192651
0 0.0976662 0.444261 0.017642 0.0188135
0 0.206656 0.459158 0.0173178 0.018285
0 0.391458 0.678977 0.0147343 0.0187035
0 0.296525 0.957384 0.0117926 0.0149738
0 0.506271 0.906666 0.0166779 0.01609
0 0.193731 0.621677 0.0157804 0.0155953
0 0.255643 0.66285 0.016112 0.0197052
0 0.0423837 0.120866 0.0140951 0.018785
0 0.216684 0.60261 0.0160354 0.0166273
0 0.257946 0.778382 0.0136335 0.0161343
0 0.229379 0.630441 0.0130414 0.0135568
0 0.421565 0.986609 0.0112393 0.0119326
0 0.204528 0.145147 0.0128038 0.0166521
0 0.358601 0.687755 0.0195864 0.0198985
0 0.276488 0.669221 0.0151762 0.0178913
0 0.179331 0.466681 0.0133565 0.0154544
0 0.0446145 0.0555089 0.0130495 0.0124291
0 0.127258 0.0814488 0.0168635 0.0164293
0 0.305926 0.9283 0.0131019 0.0156004
0 0.012879 0.0188465 0.0217528 0.0298772
0 0.13815 0.45502 0.0133066 0.0151941
0 0.53272 0.579185 0.012401 0.0148926
0 0.175784 0.218593 0.0138243 0.015991
0 0.342323 0.967752 0.0135198 0.0134327
0 0.255892 0.661843 0.0204444 0.0242686
0 0.131316 0.414248 0.0142066 0.0186867
0 0.422285 0.198737 0.00805551 0.0108414
0 0.422079 0.200493 0.00693703 0.00958286
0 0.259766 0.581113 0.0167778 0.0209441
0 0.978923 0.55162 0.0146343 0.0149165
0 0.356114 0.587124 0.0124377 0.0161873
0 0.0493688 0.631151 0.0154035 0.0195305
0 0.386676 0.58418 0.0113881 0.0112627
0 0.362501 0.642683 0.0131365 0.0188206
0 0.111443 0.629418 0.012969 0.0164339
0 0.0277522 0.276853 0.0125609 0.0130082
0 0.0656455 0.096982 0.00944764 0.00995137
0 0.968487 0.223359 0.0155621 0.0205032
0 0.103465 0.667009 0.0162346 0.0189525
0 0.0937243 0.121982 0.00917606 0.0108549
0 0.299185 0.291561 0.0130562 0.0185212
0 0.230822 0.761061 0.0110731 0.0145472
0 0.579769 0.522493 0.0105295 0.0125429
0 0.395353 0.624395 0.0200568 0.0178363
0 0.661194 0.263986 0.0125246 0.0136951
0 0.142808 0.0379851 0.0137867 0.026302
0 0.692147 0.92223 0.0123365 0.0129189
0 0.179608 0.466662 0.0155837 0.0198914
0 0.309525 0.66362 0.00897968 0.0104841
0 0.560934 0.950517 0.0129895 0.0162052
0 0.31739 0.706751 0.0139333 0.0208054
0 0.628613 0.576808 0.00643748 0.00745928
