0 0.884206 0.686876 0.0165733 0.0183549
0 0.768751 0.133216 0.462498 0.266431
0 0.270668 0.921581 0.0171387 0.0178367
0 0.233862 0.387105 0.017284 0.0174377
0 0.0218607 0.343784 0.0158255 0.0184571
0 0.186589 0.967973 0.0172239 0.0226665
0 0.644511 0.717558 0.01592 0.0184223
0 0.677781 0.911329 0.0147842 0.015403
0 0.273265 0.538912 0.0176727 0.0174972
0 0.912118 0.856414 0.0142189 0.01777
0 0.952442 0.711756 0.0134163 0.0170797
0 0.756811 0.977516 0.0132684 0.0160885
0 0.888802 0.850517 0.015465 0.0151598
0 0.740818 0.846928 0.0150061 0.0143886
0 0.872506 0.890165 0.010341 0.010058
0 0.899712 0.72846 0.0138248 0.019347
0 0.0127658 0.603872 0.0255316 0.0246355
0 0.0385861 0.388217 0.0181723 0.018117
0 0.550107 0.719425 0.0136923 0.0178412
0 0.22453 0.93056 0.0139815 0.0151523
0 0.0720329 0.517847 0.0161114 0.0216118
0 0.848514 0.984522 0.00893134 0.00953066
0 0.195809 0.87731 0.00963612 0.0101566
0 0.168535 0.778419 0.013413 0.0166867
0 0.83367 0.638838 0.0160173 0.0154541
0 0.721372 0.853834 0.0122039 0.0167484
0 0.75426 0.143895 0.259871 0.28779
0 0.945609 0.647064 0.0209953 0.0203565
0 0.735156 0.697875 0.0145447 0.0168958
0 0.504816 0.790648 0.0125334 0.014088
0 0.853725 0.774698 0.0154886 0.0190014
0 0.129913 0.7393 0.0160855 0.0166265
0 0.119572 0.0875688 0.0168237 0.0198077
0 0.0141723 0.606142 0.0220794 0.018886
0 0.468934 0.696076 0.0153421 0.0179569
0 0.213214 0.338104 0.0154506 0.0175629
0 0.53497 0.963628 0.0117746 0.0108841
0 0.605199 0.707771 0.0145496 0.0162342
0 0.905486 0.899284 0.00854623 0.0140049
0 0.879418 0.630729 0.0176031 0.0185955
0 0.906121 0.89657 0.0104721 0.0173706
