0 0.293547 0.0192739 0.0174952 0.0190866
0 0.361982 0.146339 0.0170384 0.0208336
0 0.278254 0.14807 0.0159079 0.0170704
0 0.0271877 0.0319231 0.0165008 0.0203542
0 0.295148 0.110559 0.0158179 0.0194259
0 0.389608 0.0691873 0.0136589 0.0166644
0 0.185834 0.00803498 0.0150001 0.01607
0 0.411165 0.0195718 0.0149261 0.0142421
0 0.55824 0.862553 0.016527 0.0180332
0 0.750754 0.242679 0.0232579 0.0237353
0 0.934555 0.736048 0.0138649 0.0154352
0 0.329045 0.091789 0.0140719 0.0165534
0 0.309243 0.0706493 0.0171147 0.0157209
0 0.479873 0.468414 0.0191601 0.0188341
0 0.0537559 0.0528789 0.0167243 0.0159534
0 0.352888 0.648763 0.0202456 0.024727
0 0.076441 0.659619 0.015678 0.0177401
0 0.816799 0.39426 0.0191321 0.0188192
0 0.639518 0.241672 0.0155175 0.0197215
0 0.619088 0.23589 0.0120803 0.0135644
0 0.319889 0.178735 0.0139329 0.0162919
0 0.0277219 0.0320167 0.0215745 0.0237062
0 0.0318611 0.0828958 0.0158365 0.0242089
0 0.715546 0.143802 0.0146877 0.0161696
0 0.616735 0.925104 0.0155032 0.0167717
0 0.921048 0.783935 0.0162296 0.0170994
0 0.467911 0.0779837 0.0172227 0.0167566
0 0.623012 0.492937 0.0159254 0.0200469
0 0.685465 0.431436 0.0233182 0.0261528
0 0.241412 0.0403005 0.0159577 0.0193268
0 0.781479 0.329988 0.0111216 0.0131801
0 0.281489 0.504995 0.0131907 0.0159496
0 0.456929 0.47485 0.0140953 0.0153186
0 0.711223 0.400438 0.0160066 0.0134998
0 0.0869375 0.0732784 0.0160473 0.0188413
0 0.73214 0.223494 0.0100742 0.0142407
0 0.292504 0.0836075 0.0115513 0.0136519
0 0.650914 0.469729 0.0156592 0.0163397
0 0.44336 0.00574862 0.0139809 0.0114972
0 0.620625 0.445402 0.0194608 0.0132753
0 0.330561 0.0163004 0.0155953 0.0203476
0 0.899343 0.780672 0.0122105 0.0129425
0 0.20324 0.0971957 0.012327 0.0116641
0 0.411348 0.0188897 0.0182249 0.0177762
0 0.885625 0.655398 0.010025 0.0139218
0 0.841093 0.334953 0.0141872 0.016892
0 0.589438 0.642084 0.0121989 0.0134785
0 0.157895 0.621918 0.00865969 0.0104559
0 0.952911 0.100866 0.0154408 0.0157759
0 0.62392 0.445604 0.01263 0.0107887
0 0.168752 0.560158 0.0114369 0.0165963
0 0.718064 0.764529 0.0168463 0.0173159
0 0.532485 0.00573591 0.0150696 0.0114718
0 0.807092 0.340253 0.0165573 0.0195955
0 0.674171 0.634005 0.0187052 0.0199899
0 0.557696 0.602906 0.0158157 0.0187562
0 0.204703 0.0971897 0.0170208 0.0137864
0 0.754675 0.449823 0.00910628 0.0132921
0 0.814341 0.663573 0.0134615 0.0119686
0 0.487531 0.112395 0.0121821 0.0148715
0 0.884854 0.200329 0.0126675 0.0140456
0 0.278991 0.555611 0.0122691 0.016625
0 0.753472 0.242256 0.0184469 0.0213283
0 0.748485 0.246151 0.0177879 0.0159744
0 0.721095 0.99104 0.0170975 0.0147375
0 0.918474 0.207518 0.012925 0.0163574
0 0.630726 0.428446 0.0141457 0.0120418
0 0.850438 0.71535 0.00676155 0.00741321
0 0.624058 0.538956 0.0161013 0.0134273
0 0.655977 0.119109 0.0149084 0.0139558
0 0.320814 0.177042 0.0150225 0.0225321
0 0.952045 0.103719 0.0186374 0.021699
0 0.732509 0.221084 0.00981641 0.012955
0 0.0537264 0.0517766 0.0198355 0.0205275
0 0.196367 0.0403146 0.00851491 0.0108875
0 0.914458 0.091505 0.0141208 0.0130237
0 0.947709 0.035903 0.0102573 0.0117424
