0 0.0828773 0.0776367 0.0185569 0.0191552
0 0.572924 0.743887 0.0169582 0.0157253
0 0.557013 0.90993 0.0115225 0.0121014
0 0.514083 0.174041 0.0174653 0.0170698
0 0.153746 0.11999 0.0144971 0.0170825
0 0.569583 0.855869 0.0137298 0.0166857
0 0.709573 0.780598 0.0178947 0.0193743
0 0.140655 0.0818192 0.0110736 0.0108676
0 0.764772 0.457816 0.0123485 0.0130531
0 0.214512 0.0126772 0.0167443 0.015314
0 0.348189 0.943622 0.0113156 0.0153316
0 0.650242 0.0992016 0.0131617 0.0138635
0 0.51614 0.372878 0.00680745 0.00719714
0 0.570505 0.830202 0.0133449 0.0157837
0 0.634939 0.802819 0.0156239 0.0162939
0 0.342136 0.727164 0.013358 0.0150213
0 0.649019 0.294505 0.015913 0.0142516
0 0.3081 0.371571 0.0137952 0.0135193
0 0.587481 0.661054 0.0145727 0.0143396
0 0.331448 0.669537 0.0177298 0.0144581
0 0.661445 0.31656 0.0152823 0.0190238
0 0.177207 0.128116 0.019103 0.0180153
0 0.772751 0.883527 0.0142437 0.0193467
0 0.625682 0.318627 0.0201416 0.020918
0 0.231785 0.886871 0.015958 0.0187147
0 0.553677 0.977728 0.00821894 0.0117609
0 0.663634 0.987945 0.0121837 0.0110817
0 0.3384 0.784668 0.0112483 0.0133965
0 0.474091 0.119362 0.0108708 0.0137332
0 0.618812 0.638197 0.0160441 0.014334
0 0.443316 0.957887 0.0138109 0.0153244
0 0.555166 0.726541 0.010801 0.0162478
0 0.119213 0.184319 0.0211664 0.0180574
0 0.238319 0.202701 0.0116518 0.0125915
0 0.849247 0.804597 0.0108093 0.0157356
0 0.509849 0.123153 0.0145671 0.0110872
0 0.4996 0.391319 0.0103156 0.0103559
0 0.568376 0.63051 0.0181953 0.0216454
0 0.248928 0.273473 0.0137725 0.0179263
0 0.554329 0.724358 0.00977641 0.0138907
0 0.722387 0.799878 0.0132099 0.0150415
0 0.121291 0.189816 0.0256009 0.0296723
0 0.800024 0.875028 0.0122762 0.0156345
