0 0.321108 0.422322 0.0153898 0.017655
0 0.728551 0.431498 0.0112581 0.0111893
0 0.303607 0.401066 0.0152279 0.0155677
0 0.704116 0.0384522 0.0152642 0.0135869
0 0.409319 0.150202 0.0152129 0.0142895
0 0.676017 0.614555 0.0148228 0.0146013
0 0.968152 0.217265 0.0132671 0.0132647
0 0.501249 0.242347 0.0132326 0.0150633
0 0.814594 0.0373543 0.0149372 0.012838
0 0.698783 0.58744 0.0139637 0.0169174
0 0.804721 0.0179658 0.0134235 0.0107272
0 0.0371189 0.428872 0.00849671 0.0109909
0 0.319837 0.423527 0.0190667 0.021255
0 0.847961 0.421357 0.00702173 0.00727558
