0 0.806565 0.394684 0.0192267 0.018318
0 0.840857 0.456763 0.0135731 0.0146776
0 0.708749 0.32959 0.0200813 0.0221029
0 0.770507 0.211451 0.0133896 0.0173305
0 0.625584 0.765214 0.0171143 0.0181002
0 0.808486 0.136081 0.016813 0.0210389
0 0.89756 0.390093 0.0142271 0.0162503
0 0.385426 0.314152 0.011678 0.0151719
0 0.6424 0.11325 0.0169439 0.0178914
0 0.53175 0.46436 0.01572 0.0200015
0 0.537201 0.638311 0.0131178 0.0174524
0 0.83204 0.787088 0.013638 0.0156883
0 0.70706 0.690753 0.0133485 0.0143884
0 0.879825 0.699886 0.0141201 0.0185097
0 0.647085 0.259176 0.0165236 0.0163349
0 0.164736 0.610242 0.0180528 0.0189028
0 0.662591 0.318409 0.0179785 0.0172977
0 0.420879 0.517701 0.0140194 0.0203859
0 0.937677 0.890805 0.0158125 0.0170267
0 0.418476 0.914581 0.0133449 0.0173042
0 0.442919 0.673876 0.00981006 0.0139191
0 0.745801 0.414711 0.0145855 0.0155228
0 0.0234198 0.840228 0.0159 0.0155258
0 0.816849 0.461587 0.0116453 0.0134251
0 0.415112 0.649737 0.0133 0.0144876
0 0.81683 0.803728 0.0117466 0.0138879
0 0.671073 0.294007 0.0173289 0.0183285
0 0.601137 0.69123 0.0128418 0.0120102
0 0.407364 0.618763 0.0172216 0.0164732
0 0.467882 0.665001 0.0143266 0.0170876
0 0.769981 0.266723 0.0159891 0.0155369
0 0.726242 0.402502 0.0171402 0.0163245
0 0.649954 0.671759 0.014194 0.0149199
0 0.528119 0.573768 0.0176654 0.0204762
0 0.698948 0.674255 0.00983006 0.0115721
0 0.967921 0.883544 0.0136776 0.012647
0 0.875275 0.445478 0.0159174 0.0174659
0 0.795854 0.303893 0.0135088 0.0182787
0 0.923957 0.760203 0.0194137 0.0216291
0 0.671484 0.653956 0.0162742 0.0158785
0 0.769663 0.869199 0.0126064 0.0166919
0 0.466431 0.856351 0.011645 0.00968993
0 0.506082 0.824308 0.0171677 0.0179493
0 0.667601 0.806423 0.0159216 0.0191572
0 0.592736 0.645517 0.0146332 0.0170596
0 0.542415 0.849075 0.0162714 0.0195003
0 0.595077 0.665201 0.014158 0.0133461
0 0.417614 0.595481 0.0170895 0.0186884
0 0.307239 0.944278 0.0134819 0.0186285
0 0.495472 0.740535 0.013419 0.0160238
0 0.893774 0.458163 0.0132471 0.0173468
0 0.19807 0.589541 0.0116307 0.0111035
0 0.543572 0.550695 0.0152799 0.0162897
0 0.699789 0.740536 0.0127438 0.0154089
0 0.416769 0.454414 0.0146627 0.017038
0 0.294791 0.430415 0.0118653 0.0143662
0 0.766377 0.895107 0.0123498 0.0158941
0 0.926712 0.31827 0.0156624 0.0217171
0 0.361475 0.371783 0.0160683 0.0175045
0 0.427981 0.885336 0.0120816 0.0166164
0 0.74613 0.317092 0.0156952 0.0137003
0 0.411861 0.309582 0.0173371 0.0187443
0 0.631605 0.492426 0.0107324 0.0105394
0 0.646839 0.365295 0.0113232 0.0119956
0 0.559566 0.784805 0.0130913 0.0131738
0 0.55266 0.461184 0.0137873 0.0159986
0 0.566238 0.531164 0.00994754 0.0085516
0 0.493692 0.530547 0.0125898 0.0200729
0 0.379454 0.264491 0.0249601 0.0237719
0 0.758326 0.451834 0.0186249 0.0150619
0 0.710036 0.197532 0.0198214 0.0209068
0 0.356732 0.877093 0.0132407 0.0157833
0 0.422389 0.958243 0.0146666 0.0156021
0 0.0460703 0.804391 0.0196328 0.0132576
0 0.61948 0.125877 0.0115095 0.0133986
0 0.723411 0.153662 0.0113699 0.0114336
0 0.547891 0.600556 0.0137305 0.0140684
0 0.0571718 0.826493 0.0142593 0.0138108
0 0.888736 0.242794 0.0151588 0.0152238
0 0.905187 0.801769 0.0103153 0.016481
0 0.440712 0.417787 0.0145853 0.0166235
0 0.245791 0.115555 0.0248894 0.025398
0 0.781446 0.853564 0.0120043 0.0152306
0 0.516921 0.548378 0.00633532 0.00722581
0 0.437394 0.356259 0.00904924 0.0112613
0 0.060004 0.105084 0.0163317 0.0148773
0 0.73849 0.56658 0.0162768 0.0268273
0 0.405146 0.379964 0.00911656 0.0102514
0 0.870801 0.516141 0.0120766 0.0173402
0 0.769842 0.570938 0.021179 0.0296639
0 0.802222 0.827074 0.0113583 0.0127697
0 0.526882 0.571507 0.0148039 0.0158365
0 0.17247 0.934689 0.0091916 0.011898
0 0.585024 0.528658 0.0101103 0.0116432
0 0.591887 0.596105 0.00854951 0.0105055
0 0.815594 0.68667 0.0143896 0.0145742
0 0.444997 0.940652 0.0129398 0.0141329
0 0.735783 0.48965 0.0143595 0.0161253
0 0.0898546 0.854633 0.0163338 0.0199634
0 0.604079 0.159316 0.0158529 0.0184217
0 0.853485 0.47833 0.00834978 0.0104162
0 0.217526 0.918897 0.0104862 0.0116413
0 0.743055 0.530853 0.012434 0.0238816
0 0.627888 0.141907 0.0120896 0.0131363
0 0.334593 0.151612 0.0213215 0.0253712
0 0.87601 0.448076 0.0136148 0.0198205
0 0.263213 0.0919686 0.0129496 0.0119537
0 0.68519 0.328196 0.014832 0.0146646
0 0.561192 0.373447 0.00683117 0.00749326
0 0.327121 0.733453 0.0204081 0.0214611
0 0.3518 0.49948 0.00961494 0.0107577
0 0.924606 0.723572 0.0183514 0.0191031
0 0.897054 0.390688 0.0156586 0.0217413
0 0.68759 0.519831 0.0227078 0.0174069
0 0.512228 0.477361 0.0160729 0.0175363
0 0.756996 0.479467 0.0130215 0.012958
0 0.696918 0.427657 0.0110113 0.0111652
0 0.775127 0.499683 0.0135838 0.0109563
0 0.379179 0.264799 0.0194817 0.0207089
0 0.982135 0.92583 0.0144623 0.0142044
0 0.439521 0.748618 0.022291 0.0163408
0 0.506953 0.697743 0.0277974 0.0278893
0 0.449599 0.473381 0.0129612 0.0140494
0 0.715534 0.665136 0.00764352 0.0105867
0 0.859706 0.4595 0.0130115 0.0121124
0 0.46654 0.412586 0.0100775 0.0135707
0 0.772197 0.573932 0.0256832 0.0281505
0 0.576546 0.316211 0.0104411 0.0102157
0 0.766627 0.896569 0.0141811 0.0208151
0 0.925846 0.315358 0.0139953 0.0177999
0 0.22356 0.831509 0.0261919 0.0203674
0 0.437513 0.748361 0.0176236 0.0140842
0 0.295852 0.17731 0.0133659 0.0141626
0 0.706928 0.196262 0.0130268 0.0174377
0 0.617455 0.380626 0.00672573 0.00720909
0 0.473945 0.473033 0.00799006 0.00823134
0 0.557187 0.426712 0.0200579 0.0238864
0 0.659607 0.37991 0.00843412 0.0115564
0 0.740956 0.429844 0.00637019 0.00741312
0 0.556096 0.816736 0.0109158 0.0138802
0 0.202825 0.868843 0.0137477 0.0105694
0 0.814884 0.241966 0.00837255 0.0120787
0 0.540456 0.818889 0.0113619 0.0124248
0 0.798475 0.439772 0.00950688 0.00868529
0 0.967909 0.80276 0.0134131 0.0176907
0 0.850225 0.745784 0.0184559 0.0232676
0 0.729334 0.90586 0.0120714 0.0148487
0 0.629815 0.519802 0.00722748 0.00925177
0 0.376731 0.262284 0.0150767 0.0171301
0 0.918957 0.536125 0.00958061 0.0117316
0 0.885791 0.486349 0.00958252 0.0104849
0 0.241615 0.861248 0.0168651 0.0134652
0 0.079396 0.817434 0.0158695 0.0164619
0 0.506138 0.699714 0.0216648 0.0242777
0 0.80327 0.876439 0.0128574 0.012994
0 0.802256 0.875005 0.0131374 0.0129711
0 0.435529 0.747859 0.0126387 0.0127962
0 0.613464 0.672254 0.0103817 0.0139002
0 0.383166 0.26754 0.0184833 0.0181758
0 0.0344271 0.752089 0.0145941 0.0173237
0 0.201244 0.86803 0.0123772 0.0100151
0 0.668067 0.804316 0.0188471 0.0250528
0 0.0439256 0.342305 0.0120619 0.0137278
0 0.506954 0.749554 0.00801593 0.00791764
0 0.927026 0.321464 0.0152247 0.0178629
0 0.790632 0.714895 0.0156394 0.026263
0 0.69255 0.430876 0.0143901 0.0146822
0 0.384782 0.313285 0.0148759 0.0182212
0 0.646654 0.363032 0.0138543 0.0178036
0 0.760008 0.697383 0.0131299 0.0128857
0 0.860762 0.457237 0.0126774 0.0127512
0 0.332959 0.388758 0.0165972 0.0176992
0 0.441476 0.418017 0.0187331 0.0187866
0 0.984946 0.30836 0.00776517 0.00837347
0 0.0956233 0.439695 0.0140336 0.0156151
0 0.939134 0.834587 0.00783497 0.0101026
0 0.76994 0.211224 0.0182314 0.0197707
0 0.815087 0.275904 0.0112461 0.0126542
0 0.545294 0.52547 0.0111803 0.01644
0 0.928579 0.259362 0.0161695 0.0176534
0 0.494106 0.527749 0.0125082 0.0159488
0 0.88018 0.699059 0.0179135 0.0209785
0 0.7842 0.284292 0.0121027 0.0141396
0 0.977481 0.846614 0.00777817 0.00834161
0 0.821011 0.879768 0.00988692 0.0100093
0 0.834102 0.284702 0.0202652 0.0248122
0 0.809023 0.34725 0.00780469 0.00832483
0 0.689761 0.491678 0.0252001 0.0256533
0 0.956055 0.261808 0.0139614 0.0207391
0 0.971274 0.724428 0.0153391 0.0145157
0 0.10596 0.835458 0.0118684 0.0126293
0 0.757373 0.480121 0.0153323 0.0157886
0 0.761353 0.695577 0.0120426 0.0128404
0 0.376317 0.378653 0.0111388 0.00930324
0 0.312516 0.786069 0.0116034 0.00995588
0 0.737977 0.563046 0.0138379 0.0199478
0 0.140451 0.425567 0.0245327 0.0197662
0 0.221275 0.831353 0.0197338 0.0167484
0 0.282256 0.453558 0.0133209 0.0130682
0 0.763209 0.532513 0.0163163 0.0132421
