0 0.497794 0.83125 0.329412 0.3375
0 0.274748 0.84377 0.524496 0.312461
0 0.916059 0.537886 0.167883 0.349231
0 0.81875 0.550107 0.3625 0.37444
0 0.1625 0.743818 0.3 0.512363
0 0.374857 0.833452 0.624713 0.333097
0 0.718752 0.637524 0.562495 0.349986
0 0.956191 0.5125 0.0876179 0.35
0 0.524842 0.936643 0.374683 0.101714
0 0.726458 0.637578 0.127155 0.349844
0 0.197796 0.843756 0.329408 0.312488
0 0.245905 0.770029 0.183191 0.459942
0 0.506551 0.793105 0.138102 0.288789
0 0.350311 0.83125 0.0756213 0.3375
0 0.674734 0.753247 0.374467 0.318506
0 0.563173 0.563447 0.298654 0.548105
0 0.7375 0.462579 0.3 0.549843
0 0.824907 0.437553 0.277195 0.549894
0 0.83939 0.484909 0.32122 0.355181
0 0.519393 0.775001 0.613785 0.37453
0 0.575116 0.663753 0.374854 0.347497
0 0.924789 0.5375 0.075424 0.35
0 0.276061 0.918676 0.277121 0.162648
0 0.23767 0.734044 0.29977 0.531913
0 0.339517 0.687734 0.296059 0.549532
0 0.500937 0.789463 0.376874 0.396075
0 0.472569 0.812933 0.170138 0.299134
0 0.640796 0.674416 0.456593 0.373818
0 0.562915 0.249709 0.00898552 0.00849639
0 0.543292 0.304766 0.00955713 0.00890666
0 0.523278 0.284789 0.0079174 0.011652
0 0.85625 0.732293 0.2875 0.110414
0 0.498789 0.460895 0.00627145 0.00796339
0 0.509598 0.392484 0.00793839 0.0108474
0 0.567869 0.398816 0.00867951 0.00920114
0 0.543676 0.265488 0.00715619 0.00828898
0 0.466075 0.565928 0.00822172 0.00990313
0 0.708216 0.0102742 0.01317 0.0146553
0 0.607832 0.304111 0.00865442 0.00920045
0 0.686102 0.575985 0.253496 0.473047
0 0.430273 0.335871 0.013936 0.0148024
0 0.851463 0.499988 0.17554 0.475025
0 0.290553 0.712541 0.294354 0.549958
0 0.821543 0.508921 0.181917 0.457158
0 0.843751 0.610539 0.312499 0.353922
0 0.74888 0.00787441 0.00777364 0.00918456
0 0.519286 0.351401 0.00727195 0.00892115
0 0.575423 0.238433 0.00937015 0.0112651
0 0.584592 0.40156 0.00617528 0.00810784
0 0.529172 0.429208 0.00741935 0.00825369
0 0.604616 0.401433 0.00905079 0.00975275
0 0.872133 0.562979 0.130735 0.349042
0 0.52041 0.60339 0.00837213 0.00940269
0 0.729308 0.0287839 0.00938624 0.0103536
0 0.483462 0.328949 0.00967902 0.00952873
0 0.650056 0.700334 0.175144 0.274332
0 0.608199 0.353485 0.0119117 0.0115685
0 0.502945 0.490023 0.00710583 0.00880793
0 0.13785 0.814164 0.2757 0.34815
0 0.64517 0.37356 0.00984401 0.00821266
0 0.294187 0.778311 0.38606 0.31774
0 0.634052 0.736205 0.243148 0.25259
0 0.585201 0.434237 0.00773031 0.00876445
0 0.546721 0.553549 0.00964928 0.0104495
0 0.6854 0.330044 0.00739539 0.00755936
0 0.575619 0.236785 0.00840282 0.00914632
