0 0.636699 0.237503 0.348303 0.350005
0 0.83125 0.156243 0.3375 0.312485
0 0.525 0.2375 0.075 0.35
0 0.4 0.246291 0.125 0.382408
0 0.399995 0.218963 0.17501 0.437926
0 0.943743 0.143751 0.112514 0.287501
0 0.574998 0.287272 0.524996 0.163891
0 0.37501 0.361443 0.375019 0.152164
0 0.794799 0.2 0.164614 0.375
0 0.524887 0.262816 0.624774 0.350623
0 0.375002 0.249306 0.125004 0.373614
0 0.74375 0.2 0.5125 0.375
0 0.67745 0.225 0.146502 0.375
0 0.248531 0.21875 0.227938 0.4375
0 0.475 0.273742 0.175 0.547484
0 0.573868 0.206257 0.177264 0.412514
0 0.69375 0.225 0.6125 0.375
0 0.674766 0.193753 0.175468 0.387506
0 0.880557 0.156212 0.186326 0.312425
0 0.750146 0.187515 0.125291 0.350052
0 0.425 0.21875 0.125 0.4375
0 0.275004 0.26256 0.125007 0.350113
0 0.650009 0.223437 0.125018 0.372108
0 0.312515 0.218829 0.299972 0.437658
0 0.3 0.2189 0.175018 0.437799
0 0.827724 0.15625 0.219558 0.3125
0 0.189028 0.274755 0.378056 0.374509
0 0.487501 0.208907 0.299998 0.417814
0 0.599995 0.19375 0.52499 0.3875
0 0.35 0.237504 0.125 0.349993
0 0.815711 0.14375 0.298305 0.2875
0 0.587504 0.194022 0.299991 0.388043
0 0.1875 0.218972 0.3 0.437944
0 0.88125 0.16875 0.2375 0.3375
0 0.843755 0.15625 0.312491 0.3125
0 0.625009 0.207213 0.125017 0.360574
0 0.725141 0.187467 0.125283 0.350066
0 0.968748 0.128515 0.062504 0.257029
0 0.13125 0.248261 0.2625 0.496521
0 0.143761 0.288094 0.287521 0.351166
0 0.337503 0.265986 0.200453 0.531971
0 0.926337 0.14375 0.127674 0.2875
0 0.500006 0.219608 0.175012 0.439216
0 0.124998 0.379328 0.17501 0.235067
0 0.669249 0.153861 0.0125304 0.0116612
0 0.698478 0.206783 0.321956 0.413565
