0 0.116218 0.0603653 0.00870528 0.0101611
0 0.144761 0.0974396 0.0100778 0.011078
0 0.111127 0.141203 0.0109724 0.0127929
0 0.158134 0.0924545 0.00753312 0.00802884
0 0.107987 0.157614 0.0092617 0.00867987
0 0.0618898 0.0608686 0.0102206 0.0107234
0 0.103656 0.108071 0.0138951 0.0115962
0 0.109968 0.0456988 0.00988979 0.0104035
0 0.0775813 0.033061 0.0113827 0.0104107
0 0.154601 0.131442 0.0125545 0.0132255
0 0.150214 0.128105 0.0113922 0.0125464
0 0.152605 0.130286 0.0154334 0.0143195
0 0.0162267 0.0950681 0.0106903 0.011139
0 0.0856224 0.0567484 0.0074404 0.00790105
0 0.0778495 0.0470922 0.00956757 0.00999776
0 0.107732 0.156777 0.0107517 0.0108525
