0 0.404705 0.916505 0.00670147 0.00801051
0 0.359478 0.439664 0.00779915 0.00824347
0 0.446454 0.548103 0.0101795 0.00935841
0 0.422124 0.592067 0.00745726 0.00845647
0 0.315298 0.634568 0.00896588 0.00872618
0 0.678727 0.297805 0.00832951 0.00943792
0 0.503862 0.329025 0.00964537 0.0102994
0 0.709781 0.384866 0.00807476 0.0091117
0 0.323139 0.928103 0.0119652 0.0135365
0 0.44034 0.652596 0.00924969 0.00987625
0 0.186468 0.840317 0.00751233 0.00902843
0 0.735539 0.322886 0.00756967 0.0080739
0 0.272521 0.472184 0.00754431 0.00802279
0 0.411194 0.258583 0.00742379 0.00834724
0 0.402965 0.586365 0.00851616 0.00842535
0 0.471857 0.702821 0.00607413 0.00856984
0 0.458612 0.517242 0.00854227 0.00797063
0 0.728274 0.279898 0.00740749 0.00832328
0 0.468328 0.270158 0.00964603 0.0104666
0 0.344498 0.954792 0.0080739 0.00867844
0 0.341146 0.685658 0.00868511 0.00878334
0 0.442568 0.625796 0.00923508 0.0104516
0 0.260518 0.909158 0.00770521 0.00829697
0 0.546842 0.690656 0.00874633 0.00975633
0 0.549075 0.559255 0.00815582 0.0102579
0 0.62219 0.341653 0.0083465 0.00901157
0 0.316474 0.546402 0.00745514 0.00884926
0 0.602849 0.33656 0.00806707 0.00849131
0 0.759995 0.305103 0.00930965 0.0104697
0 0.282961 0.897365 0.00998536 0.00950396
0 0.277172 0.573282 0.00849342 0.0092091
0 0.357599 0.347693 0.00904238 0.00954723
0 0.820364 0.303572 0.0112091 0.0102952
0 0.447328 0.454371 0.0101325 0.0105799
0 0.454142 0.567187 0.00694501 0.00781947
0 0.709751 0.233025 0.00839162 0.0089695
0 0.748608 0.395641 0.00832081 0.0090085
0 0.390388 0.947832 0.00724316 0.00818479
0 0.384027 0.565279 0.00705546 0.00789529
0 0.778913 0.40426 0.00901413 0.00905886
0 0.602671 0.261491 0.00691527 0.00804892
0 0.198622 0.678138 0.00851393 0.00933671
0 0.455609 0.963206 0.00819692 0.00853157
0 0.167856 0.654764 0.00650786 0.00728685
0 0.415071 0.551955 0.00729847 0.00768805
0 0.166238 0.817502 0.00658551 0.00746518
0 0.258224 0.522904 0.00754851 0.00910836
0 0.480301 0.637141 0.00827065 0.00980169
0 0.450708 0.944925 0.00799617 0.00902861
0 0.40658 0.572299 0.00765142 0.00890577
0 0.443314 0.694831 0.00808412 0.0090757
0 0.47667 0.449016 0.00818941 0.00832462
0 0.42392 0.915887 0.00719127 0.00879252
0 0.334763 0.649448 0.00809401 0.00853556
0 0.16822 0.533437 0.00676933 0.00857043
0 0.609259 0.36171 0.00836653 0.009386
0 0.562191 0.703613 0.0103015 0.0103421
0 0.341125 0.579032 0.00735494 0.00838166
0 0.275462 0.883805 0.00843301 0.00991249
0 0.70235 0.367656 0.00835973 0.00910243
0 0.679311 0.603572 0.00754911 0.00780582
0 0.264311 0.599218 0.00761491 0.00931025
0 0.385257 0.589124 0.00907794 0.00888366
0 0.544685 0.297289 0.0138208 0.0140772
0 0.392064 0.410103 0.00710806 0.00793305
0 0.465547 0.441954 0.00824052 0.00882798
0 0.430376 0.699215 0.00825274 0.00780374
0 0.402116 0.36579 0.00859118 0.00971508
0 0.465788 0.561241 0.00856704 0.00802487
0 0.354504 0.540094 0.00839701 0.00930041
0 0.371871 0.54953 0.0090498 0.0140011
0 0.930578 0.233257 0.00697899 0.00837946
0 0.297732 0.530602 0.00636381 0.00697196
0 0.265638 0.553778 0.00750503 0.0094896
0 0.420359 0.708012 0.00828448 0.00920492
0 0.492492 0.570698 0.00759 0.00756627
0 0.681935 0.121247 0.00788271 0.00970016
0 0.172242 0.739649 0.0107024 0.0106037
0 0.408481 0.881161 0.008268 0.00862157
0 0.27941 0.913293 0.00745198 0.00781572
0 0.375208 0.380797 0.00974655 0.00835773
0 0.945255 0.227247 0.00699425 0.00857949
0 0.495223 0.686597 0.00875968 0.00868958
0 0.25522 0.993042 0.00873372 0.00917512
0 0.347041 0.599199 0.00712252 0.00800079
0 0.108398 0.813932 0.00835113 0.00997847
0 0.647363 0.217176 0.0084548 0.00910152
0 0.152572 0.664259 0.00837064 0.00823361
0 0.106132 0.715259 0.00856314 0.0113985
0 0.324754 0.435273 0.00699672 0.00801048
0 0.328102 0.422469 0.0103194 0.00829715
0 0.359009 0.555121 0.00744 0.00780845
0 0.429623 0.292195 0.00937155 0.00915545
0 0.438267 0.897529 0.00841257 0.0093624
0 0.419032 0.50182 0.00856057 0.0102287
0 0.728706 0.441056 0.00902396 0.00961217
0 0.913362 0.177395 0.00899005 0.00959137
0 0.664776 0.60674 0.00985223 0.0113815
0 0.343148 0.852024 0.0071224 0.00802994
0 0.577269 0.233112 0.00638705 0.00697117
0 0.196134 0.910781 0.00785331 0.00775605
0 0.147557 0.801366 0.00772379 0.00913352
0 0.302773 0.46239 0.00756964 0.00826207
0 0.461595 0.683512 0.00918874 0.00998193
0 0.524399 0.267023 0.00899029 0.00969738
0 0.37069 0.861396 0.00771588 0.00852853
0 0.684039 0.277509 0.00826323 0.00731304
0 0.194148 0.573979 0.00722222 0.00760537
0 0.488084 0.434839 0.0088599 0.0100485
0 0.46822 0.426087 0.0104171 0.0101567
0 0.453373 0.673655 0.00834283 0.00933796
0 0.540966 0.57065 0.0080021 0.00917155
0 0.349425 0.630559 0.00748682 0.00716078
0 0.2482 0.510748 0.00744514 0.00847471
0 0.750406 0.279652 0.00944561 0.0110489
0 0.686477 0.254289 0.00800931 0.00993876
0 0.703321 0.492171 0.0105545 0.0120935
0 0.234977 0.583183 0.00872593 0.0106304
0 0.347495 0.659668 0.00949076 0.0102188
0 0.58957 0.688631 0.00781971 0.00905192
0 0.457391 0.35586 0.00929087 0.011483
0 0.636289 0.204606 0.00644666 0.00763941
0 0.223113 0.609178 0.00855283 0.00981337
0 0.354707 0.402361 0.00596491 0.00678548
0 0.30271 0.437585 0.00812951 0.00919971
0 0.624351 0.546791 0.00875092 0.0107069
0 0.426425 0.517572 0.0122786 0.0105204
0 0.378441 0.578396 0.00858992 0.00892586
0 0.369987 0.950865 0.00850222 0.00912136
0 0.185276 0.478892 0.00893033 0.0110613
0 0.338733 0.561949 0.00777549 0.0091393
0 0.701073 0.310971 0.00757927 0.00749901
0 0.234588 0.564915 0.00822869 0.00843704
0 0.321752 0.849929 0.00894791 0.0100986
0 0.679496 0.184661 0.00891936 0.0128647
0 0.370665 0.862954 0.00830644 0.00951922
0 0.172987 0.641706 0.00677095 0.00819224
0 0.240707 0.60293 0.00687586 0.00815755
0 0.389457 0.54497 0.00878975 0.00959545
0 0.447688 0.288999 0.0111703 0.00982463
0 0.351486 0.613458 0.00690699 0.00774443
0 0.693649 0.349594 0.00854462 0.0084199
0 0.483685 0.501829 0.006221 0.00716516
0 0.290254 0.483789 0.00659838 0.00696212
0 0.216123 0.689013 0.006736 0.00768203
0 0.362652 0.688424 0.0115508 0.0116508
0 0.382028 0.966014 0.0111284 0.00932866
0 0.899109 0.183403 0.0070343 0.00729378
0 0.335153 0.400557 0.00813836 0.00932139
0 0.197093 0.748789 0.00768042 0.00902438
0 0.315175 0.500599 0.00842014 0.00847989
0 0.58224 0.220746 0.00642931 0.00752011
0 0.171204 0.942552 0.0073296 0.00852698
0 0.488612 0.477545 0.00883302 0.00999489
0 0.155694 0.779486 0.00865798 0.0114158
0 0.642028 0.368092 0.00751323 0.00758523
0 0.134753 0.874389 0.00728822 0.00779897
0 0.292673 0.9098 0.00715747 0.00803816
0 0.229922 0.464778 0.00681339 0.00753
0 0.422156 0.592605 0.00880527 0.0102568
0 0.41793 0.926272 0.00710925 0.00788748
0 0.164765 0.82943 0.00578727 0.00613785
0 0.394744 0.336687 0.00713891 0.0080409
0 0.119289 0.717519 0.0075161 0.00849992
0 0.887876 0.319155 0.00937426 0.00937128
0 0.469206 0.959373 0.00862312 0.00915295
0 0.180227 0.650698 0.00718594 0.00734633
0 0.69452 0.453841 0.0108629 0.0109137
0 0.690182 0.218388 0.00906533 0.00993471
0 0.613645 0.274542 0.00695246 0.00771514
0 0.387587 0.966181 0.0128001 0.0113718
0 0.454522 0.717256 0.0121897 0.0145649
0 0.164469 0.889138 0.00923756 0.00974351
0 0.62806 0.213895 0.00705194 0.00735465
0 0.727272 0.309603 0.00708061 0.00770062
0 0.280243 0.436967 0.00717559 0.00712061
0 0.667693 0.183515 0.0070715 0.00870451
0 0.664651 0.137806 0.00890654 0.0117111
0 0.921251 0.224205 0.00824356 0.009859
0 0.75075 0.283388 0.00780904 0.01279
0 0.306997 0.921615 0.0134339 0.0140774
0 0.124649 0.830502 0.00853506 0.00845951
0 0.290962 0.605556 0.0100307 0.010701
0 0.543428 0.659951 0.00936854 0.00874013
0 0.565624 0.760293 0.00812459 0.00948566
0 0.341216 0.432363 0.00933552 0.00866604
0 0.600038 0.558617 0.007851 0.0101925
0 0.702473 0.368685 0.00979996 0.0100152
0 0.370797 0.949763 0.0101147 0.0108141
0 0.760213 0.536379 0.00915033 0.0100649
0 0.139779 0.676912 0.00801848 0.00835037
0 0.178653 0.68234 0.0072422 0.00706875
0 0.334457 0.399508 0.00738612 0.00896224
0 0.132162 0.233811 0.0202953 0.0239198
0 0.482186 0.698625 0.00668183 0.00738525
0 0.367408 0.398117 0.00683841 0.00772852
0 0.38496 0.336523 0.00626358 0.0077796
0 0.603048 0.26205 0.00847167 0.00947571
0 0.38837 0.621472 0.00818568 0.00821286
0 0.454204 0.29092 0.00992632 0.0102163
0 0.886959 0.177401 0.00767326 0.00907193
0 0.318149 0.623289 0.0070014 0.00681764
0 0.620252 0.587731 0.00979769 0.0104936
0 0.145433 0.573817 0.00756937 0.00827414
0 0.727978 0.281058 0.00835943 0.00846094
0 0.352796 0.420426 0.00822428 0.00858822
0 0.462353 0.683692 0.0122299 0.0123984
0 0.37204 0.632016 0.00624594 0.00718153
0 0.644277 0.263305 0.00720525 0.00795081
0 0.41805 0.684867 0.00692579 0.0079419
0 0.344838 0.405553 0.00649118 0.00673866
0 0.174843 0.55417 0.00725013 0.00831759
0 0.396124 0.569314 0.00708455 0.00672948
0 0.400593 0.559202 0.00697821 0.00760818
0 0.405275 0.54679 0.00704575 0.00780642
0 0.969753 0.240218 0.00800782 0.00949192
0 0.71609 0.471882 0.0114868 0.0150595
0 0.222057 0.703461 0.012505 0.0108764
0 0.3849 0.705094 0.0111368 0.0110775
0 0.380308 0.865293 0.00719842 0.00821435
0 0.559248 0.294497 0.00784206 0.00988042
0 0.662601 0.193528 0.0130746 0.0135631
0 0.151198 0.809073 0.00668931 0.00671273
0 0.17108 0.851768 0.0128835 0.0127657
0 0.505649 0.466815 0.00795227 0.00880319
0 0.202127 0.694617 0.00706729 0.00891745
0 0.528922 0.648751 0.0105053 0.0156282
0 0.67834 0.5846 0.00891095 0.00873131
0 0.71181 0.267037 0.0069083 0.00719738
0 0.131358 0.606925 0.00869626 0.00911754
0 0.148704 0.625808 0.00739752 0.00776738
0 0.888168 0.317894 0.00841445 0.0086458
0 0.540347 0.653926 0.0180588 0.0239093
0 0.131846 0.984732 0.00733922 0.00961232
0 0.218927 0.459826 0.00907926 0.0104175
0 0.22272 0.727336 0.00724149 0.0076586
0 0.344422 0.969582 0.00835425 0.00890309
0 0.186404 0.633645 0.00819115 0.00814676
0 0.985919 0.465194 0.00911659 0.0111643
0 0.357294 0.346902 0.0104777 0.0119714
0 0.632442 0.377916 0.00755692 0.00783694
0 0.204593 0.50956 0.0062519 0.00780261
0 0.733187 0.423836 0.00820065 0.00768787
0 0.390529 0.892379 0.0087539 0.00931126
0 0.653034 0.572467 0.00995982 0.0119381
0 0.337044 0.458536 0.00778618 0.00905818
0 0.527601 0.669252 0.016731 0.0115665
0 0.967481 0.185972 0.00825655 0.00904727
0 0.736874 0.39953 0.0077877 0.00830594
0 0.641709 0.369082 0.00878412 0.00897795
0 0.225925 0.7395 0.00716576 0.00730044
0 0.559329 0.293096 0.00691986 0.00844261
0 0.689852 0.482273 0.00799978 0.00827733
0 0.616514 0.353269 0.0062021 0.00665373
0 0.33197 0.420309 0.0119772 0.00861749
0 0.323916 0.671816 0.00811741 0.00862545
0 0.363301 0.887572 0.0083994 0.00898707
0 0.528809 0.650663 0.00929433 0.0131836
0 0.347205 0.600374 0.00806269 0.00873882
0 0.188331 0.618871 0.00834075 0.00878704
0 0.919504 0.2371 0.00780028 0.00788561
0 0.344087 0.977737 0.00759858 0.00754052
0 0.399434 0.558677 0.00795627 0.00775355
0 0.470171 0.480458 0.0138934 0.0139588
0 0.515589 0.63675 0.00797957 0.00965941
0 0.503445 0.661227 0.0112561 0.0104908
0 0.241907 0.522205 0.00811538 0.00876653
0 0.842404 0.345438 0.00911278 0.0107172
0 0.738533 0.413201 0.00695801 0.00739709
0 0.198835 0.677596 0.0106928 0.011134
0 0.379364 0.874001 0.00921479 0.00962299
0 0.619706 0.3289 0.00772345 0.00830853
0 0.343405 0.343059 0.0112339 0.013328
0 0.307176 0.643825 0.00779524 0.00791872
0 0.228678 0.477683 0.0107842 0.00944138
0 0.385453 0.587808 0.00875187 0.00781667
0 0.119258 0.669244 0.00795594 0.00918359
0 0.183726 0.672157 0.0064636 0.00637275
0 0.449629 0.486539 0.00768843 0.00754052
0 0.303355 0.916949 0.00959936 0.0084492
0 0.182077 0.508569 0.00741521 0.00795203
0 0.241615 0.717626 0.0117357 0.011417
0 0.468906 0.573749 0.00991362 0.0082022
0 0.408408 0.993326 0.00867996 0.0092777
0 0.384907 0.338005 0.00703526 0.00770211
0 0.742857 0.375974 0.0137412 0.0118028
0 0.173633 0.848284 0.00959903 0.010215
0 0.143561 0.971883 0.0073709 0.00932676
0 0.330901 0.620545 0.00788248 0.00864589
0 0.69806 0.590293 0.0083164 0.00916356
0 0.306608 0.642981 0.00656608 0.00691134
0 0.512414 0.679647 0.00896418 0.0114317
0 0.542247 0.652127 0.0129015 0.0186725
0 0.143586 0.866822 0.00764613 0.00889874
0 0.751547 0.528671 0.00816554 0.00889075
0 0.203508 0.62051 0.0120964 0.0106182
0 0.331385 0.618856 0.00942606 0.010324
0 0.135939 0.73654 0.00706486 0.00892788
0 0.972829 0.451304 0.0100937 0.0121363
0 0.125744 0.737348 0.00908409 0.00972617
