0 0.963764 0.309796 0.00814533 0.00974989
0 0.942841 0.564971 0.0101711 0.010919
0 0.918626 0.249357 0.0115955 0.0118666
0 0.981092 0.684478 0.0112079 0.0132939
0 0.873332 0.928403 0.00871354 0.00952947
0 0.882832 0.33306 0.00928652 0.00942174
0 0.545937 0.297428 0.00920653 0.0100335
0 0.927064 0.316436 0.0083105 0.010058
0 0.783708 0.229458 0.00921327 0.0093873
0 0.479121 0.640658 0.00937366 0.0110564
0 0.906079 0.632838 0.00813216 0.0101303
0 0.918874 0.345704 0.00871354 0.00999933
0 0.572637 0.347708 0.00942993 0.0107558
0 0.827608 0.910102 0.00869906 0.0103581
0 0.307535 0.926863 0.0107184 0.0133796
0 0.553153 0.632648 0.0113629 0.0101395
0 0.98073 0.268091 0.00915909 0.0101704
0 0.990052 0.670367 0.00948447 0.0103668
0 0.503213 0.482762 0.00983429 0.0105121
0 0.888826 0.537772 0.0113323 0.0121037
0 0.582283 0.30183 0.00889301 0.009848
0 0.942365 0.610098 0.00870895 0.0102139
0 0.577301 0.315776 0.00958914 0.0101389
0 0.826728 0.420923 0.00884664 0.00919628
0 0.904702 0.957134 0.0111015 0.0134743
0 0.73887 0.309431 0.0129666 0.0204321
0 0.947272 0.269421 0.0096783 0.01054
0 0.9353 0.347653 0.00769806 0.00852138
0 0.840651 0.897364 0.0111973 0.0108094
0 0.915562 0.292454 0.00675583 0.00731057
0 0.911019 0.308651 0.00900149 0.0104523
0 0.751407 0.339949 0.00988007 0.0110096
0 0.493455 0.665224 0.0109794 0.0128236
0 0.777157 0.266124 0.00964451 0.00939751
0 0.552431 0.646451 0.00943834 0.00846249
0 0.750857 0.259404 0.0122015 0.0111406
0 0.973096 0.667603 0.00654829 0.0071584
0 0.874355 0.319321 0.00746882 0.00906768
0 0.723951 0.265144 0.00766069 0.00891003
0 0.945853 0.35829 0.0103251 0.0104305
0 0.914436 0.329251 0.00801659 0.00881121
0 0.583704 0.333127 0.00747001 0.00845757
0 0.879811 0.237234 0.00750011 0.00783715
0 0.933045 0.601915 0.00871909 0.00877285
0 0.964801 0.263241 0.010811 0.0134241
0 0.925956 0.98477 0.00875628 0.00934201
0 0.908089 0.553731 0.0116894 0.0129178
0 0.982527 0.712146 0.00928271 0.0100752
0 0.790905 0.271803 0.00917232 0.00981283
0 0.738776 0.341245 0.00898248 0.0100024
0 0.905828 0.95523 0.0126026 0.0164429
0 0.959893 0.291179 0.00746858 0.00816172
0 0.992735 0.344114 0.00715065 0.00769562
0 0.863015 0.289773 0.0102887 0.0103128
0 0.85959 0.340028 0.00932556 0.00976849
0 0.766168 0.310687 0.007222 0.00879499
0 0.266757 0.984622 0.00799856 0.00906521
0 0.775671 0.364631 0.00808924 0.00862741
0 0.904105 0.163645 0.00935769 0.010277
0 0.90796 0.555065 0.0143829 0.0178558
0 0.982678 0.607257 0.00694156 0.00744575
0 0.902531 0.283147 0.00837404 0.00944355
0 0.84062 0.442926 0.00822735 0.00884017
0 0.779827 0.281047 0.00830382 0.00864774
0 0.910743 0.306281 0.00992131 0.0118413
0 0.786556 0.310046 0.00642222 0.00830549
0 0.93222 0.335912 0.00921708 0.00886479
0 0.572714 0.285194 0.00850356 0.013004
0 0.309383 0.889059 0.0140912 0.0154915
0 0.836659 0.297477 0.00688171 0.00768822
0 0.910049 0.613619 0.00758934 0.00865477
0 0.780636 0.252755 0.00698489 0.00816423
0 0.892905 0.292004 0.00771332 0.00944033
0 0.27506 0.953 0.00884521 0.00882643
0 0.907156 0.234219 0.0139538 0.0101045
0 0.487097 0.715763 0.00806597 0.00930977
0 0.327885 0.839012 0.00840664 0.0112728
0 0.932437 0.602727 0.010355 0.0111567
0 0.939586 0.374619 0.00677127 0.00695711
0 0.80735 0.352347 0.00817168 0.00926766
0 0.767728 0.258016 0.00736231 0.00823653
0 0.75803 0.378925 0.010903 0.0109525
