0 0.267034 0.603556 0.0106973 0.0107408
0 0.301364 0.640804 0.00860795 0.00905722
0 0.282649 0.616918 0.00860789 0.00926572
0 0.227973 0.553931 0.00985269 0.0104192
0 0.316742 0.652112 0.00946075 0.0100527
0 0.171965 0.423382 0.00844479 0.0092268
0 0.158079 0.486949 0.00873083 0.010075
0 0.645758 0.215183 0.0108324 0.0111788
0 0.939686 0.77164 0.00914365 0.00934488
0 0.323941 0.627061 0.0125669 0.012629
0 0.618546 0.20994 0.00885159 0.0102276
0 0.169839 0.493355 0.00824922 0.00900841
0 0.721564 0.691714 0.0095908 0.0103911
0 0.722991 0.709013 0.00964659 0.0101236
0 0.961775 0.738221 0.00889361 0.00967717
0 0.20996 0.543739 0.0111498 0.0136896
0 0.62827 0.199935 0.0102141 0.0135348
0 0.0803019 0.218342 0.00811537 0.0079269
0 0.043005 0.459463 0.0102027 0.0101669
0 0.210917 0.516964 0.00689821 0.00744498
0 0.130748 0.529095 0.00814319 0.0096463
