0 0.436831 0.574172 0.00819016 0.00821537
0 0.422569 0.523875 0.00681981 0.00779498
0 0.305831 0.633042 0.00937733 0.0105116
0 0.438118 0.551949 0.00994349 0.00925046
0 0.366148 0.540412 0.00987864 0.0104637
0 0.46535 0.539914 0.00739536 0.00847435
0 0.321115 0.697761 0.0102972 0.0113071
0 0.266372 0.54518 0.00866491 0.00938606
0 0.984438 0.414771 0.00874174 0.0103231
0 0.483835 0.558661 0.00827456 0.0101368
0 0.278121 0.541248 0.00880757 0.0112764
0 0.392617 0.62542 0.00882572 0.00981832
0 0.405494 0.627766 0.00749722 0.00939673
0 0.551525 0.646841 0.00883865 0.0096032
0 0.4669 0.514864 0.00689563 0.00785309
0 0.302799 0.592943 0.00879937 0.00865912
0 0.429705 0.623445 0.00673044 0.00759971
0 0.350672 0.353137 0.00892431 0.00932741
0 0.508393 0.551296 0.00949401 0.00989693
0 0.382113 0.670215 0.00787076 0.0088405
0 0.392054 0.566727 0.00814733 0.00963783
0 0.7433 0.24368 0.0106393 0.0107367
0 0.422679 0.524575 0.00905305 0.00897771
0 0.295577 0.883999 0.00888422 0.0104764
0 0.48847 0.573929 0.00729361 0.00776017
0 0.491408 0.520099 0.00902557 0.00966144
0 0.298565 0.73643 0.0104203 0.0116205
0 0.0415781 0.302918 0.00948638 0.0108417
0 0.440249 0.536527 0.0122011 0.00933212
0 0.257014 0.90012 0.0098353 0.0125969
0 0.268916 0.765403 0.0153969 0.0127702
0 0.400553 0.555288 0.00729349 0.00765473
0 0.504158 0.52291 0.00828135 0.00871181
0 0.462104 0.526362 0.00673974 0.00759083
0 0.372503 0.967481 0.0089632 0.00993919
0 0.00705893 0.355949 0.00849667 0.00933629
0 0.300072 0.739377 0.0131448 0.018573
0 0.41045 0.582465 0.0125892 0.0130983
0 0.414799 0.591151 0.00958386 0.012602
0 0.379729 0.553534 0.0079816 0.00767732
0 0.483798 0.557165 0.00904694 0.00987148
0 0.400697 0.536587 0.00866592 0.00890082
0 0.514096 0.525846 0.00951254 0.0100824
0 0.278406 0.904537 0.00870267 0.0105324
0 0.436578 0.574388 0.0104773 0.0102018
0 0.996834 0.424127 0.00633126 0.00955278
0 0.719338 0.225805 0.0138941 0.016378
0 0.455103 0.535587 0.00708485 0.00680697
0 0.365596 0.562017 0.0114948 0.0122988
0 0.300805 0.742885 0.00964627 0.0125086
