0 0.553785 0.857473 0.382569 0.285053
0 0.988957 0.316232 0.0198158 0.0221065
0 0.937153 0.164616 0.00736392 0.00894228
0 0.960099 0.621554 0.0088169 0.00962526
0 0.23265 0.979851 0.440295 0.0402979
0 0.982993 0.708968 0.0127465 0.0104703
0 0.957643 0.659006 0.0115425 0.0111244
0 0.964338 0.155324 0.0166252 0.0183952
0 0.624763 0.93124 0.322566 0.137519
0 0.931257 0.243017 0.00948793 0.00845495
0 0.314831 0.843763 0.604184 0.312473
0 0.963454 0.156539 0.013199 0.0159223
0 0.949888 0.252898 0.00961381 0.00985776
