0 0.190276 0.84412 0.380553 0.311759
0 0.120028 0.843765 0.240056 0.31247
0 0.243367 0.918538 0.486735 0.162924
0 0.25587 0.0094303 0.0164009 0.0161803
0 0.0101986 0.250277 0.0203972 0.0200832
0 0.314639 0.761009 0.016185 0.0150415
0 0.127603 0.088007 0.0235818 0.0196391
0 0.193631 0.1555 0.0173445 0.015858
0 0.29988 0.435725 0.0175654 0.01606
0 0.0646396 0.0265779 0.014896 0.0152671
0 0.324435 0.834354 0.325016 0.331291
0 0.400207 0.492037 0.375312 0.344853
0 0.14451 0.75939 0.0196238 0.0162466
