0 0.56597 0.00927442 0.0278547 0.0185488
0 0.572032 0.0101994 0.0275809 0.0203988
0 0.577102 0.0111167 0.0281891 0.0222333
0 0.583642 0.0123468 0.029026 0.0246936
0 0.589852 0.0113704 0.0275179 0.0227409
0 0.595237 0.011634 0.0292818 0.023268
0 0.600884 0.0118583 0.030735 0.0237165
0 0.606657 0.0116314 0.0317372 0.0232628
0 0.653115 0.010751 0.0295925 0.0215021
0 0.659846 0.0115431 0.0320652 0.0230862
0 0.666915 0.0120943 0.0350458 0.0241887
0 0.673768 0.0115782 0.0327238 0.0231563
0 0.678264 0.0108324 0.0276892 0.0216649
0 0.684451 0.0116483 0.0289644 0.0232965
0 0.694011 0.0125048 0.0360233 0.0250096
0 0.699986 0.0114586 0.0318733 0.0229173
0 0.703449 0.0100609 0.0271685 0.0201217
0 0.709878 0.0111321 0.0275917 0.0222642
0 0.71693 0.0128493 0.0292395 0.0256987
0 0.72295 0.0130578 0.0296869 0.0261156
0 0.729661 0.0131587 0.0308393 0.0263173
0 0.735739 0.0131337 0.0304943 0.0262673
0 0.741214 0.0130386 0.028322 0.0260772
0 0.747225 0.0130716 0.0297613 0.0261432
0 0.75383 0.0132557 0.0344862 0.0265115
0 0.760262 0.0131993 0.0327892 0.0263985
0 0.767103 0.0130854 0.0323623 0.0261708
0 0.773692 0.0130778 0.032991 0.0261556
0 0.780256 0.0129251 0.0344629 0.0258501
0 0.791257 0.012482 0.0357809 0.0249641
0 0.797803 0.0126091 0.0354605 0.0252181
0 0.810085 0.0128005 0.0328881 0.0256011
0 0.817183 0.0130765 0.0330635 0.026153
0 0.823496 0.0129732 0.0322518 0.0259464
0 0.830016 0.0127941 0.0319721 0.0255882
0 0.836371 0.012819 0.0324339 0.025638
0 0.846127 0.0127975 0.0324835 0.025595
0 0.852802 0.013172 0.0363873 0.0263439
0 0.85918 0.0132385 0.0356087 0.0264769
0 0.870859 0.0132487 0.035306 0.0264974
0 0.877734 0.0131749 0.0373012 0.0263498
0 0.884325 0.013142 0.0365947 0.026284
0 0.894501 0.0128732 0.0349022 0.0257463
0 0.561985 0.0134424 0.0333862 0.0268848
0 0.571038 0.012753 0.0373273 0.025506
0 0.593128 0.0120317 0.0398924 0.0240634
0 0.611678 0.0126521 0.0396301 0.0253041
0 0.616706 0.0117593 0.037002 0.0235187
0 0.625775 0.0132754 0.0431951 0.0265508
0 0.632501 0.0123447 0.0409662 0.0246895
0 0.642644 0.0124816 0.0384496 0.0249632
0 0.709221 0.0112327 0.0382784 0.0224654
0 0.761563 0.0116129 0.035876 0.0232259
0 0.785877 0.0115198 0.0353802 0.0230396
0 0.80453 0.0116125 0.0360857 0.023225
0 0.84186 0.0114801 0.0349957 0.0229603
0 0.861373 0.0121566 0.0379437 0.0243132
0 0.873556 0.0124182 0.0374792 0.0248364
0 0.886785 0.0124274 0.0378117 0.0248548
0 0.904316 0.0131407 0.0393639 0.0262814
0 0.910574 0.0124366 0.038211 0.0248732
0 0.917525 0.0123092 0.0365482 0.0246184
0 0.9299 0.0123771 0.0370917 0.0247542
0 0.936705 0.0124836 0.037223 0.0249672
0 0.948619 0.0121113 0.0366474 0.0242227
0 0.9856 0.0144692 0.0287999 0.0289384
0 0.566184 0.0153481 0.0367052 0.0306962
0 0.57233 0.0161756 0.0376892 0.0323512
0 0.578153 0.0148641 0.0373392 0.0297282
0 0.584807 0.0158911 0.0366408 0.0317822
0 0.596793 0.015271 0.0374594 0.0305419
0 0.648567 0.0151799 0.0349559 0.0303599
0 0.660543 0.015922 0.035728 0.0318439
0 0.673645 0.0158039 0.0350825 0.0316079
0 0.684638 0.0147141 0.0370638 0.0294282
0 0.699972 0.0142917 0.0322447 0.0285834
0 0.712272 0.0144429 0.0324295 0.0288859
0 0.718754 0.0144422 0.0317793 0.0288844
0 0.743464 0.0144592 0.0319466 0.0289185
0 0.786635 0.015901 0.0334527 0.0318021
0 0.805556 0.015676 0.0330724 0.031352
0 0.855997 0.0158069 0.0330467 0.0316138
0 0.862038 0.015573 0.0330637 0.0311459
0 0.868032 0.0153981 0.0331873 0.0307962
0 0.881065 0.0158345 0.0335261 0.0316691
0 0.898813 0.0154307 0.0337381 0.0308615
0 0.924219 0.0158436 0.034668 0.0316871
0 0.94252 0.0165688 0.0356355 0.0331376
0 0.955771 0.0156006 0.0353111 0.0312012
0 0.559997 0.0190684 0.0361636 0.0381368
0 0.590579 0.0180878 0.0375372 0.0361755
0 0.602991 0.0181891 0.0373356 0.0363782
0 0.614643 0.0184078 0.0373872 0.0368156
0 0.626257 0.0196862 0.0397367 0.037908
0 0.632749 0.0189939 0.0393101 0.0352859
0 0.641103 0.0190124 0.0382299 0.0380248
0 0.647287 0.0185355 0.0369383 0.037071
0 0.65375 0.0177197 0.0364906 0.0354395
0 0.666038 0.0177314 0.0370046 0.0354628
0 0.678171 0.0176234 0.0373722 0.0352469
0 0.692451 0.0183111 0.0387974 0.0366221
0 0.698459 0.017513 0.0346728 0.035026
0 0.704714 0.0174102 0.0345138 0.0348204
0 0.724797 0.017242 0.0319059 0.0344839
0 0.731139 0.0173072 0.0318782 0.0346143
0 0.737399 0.0173013 0.0317797 0.0346025
0 0.749647 0.0174214 0.0323517 0.0348428
0 0.756207 0.0179101 0.0324266 0.0358202
0 0.762363 0.0177973 0.0322385 0.0355946
0 0.768386 0.0179203 0.0323633 0.0358406
0 0.774668 0.0180968 0.0325651 0.0361937
0 0.78075 0.0183858 0.0327294 0.0367716
0 0.79275 0.0188425 0.0340167 0.037685
0 0.799181 0.0188735 0.0337505 0.0377471
0 0.81195 0.018439 0.0331305 0.0368779
0 0.818533 0.018346 0.032645 0.0366921
0 0.824796 0.018198 0.0324411 0.0363959
0 0.831065 0.0180666 0.0322151 0.0361332
0 0.837346 0.0180448 0.0321394 0.0360895
0 0.84328 0.017882 0.0324383 0.0357641
0 0.849357 0.0180236 0.0330406 0.0360472
0 0.874118 0.018536 0.0337774 0.0370721
0 0.887018 0.0183303 0.0341151 0.0366606
0 0.89283 0.0179969 0.033645 0.0359939
0 0.906003 0.0187941 0.0356277 0.0375882
0 0.918064 0.0187561 0.0352062 0.0375121
0 0.930687 0.0196127 0.0364414 0.0392254
0 0.93703 0.019887 0.0364299 0.0397741
0 0.948737 0.0194168 0.0369915 0.0388336
0 0.962159 0.0180447 0.0355042 0.0360894
0 0.546159 0.0262427 0.0389211 0.0411331
0 0.555405 0.0259429 0.0396482 0.0426046
0 0.563372 0.0264383 0.041756 0.0414525
0 0.5715 0.0257915 0.0383875 0.0419537
0 0.577784 0.0251807 0.0376306 0.0400514
0 0.58411 0.0251129 0.0375412 0.0421345
0 0.5968 0.0248631 0.0376038 0.0433307
0 0.608161 0.0247388 0.036123 0.0425283
0 0.617865 0.0251499 0.0347121 0.041895
0 0.630506 0.025608 0.038601 0.0409398
0 0.640079 0.0252769 0.0390804 0.0426839
0 0.646848 0.024433 0.0375754 0.0420577
0 0.659444 0.0244679 0.0374883 0.0426543
0 0.671959 0.0246333 0.0375027 0.0430075
0 0.678126 0.0239261 0.037472 0.0415938
0 0.690918 0.0237681 0.0376213 0.0412694
0 0.697496 0.02215 0.0362888 0.0380457
0 0.711332 0.0219384 0.0336559 0.0376266
0 0.718184 0.0219895 0.0324841 0.0377288
0 0.724383 0.0219877 0.032556 0.0377253
0 0.743379 0.0222676 0.032106 0.0382851
0 0.74941 0.0226641 0.0325977 0.0390779
0 0.755882 0.0230616 0.0322426 0.0398727
0 0.762166 0.0232215 0.0321621 0.0401926
0 0.768244 0.0234269 0.032416 0.0406035
0 0.77443 0.0237808 0.0325646 0.0413111
0 0.780439 0.0240408 0.0330179 0.0418311
0 0.78642 0.0243271 0.0335854 0.0424033
0 0.805549 0.0239946 0.0330538 0.0417365
0 0.818282 0.0237476 0.0325203 0.0412437
0 0.824566 0.0236327 0.0323883 0.0410144
0 0.83086 0.0235162 0.0322312 0.0407819
0 0.837189 0.0234615 0.0320885 0.0406725
0 0.843139 0.0234813 0.0325848 0.0407121
0 0.849079 0.0237639 0.0332748 0.0412762
0 0.855505 0.024165 0.0332485 0.0420751
0 0.861688 0.0240765 0.0333114 0.0418985
0 0.867726 0.0237103 0.0335028 0.0411676
0 0.880812 0.0239839 0.0338767 0.0416788
0 0.898571 0.0233396 0.0343031 0.0404059
0 0.911105 0.0234969 0.0354095 0.0406165
0 0.923693 0.0238754 0.0352341 0.0413971
0 0.94112 0.0249094 0.0376417 0.0433361
0 0.947637 0.0244213 0.0380901 0.0424386
0 0.954971 0.0239405 0.0369388 0.0413837
0 0.961617 0.0231851 0.0356281 0.039996
0 0.967773 0.023223 0.034944 0.0402661
0 0.974094 0.0236386 0.0355954 0.0410804
0 0.981396 0.0240222 0.0357607 0.0414047
0 0.985013 0.023828 0.029973 0.0409867
0 0.531464 0.0344013 0.0376781 0.0330107
0 0.539056 0.0336851 0.0382494 0.0313159
0 0.54614 0.0333547 0.0393327 0.0334535
0 0.551211 0.0330344 0.0343178 0.029303
0 0.556804 0.0332485 0.0367505 0.0334053
0 0.564645 0.0330076 0.039624 0.0345399
0 0.57185 0.0337161 0.0376888 0.0367109
0 0.590428 0.031752 0.0377529 0.0325845
0 0.602929 0.0314038 0.0373667 0.0318714
0 0.613746 0.0315384 0.0363455 0.031906
0 0.625938 0.0323546 0.0396155 0.031875
0 0.64014 0.03277 0.0387228 0.0343563
0 0.646845 0.0318701 0.0375595 0.0330626
0 0.653148 0.031028 0.0374275 0.0351381
0 0.665709 0.0308996 0.0373592 0.0349885
0 0.684382 0.029243 0.0374634 0.0365861
0 0.70355 0.029048 0.0367495 0.0393449
0 0.710194 0.0284249 0.0359096 0.0380991
0 0.71731 0.0286207 0.0342493 0.0384907
0 0.723641 0.0284361 0.0340093 0.0381217
0 0.730127 0.0285112 0.0335798 0.038272
0 0.736629 0.0285057 0.0331671 0.038261
0 0.793883 0.0282443 0.0320444 0.0377021
0 0.800216 0.028258 0.0322321 0.0377295
0 0.812633 0.0283481 0.0322 0.0379317
0 0.874728 0.0283634 0.0325569 0.0378522
0 0.887494 0.0285577 0.0332037 0.0382932
0 0.906354 0.0293055 0.0349705 0.0393275
0 0.918076 0.0289937 0.0345917 0.038909
0 0.931776 0.0301436 0.0353607 0.0404919
0 0.985866 0.0315106 0.0282686 0.044316
0 0.508886 0.0365577 0.0371594 0.0394341
0 0.515231 0.0372484 0.0378092 0.0374313
0 0.552886 0.0364142 0.0370796 0.0394914
0 0.578118 0.0347801 0.0374641 0.0378227
0 0.584373 0.0355306 0.0374821 0.0397788
0 0.596879 0.0366307 0.0374993 0.0419708
0 0.60937 0.0359604 0.0374858 0.040644
0 0.621855 0.0359913 0.0374783 0.0403158
0 0.634246 0.0356504 0.0373474 0.0386875
0 0.659394 0.0350753 0.037468 0.0388244
0 0.671959 0.0346163 0.0373396 0.0379744
0 0.690638 0.0348396 0.0374784 0.0384227
0 0.709444 0.0347016 0.037392 0.0381426
0 0.715963 0.0349394 0.0371481 0.0386249
0 0.72229 0.0345562 0.0367149 0.0378604
0 0.728715 0.0346447 0.0364761 0.0380381
0 0.735337 0.0346605 0.0358722 0.0380687
0 0.743403 0.0346117 0.0326445 0.0379724
0 0.749829 0.0344977 0.031838 0.0377452
0 0.756108 0.0345292 0.0316285 0.0378083
0 0.762419 0.0345976 0.0315287 0.0379452
0 0.768713 0.034574 0.0314593 0.037898
0 0.774963 0.0345316 0.0313898 0.0378131
0 0.781201 0.0345342 0.0313797 0.0378184
0 0.787455 0.0345493 0.031373 0.0378487
0 0.79986 0.0346558 0.0315752 0.0380615
0 0.806159 0.0347633 0.0315662 0.0382765
0 0.81867 0.0347401 0.031517 0.0382302
0 0.824921 0.0346914 0.031485 0.0381329
0 0.831151 0.034714 0.0315101 0.0381779
0 0.837403 0.034724 0.0315151 0.038198
0 0.843627 0.0346851 0.0315493 0.0381202
0 0.849868 0.0347563 0.0315897 0.0382626
0 0.856166 0.0347377 0.031543 0.0382253
0 0.862418 0.0346432 0.0315121 0.0380364
0 0.868458 0.0346656 0.0318632 0.0380812
0 0.87442 0.0347916 0.032472 0.0383328
0 0.880965 0.0354878 0.0326138 0.0397218
0 0.887095 0.0350266 0.0324448 0.0388011
0 0.89305 0.0349536 0.0327376 0.0386571
0 0.89881 0.0351675 0.0337265 0.0390792
0 0.905416 0.035994 0.0343043 0.0406864
0 0.911385 0.0354804 0.0344307 0.0396729
0 0.917712 0.0356455 0.0340672 0.040017
0 0.923801 0.0355985 0.0343304 0.0399087
0 0.935965 0.0360349 0.0356529 0.0406494
0 0.947622 0.0361071 0.0376316 0.0407597
0 0.954829 0.0361127 0.0365456 0.0407164
0 0.961372 0.0356129 0.0355881 0.0398665
0 0.968186 0.0355524 0.0345043 0.0397513
0 0.974606 0.0354589 0.0341143 0.0395973
0 0.981197 0.0354694 0.0339276 0.0396242
0 0.501994 0.0427318 0.0350803 0.0380643
0 0.514268 0.0439906 0.038834 0.0378196
0 0.527009 0.0432993 0.0372959 0.0373533
0 0.539332 0.0441009 0.0391831 0.0383066
0 0.546752 0.0446272 0.0379187 0.040538
0 0.552589 0.0435003 0.0370677 0.0383579
0 0.565548 0.0439602 0.0377081 0.0370262
0 0.571894 0.0419089 0.0374712 0.0387223
0 0.590625 0.0424222 0.0375072 0.0407104
0 0.603127 0.0413871 0.0374958 0.0389848
0 0.615618 0.0413352 0.037488 0.0385432
0 0.628117 0.0415316 0.0374902 0.0377186
0 0.64062 0.0423447 0.0375195 0.0401419
0 0.646875 0.0414758 0.0374984 0.0386504
0 0.653136 0.0417554 0.0374888 0.0396578
0 0.665646 0.0416004 0.0374718 0.0394422
0 0.678147 0.0411445 0.0374568 0.0385388
0 0.696887 0.0409409 0.037476 0.0381159
0 0.715813 0.0420176 0.0375675 0.0402735
0 0.722022 0.0411137 0.0372335 0.0384756
0 0.728496 0.0412163 0.0369302 0.0386817
0 0.793641 0.0408507 0.0314911 0.0379514
0 0.812399 0.0409839 0.0315514 0.0382177
0 0.930846 0.0418061 0.0347248 0.0397459
0 0.941805 0.0415958 0.036047 0.0393598
0 0.985515 0.0413965 0.0289707 0.0389979
0 0.496719 0.0509718 0.0379105 0.0409482
0 0.505216 0.0505246 0.0376431 0.041895
0 0.512544 0.0514364 0.0401444 0.0401925
0 0.519613 0.0511058 0.0394086 0.04093
0 0.530721 0.0508576 0.0376881 0.0417139
0 0.537545 0.0515184 0.0421448 0.0407177
0 0.546463 0.051839 0.0384018 0.038889
0 0.552882 0.0509704 0.0375835 0.036873
0 0.558695 0.0494013 0.0363938 0.0414242
0 0.571892 0.0490366 0.0374802 0.0417949
0 0.57813 0.0482591 0.0374846 0.0402662
