0 0.454609 0.00878183 0.0290312 0.0175637
0 0.461863 0.0103159 0.0308735 0.0206318
0 0.467182 0.0115067 0.0339449 0.0230134
0 0.472945 0.011134 0.0323414 0.022268
0 0.484161 0.0118508 0.0293092 0.0237017
0 0.495422 0.012254 0.0354258 0.0245081
0 0.499978 0.0103689 0.0312607 0.0207378
0 0.503297 0.00836686 0.025508 0.0167337
0 0.510373 0.00941248 0.0270325 0.018825
0 0.517319 0.0119234 0.0288401 0.0238467
0 0.52345 0.0116986 0.0282989 0.0233972
0 0.528716 0.0117542 0.0264101 0.0235085
0 0.534939 0.0121765 0.0262985 0.024353
0 0.542629 0.0128279 0.0292782 0.0256559
0 0.548401 0.0118965 0.0282553 0.023793
0 0.553886 0.0117157 0.0267453 0.0234315
0 0.561495 0.0121798 0.0293926 0.0243595
0 0.566361 0.0111415 0.0269235 0.0222831
0 0.572269 0.0112578 0.0263649 0.0225157
0 0.5785 0.0118993 0.0269302 0.0237987
0 0.584795 0.012944 0.0265013 0.0258881
0 0.591225 0.0132977 0.0265711 0.0265954
0 0.597439 0.0134274 0.0268114 0.0268548
0 0.60394 0.0133439 0.0278583 0.0266878
0 0.610072 0.0133163 0.0276123 0.0266327
0 0.618789 0.0132002 0.03237 0.0264004
0 0.623706 0.01159 0.029204 0.0231801
0 0.628316 0.0109842 0.0255383 0.0219684
0 0.635158 0.0125315 0.0269151 0.025063
0 0.643074 0.0133304 0.0304255 0.0266608
0 0.649001 0.0131692 0.0295295 0.0263383
0 0.653688 0.0126792 0.0263754 0.0253583
0 0.660469 0.0131721 0.0275215 0.0263443
0 0.667028 0.0135523 0.0282611 0.0271046
0 0.673089 0.0135167 0.0277341 0.0270334
0 0.678947 0.0134683 0.0268844 0.0269366
0 0.685496 0.0135095 0.0275466 0.0270191
0 0.691163 0.0135746 0.0264784 0.0271492
0 0.697518 0.0135739 0.0269614 0.0271478
0 0.704445 0.0135471 0.028941 0.0270942
0 0.710364 0.0134517 0.0276616 0.0269034
0 0.71683 0.0133785 0.0278046 0.026757
0 0.723442 0.0132555 0.0284703 0.0265109
0 0.730552 0.0131063 0.0301521 0.0262127
0 0.737119 0.0122846 0.0307525 0.0245691
0 0.741173 0.0110527 0.0265105 0.0221054
0 0.747938 0.0115925 0.0279761 0.0231849
0 0.755159 0.0120524 0.0297381 0.0241047
0 0.760508 0.0120872 0.0279789 0.0241744
0 0.767845 0.012797 0.0298695 0.025594
0 0.774286 0.012929 0.030162 0.025858
0 0.785344 0.0133012 0.0276922 0.0266024
0 0.793633 0.013586 0.0315579 0.0271721
0 0.79971 0.0131433 0.0307307 0.0262865
0 0.810828 0.0130393 0.0279589 0.0260787
0 0.816964 0.0136743 0.0278896 0.0273486
0 0.823205 0.0137061 0.0279148 0.0274122
0 0.829298 0.0137439 0.0277361 0.0274877
0 0.835928 0.0137664 0.0285778 0.0275327
0 0.84087 0.0137474 0.0258255 0.0274947
0 0.847126 0.0137118 0.0265995 0.0274236
0 0.85432 0.0137948 0.0307432 0.0275896
0 0.860077 0.0137507 0.0285293 0.0275015
0 0.866148 0.0137041 0.0269279 0.0274081
0 0.872414 0.0136382 0.02717 0.0272764
0 0.880173 0.0136028 0.0297607 0.0272056
0 0.885933 0.0133051 0.0285287 0.0266102
0 0.891863 0.0127627 0.0278912 0.0255254
0 0.8977 0.0127149 0.0276001 0.0254298
0 0.904856 0.0129228 0.0293613 0.0258457
0 0.910018 0.0125913 0.0269359 0.0251825
0 0.916851 0.0130215 0.0278055 0.026043
0 0.923069 0.0130646 0.0276865 0.0261292
0 0.928883 0.0130739 0.026852 0.0261479
0 0.935443 0.0131689 0.0274174 0.0263378
0 0.942606 0.0132207 0.0292214 0.0264414
0 0.949052 0.0129386 0.0294452 0.0258773
0 0.954766 0.0124269 0.0283421 0.0248538
0 0.961388 0.0122216 0.0291052 0.0244432
0 0.965928 0.0118608 0.0258362 0.0237216
0 0.972378 0.0125497 0.0266908 0.0250994
0 0.98131 0.0129683 0.0325352 0.0259366
0 0.985849 0.011773 0.0283016 0.0235461
0 0.976564 0.0175292 0.0468723 0.0350584
0 0.455393 0.0110262 0.0326978 0.0220525
0 0.509996 0.0109534 0.0353274 0.0219068
0 0.534493 0.0110485 0.0368399 0.0220969
0 0.553372 0.0110587 0.0369831 0.0221174
0 0.578029 0.0111148 0.0373626 0.0222296
0 0.590564 0.011169 0.037529 0.0223381
0 0.603215 0.011117 0.0373631 0.022234
0 0.634501 0.0110538 0.0371561 0.0221075
0 0.653364 0.010976 0.0369623 0.0219521
0 0.65998 0.0110006 0.0363196 0.0220012
0 0.672585 0.0110528 0.0361674 0.0221055
0 0.685006 0.0110116 0.0362997 0.0220233
0 0.697176 0.0110364 0.0368838 0.0220729
0 0.703614 0.0111354 0.0366417 0.0222709
0 0.71616 0.011012 0.036465 0.0220241
0 0.722576 0.0110123 0.0361292 0.0220246
0 0.784587 0.0110024 0.0370803 0.0220048
0 0.804356 0.0109418 0.0350308 0.0218836
0 0.81689 0.0109647 0.0350054 0.0219293
0 0.823313 0.0109595 0.0346592 0.021919
0 0.835844 0.0109585 0.0346122 0.021917
0 0.847119 0.0109723 0.0369305 0.0219447
0 0.853642 0.0111612 0.0366133 0.0223224
0 0.865983 0.0110059 0.0368133 0.0220119
0 0.884759 0.0110272 0.0367607 0.0220544
0 0.896986 0.0110075 0.0372117 0.0220151
0 0.909467 0.0110359 0.0372664 0.0220719
0 0.922151 0.0110473 0.0369518 0.0220945
0 0.934796 0.0110355 0.0366673 0.0220711
0 0.971841 0.0109829 0.0372429 0.0219659
0 0.988165 0.0109479 0.0200287 0.0218958
0 0.455572 0.0143496 0.0329937 0.0286992
0 0.462095 0.0147204 0.0329058 0.0294408
0 0.468227 0.0146759 0.0330772 0.0293518
0 0.474464 0.014691 0.0329384 0.029382
0 0.480343 0.0146284 0.0332195 0.0292567
0 0.48641 0.0149015 0.0336767 0.029803
0 0.496352 0.014369 0.0365852 0.028738
0 0.504878 0.014098 0.033998 0.028196
0 0.511774 0.0142127 0.0327622 0.0284254
0 0.518617 0.0141803 0.0316811 0.0283606
0 0.52488 0.0141482 0.0316145 0.0282965
0 0.53099 0.0141315 0.0317989 0.0282631
0 0.537196 0.014152 0.0319063 0.028304
0 0.549904 0.0141388 0.0315443 0.0282777
0 0.55615 0.0141637 0.0314864 0.0283273
0 0.562245 0.0141153 0.0317799 0.0282306
0 0.567988 0.014103 0.0327972 0.028206
0 0.574181 0.0141447 0.0329221 0.0282894
0 0.58059 0.014205 0.0326288 0.02841
0 0.587056 0.0141864 0.0321789 0.0283727
0 0.593425 0.0142358 0.0319566 0.0284715
0 0.599773 0.0141911 0.031752 0.0283823
0 0.624904 0.0141561 0.0314568 0.0283123
0 0.630639 0.0141639 0.0324787 0.0283279
0 0.637346 0.0142871 0.031593 0.0285742
0 0.656079 0.0141611 0.0315984 0.0283221
0 0.662421 0.0142476 0.031423 0.0284951
0 0.681187 0.0141627 0.0313823 0.0283254
0 0.693662 0.0141604 0.0314305 0.0283208
0 0.699899 0.0141946 0.0314596 0.0283893
0 0.743344 0.0141951 0.0320652 0.0283902
0 0.74971 0.0143495 0.0318487 0.0286991
0 0.75603 0.0143614 0.031722 0.0287229
0 0.762034 0.0143789 0.032195 0.0287577
0 0.768384 0.0150756 0.0320743 0.0301512
0 0.774666 0.0150844 0.0319729 0.0301689
0 0.786919 0.0148955 0.0324269 0.0297909
0 0.806181 0.0141618 0.0313883 0.0283236
0 0.812457 0.0142846 0.0313375 0.0285692
0 0.843674 0.014139 0.031401 0.0282781
0 0.893532 0.0142826 0.0316921 0.0285651
0 0.899727 0.0144144 0.031805 0.0288287
0 0.905985 0.0144574 0.0317915 0.0289149
0 0.912119 0.0143006 0.0320221 0.0286013
0 0.918518 0.0143169 0.0317444 0.0286338
0 0.924852 0.0142109 0.0315697 0.0284218
0 0.93112 0.0141377 0.0315277 0.0282754
0 0.9374 0.0141325 0.031471 0.028265
0 0.956226 0.0140904 0.0313107 0.0281807
0 0.962492 0.0140907 0.0312954 0.0281814
0 0.968663 0.0141015 0.0314251 0.028203
0 0.974847 0.0141061 0.031562 0.0282121
0 0.985935 0.0141176 0.0281301 0.0282352
0 0.485464 0.01826 0.0355476 0.0365199
0 0.499913 0.0172863 0.0318804 0.0345727
0 0.517853 0.0172378 0.0330869 0.0344756
0 0.524235 0.0172364 0.0328205 0.0344728
0 0.530286 0.0172116 0.0331874 0.0344231
0 0.536332 0.0172331 0.0336011 0.0344662
0 0.542643 0.0172385 0.0335108 0.034477
0 0.549336 0.0172164 0.0326133 0.0344329
0 0.555653 0.0172015 0.0324565 0.034403
0 0.566929 0.017249 0.0348984 0.034498
0 0.573371 0.0172839 0.0345144 0.0345677
0 0.585661 0.0172667 0.0349409 0.0345333
0 0.591999 0.0172573 0.0347713 0.0345145
0 0.598355 0.0172362 0.0345554 0.0344723
0 0.604856 0.0172308 0.0340582 0.0344615
0 0.611323 0.0172238 0.0336199 0.0344476
0 0.624387 0.0172308 0.0324885 0.0344617
0 0.636733 0.0172624 0.0327911 0.0345248
0 0.712149 0.0172332 0.0319601 0.0344664
0 0.718432 0.0172315 0.0318903 0.034463
0 0.748985 0.0172823 0.033285 0.0345647
0 0.760574 0.0173919 0.035105 0.0347838
0 0.767048 0.0175603 0.0346872 0.0351205
0 0.779699 0.0173937 0.034355 0.0347874
0 0.849496 0.0173001 0.0322586 0.0346003
0 0.855709 0.0177333 0.0323582 0.0354666
0 0.861761 0.0173483 0.032735 0.0346966
0 0.868266 0.0173081 0.0322197 0.0346161
0 0.874284 0.0173283 0.032684 0.0346566
0 0.886792 0.0172829 0.0326714 0.0345658
0 0.8989 0.0172689 0.0334549 0.0345378
0 0.905011 0.0172412 0.0337341 0.0344823
0 0.917453 0.01727 0.0338573 0.03454
0 0.923956 0.0172335 0.033347 0.0344669
0 0.930566 0.0172081 0.0326252 0.0344162
0 0.985935 0.0203123 0.0281296 0.0406246
0 0.989071 0.0173109 0.0218574 0.0346218
0 0.455208 0.0221315 0.0334989 0.0380129
0 0.461773 0.0224958 0.0330833 0.0387408
0 0.467978 0.0224108 0.0331617 0.038569
0 0.474293 0.0225198 0.032947 0.0387882
0 0.493944 0.0221303 0.0351683 0.0380028
0 0.504602 0.0218978 0.034549 0.0375455
0 0.511642 0.0220773 0.0329731 0.0379046
0 0.523782 0.0219619 0.0337042 0.0376737
0 0.53581 0.021966 0.0346355 0.0376819
0 0.542224 0.0219526 0.0343186 0.0376552
0 0.548839 0.0219195 0.0335841 0.037589
0 0.561285 0.0219358 0.0336813 0.0376217
0 0.572957 0.0220405 0.0353426 0.0378309
0 0.585176 0.0221198 0.0359045 0.0379896
0 0.604487 0.0219911 0.0347837 0.0377322
0 0.610923 0.0219595 0.0344078 0.037669
0 0.617875 0.0219394 0.0330079 0.0376287
0 0.630403 0.0219292 0.0329477 0.0376083
0 0.643308 0.021938 0.032138 0.037626
0 0.649762 0.0219119 0.031729 0.0375738
0 0.65598 0.0219155 0.0317905 0.0375809
0 0.662331 0.0219165 0.031589 0.0375829
0 0.66861 0.0219166 0.031531 0.0375832
0 0.674898 0.0219059 0.0314555 0.0375618
0 0.681112 0.0219132 0.0315258 0.0375764
0 0.687364 0.0219159 0.0315231 0.0375817
0 0.693483 0.0219342 0.0317848 0.0376185
0 0.699628 0.0219658 0.0319951 0.0376815
0 0.705939 0.0219857 0.0318742 0.0377215
0 0.724581 0.0219399 0.032089 0.0376298
0 0.730867 0.0219288 0.0320181 0.0376076
0 0.736942 0.0219347 0.0323664 0.0376195
0 0.754562 0.0222508 0.034627 0.0382515
0 0.766981 0.0231073 0.0348032 0.0399646
0 0.773354 0.0232889 0.0345522 0.0403278
0 0.786097 0.0239003 0.0340598 0.0415507
0 0.793544 0.0230077 0.0316769 0.0397655
0 0.799952 0.0223141 0.031349 0.0383783
0 0.806182 0.0222034 0.0313854 0.0381568
0 0.812454 0.0225425 0.0313426 0.0388349
0 0.818696 0.0223935 0.0313584 0.0385369
0 0.824953 0.0223612 0.031343 0.0384723
0 0.831202 0.0224001 0.0313458 0.0385502
0 0.837461 0.0223426 0.0313278 0.0384353
0 0.843592 0.0222962 0.0315666 0.0383424
0 0.849501 0.0225335 0.0322483 0.0388171
0 0.855821 0.0232473 0.0321117 0.0402446
0 0.86185 0.0224692 0.0325519 0.0386883
0 0.874114 0.0223335 0.0330231 0.0384169
0 0.880762 0.0223038 0.0322304 0.0383575
0 0.892892 0.0220346 0.032967 0.0378192
0 0.904602 0.0220883 0.0345471 0.0379266
0 0.91696 0.02203 0.0348328 0.0378099
0 0.923481 0.021926 0.0342907 0.037602
0 0.929897 0.0219052 0.0339579 0.0375604
0 0.936395 0.021901 0.0334629 0.0375519
0 0.943384 0.0218897 0.0319864 0.0375294
0 0.949824 0.0218795 0.0316034 0.037509
0 0.956161 0.0218797 0.0314297 0.0375095
0 0.962453 0.0218794 0.0313454 0.0375088
0 0.968612 0.0218799 0.0315261 0.0375099
0 0.974524 0.0218863 0.0322024 0.0375226
0 0.981163 0.021896 0.031501 0.037542
0 0.480782 0.028248 0.0324769 0.037647
0 0.499735 0.0282262 0.032437 0.0377009
0 0.517124 0.0281549 0.0345445 0.0375597
0 0.529617 0.0281394 0.0345232 0.0375288
0 0.554944 0.028138 0.0338678 0.037526
0 0.567289 0.0281612 0.0341833 0.0375725
0 0.573691 0.028139 0.0338767 0.037528
0 0.591515 0.0281523 0.0357391 0.0375545
0 0.598287 0.0281355 0.0346931 0.037521
0 0.624274 0.0281374 0.0327101 0.0375248
0 0.636979 0.0281418 0.0322954 0.0375335
0 0.712106 0.0281532 0.0320403 0.0375564
0 0.71832 0.0281471 0.0321124 0.0375441
0 0.743111 0.0281461 0.0325301 0.0375421
0 0.749138 0.0281484 0.0329795 0.0375468
0 0.761101 0.0281614 0.0340506 0.0375729
0 0.780797 0.0281325 0.0321597 0.0375151
0 0.868405 0.0281366 0.031941 0.0375233
0 0.886742 0.028159 0.032769 0.037568
0 0.899049 0.0281672 0.0331532 0.0375845
0 0.910776 0.0281491 0.0347016 0.0375481
0 0.935851 0.028145 0.0345516 0.03754
0 0.942765 0.028151 0.0332248 0.0375521
0 0.949293 0.0281363 0.0326653 0.0375227
0 0.955766 0.0281649 0.0322186 0.0375798
0 0.96811 0.02816 0.0325291 0.03757
0 0.985879 0.0281311 0.0282415 0.0375121
0 0.455465 0.0345067 0.0329023 0.0377624
0 0.461798 0.0347524 0.0329115 0.0382527
0 0.468062 0.034632 0.0330057 0.0380092
0 0.474296 0.0346036 0.0329197 0.0379549
0 0.485919 0.0345035 0.0344543 0.0377558
