0 0.0123902 0.00806805 0.0245968 0.0161361
0 0.0226359 0.0102168 0.0290702 0.0204335
0 0.0301212 0.0119104 0.0321406 0.0238209
0 0.0361312 0.0121937 0.0322138 0.0243875
0 0.0395556 0.0109676 0.0265406 0.0219352
0 0.179181 0.00831443 0.0274702 0.0166289
0 0.18496 0.00873165 0.026159 0.0174633
0 0.195231 0.0112985 0.0342906 0.0225971
0 0.2 0.00978836 0.0312463 0.0195767
0 0.20393 0.00796456 0.0266637 0.0159291
0 0.211826 0.00876974 0.0299165 0.0175395
0 0.215972 0.0112363 0.026088 0.0224727
0 0.222121 0.0120795 0.0273887 0.024159
0 0.230019 0.0134475 0.0336881 0.026895
0 0.236539 0.0133091 0.0329481 0.0266183
0 0.240152 0.0124 0.0266126 0.0248
0 0.258484 0.0128205 0.0355183 0.0256411
0 0.263596 0.013007 0.0356904 0.0260139
0 0.269315 0.0130418 0.0371028 0.0260836
0 0.327184 0.0112839 0.0355066 0.0225678
0 0.333049 0.0116574 0.0367209 0.0233148
0 0.344855 0.0121869 0.0366675 0.0243738
0 0.350018 0.0107426 0.0319436 0.0214852
0 0.353708 0.00943825 0.0284903 0.0188765
0 0.360619 0.0106747 0.0300787 0.0213493
0 0.366452 0.0123138 0.0313191 0.0246276
0 0.371904 0.012482 0.032863 0.0249641
0 0.379939 0.0128817 0.0367755 0.0257635
0 0.386359 0.0125654 0.0359132 0.0251308
0 0.391592 0.0117387 0.0354177 0.0234774
0 0.403698 0.0118592 0.0399814 0.0237183
0 0.414379 0.0117518 0.041454 0.0235037
0 0.425999 0.0113761 0.0390322 0.0227522
0 0.432664 0.0111374 0.0385618 0.0222748
0 0.440548 0.0110292 0.038748 0.0220583
0 0.447506 0.0115724 0.039669 0.0231447
0 0.457729 0.0123307 0.0384745 0.0246613
0 0.466941 0.0129119 0.0358053 0.0258238
0 0.473348 0.0126438 0.0330977 0.0252876
0 0.479206 0.0123854 0.0314926 0.0247708
0 0.485759 0.0126972 0.0324105 0.0253945
0 0.491422 0.0129446 0.0337677 0.0258892
0 0.497436 0.0128465 0.0338602 0.0256929
0 0.502999 0.0128705 0.0336185 0.0257409
0 0.509282 0.0129526 0.0355029 0.0259052
0 0.521308 0.0130841 0.0357639 0.0261681
0 0.528177 0.0129394 0.036784 0.0258787
0 0.53452 0.01292 0.0355276 0.02584
0 0.539847 0.0127856 0.0332075 0.0255712
0 0.545533 0.0125968 0.0342024 0.0251936
0 0.552032 0.0123632 0.0363199 0.0247265
0 0.558527 0.0121873 0.0357543 0.0243747
0 0.646794 0.0115466 0.0337977 0.0230931
0 0.654873 0.0120333 0.0375576 0.0240666
0 0.665609 0.0116943 0.0395997 0.0233886
0 0.672367 0.0110485 0.0321229 0.0220969
0 0.683537 0.0111911 0.0309004 0.0223821
0 0.690922 0.0117611 0.0352715 0.0235223
0 0.69712 0.0123987 0.0352611 0.0247974
0 0.704021 0.0128054 0.0343172 0.0256108
0 0.71051 0.0128095 0.0330504 0.025619
0 0.716412 0.0126071 0.0309032 0.0252142
0 0.72238 0.0127243 0.0312351 0.0254487
0 0.728857 0.0129465 0.0343993 0.0258931
0 0.739453 0.012725 0.0325142 0.02545
0 0.751565 0.012808 0.0382914 0.025616
0 0.0101316 0.0126195 0.0202633 0.025239
0 0.0154141 0.0110643 0.0272065 0.0221286
0 0.0173912 0.0124825 0.0345226 0.0249649
0 0.041753 0.0133416 0.0340956 0.0266831
0 0.0637197 0.0163985 0.0385244 0.032797
0 0.0892129 0.0124461 0.0382276 0.0248922
0 0.150697 0.0142822 0.0379694 0.0285645
0 0.156084 0.0157466 0.0410599 0.0314931
0 0.178114 0.0109988 0.0318784 0.0219975
0 0.184048 0.0110187 0.031994 0.0220373
0 0.221807 0.010997 0.0369342 0.0219941
0 0.251857 0.0146713 0.043226 0.0293426
0 0.266053 0.0129073 0.0362799 0.0258147
0 0.278633 0.0137448 0.0405851 0.0274896
0 0.293497 0.0129874 0.0375012 0.0259749
0 0.306316 0.0127467 0.0376009 0.0254935
0 0.312396 0.0130522 0.0373605 0.0261044
0 0.398295 0.0114996 0.0352224 0.0229992
0 0.41081 0.0124351 0.0365337 0.0248701
0 0.421693 0.0120266 0.0385542 0.0240533
0 0.428305 0.0118487 0.0378798 0.0236974
0 0.453864 0.0122541 0.0360644 0.0245082
0 0.517163 0.0125301 0.037569 0.0250601
0 0.566192 0.0117797 0.0365241 0.0235594
0 0.579284 0.0118288 0.0366353 0.0236577
0 0.585352 0.0116142 0.0357565 0.0232285
0 0.598076 0.011582 0.0363237 0.023164
0 0.610549 0.0116521 0.0363876 0.0233042
0 0.616927 0.0116566 0.0365327 0.0233133
0 0.629459 0.0117724 0.0361993 0.0235448
0 0.635741 0.0116091 0.0361605 0.0232181
0 0.642644 0.0113856 0.0356039 0.0227713
0 0.660294 0.01182 0.03524 0.0236399
0 0.745638 0.0132516 0.0379146 0.0265033
0 0.759875 0.0129685 0.0396578 0.025937
0 0.767479 0.0127181 0.0377867 0.0254363
0 0.774228 0.0126225 0.0378554 0.0252449
0 0.787113 0.0129781 0.0378909 0.0259561
0 0.796489 0.0133148 0.0378555 0.0266297
0 0.876377 0.0143276 0.0400928 0.0286552
0 0.939452 0.0133923 0.0404152 0.0267846
0 0.9466 0.0134633 0.0391403 0.0269265
0 0.95272 0.0124058 0.0371662 0.0248117
0 0.965493 0.0127099 0.0352607 0.0254199
0 0.972212 0.0126028 0.0362862 0.0252057
0 0.978853 0.0115627 0.0357754 0.0231255
0 0.986611 0.0153976 0.0266798 0.0307952
0 0.0148544 0.0140732 0.0297088 0.0281464
0 0.0249124 0.0147661 0.033248 0.0295323
0 0.0315063 0.0145273 0.0330054 0.0290545
0 0.0449856 0.0140988 0.0303955 0.0281976
0 0.0533327 0.015673 0.0369374 0.031346
0 0.0699739 0.0160797 0.0376717 0.0321594
0 0.175792 0.0147828 0.0336711 0.0295655
0 0.186484 0.0149683 0.034124 0.0299366
0 0.196766 0.014411 0.0372895 0.028822
0 0.205459 0.0141496 0.0328439 0.0282992
0 0.212247 0.0143433 0.0319171 0.0286866
0 0.218116 0.0142225 0.0325254 0.028445
0 0.224252 0.0142092 0.032818 0.0284185
0 0.24294 0.0141566 0.032166 0.0283131
0 0.262015 0.0153883 0.0332526 0.0307766
0 0.299933 0.0150199 0.0337546 0.0300398
0 0.319079 0.0152548 0.0348395 0.0305097
0 0.329842 0.015366 0.0357056 0.030732
0 0.346133 0.0150706 0.0372578 0.0301413
0 0.354632 0.0148854 0.0350614 0.0297709
0 0.361866 0.0150936 0.0344975 0.0301873
0 0.36851 0.0153291 0.0329734 0.0306583
0 0.393346 0.015208 0.0327057 0.0304159
0 0.399214 0.0152841 0.0334189 0.0305682
0 0.406623 0.0159008 0.0340315 0.0318015
0 0.412786 0.0160615 0.033768 0.032123
0 0.423411 0.0151856 0.0353203 0.0303712
0 0.430092 0.0153378 0.034568 0.0306755
0 0.436279 0.0149963 0.0347145 0.0299926
0 0.443547 0.0153087 0.0343086 0.0306174
0 0.450193 0.0151453 0.0337744 0.0302906
0 0.462131 0.0150928 0.0333401 0.0301856
0 0.512242 0.0148419 0.0325515 0.0296839
0 0.524579 0.0148441 0.0327559 0.0296882
0 0.530864 0.0147223 0.0328682 0.0294445
0 0.554727 0.015135 0.0350542 0.0302701
0 0.573417 0.0147355 0.0347962 0.029471
0 0.591924 0.0146232 0.0354196 0.0292464
0 0.604651 0.0148207 0.0348343 0.0296415
0 0.623559 0.0146722 0.034849 0.0293443
0 0.661291 0.0145788 0.0340649 0.0291576
0 0.673732 0.0145291 0.0343327 0.0290582
0 0.685527 0.0147569 0.0357168 0.0295138
0 0.756032 0.015311 0.0344008 0.030622
0 0.781004 0.0149391 0.0333948 0.0298782
0 0.0143112 0.0171676 0.0286223 0.0343351
0 0.0190013 0.0169814 0.0335228 0.0339627
0 0.037448 0.017319 0.0317457 0.034638
0 0.044607 0.0169448 0.0313739 0.0338896
0 0.0512995 0.0201979 0.0343233 0.0330322
0 0.0613009 0.0202663 0.0349193 0.0342256
0 0.0727696 0.0205492 0.0416104 0.0373751
0 0.153008 0.0188046 0.0369916 0.0376091
0 0.175456 0.018339 0.0345799 0.036678
0 0.200072 0.0172644 0.0314239 0.0345289
0 0.231278 0.0173891 0.0316809 0.0347782
0 0.237454 0.0173331 0.0315075 0.0346661
0 0.247988 0.0169662 0.0319402 0.0339324
0 0.257494 0.0190997 0.0356462 0.0381995
0 0.268001 0.0181 0.0335018 0.0362
0 0.28097 0.0185887 0.0351007 0.0371773
0 0.287026 0.0181161 0.0350269 0.0362322
0 0.293658 0.0177914 0.0341575 0.0355828
0 0.306507 0.0180836 0.0340917 0.0361672
0 0.324112 0.0180489 0.0352661 0.0360979
0 0.335502 0.0182951 0.0362079 0.0365901
0 0.350771 0.0179393 0.0342506 0.0358785
0 0.374647 0.0178829 0.0331736 0.0357658
0 0.380923 0.0179262 0.0330842 0.0358524
0 0.387443 0.0180078 0.0327558 0.0360157
0 0.4173 0.0183558 0.034524 0.0367115
0 0.455568 0.0177165 0.0332235 0.0354331
0 0.468871 0.0178116 0.0332867 0.0356232
0 0.474852 0.0175983 0.0328027 0.0351966
0 0.481046 0.0174918 0.0325662 0.0349837
0 0.487389 0.0174977 0.0326543 0.0349953
0 0.493336 0.0174045 0.0328991 0.0348091
0 0.499638 0.017469 0.0330599 0.034938
0 0.505597 0.0173538 0.0328987 0.0347076
0 0.517651 0.0173412 0.0337931 0.0346824
0 0.529692 0.0174691 0.0348089 0.0349383
0 0.536141 0.0175671 0.0346339 0.0351342
0 0.547696 0.0174518 0.0360227 0.0349035
0 0.559831 0.0177191 0.0367604 0.0354382
0 0.57222 0.0178521 0.0369236 0.0357042
0 0.578475 0.0183056 0.0371858 0.0366111
0 0.590931 0.0183481 0.0372952 0.0366961
0 0.597302 0.0181919 0.0369678 0.0363837
0 0.609746 0.0182234 0.0370287 0.0364468
0 0.622337 0.0182754 0.0370242 0.0365507
0 0.628857 0.0181005 0.0367077 0.036201
0 0.641597 0.0181795 0.0366852 0.036359
0 0.647866 0.0180045 0.0360326 0.036009
0 0.654715 0.0177908 0.0352991 0.0355817
0 0.666673 0.0179717 0.035947 0.0359434
0 0.673022 0.0180312 0.0356194 0.0360625
0 0.684968 0.0181638 0.0366918 0.0363276
0 0.691407 0.0180132 0.0365911 0.0360264
0 0.697788 0.0179276 0.0361238 0.0358552
0 0.704258 0.0175604 0.0357589 0.0351208
0 0.710845 0.0176013 0.0353628 0.0352026
0 0.717109 0.017523 0.034848 0.035046
0 0.729777 0.0177359 0.0353003 0.0354719
0 0.735946 0.0175822 0.034814 0.0351643
0 0.747842 0.0174751 0.0357851 0.0349502
0 0.754835 0.0181874 0.0360882 0.0363748
0 0.760928 0.0176865 0.0354178 0.0353729
0 0.767798 0.0179098 0.0351971 0.0358196
0 0.774166 0.0178779 0.0345553 0.0357557
0 0.78715 0.0176151 0.0340403 0.0352302
0 0.792784 0.017165 0.0333178 0.0343301
0 0.798682 0.0168343 0.0334293 0.0336685
0 0.848219 0.0192097 0.0360942 0.0384193
0 0.0240795 0.0227375 0.0361588 0.039224
0 0.0309063 0.0229246 0.0319475 0.0395991
0 0.0373978 0.0241153 0.0314723 0.0419768
0 0.0455843 0.0247344 0.0350549 0.0431306
0 0.0557137 0.0265175 0.0374836 0.0406957
0 0.0659244 0.0275124 0.0374372 0.0375159
0 0.0783828 0.0271551 0.0373336 0.0346491
0 0.0897212 0.0286874 0.0388838 0.0245381
0 0.126647 0.0243223 0.0354923 0.0417622
0 0.13983 0.0259501 0.0404213 0.0414231
0 0.146293 0.0250911 0.0379209 0.0403774
0 0.152414 0.0247107 0.0377723 0.0419948
0 0.168916 0.0243754 0.0388316 0.0409601
0 0.180733 0.0222232 0.0330633 0.0381825
0 0.187262 0.0222788 0.0326431 0.0383009
0 0.195324 0.0219217 0.0344654 0.0375872
0 0.206208 0.021878 0.0313462 0.0375061
0 0.212482 0.0218811 0.0313082 0.0375122
0 0.218657 0.0218938 0.0314417 0.0375376
0 0.224823 0.0219975 0.0316222 0.037745
0 0.243442 0.0219785 0.0318679 0.0377071
0 0.248982 0.0222563 0.0330949 0.0382633
0 0.255992 0.0240637 0.0337369 0.0418559
0 0.273915 0.0231624 0.0336951 0.040114
0 0.292968 0.0229514 0.0339994 0.0396354
0 0.299109 0.0231213 0.0341564 0.0399928
0 0.305437 0.0230462 0.0342384 0.0397788
0 0.316922 0.0229313 0.0360615 0.0395673
0 0.32288 0.0235281 0.0361755 0.0407645
0 0.334936 0.0236264 0.0369643 0.0409268
0 0.343507 0.0234138 0.0368964 0.040456
0 0.349946 0.0225623 0.0340177 0.0388479
0 0.361848 0.0224532 0.0334119 0.0386534
0 0.368587 0.022854 0.0327671 0.0394526
0 0.374456 0.0232328 0.0328648 0.0402114
0 0.380339 0.0231289 0.0334193 0.040006
0 0.386923 0.0233745 0.0331591 0.0404956
0 0.393099 0.0234951 0.0330226 0.0407342
0 0.399125 0.0236756 0.033421 0.0410931
0 0.405597 0.0239652 0.033367 0.0416707
0 0.41204 0.0237072 0.0330398 0.0411553
0 0.422979 0.0237929 0.03556 0.0413061
0 0.429874 0.0243962 0.0356596 0.0423833
0 0.443319 0.0237508 0.0348209 0.0411073
0 0.449716 0.0229275 0.0330647 0.0395714
0 0.461684 0.0229017 0.0334515 0.039546
0 0.468281 0.0226448 0.033238 0.0390201
0 0.480642 0.022297 0.0326622 0.0383429
0 0.486936 0.0222424 0.0326212 0.0382339
0 0.498892 0.0224923 0.0336929 0.0387328
0 0.510546 0.0229433 0.0353169 0.0396341
0 0.522273 0.0234537 0.0368153 0.0406535
0 0.534695 0.0237394 0.0370385 0.041223
0 0.546947 0.0238473 0.0374165 0.0414287
0 0.553188 0.0245228 0.0375768 0.0427678
0 0.565452 0.0244533 0.0374086 0.042591
0 0.578023 0.0247431 0.0374541 0.0430458
0 0.590416 0.0246821 0.0374121 0.0429651
0 0.602904 0.0247617 0.0374492 0.0430448
0 0.615279 0.0245997 0.0372372 0.0427963
0 0.628072 0.0244406 0.037446 0.0423709
0 0.6408 0.0242585 0.0374201 0.0421729
0 0.653536 0.0239274 0.0372667 0.0415667
0 0.665918 0.023882 0.0371515 0.0414967
0 0.678228 0.0239502 0.0372343 0.0415738
0 0.690757 0.0241917 0.0374271 0.0420719
0 0.703264 0.0237159 0.037333 0.0411741
0 0.715852 0.0235596 0.0371181 0.0408643
0 0.72838 0.0236833 0.0372893 0.0411104
0 0.734664 0.0233182 0.0370671 0.0403791
0 0.747168 0.0228695 0.0370283 0.039472
0 0.753904 0.0236623 0.0371577 0.041002
0 0.759983 0.0229994 0.0366665 0.0396807
0 0.766736 0.0230355 0.0359512 0.0397905
