0 0.0078125 0.0109372 0.015625 0.0218744
0 0.0124999 0.0078125 0.0187499 0.015625
0 0.0187456 0.0109584 0.0312412 0.0219169
0 0.0246261 0.0109254 0.0305022 0.0218507
0 0.0349713 0.0133397 0.0261926 0.0266794
0 0.0407265 0.0140292 0.0252029 0.0280585
0 0.0471805 0.014051 0.0256112 0.028102
0 0.0541352 0.0140577 0.0270213 0.0281153
0 0.0597721 0.0140572 0.0257947 0.0281144
0 0.0677913 0.0140579 0.0293328 0.0281158
0 0.073679 0.014055 0.0286081 0.02811
0 0.0848939 0.014045 0.0260378 0.02809
0 0.0908426 0.0140522 0.0254353 0.0281045
0 0.097281 0.0140545 0.0258121 0.028109
0 0.104649 0.0140551 0.0280475 0.0281102
0 0.110209 0.0140421 0.0266674 0.0280842
0 0.115717 0.0140057 0.025183 0.0280113
0 0.122097 0.0140113 0.0254431 0.0280226
0 0.128313 0.0140519 0.0253757 0.0281039
0 0.134588 0.0140584 0.0254266 0.0281168
0 0.14375 0.0140575 0.0312501 0.0281149
0 0.15 0.0133838 0.0312497 0.0267676
0 0.15317 0.011202 0.0250898 0.0224041
0 0.162095 0.0128999 0.0304399 0.0257998
0 0.172146 0.0140532 0.0255411 0.0281065
0 0.180659 0.0140619 0.0300693 0.0281238
0 0.192116 0.0140612 0.0279812 0.0281225
0 0.198688 0.0140603 0.0286265 0.0281207
0 0.210005 0.0140592 0.0262592 0.0281184
0 0.216931 0.0140612 0.0276113 0.0281223
0 0.222764 0.0140594 0.0267778 0.0281188
0 0.228434 0.0140567 0.0256183 0.0281133
0 0.235318 0.0140579 0.026885 0.0281159
0 0.240634 0.0140574 0.0250174 0.0281149
0 0.246924 0.0140567 0.0250991 0.0281134
0 0.254533 0.01406 0.0278229 0.02812
0 0.260001 0.0140612 0.0262584 0.0281224
0 0.266522 0.0140618 0.026798 0.0281235
0 0.272517 0.0140619 0.0262865 0.0281238
0 0.27866 0.0140615 0.0260705 0.0281231
0 0.284582 0.014061 0.0254136 0.028122
0 0.291493 0.0140607 0.0267369 0.0281215
0 0.297728 0.014058 0.0267062 0.028116
0 0.303168 0.0140555 0.0250865 0.028111
0 0.309808 0.0140601 0.0258661 0.0281203
0 0.315715 0.0140612 0.0251799 0.0281223
0 0.321979 0.0140606 0.0252079 0.0281212
0 0.328619 0.0140601 0.0259878 0.0281201
0 0.334618 0.0140589 0.0254869 0.0281177
0 0.340667 0.0140589 0.0250835 0.0281177
0 0.347005 0.0140596 0.0252616 0.0281191
0 0.35433 0.0140606 0.0274243 0.0281212
0 0.359907 0.0140608 0.0260724 0.0281217
0 0.367794 0.0140607 0.0293586 0.0281214
0 0.373531 0.0140618 0.0283177 0.0281236
0 0.379137 0.0140617 0.0270245 0.0281234
0 0.385287 0.0140614 0.026824 0.0281227
0 0.391059 0.0140614 0.0258683 0.0281228
0 0.397802 0.0140618 0.0268588 0.0281236
0 0.40448 0.0140617 0.027713 0.0281234
0 0.411041 0.0140601 0.0283321 0.0281201
0 0.421883 0.0140386 0.025018 0.0280772
0 0.430266 0.0140567 0.0293866 0.0281134
0 0.440685 0.0140536 0.0251203 0.0281071
0 0.446982 0.0140503 0.0252154 0.0281005
0 0.453513 0.0140507 0.0257797 0.0281014
0 0.459683 0.0140519 0.0256205 0.0281038
0 0.466967 0.0140545 0.0276892 0.028109
0 0.472725 0.0140563 0.026701 0.0281126
0 0.478557 0.0140506 0.0258633 0.0281013
0 0.485384 0.014028 0.0270174 0.0280559
0 0.490628 0.0138757 0.0250065 0.0277514
0 0.496891 0.0139284 0.0250362 0.0278568
0 0.505793 0.0140481 0.0304054 0.0280962
0 0.516181 0.0140136 0.0261123 0.0280272
0 0.522797 0.013999 0.0268461 0.0279981
0 0.5287 0.013985 0.0261505 0.02797
0 0.534965 0.0139258 0.0261797 0.0278515
0 0.540797 0.0139452 0.0253437 0.0278903
0 0.547327 0.0139888 0.0259082 0.0279777
0 0.554291 0.014038 0.0273594 0.028076
0 0.560346 0.0140431 0.0269898 0.0280862
0 0.567518 0.0140467 0.0288141 0.0280933
0 0.573078 0.0140331 0.0274137 0.0280661
0 0.578719 0.0140063 0.026192 0.0280127
0 0.585228 0.0140215 0.0267111 0.028043
0 0.590645 0.0140218 0.0250412 0.0280437
0 0.597025 0.0139812 0.025302 0.0279624
0 0.603239 0.0137028 0.0252312 0.0274056
0 0.609437 0.0134656 0.0251265 0.0269313
0 0.615708 0.013633 0.0251663 0.0272661
0 0.621984 0.0136622 0.0252193 0.0273245
0 0.628457 0.0138018 0.0256661 0.0276035
0 0.634757 0.0138182 0.0257705 0.0276364
0 0.640914 0.0139385 0.0255858 0.027877
0 0.64698 0.0140028 0.0252386 0.0280057
0 0.654714 0.0140372 0.0284067 0.0280744
0 0.660515 0.0140212 0.027437 0.0280424
0 0.66592 0.0140127 0.0256599 0.0280253
0 0.672123 0.0140305 0.0259321 0.0280609
0 0.680253 0.0140214 0.031231 0.0280429
0 0.686427 0.0139966 0.0294285 0.0279932
0 0.690631 0.0138518 0.0250553 0.0277036
0 0.696833 0.0135775 0.0252159 0.0271549
0 0.704218 0.0137793 0.0308437 0.0275587
0 0.709451 0.0138678 0.0284852 0.0277356
0 0.717173 0.0138952 0.0317322 0.0277904
0 0.724162 0.013973 0.0300226 0.0279459
0 0.728921 0.0138545 0.0266499 0.027709
0 0.736196 0.0136594 0.0286695 0.0273187
0 0.740879 0.0135179 0.0255671 0.0270358
0 0.747422 0.0134592 0.0270505 0.0269184
0 0.754531 0.0138093 0.0315735 0.0276185
0 0.760103 0.0137927 0.0295418 0.0275853
0 0.765668 0.0138059 0.0261989 0.0276118
0 0.771431 0.0136084 0.0275015 0.0272168
0 0.778521 0.0135877 0.0308052 0.0271754
0 0.784805 0.0135327 0.0285104 0.0270654
0 0.790762 0.0133729 0.0256 0.0267457
0 0.797194 0.0126736 0.0260415 0.0253471
0 0.80323 0.0111516 0.0259693 0.0223031
0 0.809478 0.0110243 0.0257539 0.0220487
0 0.815633 0.0103288 0.0251572 0.0206576
0 0.821857 0.0106559 0.0251701 0.0213118
0 0.828042 0.0109218 0.0254883 0.0218435
0 0.834312 0.0106261 0.025634 0.0212522
0 0.840615 0.0105949 0.0254706 0.0211897
0 0.846836 0.00971481 0.0251824 0.0194296
0 0.853275 0.011166 0.0257969 0.022332
0 0.859847 0.0112391 0.0270126 0.0224782
0 0.865803 0.0109998 0.0256875 0.0219996
0 0.871966 0.0109623 0.0253601 0.0219246
0 0.878511 0.0122078 0.0261974 0.0244155
0 0.884865 0.0125719 0.0265698 0.0251438
0 0.891276 0.0127971 0.0270694 0.0255942
0 0.897439 0.0132149 0.027288 0.0264298
0 0.904374 0.0133558 0.0280383 0.0267116
0 0.910088 0.0129073 0.026638 0.0258146
0 0.918753 0.0129126 0.0313118 0.0258251
0 0.92442 0.0110223 0.0301117 0.0220447
0 0.935712 0.0125566 0.0277624 0.0251131
0 0.941097 0.0134475 0.0261933 0.026895
0 0.947881 0.0129903 0.0272541 0.0259806
0 0.95351 0.0116167 0.0259047 0.0232334
0 0.959633 0.0110276 0.0255673 0.0220553
0 0.965986 0.0106465 0.0257736 0.021293
0 0.972196 0.010755 0.0256737 0.0215099
0 0.978225 0.0103695 0.0252255 0.0207389
0 0.984644 0.0109373 0.0257221 0.0218746
0 0.98909 0.0140595 0.0218199 0.0281189
0 0.976562 0.0478961 0.046875 0.0957922
0 0.0349995 0.0109375 0.036251 0.021875
0 0.0468816 0.0109375 0.0374869 0.021875
0 0.0593782 0.0109375 0.0374936 0.021875
0 0.0720412 0.0109375 0.0371676 0.021875
0 0.08452 0.0109375 0.0372099 0.021875
0 0.0968974 0.0109375 0.0374553 0.021875
0 0.109421 0.0109375 0.0374082 0.021875
0 0.121883 0.0109375 0.0374837 0.021875
0 0.134375 0.0109375 0.0374997 0.021875
0 0.171903 0.0109375 0.0374445 0.021875
0 0.184385 0.0109375 0.0374802 0.021875
0 0.197265 0.0109375 0.0367195 0.021875
0 0.209444 0.0109375 0.037362 0.021875
0 0.222031 0.0109375 0.0371888 0.021875
0 0.234575 0.0109375 0.0371001 0.021875
0 0.246876 0.0109375 0.0374978 0.021875
0 0.259375 0.0109375 0.0374998 0.021875
0 0.271876 0.0109375 0.037498 0.021875
0 0.284377 0.0109375 0.0374961 0.021875
0 0.296889 0.0109375 0.0374722 0.021875
0 0.309377 0.0109375 0.0374962 0.021875
0 0.321875 0.0109375 0.0374998 0.021875
0 0.334375 0.0109375 0.0374998 0.021875
0 0.346875 0.0109375 0.0374999 0.021875
0 0.359375 0.0109375 0.0374999 0.021875
0 0.371882 0.0109375 0.0374869 0.021875
0 0.384426 0.0109375 0.0373987 0.021875
0 0.396915 0.0109375 0.0374209 0.021875
0 0.409478 0.0109375 0.0372932 0.021875
0 0.421875 0.0109375 0.0374994 0.021875
0 0.434375 0.0109375 0.0375 0.0218751
0 0.446875 0.0109375 0.0374996 0.0218751
0 0.459375 0.0109376 0.0374997 0.0218751
0 0.471878 0.0109375 0.0374947 0.0218751
0 0.484564 0.0109375 0.0371222 0.021875
0 0.496874 0.0109375 0.0374994 0.021875
0 0.509375 0.0109376 0.037499 0.0218752
0 0.522013 0.0109376 0.0372231 0.0218753
0 0.534681 0.0109376 0.0368887 0.0218752
0 0.546954 0.0109377 0.0373424 0.0218754
0 0.55944 0.0109382 0.0373707 0.0218765
0 0.566118 0.0109382 0.0365154 0.0218764
0 0.578611 0.0109376 0.036527 0.0218753
0 0.59063 0.0109375 0.0374888 0.0218751
0 0.603127 0.0109382 0.0374962 0.0218763
0 0.615625 0.0109376 0.0374998 0.0218751
0 0.628125 0.0109376 0.0374996 0.0218752
0 0.640626 0.0109376 0.0374973 0.0218752
0 0.653131 0.0109382 0.0374939 0.0218764
0 0.659381 0.0109378 0.0374905 0.0218756
0 0.671908 0.0109385 0.0374344 0.0218769
0 0.678263 0.0109443 0.037232 0.0218886
0 0.684501 0.0109387 0.0372522 0.0218775
0 0.696569 0.0109387 0.0370454 0.0218774
0 0.703098 0.0111342 0.037559 0.0222684
0 0.715778 0.0109658 0.0372219 0.0219315
0 0.722191 0.0109524 0.0369003 0.0219047
0 0.728582 0.0109441 0.0365936 0.0218882
0 0.740773 0.0109532 0.0371947 0.0219064
0 0.753906 0.010998 0.0359673 0.0219961
0 0.76593 0.010954 0.0367722 0.0219081
0 0.778359 0.0112043 0.0370542 0.0224087
0 0.790535 0.0109733 0.0372782 0.0219466
0 0.803119 0.0109604 0.0374823 0.0219208
0 0.815523 0.0109408 0.0373178 0.0218816
0 0.828053 0.0109578 0.0375816 0.0219157
0 0.840554 0.0109477 0.0375299 0.0218954
0 0.853086 0.0109857 0.037508 0.0219715
0 0.865547 0.010964 0.0373234 0.0219281
0 0.878111 0.0110367 0.0375099 0.0220734
0 0.890679 0.0110694 0.0373617 0.0221388
0 0.903361 0.0110678 0.0370868 0.0221355
0 0.940924 0.010981 0.0368795 0.021962
0 0.953441 0.0109442 0.0368465 0.0218884
0 0.965652 0.0109398 0.0374413 0.0218796
0 0.97813 0.0109385 0.0374557 0.021877
0 0.986017 0.0171709 0.0279655 0.0343419
0 0.989024 0.0111287 0.0216698 0.0222575
0 0.0109375 0.0140626 0.021875 0.0281251
0 0.01875 0.0140625 0.03125 0.028125
0 0.025 0.0140625 0.03125 0.028125
0 0.03125 0.0140625 0.0312501 0.028125
0 0.0375 0.0140625 0.03125 0.028125
0 0.04375 0.0140625 0.03125 0.028125
0 0.05 0.0140625 0.03125 0.028125
0 0.0625 0.0140626 0.03125 0.0281251
0 0.08125 0.0140625 0.03125 0.028125
0 0.0875 0.0140625 0.03125 0.028125
0 0.09375 0.0140625 0.03125 0.028125
0 0.1 0.0140625 0.03125 0.028125
0 0.11875 0.0140625 0.03125 0.0281251
0 0.125 0.0140626 0.03125 0.0281252
0 0.13125 0.0140628 0.0312501 0.0281256
0 0.1375 0.0140642 0.0312501 0.0281284
0 0.15625 0.0140625 0.03125 0.028125
0 0.16875 0.0140625 0.03125 0.028125
0 0.175 0.0140625 0.03125 0.028125
0 0.1875 0.0140625 0.03125 0.028125
0 0.20625 0.0140625 0.03125 0.028125
0 0.23125 0.0140625 0.03125 0.028125
0 0.24375 0.0140625 0.03125 0.028125
0 0.25 0.0140625 0.03125 0.028125
0 0.28125 0.0140625 0.03125 0.028125
0 0.2875 0.0140625 0.03125 0.028125
0 0.30625 0.0140625 0.03125 0.028125
0 0.3125 0.0140625 0.03125 0.028125
0 0.31875 0.0140625 0.03125 0.028125
0 0.325 0.0140625 0.03125 0.028125
0 0.33125 0.0140625 0.03125 0.028125
0 0.3375 0.0140625 0.03125 0.028125
0 0.34375 0.0140625 0.03125 0.028125
0 0.35 0.0140625 0.03125 0.028125
0 0.39375 0.0140625 0.03125 0.0281251
0 0.41875 0.0140625 0.03125 0.028125
0 0.425 0.0140626 0.0312502 0.0281251
0 0.4375 0.0140629 0.0312502 0.0281257
0 0.44375 0.0140629 0.031251 0.0281259
0 0.45 0.0140635 0.0312504 0.0281271
0 0.45625 0.0140634 0.0312502 0.0281269
0 0.4625 0.0140629 0.0312503 0.0281259
0 0.48125 0.0140625 0.03125 0.0281251
0 0.49375 0.0140625 0.0312504 0.028125
0 0.499999 0.0140626 0.0312519 0.0281252
0 0.5125 0.0140634 0.0312502 0.0281267
0 0.51875 0.014063 0.03125 0.028126
0 0.53125 0.0140628 0.03125 0.0281256
0 0.5375 0.0140628 0.03125 0.0281255
0 0.54375 0.0140627 0.0312501 0.0281254
0 0.55 0.0140629 0.0312501 0.0281258
0 0.58125 0.0140625 0.03125 0.0281251
0 0.59375 0.0140625 0.0312505 0.028125
0 0.6 0.0140629 0.0312503 0.0281258
0 0.606249 0.0140625 0.0312521 0.028125
0 0.612465 0.0140625 0.0313208 0.028125
0 0.624469 0.0140625 0.0323124 0.028125
0 0.631202 0.0140625 0.0313471 0.028125
0 0.637488 0.0140625 0.0312739 0.028125
0 0.643744 0.0140625 0.0312616 0.028125
0 0.649959 0.0140625 0.0313325 0.028125
0 0.69374 0.0140634 0.0312691 0.0281269
0 0.731245 0.0140804 0.0312604 0.0281609
0 0.743745 0.0140682 0.0312593 0.0281364
0 0.749993 0.014071 0.0312635 0.0281419
0 0.793462 0.0141053 0.0318257 0.0282107
0 0.799524 0.0141347 0.0322039 0.0282693
0 0.809652 0.0140687 0.0369453 0.0281373
0 0.821883 0.0140798 0.0374847 0.0281596
0 0.834384 0.0140837 0.0374817 0.0281674
0 0.846893 0.0140957 0.0374638 0.0281914
