0 0.00781253 0.0109349 0.0156251 0.0218698
0 0.0124997 0.0078125 0.0187504 0.015625
0 0.018675 0.0110384 0.0311 0.0220768
0 0.0281915 0.011417 0.0251331 0.022834
0 0.0348638 0.0137842 0.0259782 0.0275683
0 0.0437495 0.0140009 0.0312493 0.0280018
0 0.0499301 0.0113153 0.0311102 0.0226307
0 0.0611286 0.0138209 0.0285073 0.0276418
0 0.0686514 0.0140561 0.0310557 0.0281122
0 0.0748341 0.0140528 0.0309185 0.0281056
0 0.0856967 0.014041 0.0276434 0.028082
0 0.0935 0.0140561 0.0307503 0.0281121
0 0.0997187 0.0140547 0.0306876 0.0281094
0 0.111237 0.0140576 0.0287247 0.0281153
0 0.118683 0.0140606 0.0311168 0.0281213
0 0.124874 0.0140582 0.0309986 0.0281165
0 0.13019 0.0140407 0.0291293 0.0280814
0 0.136918 0.0140512 0.0300856 0.0281025
0 0.143555 0.0140585 0.0308606 0.0281171
0 0.149732 0.0140583 0.0307144 0.0281167
0 0.156058 0.0140582 0.0308663 0.0281163
0 0.16242 0.0140582 0.0310907 0.0281163
0 0.17242 0.0140559 0.0260962 0.0281118
0 0.179135 0.0140599 0.0270853 0.0281199
0 0.184698 0.0140618 0.0257905 0.0281235
0 0.193745 0.0140603 0.031262 0.0281205
0 0.2 0.0140025 0.03125 0.028005
0 0.204386 0.0125965 0.027522 0.0251931
0 0.212479 0.0138873 0.031208 0.0277745
0 0.218571 0.0140548 0.0308928 0.0281096
0 0.224914 0.0140598 0.031078 0.0281196
0 0.230967 0.0140619 0.0306844 0.0281238
0 0.237053 0.0140622 0.0303572 0.0281244
0 0.243739 0.0140624 0.0312291 0.0281248
0 0.24997 0.0140624 0.0311901 0.0281247
0 0.256044 0.014062 0.0308376 0.028124
0 0.262426 0.0140622 0.031103 0.0281244
0 0.273599 0.0140624 0.0284497 0.0281247
0 0.281114 0.0140625 0.0309815 0.028125
0 0.287228 0.0140625 0.0307083 0.028125
0 0.298152 0.0140624 0.027627 0.0281249
0 0.306014 0.0140625 0.0308784 0.028125
0 0.312118 0.0140625 0.0305315 0.028125
0 0.317347 0.0140624 0.0284594 0.0281249
0 0.323826 0.0140624 0.0289408 0.0281248
0 0.330358 0.0140624 0.0294883 0.0281249
0 0.336001 0.0140624 0.0282729 0.0281249
0 0.343695 0.0140624 0.0311467 0.0281249
0 0.349835 0.0140624 0.0309199 0.0281248
0 0.361644 0.0140624 0.0295389 0.0281247
0 0.366989 0.0140624 0.02773 0.0281249
0 0.373471 0.0140624 0.0281997 0.0281249
0 0.380421 0.0140625 0.0296235 0.0281249
0 0.386773 0.0140625 0.0298766 0.028125
0 0.391931 0.0140625 0.0276451 0.028125
0 0.398284 0.0140625 0.0278774 0.0281249
0 0.405649 0.0140625 0.0301945 0.0281249
0 0.411497 0.0140624 0.0293508 0.0281249
0 0.415659 0.0140624 0.0250782 0.0281248
0 0.421959 0.0140621 0.0253946 0.0281242
0 0.430149 0.0140622 0.0311386 0.0281244
0 0.441486 0.0140619 0.0267355 0.0281238
0 0.447413 0.0140607 0.0260791 0.0281214
0 0.453391 0.0140609 0.0255375 0.0281218
0 0.460482 0.014062 0.0272454 0.0281241
0 0.468544 0.0140619 0.0311827 0.0281237
0 0.47459 0.0140623 0.0304356 0.0281245
0 0.47867 0.014062 0.0260912 0.028124
0 0.485818 0.0140623 0.0278893 0.0281247
0 0.491279 0.0140623 0.0263241 0.0281245
0 0.497731 0.0140624 0.0267967 0.0281247
0 0.505652 0.0140624 0.0302629 0.0281249
0 0.517382 0.0140624 0.0285496 0.0281248
0 0.523544 0.0140624 0.0283888 0.0281248
0 0.530341 0.0140624 0.0295143 0.0281248
0 0.536369 0.0140623 0.0290275 0.0281247
0 0.54064 0.0140621 0.0250349 0.0281242
0 0.546957 0.0140614 0.0253263 0.0281229
0 0.555193 0.0140619 0.0316254 0.0281239
0 0.568206 0.0140622 0.0313115 0.0281243
0 0.574829 0.0140624 0.0310608 0.0281248
0 0.580161 0.0140622 0.0290804 0.0281244
0 0.585495 0.0140619 0.0272406 0.0281239
0 0.593713 0.0140619 0.0311754 0.0281238
0 0.599907 0.0140615 0.0310645 0.028123
0 0.612268 0.0140611 0.0307864 0.0281222
0 0.617594 0.0140617 0.0289392 0.0281233
0 0.623737 0.014062 0.028729 0.028124
0 0.630742 0.0140623 0.0302388 0.0281246
0 0.636818 0.0140622 0.0298933 0.0281245
0 0.641876 0.014062 0.0275095 0.0281241
0 0.648513 0.0140621 0.0282957 0.0281242
0 0.655369 0.0140623 0.0295029 0.0281246
0 0.660984 0.0140623 0.0282303 0.0281246
0 0.668479 0.0140623 0.0307114 0.0281245
0 0.674504 0.014062 0.0302594 0.028124
0 0.680117 0.0140607 0.0289854 0.0281214
0 0.686838 0.0140605 0.0299264 0.028121
0 0.697792 0.0140602 0.0268644 0.0281205
0 0.704886 0.0140617 0.0286393 0.0281235
0 0.710307 0.0140619 0.0268965 0.0281238
0 0.717746 0.0140618 0.029251 0.0281237
0 0.722486 0.0140579 0.0262253 0.0281159
0 0.728219 0.0140562 0.0251915 0.0281124
0 0.735051 0.0140615 0.0263708 0.028123
0 0.743745 0.014057 0.0312592 0.028114
0 0.75 0.013918 0.0312495 0.027836
0 0.762329 0.0140591 0.030909 0.0281182
0 0.768013 0.0140625 0.0298012 0.028125
0 0.774217 0.0140625 0.0297073 0.028125
0 0.780757 0.0140625 0.0303303 0.028125
0 0.786906 0.0140625 0.0301573 0.028125
0 0.797745 0.0140625 0.0276572 0.028125
0 0.804979 0.0140625 0.0323915 0.028125
0 0.811193 0.0140625 0.0309339 0.028125
0 0.816441 0.0140625 0.026849 0.028125
0 0.822331 0.0140625 0.0262661 0.028125
0 0.830276 0.0140625 0.0299034 0.0281249
0 0.835526 0.0140625 0.0274944 0.0281249
0 0.840885 0.0140624 0.0255354 0.0281248
0 0.847282 0.0140622 0.0258334 0.0281245
0 0.853581 0.0140619 0.0259216 0.0281237
0 0.86002 0.0140615 0.0263011 0.0281231
0 0.865645 0.0140615 0.0250401 0.0281231
0 0.871911 0.0140611 0.0250801 0.0281221
0 0.879909 0.0140612 0.0287113 0.0281224
0 0.885101 0.0140612 0.0265265 0.0281224
0 0.89109 0.0140615 0.0259598 0.028123
0 0.897129 0.0140622 0.0255389 0.0281244
0 0.905279 0.0140623 0.0296463 0.0281245
0 0.910587 0.0140624 0.0277073 0.0281248
0 0.917932 0.0140623 0.0326218 0.0281245
0 0.92486 0.0140624 0.0311875 0.0281249
0 0.937001 0.0140624 0.0303578 0.0281248
0 0.948382 0.0140624 0.0282491 0.0281249
0 0.955931 0.0140624 0.0308075 0.0281248
0 0.962321 0.0140622 0.0309461 0.0281243
0 0.965625 0.0140587 0.0250034 0.0281173
0 0.971853 0.0140457 0.0250572 0.0280913
0 0.980339 0.0140336 0.0330448 0.0280672
0 0.985924 0.0140375 0.0281517 0.0280749
0 0.976576 0.0140625 0.0468487 0.028125
0 0.976562 0.0478771 0.046875 0.0957542
0 0.0281283 0.0109375 0.0374933 0.021875
0 0.0600107 0.0109375 0.0362286 0.021875
0 0.0785244 0.0109375 0.0367012 0.021875
0 0.0858618 0.0109375 0.0345263 0.021875
0 0.10394 0.0109375 0.0358697 0.021875
0 0.110373 0.0109375 0.0355031 0.021875
0 0.128936 0.0109375 0.0358773 0.021875
0 0.165733 0.0109375 0.037285 0.021875
0 0.178128 0.0109375 0.0374939 0.021875
0 0.267113 0.0109375 0.0345245 0.021875
0 0.273246 0.0109375 0.0347579 0.021875
0 0.279739 0.0109375 0.0342715 0.021875
0 0.290886 0.0109375 0.0369782 0.021875
0 0.303453 0.0109375 0.0368444 0.021875
0 0.315788 0.0109375 0.0371735 0.021875
0 0.328255 0.0109375 0.0372409 0.021875
0 0.342036 0.0109375 0.0346771 0.021875
0 0.354682 0.0109375 0.0343861 0.021875
0 0.366273 0.0109375 0.0362039 0.021875
0 0.378845 0.0109375 0.03606 0.021875
0 0.390904 0.0109375 0.0369421 0.021875
0 0.403568 0.0109375 0.0366141 0.021875
0 0.415636 0.0109375 0.0374786 0.021875
0 0.428133 0.0109376 0.0374843 0.0218751
0 0.440627 0.0109375 0.0374967 0.021875
0 0.453126 0.0109375 0.037499 0.021875
0 0.465627 0.0109375 0.0374968 0.021875
0 0.478137 0.0109375 0.0374754 0.021875
0 0.49063 0.0109375 0.0374897 0.021875
0 0.503135 0.0109375 0.0374794 0.021875
0 0.515711 0.0109375 0.0373289 0.021875
0 0.528248 0.0109375 0.0372542 0.021875
0 0.54063 0.0109375 0.0374891 0.021875
0 0.553128 0.0109376 0.0374931 0.0218752
0 0.56565 0.0109375 0.037451 0.021875
0 0.578246 0.0109375 0.037258 0.021875
0 0.584845 0.0109375 0.0365605 0.021875
0 0.604917 0.0109375 0.0339157 0.021875
0 0.616647 0.0109375 0.0354567 0.021875
0 0.628972 0.0109375 0.0358064 0.021875
0 0.641016 0.0109375 0.0367188 0.021875
0 0.653543 0.0109375 0.036664 0.021875
0 0.679627 0.0109375 0.0344958 0.021875
0 0.690665 0.0109375 0.0374193 0.021875
0 0.703142 0.0109375 0.0374666 0.0218751
0 0.715639 0.0109375 0.0374711 0.021875
0 0.728125 0.0109375 0.0374994 0.021875
0 0.741671 0.0109375 0.0354083 0.021875
0 0.755237 0.0109375 0.0332751 0.021875
0 0.766278 0.0109375 0.0361949 0.021875
0 0.772689 0.0109375 0.0358725 0.021875
0 0.784974 0.0109375 0.0363016 0.021875
0 0.7969 0.0109375 0.03745 0.021875
0 0.809379 0.0109375 0.0374916 0.021875
0 0.821877 0.0109375 0.0374961 0.021875
0 0.834376 0.0109375 0.0374989 0.021875
0 0.846875 0.0109375 0.0374996 0.021875
0 0.859375 0.0109375 0.0375 0.021875
0 0.871875 0.0109375 0.0375 0.021875
0 0.884375 0.0109375 0.0375 0.021875
0 0.896875 0.0109375 0.0375 0.021875
0 0.909375 0.0109375 0.0374996 0.021875
0 0.922097 0.0109375 0.0370552 0.021875
0 0.935322 0.0109375 0.0356054 0.021875
0 0.947014 0.0109375 0.0372219 0.021875
0 0.953676 0.0109375 0.0363976 0.021875
0 0.965626 0.0109375 0.0374985 0.021875
0 0.978157 0.010946 0.0374351 0.021892
0 0.988834 0.0109389 0.0214195 0.0218778
0 0.0109375 0.0140632 0.021875 0.0281264
0 0.01875 0.0140654 0.03125 0.0281308
0 0.0249976 0.0140628 0.0312548 0.0281256
0 0.0312478 0.0140625 0.0312544 0.0281251
0 0.0374997 0.0140629 0.0312506 0.0281258
0 0.05 0.0140625 0.03125 0.028125
0 0.05625 0.0140625 0.03125 0.028125
0 0.08125 0.0140625 0.03125 0.028125
0 0.10625 0.0140626 0.03125 0.0281252
0 0.16875 0.014063 0.03125 0.028126
0 0.20625 0.0140625 0.03125 0.028125
0 0.26875 0.0140625 0.03125 0.0281251
0 0.29375 0.0140626 0.03125 0.0281252
0 0.35625 0.0140625 0.03125 0.028125
0 0.5125 0.0140625 0.03125 0.028125
0 0.5625 0.0140633 0.03125 0.0281265
0 0.60625 0.0140626 0.03125 0.0281252
0 0.69375 0.0140625 0.03125 0.028125
0 0.725 0.0140625 0.03125 0.028125
0 0.75625 0.0140625 0.03125 0.028125
0 0.79375 0.0140625 0.03125 0.028125
0 0.86875 0.0140625 0.03125 0.028125
0 0.875 0.0140625 0.03125 0.028125
0 0.93125 0.0140626 0.03125 0.0281252
0 0.94375 0.0140626 0.03125 0.0281252
0 0.96875 0.0140625 0.03125 0.028125
0 0.975 0.0140625 0.03125 0.028125
0 0.0140625 0.0171882 0.0281251 0.0343763
0 0.175 0.0171876 0.0312501 0.0343751
0 0.181249 0.0171886 0.0312513 0.0343772
0 0.187491 0.0171936 0.0312684 0.0343872
0 0.3 0.0171875 0.03125 0.034375
0 0.30625 0.0171875 0.03125 0.0343751
0 0.3125 0.0171875 0.03125 0.034375
0 0.31875 0.0171875 0.03125 0.034375
0 0.325 0.0171875 0.03125 0.034375
0 0.33125 0.0171875 0.03125 0.034375
0 0.3375 0.0171875 0.03125 0.034375
0 0.375 0.0171875 0.03125 0.034375
0 0.38125 0.0171875 0.03125 0.034375
0 0.3875 0.0171875 0.03125 0.034375
0 0.39375 0.0171875 0.03125 0.034375
0 0.4 0.0171875 0.03125 0.034375
0 0.40625 0.0171875 0.03125 0.034375
0 0.4125 0.0171875 0.03125 0.034375
0 0.41875 0.0171875 0.03125 0.034375
0 0.425 0.0171875 0.03125 0.034375
0 0.43125 0.0171875 0.0312502 0.034375
0 0.4375 0.0171875 0.0312507 0.034375
0 0.44375 0.0171875 0.0312504 0.034375
0 0.45 0.0171875 0.0312502 0.034375
0 0.45625 0.0171875 0.0312502 0.034375
0 0.4625 0.0171875 0.0312506 0.034375
0 0.46875 0.0171875 0.03125 0.034375
0 0.48125 0.0171875 0.03125 0.034375
0 0.49375 0.0171875 0.03125 0.034375
0 0.5 0.0171875 0.03125 0.034375
0 0.50625 0.0171875 0.03125 0.034375
0 0.51875 0.0171875 0.03125 0.034375
0 0.525 0.0171875 0.03125 0.034375
0 0.53125 0.0171875 0.03125 0.034375
0 0.5375 0.0171875 0.03125 0.034375
0 0.54375 0.0171875 0.03125 0.034375
0 0.55 0.0171875 0.0312502 0.034375
0 0.55625 0.0171875 0.0312504 0.034375
0 0.56875 0.0171875 0.0312502 0.034375
0 0.575 0.0171875 0.0312501 0.034375
0 0.65 0.0171875 0.03125 0.034375
0 0.6625 0.0171875 0.03125 0.034375
0 0.7 0.0171875 0.03125 0.034375
0 0.70625 0.0171875 0.03125 0.034375
0 0.7125 0.0171875 0.03125 0.034375
0 0.73125 0.0171875 0.0312507 0.034375
0 0.737493 0.0171875 0.0312647 0.034375
0 0.76875 0.0171875 0.03125 0.034375
0 0.775 0.0171875 0.03125 0.034375
0 0.78125 0.0171875 0.03125 0.034375
0 0.7875 0.0171875 0.03125 0.034375
0 0.8 0.0171875 0.03125 0.034375
0 0.80625 0.0171875 0.03125 0.034375
0 0.8125 0.0171875 0.03125 0.034375
0 0.81875 0.0171875 0.03125 0.034375
0 0.825 0.0171875 0.03125 0.034375
0 0.83125 0.0171875 0.03125 0.034375
0 0.8375 0.0171875 0.03125 0.034375
0 0.84375 0.0171875 0.03125 0.034375
0 0.85 0.0171875 0.0312502 0.034375
0 0.85625 0.0171875 0.031251 0.034375
