0 0.171845 0.010698 0.025135 0.021396
0 0.178112 0.0101828 0.025026 0.0203657
0 0.184354 0.00967387 0.024975 0.0193477
0 0.190463 0.0101054 0.0247386 0.0202108
0 0.196676 0.0109357 0.0249081 0.0218713
0 0.303096 0.0100872 0.0251166 0.0201744
0 0.309326 0.010576 0.0250065 0.021152
0 0.148133 0.0140785 0.0367256 0.028157
0 0.16054 0.0137027 0.037733 0.0274053
0 0.168554 0.0138128 0.0376159 0.0276256
0 0.18002 0.0132093 0.035074 0.0264186
0 0.185637 0.0140849 0.0357642 0.0281698
0 0.198087 0.015921 0.0388805 0.0318421
0 0.299664 0.013186 0.0349474 0.026372
0 0.310681 0.0137365 0.036102 0.0274731
0 0.315864 0.0151614 0.0380018 0.0303228
0 0.133084 0.0203601 0.0421442 0.0350613
0 0.141319 0.020633 0.0459446 0.0362878
0 0.149414 0.0195603 0.0419179 0.0354546
0 0.162102 0.0194558 0.0432713 0.0389117
0 0.170878 0.0195374 0.0393233 0.0390748
0 0.177696 0.0191523 0.0383706 0.0383045
0 0.19058 0.0190668 0.0374801 0.0381337
0 0.303078 0.0185572 0.0374577 0.0371144
0 0.309349 0.0193127 0.0374875 0.0386253
0 0.107912 0.0275897 0.0422963 0.0385597
0 0.120133 0.0279369 0.0423962 0.0383937
0 0.133749 0.0278752 0.0393849 0.0376231
0 0.147152 0.0275217 0.040963 0.0384905
0 0.159707 0.0272979 0.0410555 0.0390096
0 0.167625 0.0271505 0.0412574 0.0379586
0 0.176763 0.0257136 0.0399897 0.041194
0 0.184132 0.0243364 0.037684 0.0421368
0 0.195295 0.0238056 0.0389751 0.0396259
0 0.315207 0.0242753 0.0372867 0.0418634
0 0.100499 0.0320938 0.0390343 0.0329063
0 0.112586 0.0323789 0.0396766 0.0332486
0 0.125753 0.0324624 0.0402733 0.0333983
0 0.137565 0.0317375 0.038315 0.0320441
0 0.144385 0.0319713 0.0406675 0.0325824
0 0.163937 0.0317028 0.0396619 0.0321642
0 0.177574 0.0318347 0.0380969 0.0326282
0 0.189715 0.0312413 0.0383838 0.0373968
0 0.303007 0.0300574 0.0375403 0.0393969
0 0.309331 0.0305995 0.0375699 0.0412978
0 0.109335 0.0363501 0.037518 0.0411596
0 0.121818 0.0363646 0.0376044 0.0395165
0 0.13437 0.0360321 0.037514 0.0387945
0 0.153125 0.0358219 0.0375023 0.0401448
0 0.171875 0.0354377 0.0374983 0.0395693
0 0.184369 0.0355714 0.0374984 0.0397303
0 0.10312 0.0415555 0.0374654 0.0391074
0 0.115619 0.0428382 0.0375234 0.0417439
0 0.128136 0.0429809 0.0375107 0.0421931
0 0.140635 0.0424245 0.0374915 0.041097
0 0.159387 0.0422367 0.0374891 0.0407194
0 0.165632 0.0415921 0.0374866 0.0394314
0 0.178142 0.0425435 0.0374943 0.0413276
0 0.10939 0.0488964 0.0374771 0.0415125
0 0.121872 0.0478024 0.0375009 0.0390441
0 0.103139 0.0540907 0.0374481 0.0393852
0 0.115633 0.0551854 0.0375007 0.0415836
0 0.109405 0.0616704 0.0375037 0.0420633
0 0.376127 0.0747259 0.0361848 0.041996
0 0.384557 0.0769084 0.0424444 0.0379303
0 0.39954 0.0763783 0.0431317 0.0393135
0 0.407521 0.0753814 0.0399923 0.0410194
0 0.370804 0.0830665 0.0393413 0.0363382
0 0.382383 0.0825666 0.0389061 0.0345647
0 0.39422 0.0822735 0.04009 0.033836
0 0.407842 0.0821772 0.039366 0.0341329
0 0.413812 0.0819966 0.0396002 0.0368581
0 0.364908 0.0876345 0.0387227 0.0391517
0 0.377926 0.0865735 0.0375358 0.0388901
0 0.390123 0.0867514 0.0377503 0.038473
0 0.402762 0.0874921 0.0381732 0.0391375
0 0.42023 0.0861484 0.0379029 0.0375887
0 0.35803 0.0941976 0.0389312 0.0396039
0 0.364787 0.0946301 0.0389263 0.0366024
0 0.371584 0.0943699 0.0380715 0.0395616
0 0.384277 0.0928734 0.0375749 0.0403869
0 0.396489 0.0925096 0.0376456 0.0394261
0 0.40929 0.0927088 0.0376352 0.0395389
0 0.415505 0.0931565 0.0376257 0.0423161
0 0.352516 0.0992868 0.0369787 0.0407784
0 0.378067 0.0986654 0.0375578 0.0398566
0 0.390467 0.0987686 0.0374002 0.0405592
0 0.402804 0.0998615 0.0381612 0.0416229
0 0.35291 0.1057 0.0372671 0.0349469
0 0.359231 0.105988 0.0375787 0.0403179
0 0.365473 0.10615 0.0377479 0.0371955
0 0.371803 0.105876 0.0376501 0.0399749
0 0.384365 0.105103 0.0375069 0.0411676
0 0.396567 0.104531 0.037244 0.0391455
0 0.409345 0.105039 0.0375723 0.0397034
0 0.378124 0.111006 0.0374979 0.0406471
0 0.390621 0.11062 0.0375071 0.0398761
0 0.40322 0.111643 0.0377797 0.0417003
0 0.36563 0.117808 0.0374981 0.0417797
0 0.384386 0.11685 0.0374863 0.0399286
0 0.3969 0.116421 0.037466 0.0390623
0 0.371972 0.122966 0.0373399 0.0396506
0 0.378193 0.122355 0.0373831 0.0384456
0 0.390941 0.12219 0.0372071 0.0380935
0 0.378216 0.129902 0.0373481 0.0410544
0 0.384488 0.135578 0.0374473 0.03986
0 0.0719477 0.194514 0.0392238 0.0345725
0 0.0614328 0.201135 0.041008 0.0412121
0 0.069085 0.201688 0.0411652 0.0403874
0 0.0771428 0.202347 0.0408826 0.0389544
0 0.0876999 0.202518 0.0453865 0.0382442
0 0.0575531 0.208152 0.0390937 0.0356238
0 0.0639271 0.207096 0.0398962 0.0329627
0 0.0707163 0.207568 0.0397331 0.0339089
0 0.0818675 0.206834 0.0380052 0.0323781
0 0.0923153 0.206817 0.0385443 0.0320856
0 0.100258 0.208252 0.0425253 0.0353941
0 0.0530505 0.211258 0.0375701 0.0400783
0 0.0781232 0.20998 0.037492 0.0385137
0 0.109241 0.211293 0.037701 0.0397919
0 0.115344 0.211609 0.0374486 0.0415157
0 0.0593607 0.218239 0.0375352 0.0425469
0 0.0718829 0.217914 0.0374916 0.04203
0 0.0781291 0.21713 0.0374959 0.0404988
0 0.0906281 0.216973 0.0374912 0.0401853
0 0.103122 0.217848 0.0375639 0.0416186
0 0.0656143 0.223627 0.037541 0.0407039
0 0.0843962 0.222464 0.0374776 0.0386684
0 0.0274042 0.254233 0.0363004 0.038589
0 0.0762238 0.300119 0.0350302 0.0404145
0 0.0822229 0.302747 0.0453575 0.039457
0 0.504399 0.3008 0.0419735 0.0423854
0 0.5149 0.302482 0.0423183 0.0388437
0 0.526562 0.30252 0.0434515 0.0389267
0 0.53775 0.302342 0.0444736 0.0380555
0 0.0715783 0.307781 0.038207 0.0370215
0 0.0774544 0.306507 0.037681 0.0321468
0 0.0873021 0.307741 0.0377455 0.0344782
0 0.50028 0.307101 0.036068 0.0330344
0 0.50744 0.308308 0.0390564 0.0355592
0 0.518585 0.3073 0.0389396 0.0332497
0 0.531308 0.307527 0.0403202 0.0333031
0 0.541929 0.307209 0.0377746 0.0325212
0 0.55053 0.308702 0.0421762 0.0362802
0 0.556802 0.307319 0.039799 0.0335205
0 0.0648525 0.312345 0.0387641 0.040638
0 0.0957042 0.311266 0.0368561 0.0368693
0 0.490259 0.312913 0.0380346 0.0383313
0 0.496709 0.312967 0.0378453 0.0406273
0 0.502788 0.31118 0.0371816 0.0369747
0 0.515501 0.311874 0.0377154 0.0350951
0 0.521816 0.310987 0.0375493 0.0368616
0 0.528065 0.311272 0.0375846 0.0384274
0 0.0578985 0.319548 0.0393491 0.0390165
0 0.0646197 0.320009 0.0393142 0.0375829
0 0.0717938 0.318973 0.0376456 0.0412773
0 0.0780946 0.31788 0.037576 0.0418316
0 0.0843851 0.317313 0.0374924 0.0407923
0 0.489798 0.319301 0.038895 0.0359077
0 0.50932 0.317916 0.0375352 0.0414984
0 0.534378 0.31715 0.0375103 0.0403018
0 0.546793 0.317092 0.0373164 0.0403935
0 0.0906978 0.322916 0.0374568 0.0393702
0 0.483048 0.325329 0.0384855 0.0423092
0 0.496692 0.325103 0.0378923 0.042844
0 0.502871 0.324254 0.0372179 0.0416029
0 0.515186 0.324591 0.0379973 0.0410294
0 0.521354 0.323769 0.037921 0.039039
0 0.528022 0.324393 0.0377995 0.041158
0 0.540688 0.323197 0.037526 0.040121
0 0.0594311 0.330579 0.0374287 0.039078
0 0.0656484 0.329778 0.037485 0.0378205
0 0.0718866 0.328879 0.0374458 0.0386387
0 0.0781663 0.329336 0.037444 0.039883
0 0.483585 0.332205 0.0379952 0.0392835
0 0.490117 0.332766 0.0384371 0.035173
0 0.4968 0.333042 0.0376925 0.0376433
0 0.509268 0.330417 0.03748 0.0375801
0 0.0845065 0.335304 0.0374441 0.0392354
0 0.503132 0.334765 0.0374836 0.03793
0 0.515621 0.334982 0.0374796 0.0386406
0 0.0542475 0.341549 0.0353697 0.0393413
0 0.0662802 0.341624 0.0364159 0.039489
0 0.0784952 0.342085 0.0369161 0.0404159
0 0.0909331 0.342176 0.0370194 0.0405858
0 0.31454 0.343377 0.0378814 0.0408725
0 0.484368 0.343225 0.0375274 0.0423396
0 0.490619 0.342678 0.0375282 0.0408169
0 0.496896 0.342837 0.0374717 0.0418739
0 0.503142 0.341852 0.0374757 0.039952
0 0.515686 0.342153 0.0375528 0.040554
0 0.0493658 0.34796 0.0336944 0.0395246
0 0.0613236 0.347382 0.0342074 0.0384225
0 0.0728194 0.348193 0.0362592 0.0401049
0 0.0850442 0.348866 0.0370403 0.0414476
0 0.097081 0.349909 0.0375686 0.0434314
0 0.105736 0.351721 0.0450496 0.0461366
0 0.114082 0.351783 0.0406388 0.0436481
0 0.125689 0.352168 0.0379165 0.0440507
0 0.139371 0.35261 0.0383732 0.0418837
0 0.146056 0.353181 0.0359744 0.0395569
0 0.15209 0.358206 0.0323969 0.0285841
0 0.159302 0.359702 0.0304466 0.0254679
0 0.16576 0.360455 0.0322441 0.0275742
0 0.171621 0.356571 0.0365787 0.0384516
0 0.178144 0.352753 0.0384227 0.0440386
0 0.18451 0.351974 0.0379424 0.0437478
0 0.196899 0.351812 0.0378474 0.044213
0 0.209704 0.351572 0.0373803 0.0435617
0 0.221746 0.351672 0.0377719 0.0438731
0 0.228437 0.351693 0.0376434 0.0429799
0 0.238308 0.351413 0.0342171 0.0425543
0 0.251888 0.355047 0.0355127 0.0348973
0 0.258676 0.356099 0.0344803 0.0334043
0 0.264396 0.357181 0.035017 0.0376506
0 0.270581 0.353289 0.0411049 0.0456778
0 0.289175 0.350201 0.0379814 0.0430182
0 0.30261 0.350359 0.038083 0.0414368
0 0.313245 0.34978 0.0373291 0.0421928
0 0.326695 0.350407 0.0395911 0.0415812
0 0.338995 0.350809 0.0405 0.0413632
0 0.349983 0.351663 0.0433653 0.0426826
0 0.509422 0.347439 0.0374508 0.0386127
0 0.0151224 0.355755 0.0302448 0.0356198
0 0.0190591 0.354698 0.033692 0.0385922
0 0.0249543 0.353959 0.0340273 0.038639
0 0.0365842 0.354023 0.0345656 0.0387269
0 0.0428457 0.35407 0.0350227 0.0389275
0 0.0554053 0.354116 0.0339232 0.0394147
0 0.061835 0.354019 0.0337322 0.0391198
0 0.0683245 0.353994 0.0338886 0.0384793
0 0.0796661 0.35342 0.0348206 0.0380299
0 0.0926317 0.353958 0.0349828 0.0379024
0 0.0994574 0.35468 0.0347679 0.036235
0 0.105395 0.355832 0.0338906 0.0327871
0 0.112086 0.356364 0.0343384 0.0322924
0 0.118558 0.356923 0.0349727 0.0312803
0 0.124623 0.357698 0.0344747 0.0297422
0 0.13054 0.358614 0.0340833 0.0272745
0 0.136912 0.35882 0.0339051 0.0270643
0 0.143566 0.358793 0.0336894 0.0272031
0 0.174797 0.358923 0.033087 0.0265111
0 0.181363 0.358599 0.0332228 0.0272512
0 0.187744 0.358376 0.0332834 0.0276552
0 0.193956 0.358066 0.033307 0.0282885
0 0.20018 0.35798 0.0333268 0.0284944
0 0.206479 0.35789 0.0334118 0.0287592
0 0.21268 0.357855 0.0334011 0.0287139
0 0.218843 0.357915 0.0333947 0.0285492
0 0.225166 0.357962 0.0334122 0.0285168
0 0.231604 0.358022 0.0334302 0.0283759
0 0.237783 0.358106 0.0333141 0.0279977
0 0.249021 0.358785 0.0330616 0.0265635
0 0.255369 0.358827 0.0346846 0.02785
0 0.266574 0.359366 0.0335383 0.027029
0 0.272825 0.359202 0.0345308 0.0288225
0 0.279281 0.358152 0.0373516 0.0330479
0 0.285062 0.357309 0.0366794 0.0324851
0 0.296957 0.356959 0.0373049 0.0331503
0 0.303421 0.356758 0.0371195 0.0327716
0 0.315298 0.356955 0.0359604 0.0318194
0 0.321818 0.357189 0.0367725 0.0321297
0 0.33464 0.357423 0.0367205 0.0323256
0 0.341166 0.356885 0.0372036 0.0311371
0 0.353833 0.357181 0.0368114 0.0311127
0 0.360622 0.356945 0.0377065 0.0317304
0 0.368404 0.356728 0.035847 0.0334292
0 0.375069 0.356598 0.0350071 0.0330744
0 0.382144 0.356522 0.0346961 0.0327324
0 0.388697 0.356543 0.0346311 0.0338217
0 0.478087 0.354983 0.037493 0.0402881
0 0.484376 0.355767 0.0375165 0.0424256
0 0.490632 0.355037 0.0374983 0.0411018
0 0.503171 0.354865 0.0374601 0.040976
0 0.010799 0.36162 0.021598 0.0375132
0 0.0180444 0.360952 0.0351589 0.0400754
0 0.0297623 0.360751 0.0357086 0.0400779
0 0.0359657 0.360935 0.0356155 0.0404747
0 0.0480679 0.360981 0.0362998 0.0405347
0 0.0603875 0.360976 0.0362258 0.0405979
0 0.067525 0.360781 0.0358304 0.0402361
0 0.0741129 0.360478 0.034485 0.039692
0 0.0861179 0.360757 0.0345061 0.040253
0 0.0932602 0.360701 0.0334928 0.0401313
0 0.130866 0.35998 0.0321767 0.0387084
0 0.137114 0.360058 0.0322719 0.038864
0 0.143656 0.359945 0.032012 0.0386369
0 0.149896 0.359778 0.031774 0.0383045
0 0.156063 0.359701 0.0317432 0.0381518
0 0.162314 0.359775 0.031782 0.0383001
0 0.181055 0.359811 0.0318259 0.0383716
0 0.187299 0.359804 0.0318187 0.0383567
0 0.24334 0.359683 0.0321497 0.0381164
0 0.249284 0.359834 0.0328293 0.0384146
0 0.255884 0.360279 0.0329386 0.0392868
0 0.291227 0.360471 0.03642 0.0394736
0 0.309771 0.360849 0.0368942 0.0402373
0 0.328654 0.360974 0.0374666 0.0401254
0 0.347817 0.360851 0.036925 0.0403914
0 0.496876 0.360361 0.0374752 0.0391431
