0 0.382282 0.0583485 0.0351146 0.0307114
0 0.388645 0.0584166 0.035261 0.0305216
0 0.400921 0.0583421 0.035279 0.0305083
0 0.40723 0.0582683 0.0351535 0.0307845
0 0.413601 0.0580844 0.0350383 0.0308208
0 0.361748 0.0615383 0.0354979 0.0415501
0 0.368166 0.0615206 0.0354434 0.0415593
0 0.374452 0.0614148 0.0351521 0.0413805
0 0.386764 0.0613492 0.0352347 0.0412801
0 0.399074 0.0610405 0.0350275 0.0407226
0 0.417711 0.0604526 0.0339317 0.039672
0 0.424039 0.0604206 0.0344441 0.0396632
0 0.927887 0.060783 0.037455 0.0387532
0 0.934271 0.0616255 0.037526 0.0406935
0 0.3502 0.0670274 0.0349669 0.0399791
0 0.356604 0.0670949 0.0350919 0.0400623
0 0.381444 0.0672309 0.0345161 0.0405361
0 0.393441 0.0671617 0.0343067 0.0404714
0 0.406064 0.0670746 0.0342845 0.0402703
0 0.412309 0.0669419 0.0341199 0.0400106
0 0.927896 0.0680945 0.0376694 0.040558
0 0.934145 0.0689314 0.0376191 0.0399743
0 0.312064 0.0738524 0.0342929 0.0412732
0 0.318333 0.073823 0.0341198 0.0412336
0 0.324435 0.0737618 0.0339879 0.0411747
0 0.330624 0.0737704 0.0339639 0.0412163
0 0.336906 0.0738163 0.0339782 0.0413007
0 0.343568 0.0740505 0.033932 0.0417544
0 0.349596 0.074129 0.0336793 0.0419214
0 0.361942 0.0742033 0.0340664 0.042093
0 0.368128 0.0740947 0.033875 0.0418707
0 0.374403 0.0740036 0.0339769 0.0416909
0 0.380931 0.0740514 0.0336353 0.0417736
0 0.387166 0.0740269 0.0335443 0.0417282
0 0.39913 0.0737615 0.0342092 0.0412143
0 0.417738 0.073067 0.0335653 0.039947
0 0.423984 0.072938 0.0341887 0.0398059
0 0.921222 0.0748885 0.0384434 0.0430703
0 0.939377 0.0739327 0.0370963 0.040418
0 0.945542 0.0738164 0.0368763 0.0391721
0 0.306783 0.079073 0.034046 0.0388207
0 0.357019 0.0787357 0.0335538 0.0380768
0 0.394 0.0787457 0.0331525 0.0384971
0 0.406767 0.0790242 0.0336731 0.0390009
0 0.412906 0.078934 0.033485 0.038869
0 0.91339 0.0829045 0.0407093 0.0350814
0 0.920695 0.0827568 0.0396427 0.0349815
0 0.927765 0.0822373 0.0382255 0.0345511
0 0.934237 0.0809701 0.0374706 0.0351809
0 0.305918 0.0854188 0.0328738 0.0395658
0 0.312175 0.0854011 0.0328243 0.0395352
0 0.318506 0.0852961 0.032658 0.039328
0 0.324757 0.0852535 0.0325308 0.0392474
0 0.330971 0.0852671 0.0325079 0.0392766
0 0.337209 0.0852893 0.0325109 0.0393214
0 0.343732 0.0852226 0.0323651 0.0391876
0 0.349901 0.0850273 0.0320166 0.0388009
0 0.356017 0.0849816 0.0320336 0.0387117
0 0.362304 0.085047 0.0320204 0.0388426
0 0.368493 0.0849803 0.0320433 0.0387091
0 0.374724 0.08506 0.0321527 0.0388682
0 0.381062 0.0851292 0.0320918 0.0390061
0 0.387313 0.0851138 0.0320562 0.0389754
0 0.393381 0.0851175 0.0322543 0.0389838
0 0.399594 0.0852303 0.0325052 0.039208
0 0.405963 0.0853746 0.0326063 0.0394899
0 0.412224 0.0852099 0.0325252 0.0391603
0 0.4179 0.084868 0.0329818 0.0384987
0 0.423964 0.0849314 0.0333556 0.0387061
0 0.940435 0.0852723 0.0371512 0.0391561
0 0.909218 0.0929581 0.0376253 0.0404856
0 0.915356 0.0926273 0.0372988 0.0379568
0 0.921607 0.0927194 0.0378254 0.0401754
0 0.928091 0.0928529 0.0375648 0.0416697
0 0.940197 0.0928174 0.0370274 0.041858
0 0.0560153 0.100466 0.0419773 0.0427135
0 0.0664951 0.101103 0.0429291 0.0412394
0 0.0773422 0.100875 0.0429259 0.04155
0 0.0930427 0.10179 0.0412251 0.03966
0 0.10514 0.101193 0.0435029 0.0387445
0 0.114047 0.101122 0.0406618 0.0397252
0 0.29978 0.0979409 0.0328413 0.0396067
0 0.305973 0.0978165 0.0326865 0.0393687
0 0.312202 0.0978052 0.0326326 0.0393505
0 0.318473 0.0977653 0.032591 0.039272
0 0.324738 0.0977226 0.0325513 0.0391868
0 0.331011 0.0976808 0.032488 0.0391037
0 0.33725 0.0976696 0.0324342 0.039083
0 0.343698 0.097496 0.0322292 0.0387362
0 0.349932 0.0972643 0.0319335 0.0382761
0 0.35612 0.0971842 0.0318357 0.0381174
0 0.362376 0.0971903 0.0318222 0.0381299
0 0.368552 0.0973007 0.031939 0.0383506
0 0.374762 0.0974564 0.0320466 0.038662
0 0.381029 0.0975348 0.0320471 0.0388186
0 0.38728 0.0975919 0.0320605 0.0389327
0 0.393391 0.0975782 0.0322132 0.0389057
0 0.399599 0.0976912 0.0324578 0.0391305
0 0.40601 0.097764 0.0324792 0.0392712
0 0.412276 0.0975837 0.0323207 0.0389119
0 0.417991 0.0974038 0.0328787 0.0385683
0 0.424016 0.0975579 0.0333709 0.0389459
0 0.59288 0.0979257 0.035104 0.039638
0 0.902942 0.0991179 0.0372915 0.0417587
0 0.914975 0.0997271 0.0368992 0.0417084
0 0.927404 0.100384 0.0381066 0.0408204
0 0.936946 0.099914 0.0365772 0.0406239
0 0.950176 0.102526 0.0435181 0.037966
0 0.958613 0.100124 0.0379557 0.0350472
0 0.964286 0.0990939 0.0375925 0.0412364
0 0.051023 0.107068 0.0368413 0.0337387
0 0.0578371 0.107985 0.0394948 0.0353399
0 0.0687331 0.107262 0.0394868 0.0333699
0 0.0803896 0.107421 0.0390026 0.0333959
0 0.0889499 0.107894 0.0404132 0.0344817
0 0.0953006 0.1069 0.0391383 0.0325883
0 0.107568 0.106644 0.0391241 0.0333624
0 0.587257 0.103986 0.0353464 0.038998
0 0.909347 0.107038 0.0375351 0.0388572
0 0.914742 0.106217 0.036964 0.0332314
0 0.921456 0.106538 0.0380909 0.0350134
0 0.927905 0.106668 0.0378311 0.0335964
0 0.938429 0.106118 0.0351281 0.0340729
0 0.958382 0.10668 0.038281 0.0331723
0 0.96391 0.105597 0.0364195 0.0385937
0 0.0466954 0.112361 0.0378444 0.0419812
0 0.0654944 0.11185 0.0376402 0.0369758
0 0.0717989 0.111585 0.0375752 0.0396446
0 0.0841779 0.111261 0.0376654 0.0379899
0 0.102992 0.110543 0.0373244 0.038307
0 0.115358 0.111882 0.0380024 0.0399539
0 0.293612 0.110022 0.0325543 0.0387759
0 0.299821 0.109983 0.0324377 0.0387053
0 0.306065 0.109941 0.0323404 0.0386258
0 0.312318 0.109932 0.0323161 0.0386069
0 0.318552 0.109907 0.0322947 0.0385582
0 0.324803 0.109914 0.0323109 0.0385714
0 0.331077 0.109917 0.0323061 0.0385785
0 0.337337 0.109894 0.03228 0.0385319
0 0.343679 0.10984 0.032224 0.0384244
0 0.349898 0.109771 0.0320748 0.0382879
0 0.356106 0.109729 0.0320233 0.0382062
0 0.362363 0.10974 0.0320137 0.0382272
0 0.368704 0.109693 0.0319546 0.0381338
0 0.37491 0.109676 0.0318297 0.0381009
0 0.381132 0.109655 0.0317993 0.0380597
0 0.387399 0.109697 0.0317926 0.0381438
0 0.393534 0.10969 0.0318837 0.03813
0 0.399761 0.109772 0.0320631 0.0382928
0 0.406085 0.109862 0.0321663 0.0384714
0 0.412332 0.109781 0.0321276 0.0383076
0 0.418214 0.109702 0.0325331 0.0381581
0 0.424322 0.109815 0.0330748 0.0384069
0 0.903123 0.110354 0.0374367 0.0389545
0 0.934376 0.110748 0.0374972 0.04002
0 0.944408 0.110701 0.0330376 0.039435
0 0.952965 0.112536 0.0380287 0.0422191
0 0.965471 0.112026 0.0382161 0.042618
0 0.971724 0.111103 0.037429 0.0389361
0 0.0529371 0.1171 0.0373718 0.0389675
0 0.0592964 0.117875 0.0376292 0.0412466
0 0.0780655 0.117165 0.0374868 0.0396519
0 0.0906109 0.117895 0.0375238 0.0419379
0 0.103095 0.117963 0.037529 0.042151
0 0.109301 0.117398 0.037544 0.0407931
0 0.909388 0.117943 0.0374969 0.0421279
0 0.915631 0.117039 0.0374916 0.0403155
0 0.921885 0.117521 0.0375091 0.0412779
0 0.92813 0.11695 0.0374935 0.0400814
0 0.940544 0.116504 0.0373417 0.039212
0 0.952483 0.119577 0.0390011 0.037179
0 0.959108 0.117885 0.037452 0.0346668
0 0.0655545 0.124435 0.0376085 0.0419983
0 0.0842614 0.124339 0.0374879 0.0420509
0 0.0963069 0.124022 0.0374314 0.0401941
0 0.115287 0.124428 0.0378954 0.0417094
0 0.121314 0.123954 0.0379635 0.0399209
0 0.381182 0.121975 0.031769 0.0377002
0 0.387447 0.122 0.0317761 0.0377497
0 0.39359 0.122006 0.0318593 0.0377623
0 0.399832 0.122061 0.0320446 0.0378711
0 0.40617 0.122105 0.0321237 0.0379568
0 0.412407 0.122071 0.0320439 0.0378893
0 0.41832 0.122042 0.0324017 0.0378364
0 0.896973 0.124409 0.0373253 0.0412448
0 0.903102 0.122247 0.0373753 0.0377632
0 0.93439 0.123133 0.0374824 0.0400029
0 0.946514 0.12282 0.0367824 0.0392583
0 0.0530459 0.12958 0.0374121 0.0399625
0 0.059304 0.1305 0.0375438 0.0415577
0 0.0718337 0.130609 0.037585 0.0402486
0 0.0780818 0.129898 0.0375183 0.0390538
0 0.0904776 0.13005 0.0375139 0.0386867
0 0.102706 0.131499 0.038246 0.0379199
0 0.109091 0.131023 0.037926 0.0359967
0 0.387254 0.128594 0.0319071 0.0384397
0 0.393431 0.128612 0.031999 0.0384782
0 0.399642 0.128695 0.0321716 0.0386454
0 0.568945 0.129432 0.0348948 0.0380547
0 0.57491 0.128785 0.0349262 0.0384006
0 0.903111 0.129061 0.0374359 0.0393062
0 0.90939 0.130029 0.0374826 0.0412978
0 0.921898 0.130178 0.0374897 0.0415674
0 0.928142 0.129536 0.0374727 0.0403022
0 0.940623 0.130272 0.0374753 0.041764
0 0.952985 0.13063 0.0384091 0.0422789
0 0.0656201 0.136564 0.0375208 0.0414787
0 0.0843779 0.13575 0.0374915 0.0401822
0 0.096782 0.135414 0.0373559 0.0393118
0 0.115557 0.136077 0.0374865 0.0405566
0 0.127818 0.137102 0.0381253 0.04179
0 0.418177 0.134767 0.03304 0.0383085
0 0.896966 0.136422 0.037339 0.0414745
0 0.915639 0.136519 0.0375591 0.0414238
0 0.934403 0.135591 0.03746 0.0398828
0 0.945228 0.135405 0.0345089 0.0359762
0 0.0719146 0.142942 0.0374662 0.0421108
0 0.0781397 0.141649 0.0374698 0.0395228
0 0.0906207 0.141695 0.0374788 0.0396101
0 0.103098 0.142501 0.0375172 0.0408751
0 0.121209 0.142136 0.0366849 0.0396568
0 0.903086 0.141887 0.0374022 0.0398836
0 0.909375 0.142561 0.0374821 0.0413335
0 0.92192 0.142932 0.0374858 0.0420415
0 0.928165 0.142441 0.0374454 0.0411102
0 0.940722 0.142406 0.0375122 0.041057
0 0.0843998 0.148428 0.0374615 0.0406023
0 0.0968628 0.148674 0.0374832 0.0410281
0 0.109296 0.149021 0.0375726 0.041282
0 0.127634 0.149923 0.0383682 0.0416276
0 0.896911 0.148193 0.037439 0.0394828
0 0.0906263 0.154907 0.0374883 0.0410437
0 0.103085 0.15457 0.0374785 0.039699
0 0.115503 0.154771 0.0375246 0.0395768
0 0.89691 0.155513 0.0374556 0.0422283
0 0.0843993 0.161912 0.0374588 0.042542
0 0.0968773 0.161483 0.0375106 0.0416013
0 0.109366 0.161534 0.0374974 0.0416911
0 0.121691 0.161242 0.0374261 0.0407945
0 0.127988 0.162157 0.037857 0.0420252
0 0.0906349 0.167383 0.0374779 0.0409527
0 0.10313 0.167191 0.0374911 0.0405628
0 0.115594 0.166947 0.0374785 0.0398864
0 0.0969744 0.173816 0.0374703 0.0413557
0 0.109421 0.172715 0.0374191 0.0391619
0 0.121897 0.172809 0.037477 0.0393123
0 0.437057 0.173161 0.0351942 0.0400039
0 0.109435 0.179835 0.0374068 0.0409167
0 0.262742 0.178999 0.0334124 0.0391035
0 0.268798 0.178987 0.0333304 0.0390906
0 0.275041 0.179037 0.033374 0.0391968
0 0.442436 0.178694 0.0344744 0.0386213
0 0.293231 0.184995 0.0327083 0.0387395
0 0.43724 0.185219 0.0342493 0.0391231
0 0.268394 0.191451 0.0325481 0.0391465
0 0.90299 0.20559 0.0378662 0.0418486
0 0.889969 0.211862 0.0373138 0.0409137
0 0.902681 0.21321 0.0383932 0.0399205
0 0.909103 0.212005 0.0376034 0.0370277
0 0.877064 0.218224 0.0379118 0.0380242
0 0.883396 0.219279 0.0388355 0.0401481
0 0.889071 0.219254 0.0373287 0.0366947
0 0.901352 0.219661 0.0410721 0.0339283
0 0.909086 0.218683 0.0378162 0.0332093
0 0.914153 0.217513 0.0353985 0.0396388
0 0.802592 0.226015 0.0398483 0.0408949
0 0.808948 0.2275 0.0466887 0.0394062
0 0.818007 0.227048 0.044294 0.0387864
0 0.82564 0.226145 0.0398212 0.0390915
0 0.832304 0.225561 0.0381718 0.0405064
0 0.843336 0.225322 0.0406551 0.0389159
0 0.850489 0.225609 0.0417618 0.0395246
0 0.857736 0.225084 0.0390747 0.039008
0 0.864104 0.225233 0.0392872 0.0406651
0 0.876675 0.225098 0.0383011 0.0408109
0 0.890061 0.225698 0.0374384 0.0371627
0 0.913913 0.224702 0.0355725 0.0430802
0 0.801156 0.231578 0.0351883 0.0318294
0 0.812351 0.232951 0.0414502 0.0346251
0 0.819513 0.232587 0.0413776 0.0341529
0 0.831697 0.231867 0.0392952 0.0331537
0 0.838448 0.232231 0.0391285 0.0338181
0 0.85065 0.232656 0.0413727 0.0359899
0 0.857895 0.231791 0.0389446 0.0342228
0 0.864447 0.232265 0.0391979 0.0359162
0 0.877379 0.231976 0.0381119 0.0347212
0 0.884159 0.232208 0.0379788 0.035276
0 0.896374 0.231048 0.0368775 0.0343326
0 0.902904 0.231631 0.0376089 0.0348276
0 0.796643 0.237593 0.0381143 0.0422437
0 0.808206 0.236723 0.0356909 0.0407977
0 0.814208 0.237941 0.0395218 0.037378
0 0.82118 0.237827 0.0385748 0.0351504
0 0.82777 0.237117 0.037969 0.0390954
0 0.834198 0.236834 0.0375649 0.0414013
0 0.845103 0.236588 0.0355812 0.0379045
0 0.87176 0.236778 0.0377365 0.0401735
0 0.890632 0.235886 0.037487 0.0404473
0 0.909374 0.235919 0.0375279 0.03953
0 0.785415 0.245286 0.0445489 0.0352272
