0 0.0524202 0.00981852 0.0294238 0.019637
0 0.0586303 0.0111643 0.0328545 0.0223286
0 0.0680806 0.0129342 0.0369662 0.0258684
0 0.074502 0.0120351 0.031759 0.0240702
0 0.079696 0.0111855 0.0293331 0.0223711
0 0.0865195 0.0117618 0.0299274 0.0235236
0 0.0934398 0.0123393 0.0313869 0.0246786
0 0.0991146 0.0107075 0.0296534 0.0214151
0 0.103846 0.0103952 0.0268382 0.0207903
0 0.110823 0.0117365 0.0285537 0.0234731
0 0.116032 0.0127022 0.0280589 0.0254043
0 0.122154 0.0128113 0.0296455 0.0256226
0 0.128349 0.0132357 0.033036 0.0264714
0 0.134946 0.0132065 0.0319281 0.0264129
0 0.142452 0.0130852 0.0314704 0.0261704
0 0.148673 0.0126424 0.0294926 0.0252848
0 0.154359 0.0121487 0.0279606 0.0242973
0 0.160872 0.012161 0.0282837 0.024322
0 0.167976 0.0122126 0.0299706 0.0244252
0 0.173633 0.0104957 0.0286019 0.0209913
0 0.178641 0.0103207 0.0261575 0.0206413
0 0.185486 0.0118953 0.027506 0.0237906
0 0.190774 0.0126393 0.027326 0.0252785
0 0.196501 0.0128643 0.0283977 0.0257285
0 0.203094 0.0131841 0.0337495 0.0263682
0 0.209418 0.0132459 0.0313919 0.0264917
0 0.218041 0.0131576 0.0348035 0.0263152
0 0.224736 0.012902 0.0320155 0.025804
0 0.236234 0.0124628 0.0303963 0.0249255
0 0.240648 0.0130897 0.0267548 0.0261793
0 0.245271 0.0129653 0.0288543 0.0259306
0 0.252914 0.0131704 0.0369551 0.0263409
0 0.25954 0.0132639 0.0352097 0.0265278
0 0.26973 0.0131353 0.0324737 0.0262705
0 0.288822 0.0127448 0.0347221 0.0254895
0 0.312423 0.0118147 0.0343473 0.0236294
0 0.321008 0.0106293 0.030348 0.0212586
0 0.327276 0.0103821 0.0274673 0.0207642
0 0.334265 0.011687 0.0261759 0.0233741
0 0.339997 0.0115404 0.0265695 0.0230808
0 0.345994 0.0119194 0.0270649 0.0238389
0 0.352051 0.0122871 0.0270105 0.0245742
0 0.358064 0.0117387 0.0272721 0.0234774
0 0.363426 0.0117465 0.025028 0.0234931
0 0.491891 0.0111072 0.0296753 0.0222144
0 0.498227 0.011174 0.0288582 0.0223479
0 0.502923 0.0105292 0.0258003 0.0210583
0 0.509214 0.0113862 0.0245857 0.0227724
0 0.514474 0.0115678 0.0259947 0.0231356
0 0.520788 0.00906362 0.0249754 0.0181272
0 0.0138425 0.0107532 0.0276849 0.0215063
0 0.104029 0.0112903 0.0355119 0.0225807
0 0.178557 0.0110782 0.0363623 0.0221564
0 0.190117 0.0113732 0.0364123 0.0227465
0 0.209329 0.0118189 0.0391044 0.0236379
0 0.229283 0.0111659 0.0353088 0.0223318
0 0.244372 0.011679 0.0371007 0.023358
0 0.279908 0.0138522 0.0403345 0.0277044
0 0.296059 0.0141278 0.0354297 0.0282556
0 0.305613 0.0145306 0.0375813 0.0290612
0 0.320795 0.0127205 0.0383673 0.025441
0 0.332603 0.012798 0.0364667 0.0255959
0 0.343345 0.0125907 0.038111 0.0251815
0 0.354022 0.0123755 0.0384523 0.024751
0 0.359659 0.0145749 0.0355097 0.0291497
0 0.365495 0.0101116 0.0355648 0.0202231
0 0.480484 0.0132098 0.0343092 0.0264197
0 0.485323 0.0147677 0.0357949 0.0295354
0 0.496219 0.0145437 0.0392981 0.0290874
0 0.510086 0.0144083 0.0380613 0.0288165
0 0.0552762 0.0152162 0.0335609 0.0304324
0 0.0617773 0.0155934 0.0338367 0.0311869
0 0.0751241 0.0149131 0.0320603 0.0298262
0 0.0809803 0.0148321 0.0320454 0.0296643
0 0.0873119 0.0148973 0.0320418 0.0297946
0 0.0942913 0.0149966 0.0324211 0.0299931
0 0.100198 0.0149506 0.0318241 0.0299012
0 0.111794 0.0145866 0.0328102 0.0291732
0 0.149523 0.0145303 0.032352 0.0290607
0 0.155821 0.01461 0.0322069 0.0292201
0 0.161936 0.0147709 0.032505 0.0295418
0 0.168998 0.0148081 0.0323819 0.0296161
0 0.174758 0.014878 0.0318781 0.029756
0 0.185731 0.0143795 0.0348576 0.028759
0 0.197801 0.0141666 0.0356864 0.0283333
0 0.230892 0.0143846 0.0320136 0.0287692
0 0.237393 0.0144264 0.0318461 0.0288529
0 0.249161 0.0144645 0.0324968 0.0289289
0 0.257154 0.015497 0.0334939 0.030994
0 0.26258 0.0147715 0.0320709 0.029543
0 0.274171 0.0148778 0.0327579 0.0297555
0 0.312273 0.0160566 0.0348882 0.0321131
0 0.322354 0.0164553 0.0373327 0.0329106
0 0.328161 0.0149192 0.0373994 0.0298383
0 0.334748 0.0154399 0.036801 0.0308797
0 0.346935 0.0146036 0.037212 0.0292073
0 0.365086 0.0155101 0.0383674 0.0310201
0 0.36939 0.0130246 0.034223 0.0260492
0 0.490634 0.0163387 0.0377848 0.0326774
0 0.0695377 0.0180487 0.0334722 0.0360973
0 0.104732 0.0171986 0.0342936 0.0343972
0 0.116025 0.0173273 0.0367202 0.0346546
0 0.128453 0.0174042 0.0368828 0.0348085
0 0.141014 0.0178119 0.0368613 0.0356238
0 0.147601 0.0176179 0.036093 0.0352358
0 0.154257 0.0173715 0.0352908 0.0347429
0 0.16765 0.017321 0.0337812 0.0346421
0 0.178414 0.0172078 0.0369244 0.0344155
0 0.190708 0.017382 0.0373825 0.0347641
0 0.204793 0.0182884 0.0376545 0.0365768
0 0.21951 0.0173782 0.0329983 0.0347563
0 0.243347 0.0172477 0.0320775 0.0344954
0 0.26814 0.0174716 0.0326654 0.0349431
0 0.281649 0.0182513 0.0339836 0.0365027
0 0.287475 0.0179625 0.0333738 0.0359249
0 0.298368 0.0181455 0.033965 0.036291
0 0.317037 0.0192886 0.0367815 0.0385771
0 0.340834 0.017721 0.037293 0.035442
0 0.354264 0.0176375 0.035861 0.035275
0 0.474409 0.0183322 0.0364025 0.0366645
0 0.478627 0.0178115 0.0356678 0.0337178
0 0.484708 0.0200799 0.0364435 0.0369667
0 0.490099 0.0191313 0.0377297 0.0320973
0 0.495188 0.0209818 0.0410801 0.0361709
0 0.499652 0.0188285 0.0349915 0.0317165
0 0.505752 0.0187869 0.0330353 0.0348863
0 0.0291961 0.0236726 0.0366266 0.0411223
0 0.0357761 0.0241821 0.0373162 0.0420718
0 0.0558785 0.0228832 0.0325108 0.0395081
0 0.0620992 0.0230544 0.0326443 0.0398515
0 0.0749774 0.0221635 0.0317436 0.0380754
0 0.081035 0.0222134 0.0317724 0.0381764
0 0.087201 0.0223974 0.0319562 0.0385447
0 0.0933031 0.022578 0.0326043 0.0389056
0 0.0993737 0.0233651 0.0325593 0.0404802
0 0.109448 0.0240886 0.0373548 0.0419272
0 0.121881 0.0243462 0.0374981 0.042442
0 0.134382 0.0245735 0.0374882 0.0428961
0 0.146898 0.023504 0.0374566 0.0407566
0 0.159388 0.023897 0.0374826 0.0415437
0 0.171898 0.0241956 0.0374611 0.0421411
0 0.178127 0.0231652 0.037496 0.0400804
0 0.196851 0.0218953 0.037333 0.0375363
0 0.210275 0.0218932 0.0358863 0.0375228
0 0.218788 0.0219094 0.0317396 0.0375685
0 0.224999 0.0218861 0.0314479 0.0375221
0 0.23116 0.0219058 0.0314605 0.0375616
0 0.237465 0.0219168 0.0314121 0.0375836
0 0.249639 0.0220686 0.0320479 0.0378872
0 0.25613 0.0225496 0.0320773 0.0388482
0 0.26232 0.0223119 0.0319382 0.0383729
0 0.2743 0.0225545 0.0329609 0.0388625
0 0.280895 0.0231712 0.0334202 0.040065
0 0.292673 0.022712 0.0334997 0.0392236
0 0.311092 0.0240101 0.0358255 0.0414892
0 0.324509 0.0230398 0.0351919 0.0394054
0 0.335673 0.0220431 0.0351294 0.0378268
0 0.341909 0.0220512 0.0352898 0.0378394
0 0.348561 0.0218937 0.0344223 0.0373976
0 0.356153 0.0221502 0.0337293 0.0369929
0 0.361416 0.0234111 0.0335731 0.0337842
0 0.371785 0.0235234 0.0357583 0.0362761
0 0.472967 0.0247057 0.0373228 0.0431051
0 0.489904 0.0256674 0.0387881 0.0422579
0 0.499442 0.0252684 0.0334149 0.0426798
0 0.507909 0.0285539 0.0394606 0.0387755
0 0.513918 0.0303217 0.040914 0.0192654
0 0.60111 0.0244962 0.0342297 0.0419464
0 0.610672 0.027223 0.0363011 0.0364315
0 0.617329 0.0284039 0.035292 0.0356867
0 0.62361 0.0317865 0.0344987 0.0281558
0 0.629609 0.0337812 0.0348824 0.0253503
0 0.638953 0.0349568 0.0412155 0.0268354
0 0.646078 0.0355612 0.0394042 0.0281138
0 0.652983 0.0342462 0.0379795 0.0264246
0 0.662949 0.029007 0.0419795 0.0144151
0 0.0384041 0.0292592 0.0352524 0.0377516
0 0.0687357 0.0285065 0.0323098 0.0382506
0 0.0868991 0.029181 0.0325282 0.0396116
0 0.0939543 0.0289602 0.0329577 0.0391622
0 0.103144 0.0281577 0.0374596 0.0374716
0 0.115627 0.029671 0.0374897 0.0353623
0 0.121878 0.031158 0.0374905 0.0331307
0 0.128127 0.0314253 0.0374804 0.0320892
0 0.140627 0.0314047 0.037492 0.03265
0 0.146874 0.0302655 0.0374888 0.0345281
0 0.153127 0.0299938 0.0374972 0.0382453
0 0.165631 0.029672 0.0374885 0.0377882
0 0.184376 0.0284201 0.0374978 0.0380436
0 0.196099 0.0281596 0.0359096 0.03756
0 0.203882 0.0299962 0.0382099 0.0412283
0 0.209887 0.0282697 0.0366541 0.0377877
0 0.243549 0.0283837 0.0316617 0.0380174
0 0.268303 0.0284112 0.0322664 0.0380719
0 0.287264 0.0287527 0.0332536 0.0386865
0 0.298595 0.0286968 0.0336453 0.0385269
0 0.317792 0.028982 0.0353352 0.0385134
0 0.32953 0.0283848 0.0348276 0.0380092
0 0.342364 0.0285641 0.0343594 0.0383762
0 0.356304 0.0288529 0.0335622 0.0375814
0 0.469177 0.0312766 0.035636 0.037963
0 0.474709 0.0313513 0.038698 0.0417808
0 0.481552 0.0317549 0.0302416 0.0309447
0 0.487494 0.0336888 0.0312691 0.0358151
0 0.496893 0.03358 0.03749 0.0358718
0 0.501774 0.0316689 0.0349702 0.0304433
0 0.510153 0.0343274 0.03592 0.0257401
0 0.517291 0.0364826 0.0341663 0.020631
0 0.596739 0.0338863 0.0385584 0.0361093
0 0.601065 0.0331567 0.0349058 0.0294781
0 0.606183 0.0335407 0.0362049 0.0337893
0 0.612613 0.0333018 0.0388584 0.0320246
0 0.619541 0.03349 0.0400425 0.0336134
0 0.657475 0.037539 0.0331281 0.0329533
0 0.666436 0.0360135 0.035117 0.0163586
0 0.0299514 0.0351968 0.0345069 0.0391387
0 0.0367584 0.0354633 0.0339741 0.0396647
0 0.0560551 0.0347688 0.0320521 0.0382847
0 0.0622929 0.0347885 0.0320466 0.0383255
0 0.0748314 0.0346891 0.0319103 0.0381273
0 0.080835 0.0347077 0.032164 0.0381639
0 0.0986337 0.0354516 0.0340536 0.0396528
0 0.109381 0.0357425 0.0374879 0.0402351
0 0.134375 0.0355317 0.0374997 0.0398097
0 0.159375 0.0356177 0.0374998 0.0399626
0 0.171876 0.0352876 0.0374985 0.0393242
0 0.178125 0.0346393 0.0374992 0.0380283
0 0.190619 0.0345086 0.0374844 0.0377669
0 0.204443 0.0365907 0.0401428 0.0416254
0 0.218352 0.0345891 0.0334495 0.0379249
0 0.224832 0.0344474 0.032074 0.0376446
0 0.231056 0.03459 0.0317523 0.0379299
0 0.237448 0.0345577 0.031567 0.0378653
0 0.249802 0.0345705 0.0317991 0.037891
0 0.256176 0.0346721 0.0318459 0.0380935
0 0.26239 0.0345827 0.0317257 0.0379148
0 0.274531 0.0347713 0.0324983 0.0382927
0 0.281038 0.0350487 0.0328002 0.0388322
0 0.292834 0.0349 0.0331345 0.0385766
0 0.324485 0.0349228 0.0339042 0.0385387
0 0.336263 0.034751 0.0340996 0.0382429
0 0.347759 0.034596 0.0352843 0.0379014
0 0.509375 0.0347306 0.0374992 0.038211
0 0.518241 0.0374842 0.0323652 0.0312218
0 0.527839 0.0380761 0.0375479 0.0323353
0 0.582054 0.0382769 0.0378508 0.0406469
0 0.588792 0.0386755 0.0401708 0.0387778
0 0.615144 0.0375118 0.0381707 0.0367822
0 0.62803 0.036684 0.0376471 0.0365073
0 0.634337 0.0361572 0.0375263 0.0375188
0 0.660864 0.0408046 0.0357809 0.0389516
0 0.666654 0.0380668 0.0381957 0.0282481
0 0.0685669 0.0409732 0.0319083 0.0381957
0 0.0864739 0.0415291 0.0333852 0.0393068
0 0.0940962 0.0412291 0.0335374 0.0387013
0 0.103133 0.0406346 0.0374836 0.0375188
0 0.115625 0.0409096 0.0374997 0.0380521
0 0.121875 0.0415479 0.0374999 0.0393101
0 0.128125 0.0410573 0.0374999 0.038324
0 0.140624 0.0412308 0.0374982 0.0386711
0 0.153124 0.0424913 0.0375025 0.0409927
0 0.165625 0.0429846 0.0375001 0.0422179
0 0.178126 0.0420472 0.0374991 0.0403444
0 0.184375 0.0410441 0.0374992 0.0383382
0 0.193783 0.0406478 0.0313137 0.0375421
0 0.20944 0.0409965 0.0374751 0.0376833
0 0.218082 0.0412101 0.03428 0.0386629
0 0.243525 0.0407398 0.0317522 0.0377294
0 0.268386 0.0408184 0.0320601 0.0378869
0 0.287195 0.0411168 0.0326894 0.0384727
0 0.298543 0.041459 0.0340255 0.0392194
0 0.330452 0.0413701 0.0331426 0.0390156
0 0.336496 0.041535 0.033619 0.039337
0 0.348346 0.0414246 0.0359124 0.0389206
0 0.467027 0.0424923 0.037159 0.0394987
0 0.4732 0.0429589 0.0367756 0.042108
0 0.478601 0.040925 0.0365479 0.0380663
0 0.485626 0.0431695 0.0350045 0.0425828
0 0.496898 0.0429913 0.0374563 0.0422325
0 0.503126 0.0407769 0.0374976 0.0378037
0 0.518672 0.0434537 0.0314482 0.0318449
0 0.52793 0.0454801 0.037642 0.0346815
0 0.578271 0.0459373 0.0384188 0.0358273
0 0.593412 0.0463118 0.0443786 0.0369413
0 0.601467 0.0439204 0.036632 0.0334073
0 0.607654 0.0442738 0.038111 0.0382391
0 0.614293 0.044537 0.0395529 0.0376325
0 0.621426 0.0438231 0.0382438 0.0399349
0 0.64056 0.0427315 0.0374874 0.0415443
0 0.646787 0.0421404 0.0374028 0.0402765
0 0.653019 0.0428999 0.0378183 0.0416195
0 0.666956 0.0436556 0.0363925 0.0303359
0 0.0152716 0.0489378 0.0305433 0.0406665
0 0.0301297 0.0479067 0.0341599 0.0395481
0 0.0368595 0.0482243 0.0335946 0.040182
0 0.0435914 0.0478572 0.0327651 0.0394432
0 0.0498605 0.0475324 0.0322682 0.0388082
0 0.0560277 0.0473581 0.0320776 0.0384644
0 0.0622622 0.0473999 0.0320661 0.0385487
0 0.0748451 0.0472285 0.0318677 0.0382068
