0 0.00781435 0.0109046 0.0156287 0.0218092
0 0.0125011 0.00781252 0.0187561 0.015625
0 0.0186593 0.0108752 0.0310685 0.0217503
0 0.024622 0.0108785 0.030494 0.021757
0 0.0354902 0.0117706 0.0272307 0.0235411
0 0.0437398 0.0132719 0.0312297 0.0265438
0 0.0498958 0.0114173 0.0310415 0.0228347
0 0.0598255 0.0131581 0.0259025 0.0263162
0 0.0687517 0.013898 0.0312541 0.027796
0 0.0749998 0.0117211 0.0312495 0.0234423
0 0.0860254 0.0122287 0.0283008 0.0244574
0 0.0935685 0.0139848 0.0308872 0.0279696
0 0.0997243 0.0139957 0.0306987 0.0279913
0 0.111673 0.0140433 0.0295966 0.0280867
0 0.122894 0.0140575 0.027072 0.028115
0 0.129919 0.0140605 0.0286785 0.0281209
0 0.135746 0.0140605 0.0278128 0.0281209
0 0.143277 0.0140602 0.030318 0.0281204
0 0.148727 0.0140554 0.0287061 0.0281107
0 0.153696 0.0140374 0.0261432 0.0280748
0 0.160505 0.0140485 0.0272597 0.028097
0 0.166913 0.0140517 0.0275763 0.0281034
0 0.172776 0.0140178 0.0268014 0.0280356
0 0.178217 0.0139733 0.0251843 0.0279466
0 0.185131 0.0140394 0.0265134 0.0280789
0 0.19232 0.0140543 0.0283925 0.0281087
0 0.197878 0.0140498 0.0270059 0.0280996
0 0.203342 0.0140472 0.0254338 0.0280943
0 0.209946 0.0140557 0.0261435 0.0281114
0 0.217701 0.0140582 0.0291686 0.0281165
0 0.223217 0.0140584 0.0276898 0.0281169
0 0.228623 0.0140585 0.0260001 0.028117
0 0.235562 0.0140599 0.0273808 0.0281198
0 0.242032 0.0140607 0.0278421 0.0281214
0 0.248473 0.0140607 0.0282206 0.0281213
0 0.253993 0.014061 0.0267515 0.028122
0 0.260539 0.0140612 0.0273501 0.0281225
0 0.266278 0.0140612 0.0263263 0.0281224
0 0.27259 0.0140611 0.0264672 0.0281221
0 0.279563 0.0140609 0.0279546 0.0281218
0 0.285828 0.0140609 0.027995 0.0281217
0 0.290826 0.0140603 0.0254224 0.0281206
0 0.297062 0.0140604 0.0254531 0.0281209
0 0.305376 0.0140604 0.030281 0.0281207
0 0.31057 0.0140584 0.0277469 0.0281168
0 0.315734 0.0140559 0.0252955 0.0281118
0 0.322186 0.0140563 0.0265791 0.0281127
0 0.330242 0.0140595 0.031693 0.028119
0 0.335532 0.0140601 0.0277462 0.0281202
0 0.340633 0.0140588 0.0250382 0.0281177
0 0.346869 0.0140509 0.0252475 0.0281019
0 0.354399 0.014051 0.0281807 0.028102
0 0.359457 0.0140209 0.0251971 0.0280419
0 0.365633 0.0140237 0.025016 0.0280474
0 0.372104 0.013864 0.0254638 0.0277279
0 0.378151 0.0115841 0.0250548 0.0231682
0 0.384406 0.0112777 0.025067 0.0225554
0 0.390707 0.0112164 0.0251687 0.0224329
0 0.396918 0.0112222 0.0250873 0.0224445
0 0.403207 0.0110742 0.0251636 0.0221485
0 0.409415 0.010977 0.0250807 0.021954
0 0.415642 0.0109207 0.0250336 0.0218414
0 0.4219 0.0109318 0.0250492 0.0218636
0 0.428125 0.0104619 0.0250001 0.0209238
0 0.434375 0.0108078 0.0250002 0.0216157
0 0.443704 0.0109377 0.0313372 0.0218755
0 0.449998 0.0109353 0.0312458 0.0218707
0 0.459505 0.0136401 0.02526 0.0272802
0 0.468633 0.0140578 0.0310157 0.0281156
0 0.474468 0.0140604 0.030186 0.0281208
0 0.485423 0.0140613 0.0270969 0.0281226
0 0.493748 0.0140621 0.0312465 0.0281242
0 0.499992 0.014061 0.0312347 0.028122
0 0.512222 0.0140587 0.0306942 0.0281175
0 0.52309 0.014062 0.0274298 0.0281241
0 0.530606 0.0140623 0.0299619 0.0281246
0 0.537123 0.0140621 0.0304953 0.0281241
0 0.547039 0.0140602 0.025331 0.0281204
0 0.55484 0.014062 0.0284659 0.028124
0 0.560463 0.0140622 0.0272274 0.0281244
0 0.566139 0.0140624 0.0260364 0.0281247
0 0.572537 0.0140622 0.0263322 0.0281245
0 0.57894 0.0140621 0.0266415 0.0281243
0 0.585168 0.0140622 0.0265959 0.0281244
0 0.591936 0.0140622 0.0276297 0.0281245
0 0.597839 0.0140622 0.0269301 0.0281244
0 0.603277 0.014062 0.0253053 0.028124
0 0.609805 0.014062 0.0258598 0.028124
0 0.616742 0.0140619 0.0272337 0.0281238
0 0.622238 0.0140612 0.0257258 0.0281223
0 0.628139 0.0140607 0.0250283 0.0281215
0 0.634565 0.0140619 0.02538 0.0281238
0 0.642157 0.0140619 0.0280649 0.0281239
0 0.647509 0.0140619 0.0262681 0.0281239
0 0.653529 0.0140621 0.0258077 0.0281243
0 0.659853 0.0140623 0.0259552 0.0281246
0 0.666176 0.0140623 0.0261037 0.0281247
0 0.672591 0.0140624 0.0264406 0.0281249
0 0.679938 0.0140625 0.0286568 0.0281249
0 0.685368 0.0140625 0.0270028 0.0281249
0 0.693064 0.0140625 0.0299408 0.0281249
0 0.699546 0.0140625 0.0303698 0.028125
0 0.70454 0.0140625 0.0278326 0.028125
0 0.710501 0.0140625 0.0272536 0.028125
0 0.718747 0.0140625 0.0312446 0.028125
0 0.724971 0.0140625 0.0311924 0.0281249
0 0.737279 0.0140624 0.0308078 0.0281248
0 0.747976 0.0140625 0.0272074 0.0281249
0 0.755796 0.0140625 0.0304106 0.028125
0 0.761762 0.0140625 0.0298357 0.028125
0 0.765641 0.0140625 0.0250328 0.028125
0 0.771938 0.0140624 0.0251578 0.0281249
0 0.78016 0.0140624 0.0291656 0.0281248
0 0.790633 0.0140623 0.0250151 0.0281246
0 0.796992 0.0140607 0.0252333 0.0281214
0 0.803128 0.0140516 0.0250057 0.0281032
0 0.809381 0.0140523 0.0250115 0.0281046
0 0.8186 0.0140506 0.0309501 0.0281012
0 0.82833 0.0140623 0.0254108 0.0281247
0 0.835365 0.0140625 0.0269806 0.0281249
0 0.843344 0.0140625 0.0304726 0.0281249
0 0.849312 0.0140625 0.0299026 0.028125
0 0.855191 0.0140625 0.0291367 0.028125
0 0.86114 0.0140625 0.0285305 0.028125
0 0.866315 0.0140625 0.0263813 0.028125
0 0.872961 0.0140625 0.0271809 0.028125
0 0.880969 0.0140625 0.0307098 0.028125
0 0.886387 0.0140625 0.0290284 0.028125
0 0.891945 0.0140625 0.0276428 0.028125
0 0.898799 0.0140625 0.0288507 0.028125
0 0.906124 0.0140625 0.0309982 0.028125
0 0.910941 0.0140625 0.0281328 0.0281249
0 0.916846 0.0140624 0.0274426 0.0281248
0 0.924471 0.0140624 0.0301914 0.0281249
0 0.930325 0.0140624 0.0294006 0.0281249
0 0.93677 0.0140624 0.0297905 0.0281248
0 0.947201 0.0140624 0.0256626 0.0281248
0 0.955809 0.0140625 0.0304941 0.0281249
0 0.961132 0.0140624 0.0285576 0.0281249
0 0.96563 0.0140624 0.0250099 0.0281247
0 0.971891 0.0140618 0.0250763 0.0281236
0 0.980914 0.0140604 0.031921 0.0281207
0 0.985936 0.0140565 0.0281282 0.0281131
0 0.976562 0.0483618 0.046875 0.0967237
0 0.034424 0.0109377 0.0374018 0.0218754
0 0.0593851 0.0109376 0.0374797 0.0218753
0 0.104245 0.0109375 0.0352594 0.021875
0 0.116105 0.0109375 0.0365398 0.0218751
0 0.128463 0.0109377 0.0368232 0.0218755
0 0.148285 0.0109376 0.0346793 0.0218751
0 0.160514 0.0109375 0.0352211 0.021875
0 0.17268 0.0109375 0.0358897 0.0218751
0 0.184417 0.0109375 0.037416 0.0218751
0 0.196889 0.0109375 0.0374723 0.021875
0 0.209383 0.0109375 0.0374841 0.021875
0 0.221905 0.0109375 0.0374391 0.021875
0 0.234446 0.0109375 0.0373586 0.021875
0 0.24693 0.0109375 0.0373901 0.021875
0 0.259419 0.0109375 0.0374117 0.021875
0 0.271884 0.0109375 0.0374826 0.021875
0 0.284388 0.0109375 0.037473 0.021875
0 0.296877 0.0109375 0.0374959 0.021875
0 0.309379 0.0109375 0.037491 0.0218751
0 0.321878 0.0109375 0.0374939 0.0218751
0 0.33438 0.0109376 0.0374907 0.0218752
0 0.346875 0.0109376 0.0374999 0.0218752
0 0.359375 0.0109385 0.0375 0.0218771
0 0.371875 0.0109387 0.0375 0.0218774
0 0.384375 0.0109375 0.0374999 0.021875
0 0.396875 0.0109375 0.0375 0.021875
0 0.409375 0.0109375 0.0374998 0.021875
0 0.421875 0.0109375 0.0375 0.021875
0 0.434373 0.0109375 0.0374966 0.021875
0 0.459465 0.0109375 0.0373192 0.021875
0 0.472086 0.0109375 0.0370775 0.021875
0 0.484462 0.0109375 0.0373258 0.021875
0 0.503678 0.0109375 0.0363934 0.021875
0 0.515839 0.0109375 0.0370712 0.021875
0 0.528618 0.0109375 0.0365149 0.021875
0 0.540629 0.0109375 0.0374922 0.021875
0 0.553127 0.0109375 0.0374956 0.021875
0 0.565625 0.0109375 0.0374995 0.021875
0 0.578126 0.0109375 0.0374987 0.021875
0 0.590626 0.0109375 0.0374985 0.021875
0 0.603125 0.0109375 0.0374996 0.021875
0 0.615625 0.0109375 0.0374997 0.021875
0 0.628125 0.0109375 0.0375 0.021875
0 0.640625 0.0109375 0.0375 0.021875
0 0.653125 0.0109375 0.0375 0.021875
0 0.665625 0.0109375 0.0374999 0.021875
0 0.678125 0.0109375 0.0374998 0.021875
0 0.690627 0.0109375 0.0374956 0.021875
0 0.703129 0.0109375 0.0374912 0.021875
0 0.728355 0.0109375 0.0370401 0.021875
0 0.74065 0.0109375 0.0374493 0.021875
0 0.75322 0.0109375 0.0373095 0.021875
0 0.765627 0.0109375 0.0374966 0.021875
0 0.778126 0.0109375 0.0374988 0.021875
0 0.790625 0.0109375 0.0375 0.021875
0 0.803125 0.0109375 0.0375 0.021875
0 0.815625 0.0109375 0.0375 0.021875
0 0.828125 0.0109375 0.0375 0.021875
0 0.840627 0.0109375 0.0374966 0.021875
0 0.853129 0.0109375 0.0374912 0.021875
0 0.865651 0.0109375 0.0374489 0.021875
0 0.87818 0.0109375 0.0373907 0.021875
0 0.890748 0.0109375 0.0372536 0.021875
0 0.903437 0.0109375 0.0368751 0.021875
0 0.915681 0.0109375 0.037389 0.021875
0 0.928213 0.0109375 0.0373245 0.021875
0 0.940631 0.0109375 0.0374878 0.021875
0 0.953146 0.0109375 0.0374581 0.021875
0 0.965626 0.0109375 0.0374985 0.021875
0 0.978606 0.0109377 0.0365384 0.0218753
0 0.987871 0.0109375 0.0194912 0.021875
0 0.0109375 0.0140679 0.021875 0.0281358
0 0.0187506 0.0141207 0.0312527 0.0282415
0 0.0249494 0.0140796 0.0313513 0.0281591
0 0.0310651 0.0140671 0.0316198 0.0281342
0 0.0374821 0.014087 0.0312859 0.0281739
0 0.0499986 0.0140945 0.0312527 0.028189
0 0.0561848 0.014079 0.0313803 0.028158
0 0.0624842 0.0141833 0.0312816 0.0283666
0 0.0812486 0.0140629 0.0312529 0.0281258
0 0.0874998 0.0140652 0.0312503 0.0281304
0 0.10625 0.0140631 0.03125 0.0281262
0 0.11875 0.014064 0.03125 0.028128
0 0.15625 0.0140627 0.03125 0.0281254
0 0.18125 0.0140625 0.03125 0.028125
0 0.20625 0.0140625 0.03125 0.028125
0 0.2125 0.0140625 0.03125 0.028125
0 0.23125 0.0140625 0.03125 0.028125
0 0.362488 0.0140648 0.0312737 0.0281296
0 0.368356 0.0140629 0.0320383 0.0281258
0 0.374947 0.0140631 0.031357 0.0281263
0 0.384638 0.0140626 0.0369741 0.0281252
0 0.397354 0.0140625 0.0365417 0.028125
0 0.40511 0.0140625 0.0335305 0.028125
0 0.411462 0.0140625 0.0333261 0.028125
0 0.42213 0.0140625 0.036989 0.028125
0 0.434375 0.0140625 0.0375 0.0281251
0 0.443275 0.0140625 0.0322022 0.0281251
0 0.45 0.0140625 0.0312505 0.028125
0 0.456249 0.0140625 0.031251 0.028125
0 0.4625 0.0140625 0.0312502 0.028125
0 0.48125 0.0140625 0.03125 0.028125
0 0.50625 0.0140625 0.03125 0.028125
0 0.51875 0.0140625 0.03125 0.028125
0 0.54375 0.0140625 0.03125 0.028125
0 0.55 0.0140625 0.03125 0.0281251
0 0.60625 0.0140625 0.03125 0.028125
0 0.6125 0.0140625 0.03125 0.028125
0 0.625 0.0140625 0.03125 0.028125
0 0.63125 0.0140625 0.03125 0.028125
0 0.6375 0.0140625 0.03125 0.028125
0 0.65625 0.0140625 0.03125 0.028125
0 0.6625 0.0140625 0.03125 0.028125
0 0.73125 0.0140625 0.03125 0.028125
0 0.7875 0.0140625 0.03125 0.028125
0 0.79375 0.0140625 0.03125 0.028125
0 0.8 0.0140625 0.03125 0.028125
0 0.80625 0.0140625 0.03125 0.028125
0 0.812497 0.0140625 0.0312569 0.028125
0 0.825 0.0140625 0.03125 0.028125
0 0.83125 0.0140625 0.03125 0.028125
0 0.989063 0.0140625 0.021875 0.0281251
0 0.0140625 0.0172046 0.0281251 0.0344091
0 0.13125 0.0171877 0.0312501 0.0343754
0 0.1375 0.0171876 0.0312502 0.0343751
0 0.25625 0.0171875 0.03125 0.034375
0 0.26875 0.0171875 0.03125 0.034375
0 0.275 0.0171875 0.0312501 0.034375
0 0.28125 0.0171875 0.03125 0.034375
0 0.2875 0.0171875 0.03125 0.034375
0 0.293749 0.0171875 0.0312517 0.034375
0 0.299998 0.0171875 0.0312541 0.034375
0 0.306248 0.0171875 0.0312547 0.034375
0 0.312499 0.0171875 0.0312527 0.034375
0 0.318747 0.0171875 0.0312564 0.034375
0 0.324982 0.0171875 0.0312851 0.0343751
0 0.33124 0.0171881 0.0312698 0.0343762
0 0.337498 0.0171876 0.0312549 0.0343752
0 0.343739 0.0171875 0.0312714 0.034375
0 0.349645 0.0171876 0.0319593 0.0343751
0 0.35577 0.0171915 0.0322096 0.034383
0 0.366321 0.0171904 0.0361086 0.0343808
0 0.373192 0.0172053 0.0348653 0.0344106
0 0.39065 0.017188 0.0374494 0.034376
0 0.403395 0.0171876 0.0369606 0.0343753
0 0.41578 0.0171875 0.037191 0.034375
0 0.428125 0.0171875 0.0374994 0.034375
0 0.440953 0.0171875 0.0368448 0.034375
0 0.55625 0.0171875 0.03125 0.034375
0 0.5625 0.0171875 0.03125 0.034375
0 0.56875 0.0171875 0.03125 0.034375
0 0.575 0.0171875 0.03125 0.034375
0 0.58125 0.0171875 0.03125 0.034375
0 0.5875 0.0171875 0.03125 0.034375
0 0.59375 0.0171875 0.03125 0.034375
0 0.6 0.0171875 0.03125 0.034375
