0 0.00781345 0.0109197 0.0156269 0.0218393
0 0.0125003 0.00781251 0.0187529 0.015625
0 0.0186496 0.0109367 0.0310493 0.0218735
0 0.0240037 0.0109016 0.0292575 0.0218031
0 0.035079 0.0130541 0.0264088 0.0261082
0 0.0431112 0.0138612 0.0299737 0.0277224
0 0.0483258 0.0134823 0.0279017 0.0269646
0 0.0535527 0.0128231 0.0258556 0.0256463
0 0.0610764 0.0132597 0.028403 0.0265194
0 0.0657051 0.0131332 0.0251607 0.0262664
0 0.0720088 0.0133366 0.0252708 0.0266731
0 0.0788945 0.0138277 0.0265475 0.0276554
0 0.0849682 0.0138493 0.0261946 0.0276986
0 0.0911428 0.0138863 0.0260387 0.0277727
0 0.0971559 0.013848 0.0255648 0.027696
0 0.103537 0.0138433 0.0258301 0.0276865
0 0.109786 0.0138591 0.025832 0.0277182
0 0.116878 0.0138462 0.0275107 0.0276923
0 0.122929 0.0137627 0.02711 0.0275254
0 0.128925 0.0134237 0.0266017 0.0268474
0 0.13472 0.013276 0.0256915 0.0265519
0 0.140838 0.0134795 0.0254269 0.0269591
0 0.147324 0.0137257 0.0258998 0.0274513
0 0.153691 0.0138483 0.0261364 0.0276965
0 0.159742 0.0138626 0.0257395 0.0277251
0 0.16793 0.0138921 0.0296134 0.0277843
0 0.173875 0.0137689 0.0290014 0.0275379
0 0.178581 0.0133263 0.0259134 0.0266525
0 0.185099 0.013488 0.0264493 0.0269759
0 0.192981 0.0137914 0.0297127 0.0275829
0 0.199074 0.0137473 0.029398 0.0274945
0 0.210122 0.0138201 0.0264958 0.0276401
0 0.216782 0.013975 0.027316 0.02795
0 0.22272 0.0139616 0.0266904 0.0279232
0 0.228965 0.013925 0.0266814 0.0278499
0 0.235758 0.0139106 0.0277659 0.0278212
0 0.240892 0.0137777 0.0255341 0.0275554
0 0.247253 0.0137972 0.0257583 0.0275945
0 0.255602 0.0139387 0.0299551 0.0278774
0 0.261643 0.0136708 0.029537 0.0273416
0 0.265639 0.012497 0.0250288 0.024994
0 0.271921 0.0130716 0.0251033 0.0261432
0 0.278916 0.0139028 0.026614 0.0278055
0 0.284689 0.0139233 0.0256684 0.0278467
0 0.293328 0.0139797 0.0304134 0.0279595
0 0.299508 0.0138839 0.0302675 0.0277679
0 0.309554 0.0128128 0.0253587 0.0256257
0 0.31859 0.0136434 0.0309295 0.0272869
0 0.324564 0.0133792 0.0303786 0.0267583
0 0.335405 0.0133575 0.0270605 0.026715
0 0.342759 0.0138743 0.0292685 0.0277486
0 0.348317 0.0137076 0.0278835 0.0274151
0 0.353203 0.0133146 0.0251565 0.0266291
0 0.359755 0.0136067 0.0257594 0.0272134
0 0.365807 0.01386 0.0253648 0.0277199
0 0.372156 0.0139398 0.0255616 0.0278797
0 0.378863 0.013962 0.0264767 0.0279239
0 0.385425 0.0139018 0.0271004 0.0278036
0 0.390626 0.0134043 0.0250017 0.0268086
0 0.396875 0.0137316 0.025003 0.0274631
0 0.404698 0.0139535 0.0284227 0.027907
0 0.409782 0.0139228 0.0258934 0.0278455
0 0.415735 0.0139029 0.0252261 0.0278058
0 0.422021 0.0139116 0.0253077 0.0278232
0 0.430702 0.0138351 0.0301827 0.0276701
0 0.43735 0.0132115 0.0309785 0.0264229
0 0.446876 0.0113645 0.0749989 0.0227291
0 0.0347187 0.0109378 0.0368125 0.0218755
0 0.0472813 0.0109381 0.0366875 0.0218762
0 0.0598337 0.0109378 0.0365826 0.0218755
0 0.0718787 0.0109378 0.037492 0.0218757
0 0.0843784 0.010939 0.0374932 0.0218779
0 0.0968788 0.0109385 0.0374922 0.0218771
0 0.10938 0.0109389 0.0374895 0.0218778
0 0.121904 0.0109386 0.037442 0.0218773
0 0.134392 0.010938 0.0374666 0.021876
0 0.146882 0.0109385 0.0374858 0.0218769
0 0.159382 0.0109388 0.0374853 0.0218775
0 0.171975 0.0109382 0.0373 0.0218764
0 0.18448 0.0109378 0.037291 0.0218755
0 0.197205 0.0109379 0.0368404 0.0218757
0 0.209551 0.0109377 0.0371478 0.0218754
0 0.222097 0.0109379 0.0370557 0.0218758
0 0.234844 0.0109377 0.0365623 0.0218754
0 0.246927 0.0109377 0.0373969 0.0218753
0 0.259451 0.0109382 0.0373472 0.0218763
0 0.271873 0.0109379 0.0374999 0.0218758
0 0.284375 0.0109401 0.0375002 0.0218801
0 0.296924 0.0109387 0.0374024 0.0218773
0 0.309406 0.0109376 0.0374387 0.0218752
0 0.328244 0.0109375 0.0372618 0.021875
0 0.335011 0.0109375 0.0362283 0.0218751
0 0.347752 0.0109375 0.0357453 0.0218751
0 0.359987 0.0109375 0.0362765 0.021875
0 0.371942 0.0109376 0.0373656 0.0218752
0 0.384622 0.0109376 0.0370054 0.0218752
0 0.394918 0.0109376 0.033759 0.0218752
0 0.403129 0.0111056 0.0374959 0.0222112
0 0.415662 0.0109406 0.037423 0.0218811
0 0.428579 0.0109516 0.0366051 0.0219032
0 0.439394 0.0109936 0.0398802 0.0219871
0 0.450552 0.010764 0.0379457 0.021528
0 0.0109375 0.0140667 0.021875 0.0281334
0 0.01875 0.0140826 0.0312508 0.0281652
0 0.0249764 0.0140648 0.0312973 0.0281296
0 0.0312418 0.014064 0.0312664 0.028128
0 0.0374984 0.0140678 0.0312532 0.0281357
0 0.0562493 0.0140632 0.0312513 0.0281265
0 0.0687471 0.0140635 0.0312558 0.028127
0 0.0749957 0.0140646 0.0312587 0.0281292
0 0.081248 0.0140665 0.031254 0.0281329
0 0.0874968 0.0140652 0.0312563 0.0281304
0 0.0937465 0.0140667 0.0312571 0.0281333
0 0.0999906 0.0140655 0.0312687 0.0281309
0 0.10624 0.01407 0.0312695 0.02814
0 0.112495 0.0140697 0.0312603 0.0281394
0 0.131245 0.0140663 0.0312604 0.0281327
0 0.137495 0.0140689 0.0312592 0.0281377
0 0.14374 0.0140686 0.0312701 0.0281373
0 0.149992 0.0140729 0.0312668 0.0281457
0 0.156244 0.0140742 0.031261 0.0281484
0 0.162491 0.0140726 0.0312679 0.0281453
0 0.181245 0.0140679 0.03126 0.0281359
0 0.187498 0.0140711 0.0312549 0.0281421
0 0.206248 0.0140659 0.0312546 0.0281318
0 0.212499 0.0140697 0.0312521 0.0281394
0 0.243749 0.0140649 0.031252 0.0281299
0 0.249999 0.0140685 0.0312521 0.0281371
0 0.268731 0.0140651 0.0312873 0.0281301
0 0.274975 0.0140728 0.0313003 0.0281456
0 0.281244 0.0141415 0.0312614 0.028283
0 0.287474 0.0140895 0.0313017 0.0281791
0 0.306233 0.0140722 0.0312833 0.0281444
0 0.312488 0.0140868 0.0312749 0.0281737
0 0.331246 0.0140646 0.0312587 0.0281291
0 0.337499 0.0140689 0.0312521 0.0281378
0 0.35625 0.014063 0.0312507 0.0281261
0 0.3625 0.0140634 0.0312506 0.0281268
0 0.36875 0.014063 0.0312508 0.028126
0 0.375 0.0140632 0.0312507 0.0281265
0 0.393744 0.0140625 0.0312626 0.0281251
0 0.399891 0.0140629 0.0314683 0.0281259
0 0.412485 0.0140685 0.0312796 0.028137
0 0.418733 0.0140694 0.0312836 0.0281387
0 0.424976 0.0140748 0.0312977 0.0281496
0 0.443758 0.0141613 0.0312325 0.0283225
0 0.444528 0.0186558 0.0546497 0.0373117
0 0.457158 0.0141043 0.0393545 0.0282087
0 0.459167 0.0192314 0.035265 0.0384628
0 0.0140626 0.0171945 0.0281251 0.034389
0 0.0994141 0.0171878 0.0324217 0.0343755
0 0.105658 0.0171886 0.0324335 0.0343772
0 0.14329 0.0171883 0.0321698 0.0343767
0 0.149531 0.0171895 0.0321874 0.034379
0 0.155832 0.017191 0.032085 0.0343819
0 0.162017 0.0171911 0.0322164 0.0343823
0 0.274098 0.0171885 0.033054 0.0343769
0 0.285312 0.0171924 0.0356265 0.0343849
0 0.398939 0.0171876 0.0333727 0.0343751
0 0.411764 0.0171885 0.0327227 0.0343771
0 0.448825 0.0237218 0.046107 0.0411285
0 0.458406 0.0187349 0.0388723 0.0311968
0 0.461763 0.0224343 0.0320453 0.0448687
0 0.464398 0.0212095 0.0254168 0.0383569
0 0.0109375 0.0225166 0.021875 0.0362452
0 0.0187495 0.0218755 0.031251 0.0375011
0 0.0249989 0.0218752 0.0312522 0.0375004
0 0.0312469 0.0218756 0.0312563 0.0375012
0 0.0374963 0.0218771 0.0312575 0.0375042
0 0.0437445 0.0218757 0.031261 0.0375014
0 0.049998 0.0218752 0.0312541 0.0375005
0 0.0562459 0.0218751 0.0312582 0.0375002
0 0.0624962 0.0218751 0.0312576 0.0375003
0 0.0687131 0.0218753 0.0313238 0.0375006
0 0.0748331 0.0218764 0.0315838 0.0375029
0 0.0809317 0.0218778 0.0318866 0.0375055
0 0.0869328 0.0218774 0.0323844 0.0375048
0 0.0933279 0.0218779 0.0320943 0.0375057
0 0.112244 0.0218823 0.0317612 0.0375146
0 0.118605 0.0218795 0.0315402 0.0375091
0 0.124873 0.0218786 0.0315049 0.0375071
0 0.131091 0.0218799 0.0315672 0.0375099
0 0.137396 0.0218801 0.031457 0.0375102
0 0.168551 0.0219131 0.0316481 0.0375763
0 0.174929 0.0218887 0.0313927 0.0375273
0 0.181173 0.0218949 0.031405 0.0375397
0 0.187466 0.0219037 0.0313178 0.0375574
0 0.193739 0.0218918 0.0312719 0.0375335
0 0.199996 0.0218808 0.0312575 0.0375117
0 0.206242 0.0218821 0.0312658 0.0375141
0 0.212493 0.0218933 0.0312641 0.0375367
0 0.218745 0.0218843 0.0312598 0.0375186
0 0.224997 0.0218808 0.0312564 0.0375117
0 0.231247 0.0218799 0.0312558 0.0375098
0 0.237498 0.0218786 0.0312532 0.0375072
0 0.243746 0.0218781 0.0312571 0.0375063
0 0.249992 0.0218803 0.0312661 0.0375106
0 0.256241 0.0218786 0.0312678 0.0375072
0 0.262482 0.0218768 0.0312869 0.0375037
0 0.268584 0.0218819 0.0315824 0.0375137
0 0.280313 0.0220336 0.033124 0.0378172
0 0.292933 0.0219927 0.0328839 0.0377354
0 0.299661 0.0219056 0.0319274 0.0375613
0 0.305821 0.0219104 0.0321075 0.0375708
0 0.312114 0.0219546 0.0320229 0.0376592
0 0.318698 0.021951 0.0313547 0.037652
0 0.324993 0.0218965 0.0312637 0.0375429
0 0.331237 0.0219017 0.031276 0.0375535
0 0.337497 0.0220302 0.0312564 0.0378104
0 0.343748 0.0219 0.0312544 0.0375501
0 0.349999 0.0218806 0.0312514 0.0375111
0 0.356249 0.021877 0.0312515 0.0375039
0 0.362499 0.0218774 0.0312513 0.0375047
0 0.368749 0.0218765 0.0312529 0.0375029
0 0.374998 0.0218764 0.0312544 0.0375028
0 0.381249 0.0218755 0.0312511 0.0375011
0 0.3875 0.021875 0.0312504 0.0375001
0 0.393742 0.021875 0.0312657 0.0375
0 0.40604 0.0220444 0.0316702 0.0378387
0 0.418708 0.0218793 0.0313346 0.0375085
0 0.424872 0.021881 0.0315065 0.0375119
0 0.431241 0.0218795 0.0312691 0.0375089
0 0.437499 0.0218752 0.0312529 0.0375004
0 0.443756 0.0218448 0.0312387 0.0374395
0 0.459326 0.0247799 0.0375849 0.0316952
0 0.0109375 0.0305112 0.021875 0.03275
0 0.0140625 0.0281365 0.0281251 0.0375229
0 0.0995939 0.0281252 0.0320622 0.0375004
0 0.106073 0.0281252 0.0316041 0.0375004
0 0.143678 0.0281252 0.0313942 0.0375004
0 0.149894 0.0281253 0.031462 0.0375005
0 0.156179 0.0281251 0.0313919 0.0375002
0 0.162415 0.0281251 0.0314201 0.0375002
0 0.274728 0.0281256 0.0317943 0.0375011
0 0.28666 0.0281256 0.03293 0.0375011
0 0.399473 0.028125 0.0323045 0.0375
0 0.412131 0.0281255 0.0319881 0.037501
0 0.450069 0.0362274 0.0436462 0.0415715
0 0.45933 0.0310727 0.0375873 0.0316228
0 0.463315 0.0309375 0.0323428 0.0430321
0 0.467201 0.0298892 0.0299437 0.0380753
0 0.0187496 0.0343752 0.0312508 0.0375004
0 0.0249996 0.034375 0.0312509 0.0375001
0 0.0312491 0.0343751 0.0312517 0.0375002
0 0.0374989 0.0343753 0.0312522 0.0375006
0 0.0437398 0.0343753 0.0312703 0.0375007
0 0.0499904 0.0343753 0.0312693 0.0375007
0 0.0562358 0.0343752 0.0312785 0.0375004
0 0.0624766 0.0343753 0.0312968 0.0375006
0 0.0686668 0.0343752 0.0314163 0.0375005
0 0.0748346 0.0343754 0.0315809 0.0375008
0 0.0809337 0.0343755 0.0318825 0.0375009
0 0.0869569 0.0343756 0.0323363 0.0375013
0 0.0933052 0.0343761 0.0321397 0.0375021
0 0.112451 0.0343755 0.0313486 0.0375009
0 0.118726 0.0343753 0.0312975 0.0375006
0 0.12498 0.0343753 0.0312905 0.0375007
0 0.131223 0.0343753 0.0313038 0.0375007
0 0.137481 0.0343755 0.0312872 0.037501
0 0.168736 0.0343767 0.031278 0.0375033
0 0.174993 0.0343758 0.0312632 0.0375017
0 0.18124 0.034376 0.031269 0.037502
0 0.187493 0.0343769 0.0312646 0.0375038
0 0.193749 0.0343757 0.0312528 0.0375014
0 0.2 0.0343752 0.0312509 0.0375004
0 0.206249 0.0343752 0.0312514 0.0375005
0 0.2125 0.0343754 0.0312509 0.0375008
0 0.21875 0.0343752 0.0312508 0.0375005
0 0.225 0.0343752 0.0312507 0.0375004
0 0.23125 0.0343752 0.0312506 0.0375003
0 0.2375 0.0343751 0.0312504 0.0375002
0 0.243749 0.0343752 0.031252 0.0375004
0 0.249997 0.0343755 0.0312567 0.0375011
0 0.256247 0.0343759 0.0312567 0.0375017
0 0.262492 0.0343756 0.031266 0.0375012
0 0.268705 0.0343765 0.031341 0.037503
0 0.280959 0.0343882 0.031833 0.0375264
0 0.293579 0.0343863 0.0315919 0.0375226
0 0.299919 0.0343802 0.0314115 0.0375104
0 0.30616 0.0343805 0.0314299 0.0375111
0 0.312419 0.034392 0.0314125 0.0375341
0 0.318749 0.0343767 0.0312514 0.0375033
0 0.325 0.034375 0.03125 0.0375001
0 0.33125 0.034375 0.03125 0.0375
0 0.3375 0.034375 0.03125 0.0375001
0 0.34375 0.034375 0.03125 0.0375
0 0.35 0.034375 0.03125 0.0375
0 0.35625 0.034375 0.03125 0.0375
0 0.3625 0.034375 0.03125 0.0375
0 0.36875 0.034375 0.0312501 0.0375
0 0.375 0.034375 0.0312503 0.0375
0 0.38125 0.034375 0.0312501 0.0375001
0 0.3875 0.034375 0.0312501 0.0375
0 0.393749 0.034375 0.0312525 0.0375
0 0.406204 0.0343908 0.0313428 0.0375316
0 0.418736 0.0343754 0.0312775 0.0375008
0 0.424932 0.034376 0.031385 0.037502
0 0.431244 0.0343767 0.0312631 0.0375033
0 0.437499 0.0343751 0.0312523 0.0375002
0 0.443764 0.0341853 0.031223 0.0371206
