0 0.0078125 0.010937 0.015625 0.021874
0 0.0124998 0.0078125 0.0187498 0.015625
0 0.0187483 0.0112121 0.0312466 0.0224241
0 0.0249466 0.0109417 0.0311432 0.0218835
0 0.0350686 0.0136551 0.0263872 0.0273103
0 0.0437498 0.0140411 0.0312496 0.0280823
0 0.0499971 0.0136216 0.0312442 0.0272432
0 0.0617385 0.0139123 0.0297271 0.0278247
0 0.0687363 0.0140585 0.0312226 0.028117
0 0.0749457 0.0140513 0.0311414 0.0281025
0 0.0862753 0.0140575 0.0288007 0.028115
0 0.093749 0.0140616 0.0312481 0.0281232
0 0.0999951 0.0140605 0.0312403 0.0281209
0 0.112285 0.0140613 0.0308206 0.0281225
0 0.11872 0.0140624 0.0311897 0.0281247
0 0.124934 0.0140622 0.0311185 0.0281244
0 0.130394 0.0140618 0.0295386 0.0281237
0 0.137008 0.0140623 0.0302666 0.0281245
0 0.143731 0.0140624 0.0312126 0.0281249
0 0.14993 0.0140623 0.0311102 0.0281246
0 0.162054 0.0140624 0.030359 0.0281248
0 0.167236 0.0140625 0.0282282 0.028125
0 0.173618 0.0140625 0.0284998 0.028125
0 0.180735 0.0140625 0.0302719 0.028125
0 0.187205 0.0140625 0.0307151 0.0281249
0 0.190633 0.0140624 0.0250194 0.0281248
0 0.196884 0.0140621 0.0252065 0.0281242
0 0.205033 0.0140622 0.0324432 0.0281243
0 0.210441 0.0140622 0.0282119 0.0281244
0 0.215673 0.0140622 0.0251144 0.0281245
0 0.221972 0.0140614 0.0252771 0.0281228
0 0.228897 0.0140611 0.026936 0.0281222
0 0.234748 0.0140614 0.0260047 0.0281228
0 0.243491 0.0140599 0.0317621 0.0281197
0 0.249997 0.0140622 0.0312436 0.0281243
0 0.261746 0.0140622 0.0297435 0.0281245
0 0.268319 0.0140625 0.0319267 0.0281249
0 0.274853 0.0140625 0.031215 0.028125
0 0.280259 0.0140625 0.0292988 0.028125
0 0.28687 0.0140625 0.0300014 0.028125
0 0.297147 0.0140625 0.0257556 0.028125
0 0.305654 0.0140625 0.0320519 0.028125
0 0.311416 0.0140625 0.0293583 0.028125
0 0.322364 0.0140624 0.0262191 0.0281249
0 0.330708 0.0140625 0.0312071 0.0281249
0 0.336406 0.0140624 0.0294227 0.0281249
0 0.340853 0.0140624 0.0254751 0.0281248
0 0.347299 0.0140623 0.025921 0.0281246
0 0.35477 0.0140623 0.0283284 0.0281245
0 0.36012 0.0140614 0.0265003 0.0281229
0 0.365875 0.0140608 0.025503 0.0281215
0 0.372382 0.0140609 0.0260219 0.0281218
0 0.379974 0.0140612 0.02871 0.0281224
0 0.38563 0.0140602 0.0275148 0.0281203
0 0.390734 0.0140596 0.0252197 0.0281192
0 0.397208 0.0140595 0.0256702 0.0281189
0 0.404002 0.0140602 0.0267569 0.0281205
0 0.409752 0.0140567 0.0257542 0.0281134
0 0.415761 0.0140515 0.0252714 0.028103
0 0.422066 0.0140529 0.0253835 0.0281058
0 0.429029 0.0140508 0.0268092 0.0281017
0 0.434886 0.0140355 0.0260227 0.0280711
0 0.440639 0.0140041 0.0250283 0.0280083
0 0.446931 0.0140115 0.0251124 0.0280229
0 0.453865 0.014023 0.02648 0.0280461
0 0.459534 0.0139347 0.0253187 0.0278694
0 0.465764 0.0138578 0.0252773 0.0277156
0 0.472086 0.0139384 0.0254219 0.0278769
0 0.478454 0.0139926 0.0256573 0.0279852
0 0.48459 0.0139971 0.0254299 0.0279941
0 0.491642 0.0140071 0.0270349 0.0280142
0 0.497477 0.0139676 0.0262036 0.0279353
0 0.503176 0.0138032 0.0251028 0.0276065
0 0.509543 0.0137448 0.0253365 0.0274895
0 0.515656 0.0137384 0.0250614 0.0274768
0 0.521938 0.0139228 0.025126 0.0278457
0 0.530424 0.0139656 0.0295973 0.0279313
0 0.537348 0.0136921 0.0309458 0.0273842
0 0.548192 0.0128201 0.0398012 0.0256401
0 0.558893 0.013523 0.0281084 0.027046
0 0.565775 0.0139061 0.0254616 0.0278121
0 0.571957 0.0137564 0.0257822 0.0275127
0 0.580558 0.0137101 0.0303153 0.0274203
0 0.58718 0.0130677 0.0311238 0.0261354
0 0.586064 0.0114045 0.0530373 0.022809
0 0.638756 0.0102264 0.0355147 0.0204527
0 0.0355369 0.0109375 0.0351763 0.021875
0 0.0534436 0.0109375 0.0368628 0.021875
0 0.0791271 0.0109375 0.0354958 0.021875
0 0.0859268 0.0109375 0.0343963 0.021875
0 0.105416 0.0109375 0.0329179 0.021875
0 0.154804 0.0109375 0.0341426 0.021875
0 0.166252 0.0109375 0.0362453 0.021875
0 0.178955 0.0109375 0.0358399 0.021875
0 0.185286 0.0109375 0.0356778 0.021875
0 0.196876 0.0109375 0.0374978 0.021875
0 0.209375 0.0109375 0.0374999 0.021875
0 0.221875 0.0109375 0.0375 0.021875
0 0.234375 0.0109375 0.0375 0.021875
0 0.253145 0.0109375 0.0374607 0.021875
0 0.260615 0.0109375 0.03502 0.021875
0 0.272602 0.0109375 0.0360454 0.021875
0 0.286549 0.0109375 0.0331525 0.021875
0 0.2969 0.0109375 0.0374499 0.021875
0 0.309384 0.0109375 0.0374824 0.021875
0 0.321901 0.0109375 0.0374488 0.021875
0 0.334404 0.0109375 0.0374422 0.021875
0 0.34691 0.0109375 0.0374309 0.021875
0 0.359386 0.0109375 0.0374773 0.021875
0 0.371889 0.0109375 0.0374716 0.021875
0 0.384411 0.0109375 0.0374275 0.021875
0 0.396887 0.0109375 0.0374768 0.021875
0 0.409381 0.0109375 0.0374882 0.0218751
0 0.421881 0.0109375 0.0374888 0.021875
0 0.434386 0.0109375 0.0374784 0.0218751
0 0.446876 0.0109375 0.0374983 0.021875
0 0.459375 0.0109376 0.0374993 0.0218751
0 0.471877 0.0109375 0.0374964 0.0218751
0 0.484378 0.0109376 0.0374939 0.0218752
0 0.4969 0.0109376 0.0374492 0.0218751
0 0.509438 0.0109375 0.0373739 0.021875
0 0.521879 0.0109375 0.0374918 0.021875
0 0.540627 0.0109382 0.037496 0.0218764
0 0.549849 0.0151757 0.0440528 0.0303514
0 0.559044 0.0109427 0.0381599 0.0218854
0 0.571692 0.0109671 0.0378022 0.0219341
0 0.578356 0.0110887 0.0372318 0.0221774
0 0.588191 0.0168679 0.044915 0.0337358
0 0.603462 0.0108008 0.0368859 0.0216016
0 0.613132 0.0148849 0.0407317 0.0297698
0 0.618359 0.0131096 0.0383208 0.0262192
0 0.646736 0.0122657 0.0360063 0.0245314
0 0.653951 0.0139601 0.0390236 0.0279203
0 0.853501 0.0149081 0.0391479 0.0298161
0 0.86332 0.0153144 0.0408444 0.0306288
0 0.0109375 0.0140629 0.021875 0.0281258
0 0.01875 0.0140632 0.0312501 0.0281264
0 0.025 0.0140625 0.03125 0.028125
0 0.0312498 0.0140625 0.0312504 0.028125
0 0.0375 0.0140627 0.03125 0.0281253
0 0.05625 0.0140625 0.03125 0.028125
0 0.08125 0.0140626 0.03125 0.0281251
0 0.10625 0.0140627 0.03125 0.0281254
0 0.15625 0.0140625 0.03125 0.028125
0 0.25625 0.0140625 0.03125 0.028125
0 0.29375 0.0140625 0.03125 0.028125
0 0.31875 0.0140625 0.03125 0.0281251
0 0.36875 0.0140626 0.03125 0.0281251
0 0.375 0.0140626 0.03125 0.0281253
0 0.39375 0.0140625 0.03125 0.0281251
0 0.4 0.0140627 0.03125 0.0281253
0 0.4125 0.0140626 0.03125 0.0281251
0 0.41875 0.0140625 0.03125 0.0281251
0 0.425 0.0140626 0.03125 0.0281252
0 0.4375 0.0140625 0.03125 0.0281251
0 0.44375 0.0140625 0.0312502 0.0281251
0 0.45 0.0140627 0.0312503 0.0281253
0 0.4625 0.0140627 0.0312502 0.0281253
0 0.46875 0.0140627 0.0312504 0.0281255
0 0.475 0.0140628 0.0312504 0.0281256
0 0.48125 0.014063 0.0312503 0.0281259
0 0.4875 0.0140632 0.0312503 0.0281263
0 0.5 0.0140627 0.0312501 0.0281253
0 0.50625 0.0140626 0.0312502 0.0281252
0 0.5125 0.0140626 0.0312501 0.0281253
0 0.51875 0.0140626 0.0312502 0.0281251
0 0.525 0.0140626 0.0312504 0.0281253
0 0.540551 0.014063 0.0372419 0.028126
0 0.55479 0.0171874 0.0404127 0.0343747
0 0.559576 0.0140981 0.0370987 0.0281962
0 0.56845 0.0142247 0.0318497 0.0284494
0 0.574512 0.0141647 0.0322273 0.0283294
0 0.593681 0.015015 0.0313734 0.0300301
0 0.595271 0.0190129 0.0532614 0.0380259
0 0.621226 0.0161282 0.0351862 0.0322564
0 0.642928 0.0140565 0.0339397 0.028113
0 0.0140625 0.0171879 0.028125 0.0343757
0 0.16875 0.0171875 0.03125 0.034375
0 0.175 0.0171875 0.03125 0.034375
0 0.18125 0.0171875 0.03125 0.034375
0 0.1875 0.0171875 0.03125 0.034375
0 0.19375 0.0171875 0.03125 0.034375
0 0.2 0.0171875 0.03125 0.034375
0 0.20625 0.0171875 0.0312501 0.034375
0 0.212499 0.0171875 0.0312523 0.034375
0 0.218741 0.0171875 0.0312675 0.034375
0 0.224961 0.0171875 0.0313271 0.034375
0 0.231143 0.0171876 0.0314637 0.0343752
0 0.23703 0.0171876 0.0321908 0.0343752
0 0.243749 0.0171877 0.0312528 0.0343754
0 0.26875 0.0171875 0.03125 0.034375
0 0.275 0.0171875 0.03125 0.034375
0 0.28125 0.0171875 0.03125 0.034375
0 0.2875 0.0171875 0.03125 0.034375
0 0.3 0.0171875 0.03125 0.034375
0 0.30625 0.0171875 0.03125 0.034375
0 0.3125 0.0171875 0.03125 0.034375
0 0.325 0.0171875 0.03125 0.034375
0 0.33125 0.0171875 0.03125 0.034375
0 0.3375 0.0171875 0.03125 0.034375
0 0.34375 0.0171875 0.03125 0.034375
0 0.35 0.0171875 0.03125 0.034375
0 0.35625 0.0171875 0.03125 0.034375
0 0.3625 0.0171875 0.03125 0.034375
0 0.543757 0.0171875 0.0312629 0.0343751
0 0.566888 0.0172157 0.0349743 0.0344314
0 0.598654 0.0236631 0.0465853 0.0412963
0 0.608662 0.0185666 0.0388056 0.0336206
0 0.6161 0.0201828 0.0372431 0.0403656
0 0.0109375 0.0219085 0.021875 0.0374331
0 0.01875 0.021875 0.03125 0.0375
0 0.025 0.021875 0.03125 0.0375
0 0.0312499 0.021875 0.0312501 0.0375
0 0.0375 0.0218751 0.03125 0.0375003
0 0.04375 0.021875 0.03125 0.0375001
0 0.05 0.021875 0.03125 0.0375
0 0.05625 0.021875 0.03125 0.0375
0 0.0625 0.0218752 0.03125 0.0375003
0 0.06875 0.0218751 0.03125 0.0375002
0 0.075 0.021875 0.03125 0.0375001
0 0.08125 0.0218751 0.03125 0.0375001
0 0.0875 0.0218761 0.03125 0.0375023
0 0.09375 0.0218757 0.03125 0.0375014
0 0.1 0.0218752 0.03125 0.0375003
0 0.10625 0.0218753 0.03125 0.0375005
0 0.1125 0.0218767 0.03125 0.0375034
0 0.11875 0.0218753 0.03125 0.0375006
0 0.125 0.0218751 0.03125 0.0375001
0 0.13125 0.021875 0.03125 0.0375001
0 0.1375 0.0218751 0.03125 0.0375002
0 0.14375 0.021875 0.03125 0.0375001
0 0.15 0.021875 0.03125 0.0375
0 0.15625 0.021875 0.03125 0.0375
0 0.1625 0.021875 0.03125 0.0375
0 0.237237 0.0221186 0.0317766 0.0379873
0 0.25 0.0218751 0.03125 0.0375002
0 0.25625 0.021875 0.03125 0.0375001
0 0.2625 0.0218752 0.03125 0.0375004
0 0.29375 0.021875 0.03125 0.0375
0 0.31875 0.021875 0.03125 0.0375
0 0.36875 0.021875 0.03125 0.0375
0 0.375 0.021875 0.0312501 0.0375
0 0.38125 0.021875 0.03125 0.0375
0 0.3875 0.021875 0.03125 0.0375
0 0.39375 0.021875 0.03125 0.0375
0 0.4 0.021875 0.0312501 0.0375
0 0.40625 0.021875 0.03125 0.0375
0 0.4125 0.021875 0.0312501 0.0375
0 0.41875 0.021875 0.0312504 0.0375
0 0.425 0.021875 0.0312508 0.0375
0 0.43125 0.021875 0.0312504 0.0375
0 0.4375 0.021875 0.0312507 0.0375
0 0.443748 0.021875 0.0312532 0.0375
0 0.449989 0.021875 0.0312723 0.0375
0 0.456244 0.0218751 0.0312624 0.0375002
0 0.462488 0.021875 0.0312746 0.0375001
0 0.468743 0.0218751 0.0312641 0.0375002
0 0.47499 0.0218752 0.0312699 0.0375004
0 0.481241 0.0218753 0.0312688 0.0375006
0 0.487494 0.0218753 0.0312626 0.0375006
0 0.493748 0.0218751 0.0312535 0.0375002
0 0.499999 0.021875 0.0312519 0.0375001
0 0.506249 0.021875 0.0312521 0.0375
0 0.512499 0.021875 0.0312515 0.0375
0 0.518748 0.021875 0.0312536 0.0375
0 0.524995 0.021875 0.03126 0.0375001
0 0.531249 0.021875 0.0312513 0.0375
0 0.5375 0.021875 0.0312501 0.0375
0 0.5464 0.0218755 0.0365471 0.037501
0 0.554389 0.0249982 0.0400202 0.0437465
0 0.559381 0.0218856 0.037487 0.0375213
0 0.572736 0.0219196 0.0357786 0.0375892
0 0.580795 0.0220092 0.0321643 0.0377685
0 0.587414 0.0218891 0.0314257 0.0375282
0 0.593768 0.0227815 0.0311922 0.0393129
0 0.619689 0.0234399 0.0332076 0.0404779
0 0.685997 0.0270864 0.0363523 0.0374269
0 0.691618 0.0285143 0.036731 0.0364262
0 0.697985 0.0287661 0.0377882 0.0352728
0 0.704231 0.0287982 0.03679 0.0337608
0 0.710373 0.0278989 0.0380251 0.0366933
0 0.7184 0.0279681 0.0415127 0.0406787
0 0.728998 0.0275536 0.0393391 0.0398225
0 0.740267 0.0276242 0.038335 0.0352968
0 0.747398 0.0287983 0.0391194 0.0369065
0 0.754263 0.0288017 0.037654 0.0341953
0 0.761107 0.0291447 0.0372836 0.0380361
0 0.767521 0.0293682 0.0339567 0.0204124
0 0.923746 0.02887 0.0371868 0.035948
0 0.931207 0.0276613 0.0372368 0.0380279
0 0.941814 0.0269841 0.0349582 0.0220479
0 0.0140625 0.0281256 0.028125 0.0375013
0 0.16875 0.028125 0.03125 0.0375
0 0.175 0.028125 0.03125 0.0375
0 0.18125 0.028125 0.03125 0.0375
0 0.1875 0.028125 0.03125 0.0375
0 0.19375 0.028125 0.03125 0.0375
0 0.2 0.028125 0.03125 0.0375
0 0.20625 0.028125 0.03125 0.0375
0 0.2125 0.028125 0.0312501 0.0375
