0 0.190157 0.0115031 0.027394 0.0230062
0 0.196626 0.0115078 0.0274847 0.0230157
0 0.203002 0.0112185 0.026372 0.022437
0 0.209041 0.0109316 0.0258782 0.0218631
0 0.214434 0.0111093 0.0260285 0.0222187
0 0.277429 0.0102855 0.0259088 0.020571
0 0.282938 0.0113243 0.0271405 0.0226486
0 0.0448578 0.0140077 0.0393076 0.0280154
0 0.0551865 0.0139315 0.0362789 0.0278629
0 0.175931 0.013273 0.0383289 0.0265461
0 0.183079 0.0136731 0.0364275 0.0273462
0 0.1957 0.0131399 0.0384396 0.0262798
0 0.20642 0.0123187 0.0373492 0.0246375
0 0.212846 0.0133771 0.0350839 0.0267542
0 0.224121 0.0140984 0.0416028 0.0281969
0 0.230228 0.0129451 0.0397313 0.0258902
0 0.236459 0.0129687 0.0366205 0.0259374
0 0.242277 0.0136563 0.0389323 0.0273127
0 0.24908 0.0133764 0.0391578 0.0267528
0 0.261394 0.0136423 0.0388513 0.0272846
0 0.269637 0.013867 0.0388827 0.0277341
0 0.278612 0.0136791 0.0377789 0.0273581
0 0.283782 0.01493 0.0374942 0.0298599
0 0.288732 0.0134155 0.0391559 0.0268311
0 0.190663 0.0145392 0.0374745 0.0290784
0 0.203286 0.014477 0.0371816 0.0289539
0 0.255296 0.0157505 0.0380703 0.031501
0 0.177718 0.0180945 0.0369467 0.0361891
0 0.184208 0.0188229 0.0373054 0.0376459
0 0.196934 0.0188387 0.0374229 0.0376774
0 0.209171 0.0190188 0.037352 0.0380376
0 0.220154 0.0186452 0.0369031 0.0372904
0 0.231946 0.0192734 0.0391833 0.0385469
0 0.242159 0.019797 0.0397892 0.0366921
0 0.248914 0.0196008 0.0376165 0.0346878
0 0.260643 0.0201113 0.042098 0.0347645
0 0.269223 0.0204663 0.0417318 0.0357242
0 0.279481 0.0194616 0.0388359 0.0354957
0 0.289909 0.0208888 0.0383739 0.0319374
0 0.171882 0.0257864 0.0381859 0.0422655
0 0.181284 0.0252793 0.0363344 0.0428733
0 0.187759 0.0257612 0.0385975 0.041662
0 0.199791 0.0254964 0.0380198 0.0418967
0 0.211427 0.0261051 0.0389073 0.0410913
0 0.222994 0.0266466 0.0385243 0.0400285
0 0.229652 0.0271816 0.038923 0.0389151
0 0.24163 0.0270348 0.0389096 0.0395968
0 0.253151 0.027587 0.0401015 0.0392939
0 0.262332 0.027721 0.0389185 0.0378135
0 0.269415 0.027312 0.039162 0.0386633
0 0.278815 0.0264954 0.0385479 0.0406837
0 0.288996 0.0277069 0.040758 0.0369608
0 0.295824 0.0295979 0.0396318 0.0373225
0 0.308398 0.0329741 0.0394398 0.0319898
0 0.313786 0.0319964 0.0407915 0.021499
0 0.327556 0.0300652 0.0355426 0.0244412
0 0.447654 0.0263581 0.0368252 0.0400662
0 0.962489 0.0262715 0.0410706 0.0447032
0 0.968558 0.0268812 0.0402721 0.0404165
0 0.974991 0.0268223 0.0413631 0.0381137
0 0.982452 0.0253434 0.0350962 0.039508
0 0.978111 0.028125 0.0437775 0.0479457
0 0.165826 0.0330581 0.0375216 0.0339888
0 0.172894 0.0328015 0.0367448 0.0348295
0 0.183449 0.0320086 0.0361194 0.0324526
0 0.195322 0.0321812 0.038996 0.0320237
0 0.207433 0.0321582 0.0378378 0.0322537
0 0.219799 0.032446 0.0382408 0.0320761
0 0.232771 0.0321668 0.0389286 0.0321688
0 0.245792 0.0324882 0.0380657 0.0323954
0 0.258276 0.0328113 0.0388683 0.0334573
0 0.276159 0.0315776 0.0347286 0.0310894
0 0.282592 0.031908 0.0382605 0.032263
0 0.291205 0.0328751 0.0370473 0.0297941
0 0.322462 0.0370385 0.0304656 0.0297452
0 0.329559 0.0359801 0.0341723 0.0276074
0 0.446692 0.033604 0.0374252 0.0356112
0 0.455374 0.033283 0.0384785 0.0328274
0 0.970799 0.0324476 0.0384192 0.0352495
0 0.977183 0.0316537 0.0375484 0.0375324
0 0.978486 0.0360145 0.0430284 0.0460788
0 0.178488 0.0344633 0.0367385 0.0375698
0 0.190635 0.0349704 0.0374221 0.0383253
0 0.203117 0.0357727 0.0374616 0.0395421
0 0.215609 0.03591 0.037495 0.0395127
0 0.228115 0.0357971 0.0374934 0.0394062
0 0.240634 0.0357373 0.0374956 0.0396767
0 0.253133 0.0355755 0.0374911 0.0388783
0 0.265632 0.0351189 0.037486 0.0388405
0 0.271883 0.0359865 0.037491 0.0407121
0 0.296183 0.035615 0.0363913 0.0388198
0 0.302704 0.0377237 0.038335 0.0373916
0 0.315782 0.0373541 0.037096 0.0318126
0 0.333447 0.0381713 0.0358999 0.0306577
0 0.347449 0.0359879 0.0372872 0.0388816
0 0.464665 0.0369495 0.0375212 0.0377732
0 0.67065 0.0379144 0.0399617 0.0412614
0 0.677154 0.0374913 0.0388172 0.0401107
0 0.174016 0.0411231 0.0338339 0.0384835
0 0.184605 0.0417445 0.0370714 0.0397364
0 0.196914 0.0421063 0.0374662 0.0403117
0 0.209373 0.0418717 0.0374634 0.0396176
0 0.221876 0.0421888 0.0374969 0.0401621
0 0.234377 0.0421762 0.0374912 0.0403749
0 0.246894 0.0422715 0.0374767 0.040735
0 0.259404 0.0415467 0.0374521 0.0393134
0 0.27813 0.0414071 0.0374931 0.0389759
0 0.28438 0.0419091 0.0374927 0.0399309
0 0.290616 0.0410233 0.0374754 0.0381041
0 0.309441 0.040919 0.0374031 0.037352
0 0.32038 0.0414791 0.0342175 0.0355787
0 0.329785 0.0449862 0.0375741 0.03432
0 0.453092 0.0417856 0.0371979 0.0398024
0 0.459445 0.0427971 0.0374954 0.0417664
0 0.173688 0.047852 0.0350843 0.0394134
0 0.184541 0.0488469 0.0372083 0.0414412
0 0.203115 0.0483142 0.0374556 0.0402373
0 0.215605 0.0489157 0.0375003 0.0412593
0 0.228106 0.0485283 0.0374871 0.0404565
0 0.24063 0.048687 0.0375096 0.0408246
0 0.253163 0.0482575 0.0374832 0.0402085
0 0.26567 0.047599 0.0374227 0.0389464
0 0.296914 0.0468946 0.0373881 0.0375091
0 0.303458 0.047098 0.0370812 0.0377571
0 0.317444 0.0470476 0.0342861 0.0378282
0 0.332014 0.0501227 0.037397 0.0332997
0 0.452851 0.0493743 0.0374768 0.0424084
0 0.463477 0.0494943 0.0373404 0.0407545
0 0.486266 0.050619 0.0362917 0.0403195
0 0.178375 0.0537204 0.0369705 0.0385564
0 0.190639 0.0540869 0.0374462 0.0388849
0 0.196886 0.0547628 0.0374984 0.0402264
0 0.209312 0.0549027 0.0374145 0.0398874
0 0.221849 0.0548855 0.0375535 0.0376128
0 0.234369 0.0543566 0.0374905 0.0391181
0 0.246885 0.0542379 0.0374748 0.0395337
0 0.259429 0.0547834 0.0374453 0.0408061
0 0.271973 0.0544688 0.0373395 0.0401873
0 0.278249 0.0540253 0.037286 0.0393003
0 0.284618 0.0536759 0.0370315 0.0386018
0 0.304011 0.0541183 0.0365734 0.0392857
0 0.310193 0.0535659 0.0365931 0.0381591
0 0.3179 0.0539907 0.03439 0.039022
0 0.457988 0.0566861 0.0388633 0.0378631
0 0.465755 0.0567383 0.0381472 0.0348781
0 0.472719 0.058329 0.0415896 0.0355586
0 0.482199 0.0584009 0.0416908 0.0353727
0 0.492321 0.0579524 0.0354572 0.0331438
0 0.499 0.0589695 0.0396074 0.0346707
0 0.504698 0.0585134 0.0395644 0.0319303
0 0.166053 0.0615374 0.0370356 0.040401
0 0.17294 0.0612051 0.03658 0.0408505
0 0.18449 0.0612034 0.0373105 0.0411167
0 0.203127 0.0611052 0.0374927 0.0407982
0 0.215599 0.0610138 0.0374747 0.0405722
0 0.228138 0.0609779 0.0374967 0.0406212
0 0.240655 0.0604724 0.0374864 0.0396147
0 0.253193 0.0606241 0.0374952 0.0398934
0 0.265753 0.059989 0.0373329 0.0386939
0 0.291163 0.0595407 0.0364688 0.0378291
0 0.467533 0.0620952 0.0358259 0.0377418
0 0.508993 0.0619629 0.037253 0.0358266
0 0.178263 0.0660761 0.0372067 0.0381253
0 0.190629 0.0667458 0.037476 0.0394155
0 0.196896 0.0673102 0.0374938 0.0404743
0 0.209372 0.066388 0.0374669 0.0385078
0 0.221874 0.0668793 0.037515 0.0394961
0 0.234395 0.0666479 0.0374783 0.0394698
0 0.246918 0.0664643 0.0374324 0.039146
0 0.259566 0.0664867 0.0372167 0.0392073
0 0.272534 0.0661174 0.0362579 0.0384809
0 0.279413 0.0659275 0.0350385 0.0381018
0 0.285948 0.0658085 0.0343991 0.0378652
0 0.292447 0.0660246 0.0339457 0.0382932
0 0.305129 0.067561 0.0358878 0.0398065
0 0.459072 0.0678328 0.0375254 0.0399592
0 0.467002 0.0687403 0.0374071 0.0353529
0 0.474776 0.0704074 0.0415356 0.0367745
0 0.483449 0.0692115 0.0392742 0.0385799
0 0.490489 0.0679127 0.037982 0.0415679
0 0.496854 0.0675156 0.0374071 0.041196
0 0.503514 0.0678358 0.0381505 0.0417764
0 0.162512 0.0739028 0.0311936 0.0405803
0 0.172525 0.0741881 0.0373534 0.0418825
0 0.184462 0.0741977 0.0373547 0.0421301
0 0.203146 0.0731416 0.0374653 0.0399007
0 0.215603 0.0724192 0.0374296 0.0385605
0 0.228164 0.0730158 0.0374746 0.0395968
0 0.240751 0.0723322 0.0373368 0.0383847
0 0.253498 0.0723043 0.0371507 0.0381745
0 0.266972 0.0720432 0.0351699 0.0377189
0 0.273973 0.0719652 0.0334854 0.037485
0 0.281091 0.0719818 0.0323536 0.0375077
0 0.287052 0.0719594 0.0322554 0.0373886
0 0.298389 0.0736497 0.035143 0.0337475
0 0.464306 0.0740645 0.0360991 0.0409873
0 0.475837 0.0764836 0.040087 0.0395799
0 0.48193 0.0757118 0.0378566 0.0377285
0 0.489792 0.0748288 0.0391586 0.0395766
0 0.166013 0.0802695 0.0372124 0.0373965
0 0.178252 0.078482 0.0372342 0.0378362
0 0.190639 0.0790279 0.0374855 0.0390659
0 0.209394 0.0783988 0.0374636 0.0380266
0 0.221891 0.0788374 0.0374868 0.038892
0 0.234428 0.0790052 0.0374343 0.0392427
0 0.24702 0.0788678 0.0372669 0.0389802
0 0.253626 0.0794726 0.037063 0.0401756
0 0.260009 0.0788857 0.0366171 0.0389787
0 0.267204 0.0791737 0.0350926 0.0395642
0 0.274105 0.0787784 0.0339092 0.0386323
0 0.281911 0.0792178 0.033824 0.0380471
0 0.293181 0.0791671 0.0338202 0.0370603
0 0.45923 0.0802902 0.0374407 0.0404622
0 0.47119 0.0818501 0.0376145 0.0357291
0 0.477481 0.0825991 0.0389765 0.0344841
0 0.483396 0.0811904 0.0362579 0.0330678
0 0.496653 0.0792827 0.0375851 0.0388206
0 0.162065 0.0855299 0.032349 0.03891
0 0.172918 0.0860236 0.0369708 0.0406926
0 0.184703 0.0857108 0.0368751 0.0401647
0 0.19691 0.0851748 0.0374474 0.0390783
0 0.209405 0.0853483 0.0374503 0.0394459
0 0.228166 0.0857559 0.0375082 0.040175
0 0.240712 0.085236 0.0374392 0.0391989
0 0.266157 0.0853769 0.0368776 0.0394248
0 0.46564 0.0858682 0.0376118 0.0398525
0 0.490951 0.0850103 0.0369704 0.0374816
0 0.161255 0.0920011 0.0338893 0.0399765
0 0.178391 0.0909278 0.036967 0.0380694
0 0.190651 0.0915194 0.03746 0.0392775
0 0.203143 0.0917748 0.0374716 0.0397847
0 0.215632 0.0916459 0.0374596 0.0395115
0 0.234411 0.0915955 0.0374663 0.0393375
0 0.246665 0.091219 0.0365764 0.0383783
0 0.254167 0.0921907 0.0377271 0.0399277
0 0.259904 0.0914048 0.0366738 0.0378339
0 0.27211 0.0910594 0.0351768 0.0378539
0 0.279725 0.0926048 0.0372213 0.0412058
0 0.153283 0.0983382 0.0365048 0.0398188
0 0.159435 0.0993587 0.0370103 0.0421632
0 0.165796 0.0993988 0.0374884 0.0414851
0 0.17247 0.0986271 0.0368017 0.0407767
0 0.184459 0.0985292 0.037358 0.0408028
0 0.196887 0.0978484 0.0374757 0.0394148
0 0.20938 0.0980795 0.0374929 0.0398286
0 0.221826 0.0982635 0.0374245 0.0400974
0 0.228141 0.0987275 0.0375607 0.0407839
0 0.240772 0.0977312 0.0374226 0.038766
0 0.246597 0.0988672 0.0366111 0.0336282
0 0.256362 0.100084 0.0382295 0.0341828
0 0.165836 0.106425 0.0373386 0.0370426
0 0.178214 0.103471 0.0373159 0.0380738
0 0.190635 0.10368 0.0374771 0.0385347
0 0.203126 0.104422 0.0374919 0.0399744
0 0.215601 0.104383 0.0374621 0.039815
0 0.234389 0.104048 0.0374839 0.0389355
0 0.153244 0.110268 0.0368503 0.0387396
0 0.159415 0.111389 0.0372703 0.0411136
0 0.172105 0.111236 0.0372508 0.0409911
0 0.184401 0.111249 0.0374669 0.0412416
0 0.196873 0.111632 0.0374907 0.0419871
0 0.209369 0.111186 0.0375012 0.0407587
0 0.221756 0.110131 0.0372866 0.0384988
0 0.228105 0.111352 0.0376028 0.040934
0 0.240586 0.110465 0.0373257 0.0394099
0 0.1656 0.118394 0.03762 0.0405187
0 0.178158 0.116403 0.0374306 0.0389913
0 0.190625 0.11668 0.0374961 0.0393281
0 0.203113 0.116785 0.0374891 0.0387205
0 0.215617 0.117012 0.0375108 0.0399018
0 0.234372 0.1164 0.0374912 0.0384049
0 0.243603 0.116905 0.0317792 0.0357092
0 0.114885 0.125985 0.0399049 0.04282
0 0.1218 0.125874 0.0383004 0.0428715
0 0.129741 0.125812 0.0372871 0.0415716
0 0.138239 0.127118 0.0412026 0.0390888
0 0.146335 0.125931 0.0387042 0.0405461
0 0.152546 0.124663 0.0370775 0.0411718
0 0.15893 0.124914 0.0373211 0.042646
0 0.171869 0.124688 0.0375449 0.0420497
0 0.18438 0.123994 0.0374917 0.0416997
0 0.196876 0.123866 0.0374981 0.041405
0 0.20937 0.123135 0.037489 0.0400005
0 0.22179 0.122542 0.037349 0.0387373
0 0.228126 0.123881 0.0375714 0.0412359
0 0.240182 0.123053 0.036591 0.0397153
0 0.389493 0.128312 0.0371754 0.0373105
0 0.395477 0.126923 0.0366542 0.0376368
0 0.406722 0.125573 0.0377827 0.0394576
0 0.979945 0.127989 0.040109 0.0458672
0 0.989261 0.12571 0.0204176 0.0344617
0 0.10903 0.13389 0.0369307 0.0342755
0 0.116358 0.134571 0.0378769 0.0326987
0 0.122437 0.134048 0.037029 0.0354379
0 0.13186 0.132693 0.037576 0.0322531
0 0.139908 0.132659 0.0389524 0.0333741
0 0.146759 0.132498 0.0379424 0.0345017
0 0.152904 0.131533 0.0372982 0.0338053
0 0.15912 0.131689 0.0373447 0.0347809
0 0.178128 0.129099 0.0374876 0.0390238
