0 0.0078125 0.0109375 0.015625 0.0218749
0 0.0124996 0.0078125 0.0187497 0.015625
0 0.0187146 0.0115841 0.0311792 0.0231682
0 0.0239697 0.0109534 0.0291894 0.0219069
0 0.0351257 0.0139406 0.0265014 0.0278813
0 0.0428926 0.0140508 0.0295402 0.0281016
0 0.0489156 0.0140576 0.029082 0.0281152
0 0.0604764 0.0140618 0.0272047 0.0281236
0 0.0687287 0.0140616 0.0312304 0.0281232
0 0.0749662 0.014062 0.0311824 0.0281239
0 0.0862401 0.0140614 0.0287303 0.0281227
0 0.0932463 0.0140623 0.0302427 0.0281245
0 0.0996433 0.0140623 0.0305367 0.0281246
0 0.106033 0.0140624 0.030817 0.0281248
0 0.112385 0.0140624 0.031023 0.0281247
0 0.122291 0.0140622 0.025977 0.0281244
0 0.130108 0.0140625 0.0295759 0.0281249
0 0.135283 0.0140624 0.0271426 0.0281248
0 0.143731 0.0140624 0.0312397 0.0281248
0 0.149901 0.0140619 0.0310528 0.0281238
0 0.161621 0.0140623 0.0294927 0.0281246
0 0.168665 0.0140624 0.0311582 0.0281249
0 0.174731 0.0140624 0.0307131 0.0281248
0 0.185951 0.0140624 0.0281517 0.0281249
0 0.192564 0.0140625 0.0288887 0.0281249
0 0.198841 0.0140625 0.0289546 0.028125
0 0.205452 0.0140625 0.0296927 0.028125
0 0.211448 0.0140625 0.0291738 0.028125
0 0.217999 0.0140625 0.0298022 0.028125
0 0.224285 0.0140625 0.0299165 0.028125
0 0.230771 0.0140625 0.0303946 0.028125
0 0.236707 0.0140625 0.0297144 0.028125
0 0.248018 0.0140625 0.0274035 0.028125
0 0.255665 0.0140625 0.0303334 0.028125
0 0.261273 0.0140625 0.0289051 0.028125
0 0.267968 0.0140625 0.0297417 0.028125
0 0.274036 0.0140625 0.0293551 0.028125
0 0.28068 0.0140625 0.0301255 0.028125
0 0.286464 0.0140625 0.0291839 0.028125
0 0.290991 0.0140625 0.0257361 0.028125
0 0.298005 0.0140625 0.0273005 0.028125
0 0.305823 0.0140625 0.0306729 0.028125
0 0.311554 0.0140625 0.0294535 0.028125
0 0.317046 0.0140625 0.0278711 0.028125
0 0.323421 0.0140625 0.0281301 0.028125
0 0.330582 0.0140625 0.0299703 0.028125
0 0.336374 0.0140625 0.0290183 0.0281249
0 0.340712 0.0140624 0.025177 0.0281249
0 0.347299 0.0140623 0.0258747 0.0281246
0 0.355119 0.0140624 0.0292108 0.0281247
0 0.36068 0.0140623 0.0277638 0.0281247
0 0.366527 0.0140624 0.0268393 0.0281247
0 0.372783 0.0140623 0.0268686 0.0281246
0 0.379856 0.0140623 0.0285371 0.0281246
0 0.38599 0.0140623 0.0282983 0.0281245
0 0.391226 0.0140623 0.0262141 0.0281246
0 0.397652 0.0140621 0.0265652 0.0281243
0 0.403796 0.0140619 0.0263459 0.0281237
0 0.409959 0.0140613 0.0261722 0.0281227
0 0.415695 0.014061 0.0251398 0.0281221
0 0.42211 0.0140603 0.0254721 0.0281206
0 0.429205 0.0140585 0.0271734 0.0281169
0 0.434782 0.0140576 0.0258261 0.0281153
0 0.440722 0.0140591 0.0252062 0.0281182
0 0.447051 0.0140603 0.0255556 0.0281207
0 0.455176 0.0140621 0.0295614 0.0281242
0 0.460175 0.0140617 0.0266685 0.0281234
0 0.46652 0.0140618 0.0268057 0.0281235
0 0.472313 0.0140617 0.0258827 0.0281234
0 0.478973 0.0140611 0.0267074 0.0281222
0 0.485682 0.0140612 0.0276508 0.0281223
0 0.490627 0.0140608 0.0250048 0.0281217
0 0.496889 0.014055 0.0250413 0.0281099
0 0.503223 0.0140073 0.0252019 0.0280146
0 0.509379 0.0138282 0.0250073 0.0276564
0 0.518478 0.0134845 0.0307051 0.0269691
0 0.524123 0.0109488 0.0294961 0.0218975
0 0.528127 0.0130062 0.0250034 0.0260123
0 0.534427 0.0140221 0.0251034 0.0280442
0 0.543682 0.0140171 0.0311215 0.0280341
0 0.548951 0.0140539 0.0291517 0.0281078
0 0.554007 0.014062 0.0267647 0.0281241
0 0.560915 0.0140623 0.0280803 0.0281246
0 0.56571 0.0140622 0.0251716 0.0281243
0 0.572086 0.0140622 0.0254414 0.0281243
0 0.579792 0.0140624 0.0284769 0.0281248
0 0.585521 0.0140624 0.027399 0.0281248
0 0.593676 0.0140624 0.0312969 0.0281248
0 0.599896 0.0140625 0.0310436 0.0281249
0 0.611805 0.0140624 0.0298626 0.0281248
0 0.617189 0.0140625 0.0281668 0.0281249
0 0.623844 0.0140625 0.029031 0.0281249
0 0.630459 0.0140625 0.0298067 0.028125
0 0.636136 0.0140625 0.0286127 0.028125
0 0.643694 0.0140625 0.0311653 0.028125
0 0.649795 0.0140624 0.0308405 0.0281249
0 0.661933 0.0140624 0.0301187 0.0281249
0 0.665786 0.0140625 0.0253283 0.0281249
0 0.672337 0.0140624 0.0259706 0.0281248
0 0.680648 0.0140624 0.0304522 0.0281248
0 0.686125 0.0140624 0.0286934 0.0281248
0 0.690635 0.0140624 0.0250248 0.0281248
0 0.696919 0.014062 0.0251732 0.0281241
0 0.704622 0.0140618 0.0286871 0.0281236
0 0.710023 0.0140616 0.0265091 0.0281232
0 0.715665 0.0140614 0.0250826 0.0281229
0 0.72191 0.0140577 0.0250694 0.0281155
0 0.728126 0.0136733 0.025002 0.0273466
0 0.734376 0.0124443 0.0250013 0.0248885
0 0.740674 0.0119992 0.0250976 0.0239984
0 0.7469 0.0121324 0.0250506 0.0242647
0 0.753147 0.0135769 0.0250437 0.0271538
0 0.759398 0.0132618 0.0250458 0.0265236
0 0.765627 0.0131806 0.0250047 0.0263613
0 0.771877 0.0129721 0.025004 0.0259442
0 0.778126 0.0123696 0.0250018 0.0247392
0 0.784377 0.0123214 0.0250047 0.0246428
0 0.790731 0.0122809 0.0252124 0.0245618
0 0.796967 0.0123328 0.025184 0.0246656
0 0.803211 0.014021 0.0251726 0.0280421
0 0.809613 0.0140209 0.0254761 0.0280419
0 0.818029 0.0140399 0.0298103 0.0280799
0 0.828679 0.0140621 0.0261093 0.0281243
0 0.835593 0.0140623 0.0274393 0.0281246
0 0.840779 0.0140624 0.0253307 0.0281248
0 0.847098 0.0140624 0.0258835 0.0281248
0 0.855376 0.0140624 0.0304541 0.0281248
0 0.865631 0.0140621 0.025016 0.0281242
0 0.871915 0.0140607 0.0251573 0.0281213
0 0.879012 0.0140612 0.0268334 0.0281224
0 0.88448 0.0140586 0.0252148 0.0281173
0 0.890626 0.0140564 0.0250019 0.0281127
0 0.896877 0.0140475 0.0250038 0.028095
0 0.903169 0.0135894 0.0250881 0.0271788
0 0.909389 0.0130174 0.0250282 0.0260347
0 0.915641 0.0131429 0.0250313 0.0262857
0 0.921878 0.0139031 0.0250053 0.0278062
0 0.928159 0.0140452 0.0250683 0.0280903
0 0.934446 0.0140512 0.0251419 0.0281024
0 0.94298 0.0140373 0.0297203 0.0280746
0 0.947959 0.0140566 0.0271757 0.0281132
0 0.953616 0.0140595 0.0259865 0.028119
0 0.959907 0.0140596 0.0260687 0.0281192
0 0.96605 0.0140583 0.0258823 0.0281165
0 0.972594 0.0140586 0.0268597 0.0281172
0 0.980873 0.0140574 0.0320007 0.0281148
0 0.985936 0.014051 0.0281278 0.0281019
0 0.976562 0.0481359 0.046875 0.0962717
0 0.0344756 0.0109375 0.0372989 0.021875
0 0.0468829 0.0109375 0.0374841 0.021875
0 0.0593914 0.0109375 0.0374672 0.021875
0 0.0659562 0.0109375 0.0368376 0.021875
0 0.0784498 0.0109375 0.0368504 0.021875
0 0.115638 0.0109375 0.0374739 0.021875
0 0.128133 0.0109375 0.0374839 0.0218751
0 0.140816 0.0109375 0.0371189 0.021875
0 0.153168 0.0109375 0.0374139 0.021875
0 0.165652 0.0109375 0.0374466 0.021875
0 0.178144 0.0109375 0.0374614 0.021875
0 0.190629 0.0109375 0.0374914 0.021875
0 0.203136 0.0109375 0.0374773 0.021875
0 0.215713 0.0109375 0.0373235 0.021875
0 0.228254 0.0109375 0.0372426 0.021875
0 0.240682 0.0109375 0.0373859 0.021875
0 0.253174 0.0109375 0.0374029 0.021875
0 0.265769 0.0109375 0.0372112 0.021875
0 0.27854 0.0109375 0.0366707 0.021875
0 0.285144 0.0109375 0.0359626 0.021875
0 0.296973 0.0109375 0.037303 0.021875
0 0.309416 0.0109375 0.0374178 0.021875
0 0.321977 0.0109375 0.0372952 0.021875
0 0.334607 0.0109375 0.0370359 0.021875
0 0.346891 0.0109375 0.0374674 0.021875
0 0.359377 0.0109375 0.037497 0.021875
0 0.371879 0.0109375 0.0374928 0.021875
0 0.38439 0.0109375 0.0374706 0.021875
0 0.396888 0.0109375 0.037474 0.021875
0 0.409378 0.0109375 0.0374947 0.021875
0 0.421875 0.0109375 0.0374992 0.021875
0 0.434375 0.0109375 0.0374994 0.021875
0 0.446875 0.0109375 0.0374998 0.021875
0 0.459375 0.0109375 0.0374997 0.021875
0 0.471881 0.0109375 0.037488 0.021875
0 0.484391 0.0109375 0.0374679 0.021875
0 0.496875 0.0109375 0.0374999 0.021875
0 0.509375 0.0109375 0.0375 0.0218751
0 0.534432 0.0109375 0.0373864 0.021875
0 0.546886 0.0109375 0.0374781 0.021875
0 0.559477 0.0109375 0.0372952 0.021875
0 0.571876 0.0109375 0.0374973 0.021875
0 0.584375 0.0109375 0.0374998 0.021875
0 0.597274 0.0109375 0.0367028 0.021875
0 0.610965 0.0109375 0.034321 0.021875
0 0.622103 0.0109375 0.0370447 0.021875
0 0.634437 0.0109375 0.0373762 0.021875
0 0.64217 0.0109375 0.0344095 0.021875
0 0.654266 0.0109375 0.0352188 0.021875
0 0.661563 0.0109375 0.0331238 0.021875
0 0.671899 0.0109375 0.0374523 0.021875
0 0.684382 0.0109375 0.0374864 0.021875
0 0.696875 0.0109375 0.0374998 0.021875
0 0.709375 0.0109375 0.0375 0.021875
0 0.721875 0.0109375 0.0375 0.021875
0 0.734375 0.0109375 0.0375 0.021875
0 0.746875 0.0109375 0.0375 0.021875
0 0.759375 0.0109375 0.0375 0.021875
0 0.771875 0.0109375 0.0375 0.021875
0 0.784375 0.0109375 0.0375 0.021875
0 0.796875 0.0109375 0.0375 0.021875
0 0.809375 0.0109375 0.0375 0.021875
0 0.821875 0.0109375 0.0374996 0.021875
0 0.834377 0.0109375 0.0374968 0.021875
0 0.846875 0.0109375 0.0374992 0.021875
0 0.859375 0.0109375 0.0374996 0.021875
0 0.871875 0.0109375 0.0375 0.021875
0 0.884375 0.0109375 0.0375 0.021875
0 0.896875 0.0109375 0.0375 0.021875
0 0.909375 0.0109375 0.0375 0.021875
0 0.921875 0.0109375 0.0375 0.021875
0 0.934375 0.0109375 0.0375 0.021875
0 0.946876 0.0109375 0.0374988 0.021875
0 0.959379 0.0109375 0.0374928 0.021875
0 0.971878 0.0109375 0.0374939 0.021875
0 0.978716 0.0109375 0.0363199 0.0218751
0 0.987871 0.0109375 0.0194912 0.021875
0 0.0109375 0.0140625 0.021875 0.028125
0 0.01875 0.0140625 0.03125 0.028125
0 0.025 0.0140625 0.03125 0.028125
0 0.03125 0.0140625 0.03125 0.028125
0 0.05625 0.0140625 0.03125 0.028125
0 0.08125 0.0140625 0.03125 0.028125
0 0.11875 0.0140625 0.03125 0.028125
0 0.15625 0.0140625 0.03125 0.028125
0 0.18125 0.0140625 0.03125 0.028125
0 0.24375 0.0140625 0.03125 0.028125
0 0.41875 0.0140625 0.03125 0.028125
0 0.425 0.0140625 0.03125 0.028125
0 0.49375 0.0140625 0.0312502 0.028125
0 0.5 0.0140625 0.0312504 0.0281251
0 0.50625 0.0140625 0.031251 0.0281251
0 0.525 0.0140625 0.03125 0.028125
0 0.53125 0.0140625 0.0312501 0.028125
0 0.5375 0.0140625 0.03125 0.028125
0 0.60625 0.0140625 0.03125 0.028125
0 0.65625 0.0140625 0.03125 0.028125
0 0.71875 0.0140625 0.03125 0.028125
0 0.725 0.0140625 0.0312504 0.028125
0 0.731236 0.0140625 0.0312786 0.028125
0 0.741121 0.0140625 0.0365085 0.028125
0 0.749215 0.0140625 0.0328199 0.028125
0 0.755531 0.0140625 0.0326878 0.028125
0 0.762291 0.0140625 0.0316678 0.028125
0 0.77202 0.0140625 0.0372107 0.028125
0 0.784399 0.0140625 0.0374525 0.028125
0 0.792394 0.0140625 0.033962 0.028125
0 0.799755 0.0140625 0.0317407 0.028125
0 0.806244 0.0140625 0.031262 0.028125
0 0.8125 0.0140625 0.0312505 0.028125
0 0.825 0.0140625 0.03125 0.028125
0 0.83125 0.0140625 0.03125 0.028125
0 0.8625 0.0140625 0.03125 0.028125
0 0.8875 0.0140625 0.03125 0.028125
0 0.89374 0.0140625 0.0312698 0.028125
0 0.899897 0.0140625 0.031456 0.028125
0 0.906215 0.0140625 0.0313208 0.028125
0 0.912202 0.0140625 0.031847 0.028125
0 0.91794 0.0140625 0.0328703 0.028125
0 0.930807 0.0140625 0.0321362 0.028125
0 0.937486 0.0140625 0.0312778 0.028125
0 0.95625 0.0140625 0.0312504 0.028125
0 0.9625 0.0140626 0.03125 0.0281252
0 0.989063 0.0140691 0.021875 0.0281382
0 0.0140625 0.0171875 0.028125 0.034375
0 0.06875 0.0171875 0.03125 0.034375
0 0.125 0.0171875 0.03125 0.034375
0 0.13125 0.0171875 0.03125 0.034375
0 0.1375 0.0171875 0.0312501 0.034375
0 0.14375 0.0171875 0.03125 0.0343751
0 0.16875 0.0171875 0.03125 0.034375
0 0.19375 0.0171875 0.03125 0.034375
0 0.2 0.0171875 0.03125 0.034375
0 0.20625 0.0171875 0.03125 0.034375
0 0.2125 0.0171875 0.03125 0.034375
0 0.21875 0.0171875 0.03125 0.034375
0 0.225 0.0171875 0.03125 0.034375
0 0.23125 0.0171875 0.03125 0.034375
0 0.2375 0.0171875 0.03125 0.034375
0 0.25 0.0171875 0.03125 0.034375
0 0.25625 0.0171875 0.03125 0.034375
0 0.2625 0.0171875 0.03125 0.034375
0 0.26875 0.0171875 0.03125 0.034375
0 0.275 0.0171875 0.03125 0.034375
0 0.28125 0.0171875 0.03125 0.034375
0 0.2875 0.0171875 0.03125 0.034375
0 0.29375 0.0171875 0.03125 0.034375
0 0.3 0.0171875 0.03125 0.034375
0 0.30625 0.0171875 0.03125 0.034375
0 0.3125 0.0171875 0.03125 0.034375
0 0.31875 0.0171875 0.03125 0.034375
0 0.325 0.0171875 0.03125 0.034375
