0 0.00781262 0.0109357 0.0156252 0.0218713
0 0.0124923 0.00781251 0.0187362 0.015625
0 0.0187344 0.0113667 0.0312187 0.0227334
0 0.0236022 0.0108542 0.0284543 0.0217085
0 0.0352803 0.0137565 0.0268108 0.027513
0 0.0435879 0.0139938 0.0309396 0.0279876
0 0.0492237 0.012942 0.0296975 0.0258839
0 0.0602889 0.013986 0.026828 0.0279721
0 0.0672143 0.0140454 0.0282086 0.0280908
0 0.0727204 0.0140411 0.0267039 0.0280822
0 0.078486 0.0140483 0.0257462 0.0280965
0 0.0854366 0.0140543 0.0271819 0.0281085
0 0.0931324 0.0140529 0.0301894 0.0281057
0 0.0989433 0.0140581 0.0291576 0.0281162
0 0.10348 0.0140573 0.0257125 0.0281146
0 0.110036 0.0140589 0.026325 0.0281178
0 0.11584 0.0140575 0.0254328 0.028115
0 0.122193 0.014056 0.0256428 0.0281121
0 0.128832 0.0140555 0.0264279 0.0281111
0 0.134787 0.0140555 0.0258328 0.0281109
0 0.140779 0.0140565 0.0253173 0.0281131
0 0.147158 0.0140579 0.0256931 0.0281157
0 0.154907 0.0140602 0.0294614 0.0281204
0 0.160357 0.0140602 0.0275757 0.0281203
0 0.16764 0.01406 0.03023 0.0281201
0 0.173546 0.0140616 0.0296824 0.0281231
0 0.180169 0.014062 0.0298385 0.028124
0 0.186184 0.0140619 0.0289786 0.0281238
0 0.191897 0.0140618 0.027805 0.0281236
0 0.198273 0.0140618 0.0284882 0.0281237
0 0.205326 0.014062 0.0298336 0.028124
0 0.211039 0.0140617 0.0284861 0.0281234
0 0.217656 0.0140611 0.0291222 0.0281222
0 0.224116 0.0140608 0.0295483 0.0281217
0 0.230969 0.0140599 0.0307332 0.0281199
0 0.237131 0.0140568 0.0305357 0.0281135
0 0.24852 0.0140544 0.0283739 0.0281088
0 0.255779 0.0140594 0.0303636 0.0281188
0 0.261523 0.0140559 0.0293325 0.0281118
0 0.268371 0.0140519 0.0305113 0.0281037
0 0.274745 0.0140491 0.0307548 0.0280982
0 0.280591 0.0140392 0.0299512 0.0280783
0 0.287146 0.0140401 0.0305639 0.0280802
0 0.292485 0.0140427 0.0287299 0.0280854
0 0.298422 0.014045 0.0281042 0.02809
0 0.304771 0.0140528 0.028299 0.0281056
0 0.311023 0.0140528 0.0283061 0.0281055
0 0.318732 0.0140534 0.0312158 0.0281069
0 0.324865 0.0140081 0.0309804 0.0280161
0 0.336329 0.0140013 0.0289087 0.0280025
0 0.342537 0.0140438 0.0288248 0.0280876
0 0.347953 0.0140316 0.0271561 0.0280633
0 0.353808 0.0140305 0.026367 0.028061
0 0.360712 0.014042 0.0276751 0.028084
0 0.367031 0.0140512 0.0278137 0.0281024
0 0.373611 0.0140551 0.0284762 0.0281101
0 0.379247 0.014057 0.0272461 0.0281141
0 0.385278 0.0140578 0.0268088 0.0281155
0 0.393671 0.0140585 0.0310935 0.028117
0 0.399639 0.0140417 0.0305289 0.0280833
0 0.410379 0.0140149 0.0270088 0.0280297
0 0.415892 0.0140471 0.0255345 0.0280943
0 0.422265 0.0140538 0.0257805 0.0281076
0 0.429217 0.0140576 0.0271859 0.0281152
0 0.434817 0.0140554 0.0258843 0.0281107
0 0.442632 0.0140539 0.0290152 0.0281078
0 0.448565 0.0140473 0.0283796 0.0280945
0 0.453591 0.014021 0.0259314 0.028042
0 0.460254 0.0140271 0.0267572 0.0280542
0 0.46791 0.0140253 0.0295704 0.0280506
0 0.473903 0.0139979 0.0290568 0.0279958
0 0.479608 0.0139258 0.0279655 0.0278515
0 0.486401 0.0139665 0.0290527 0.027933
0 0.492566 0.0140188 0.0288813 0.0280375
0 0.498992 0.0140281 0.0292347 0.0280561
0 0.504209 0.014046 0.0271677 0.0280919
0 0.510765 0.0140578 0.0277821 0.0281157
0 0.517876 0.0140611 0.029504 0.0281222
0 0.523962 0.0140605 0.0291759 0.0281209
0 0.529265 0.0140587 0.0272812 0.0281174
0 0.535811 0.0140594 0.0278718 0.0281187
0 0.542109 0.0140602 0.0279695 0.0281205
0 0.548182 0.0140597 0.0276144 0.0281194
0 0.554223 0.0140586 0.0271965 0.0281173
0 0.56065 0.0140578 0.0275505 0.0281156
0 0.568016 0.0140565 0.0297812 0.0281131
0 0.57422 0.0140529 0.0296893 0.0281058
0 0.585714 0.0140533 0.0276774 0.0281067
0 0.591802 0.0140576 0.0273546 0.0281153
0 0.597816 0.0140584 0.0268824 0.0281167
0 0.604439 0.0140593 0.0276281 0.0281187
0 0.610658 0.0140595 0.0275667 0.028119
0 0.618246 0.0140589 0.0302414 0.0281178
0 0.62421 0.0140536 0.0296709 0.0281073
0 0.636326 0.0140471 0.028903 0.0280941
0 0.641863 0.0140548 0.0274768 0.0281096
0 0.648158 0.0140542 0.0275665 0.0281084
0 0.654218 0.0140556 0.0271869 0.0281111
0 0.66075 0.0140569 0.0277502 0.0281137
0 0.666548 0.0140583 0.0268467 0.0281166
0 0.672657 0.014057 0.0265648 0.0281139
0 0.678865 0.0140578 0.0264805 0.0281155
0 0.685096 0.0140591 0.0264413 0.0281182
0 0.693626 0.0140599 0.0310011 0.0281198
0 0.698989 0.0140459 0.0292271 0.0280918
0 0.71063 0.0140577 0.02751 0.0281154
0 0.717917 0.0140619 0.0295889 0.0281239
0 0.72387 0.0140619 0.0289916 0.0281237
0 0.729106 0.0140618 0.0269632 0.0281236
0 0.735922 0.014062 0.0280952 0.028124
0 0.740866 0.014062 0.0254828 0.0281241
0 0.747292 0.014062 0.0258403 0.0281241
0 0.754508 0.014062 0.0277857 0.0281239
0 0.760201 0.0140618 0.0266646 0.0281237
0 0.766019 0.0140618 0.0257914 0.0281236
0 0.772357 0.0140614 0.0259691 0.0281227
0 0.778677 0.0140612 0.0261081 0.0281225
0 0.785202 0.0140601 0.0266573 0.0281202
0 0.791028 0.0140609 0.0258068 0.0281217
0 0.797492 0.0140601 0.0262344 0.0281202
0 0.803719 0.0140607 0.0261913 0.0281214
0 0.810246 0.0140616 0.0267628 0.0281233
0 0.818439 0.0140618 0.0308357 0.0281236
0 0.824694 0.0140623 0.0306503 0.0281246
0 0.828667 0.0140622 0.0260836 0.0281245
0 0.83551 0.0140621 0.0272701 0.0281241
0 0.840651 0.0140617 0.0250511 0.0281233
0 0.846972 0.0140615 0.0251969 0.028123
0 0.854426 0.014062 0.0276209 0.0281241
0 0.859885 0.0140618 0.0260322 0.0281235
0 0.867913 0.0140619 0.0295792 0.0281238
0 0.878346 0.0140598 0.0254421 0.0281197
0 0.885775 0.0140616 0.0278002 0.0281233
0 0.891276 0.0140621 0.0263107 0.0281241
0 0.89766 0.0140622 0.0265869 0.0281244
0 0.904779 0.0140622 0.0283264 0.0281244
0 0.91037 0.014062 0.0269989 0.028124
0 0.915728 0.0140618 0.0252079 0.0281236
0 0.922158 0.0140616 0.0255785 0.0281231
0 0.929864 0.0140615 0.0285099 0.028123
0 0.935084 0.0140608 0.0264298 0.0281215
0 0.940669 0.0140603 0.0250893 0.0281205
0 0.947004 0.014058 0.0252587 0.028116
0 0.953283 0.0140559 0.0253164 0.0281119
0 0.959508 0.0140551 0.0252665 0.0281102
0 0.966548 0.0140555 0.0268471 0.028111
0 0.972316 0.0140578 0.0258827 0.0281156
0 0.981075 0.0140544 0.0309006 0.0281087
0 0.985937 0.0140286 0.028125 0.0280573
0 0.976562 0.0484336 0.046875 0.0968673
0 0.0345779 0.0109376 0.0370942 0.0218752
0 0.0594854 0.0109375 0.0372793 0.021875
0 0.0718785 0.0109375 0.0374929 0.021875
0 0.0843778 0.0109375 0.0374945 0.0218751
0 0.0968912 0.0109375 0.0374676 0.021875
0 0.109398 0.0109375 0.0374547 0.021875
0 0.121876 0.0109375 0.0374979 0.021875
0 0.134375 0.0109375 0.0374992 0.021875
0 0.146875 0.0109375 0.0374997 0.021875
0 0.153126 0.0109376 0.0374989 0.0218752
0 0.165643 0.0109376 0.0374631 0.0218751
0 0.178171 0.0109375 0.0374075 0.021875
0 0.184496 0.0109375 0.037259 0.0218751
0 0.197087 0.0109376 0.0370764 0.0218751
0 0.209589 0.0109376 0.0370728 0.0218752
0 0.216273 0.0109376 0.0362035 0.0218752
0 0.24116 0.0109375 0.0364304 0.0218751
0 0.253907 0.0109377 0.0359355 0.0218754
0 0.278975 0.0109375 0.0357997 0.0218751
0 0.2917 0.0109375 0.0353498 0.0218751
0 0.303826 0.0109376 0.0360978 0.0218752
0 0.329463 0.0109375 0.0348237 0.021875
0 0.342081 0.0109375 0.0345888 0.021875
0 0.354177 0.0109375 0.0353956 0.021875
0 0.360644 0.0109375 0.0349611 0.021875
0 0.372594 0.0109375 0.0360623 0.021875
0 0.384586 0.0109375 0.0370785 0.0218751
0 0.40344 0.0109375 0.0368709 0.021875
0 0.409927 0.0109375 0.0363952 0.021875
0 0.421886 0.0109375 0.0374784 0.021875
0 0.434382 0.0109375 0.0374851 0.0218751
0 0.447049 0.0109375 0.0371521 0.021875
0 0.459751 0.0109375 0.0367484 0.021875
0 0.472667 0.0109375 0.0359156 0.021875
0 0.484926 0.0109375 0.0363975 0.021875
0 0.497373 0.0109375 0.0365034 0.021875
0 0.509506 0.0109375 0.0372389 0.021875
0 0.52218 0.0109375 0.036891 0.021875
0 0.534716 0.0109375 0.0368181 0.021875
0 0.547082 0.0109375 0.0370855 0.021875
0 0.559616 0.0109375 0.0370182 0.021875
0 0.57226 0.0109375 0.0367289 0.021875
0 0.58451 0.0109375 0.0372295 0.021875
0 0.596944 0.0109375 0.0373611 0.021875
0 0.609463 0.0109375 0.0373236 0.021875
0 0.622094 0.0109375 0.037062 0.021875
0 0.634473 0.0109375 0.0373033 0.021875
0 0.646949 0.0109375 0.0373515 0.021875
0 0.659471 0.0109375 0.037308 0.021875
0 0.671955 0.0109375 0.0373398 0.021875
0 0.684415 0.0109375 0.0374193 0.021875
0 0.691053 0.0109375 0.0366442 0.021875
0 0.703156 0.0109375 0.0374382 0.021875
0 0.715656 0.0109375 0.037438 0.021875
0 0.728276 0.0109375 0.0371986 0.021875
0 0.740653 0.0109375 0.0374438 0.021875
0 0.753137 0.0109375 0.0374762 0.021875
0 0.765629 0.0109375 0.0374926 0.021875
0 0.778128 0.0109375 0.0374941 0.021875
0 0.790626 0.0109375 0.0374979 0.021875
0 0.803126 0.0109375 0.0374983 0.021875
0 0.815635 0.0109375 0.0374792 0.021875
0 0.828189 0.0109375 0.0373722 0.021875
0 0.834881 0.0109375 0.0364884 0.021875
0 0.846879 0.0109375 0.0374924 0.021875
0 0.859375 0.0109375 0.0374998 0.021875
0 0.871894 0.0109375 0.0374616 0.021875
0 0.884436 0.0109375 0.0373785 0.021875
0 0.896882 0.0109375 0.0374865 0.021875
0 0.909391 0.0109375 0.0374672 0.021875
0 0.921881 0.0109375 0.037487 0.021875
0 0.934376 0.0109375 0.0374973 0.021875
0 0.946876 0.0109375 0.0374987 0.021875
0 0.959375 0.0109375 0.0375 0.021875
0 0.971876 0.0109375 0.0374985 0.021875
0 0.987667 0.0109375 0.0191153 0.021875
0 0.0109375 0.0140648 0.021875 0.0281296
0 0.0187505 0.0140643 0.0312511 0.0281287
0 0.025 0.014063 0.03125 0.0281259
0 0.0312434 0.0140625 0.0312631 0.028125
0 0.0562492 0.0140625 0.0312516 0.028125
0 0.10625 0.0140625 0.03125 0.028125
0 0.11875 0.0140625 0.03125 0.028125
0 0.125 0.0140625 0.03125 0.028125
0 0.1375 0.0140625 0.03125 0.028125
0 0.24375 0.0140671 0.03125 0.0281342
0 0.33125 0.0140626 0.03125 0.0281251
0 0.40625 0.0140625 0.03125 0.028125
0 0.41875 0.0140625 0.03125 0.028125
0 0.425 0.0140625 0.03125 0.0281251
0 0.4375 0.0140625 0.03125 0.0281251
0 0.45625 0.0140625 0.03125 0.028125
0 0.58125 0.0140626 0.03125 0.0281253
0 0.63125 0.0140627 0.03125 0.0281254
0 0.70625 0.0140625 0.03125 0.028125
0 0.74375 0.0140625 0.03125 0.028125
0 0.76875 0.0140625 0.03125 0.028125
0 0.775 0.0140625 0.03125 0.028125
0 0.79375 0.0140625 0.03125 0.028125
0 0.8 0.0140625 0.03125 0.028125
0 0.83125 0.0140625 0.03125 0.028125
0 0.84375 0.0140625 0.03125 0.028125
0 0.85 0.0140625 0.03125 0.028125
0 0.875 0.0140625 0.03125 0.0281251
0 0.88125 0.0140625 0.03125 0.028125
0 0.91875 0.0140625 0.03125 0.028125
0 0.925 0.0140625 0.03125 0.0281251
0 0.94375 0.0140625 0.03125 0.028125
0 0.95 0.0140625 0.03125 0.028125
0 0.95625 0.0140625 0.03125 0.028125
0 0.9625 0.0140625 0.03125 0.028125
0 0.975 0.0140625 0.03125 0.028125
0 0.989063 0.0140625 0.021875 0.0281251
0 0.0109375 0.0174696 0.021875 0.0338112
0 0.0307385 0.0171875 0.0322731 0.034375
0 0.0366681 0.0171875 0.0329137 0.034375
0 0.0543614 0.0171875 0.0350272 0.034375
0 0.066715 0.0171875 0.03532 0.034375
0 0.0746091 0.0171875 0.0320318 0.034375
0 0.0811964 0.0171875 0.0313572 0.034375
0 0.0874732 0.0171875 0.0313037 0.034375
0 0.0937473 0.0171875 0.0312553 0.034375
0 0.1428 0.0171875 0.0331504 0.034375
0 0.149243 0.0171875 0.0327636 0.034375
0 0.155891 0.0171875 0.0319687 0.0343751
0 0.16244 0.0171875 0.0313706 0.034375
0 0.168745 0.0171875 0.0312595 0.0343751
0 0.174997 0.0171875 0.0312559 0.034375
0 0.181248 0.0171879 0.0312538 0.0343758
0 0.1875 0.0171878 0.0312506 0.0343756
0 0.19375 0.0171882 0.0312503 0.0343763
0 0.2 0.0171883 0.0312507 0.0343767
0 0.20625 0.0171896 0.031251 0.0343792
0 0.2125 0.0171882 0.0312508 0.0343764
0 0.21875 0.017188 0.0312502 0.0343761
0 0.75 0.0171875 0.03125 0.034375
0 0.75625 0.0171875 0.03125 0.034375
0 0.7625 0.0171875 0.03125 0.034375
0 0.78125 0.0171875 0.0312501 0.034375
0 0.80625 0.0171875 0.0312502 0.034375
0 0.8125 0.0171875 0.0312502 0.034375
0 0.81875 0.0171875 0.03125 0.034375
0 0.825 0.0171875 0.03125 0.034375
0 0.862499 0.0171875 0.0312515 0.034375
0 0.89375 0.0171875 0.03125 0.034375
0 0.9 0.0171875 0.03125 0.034375
0 0.9125 0.0171875 0.03125 0.034375
0 0.9375 0.0171875 0.03125 0.034375
0 0.0140625 0.0218824 0.028125 0.0375147
0 0.0187124 0.021875 0.0313251 0.0375001
