0 0.0102834 0.00888753 0.0201484 0.0177751
0 0.023021 0.0123682 0.0334749 0.0247364
0 0.0287314 0.0121521 0.0322467 0.0243042
0 0.0349982 0.0125081 0.0335123 0.0250161
0 0.0406946 0.0126276 0.0352109 0.0252551
0 0.0471636 0.0124414 0.0345174 0.0248828
0 0.0530378 0.0123457 0.0319964 0.0246913
0 0.0610541 0.0125649 0.0362825 0.0251298
0 0.0679134 0.0115586 0.0318931 0.0231171
0 0.0718524 0.0104546 0.0271923 0.0209092
0 0.0773355 0.0107949 0.0284342 0.0215897
0 0.0862148 0.0116103 0.0310957 0.0232207
0 0.0906216 0.0108822 0.0270839 0.0217643
0 0.10198 0.0110862 0.0301028 0.0221724
0 0.108653 0.0110321 0.0297868 0.0220642
0 0.114926 0.0108493 0.0287858 0.0216985
0 0.121102 0.0105369 0.0271083 0.0210737
0 0.127009 0.0112249 0.0307344 0.0224497
0 0.133825 0.0110209 0.0297342 0.0220417
0 0.139953 0.0109896 0.02929 0.0219792
0 0.146012 0.0107889 0.0296654 0.0215778
0 0.152162 0.0110493 0.0305428 0.0220986
0 0.158804 0.010931 0.0307428 0.021862
0 0.165147 0.0110756 0.0311686 0.0221511
0 0.171334 0.0108403 0.0293946 0.0216806
0 0.178263 0.011523 0.0337818 0.023046
0 0.184888 0.0118215 0.0327852 0.0236431
0 0.192331 0.0120171 0.0321838 0.0240341
0 0.197896 0.0109863 0.0284976 0.0219726
0 0.203566 0.01095 0.0269615 0.0219001
0 0.210104 0.0114762 0.0284339 0.0229524
0 0.215723 0.0114088 0.027939 0.0228175
0 0.222208 0.011264 0.0276319 0.0225279
0 0.228112 0.0112215 0.0269836 0.022443
0 0.233983 0.011478 0.0288286 0.022956
0 0.240605 0.0116494 0.0321531 0.0232989
0 0.247732 0.012034 0.0321702 0.024068
0 0.253482 0.0123355 0.0275942 0.024671
0 0.259895 0.012692 0.0277414 0.025384
0 0.266266 0.0129659 0.0284564 0.0259319
0 0.272358 0.0130335 0.0288633 0.026067
0 0.27869 0.0129841 0.0294775 0.0259682
0 0.284981 0.0128954 0.0288757 0.0257908
0 0.291443 0.0128406 0.0294962 0.0256813
0 0.297805 0.0126549 0.0292373 0.0253098
0 0.303831 0.0124703 0.0278966 0.0249406
0 0.310036 0.0123173 0.027252 0.0246346
0 0.316137 0.0122352 0.0268479 0.0244703
0 0.323632 0.0120362 0.0292318 0.0240725
0 0.328294 0.010911 0.025957 0.021822
0 0.334492 0.0108518 0.0253172 0.0217035
0 0.341084 0.0116916 0.0265158 0.0233832
0 0.347013 0.0111201 0.0259643 0.0222403
0 0.353223 0.0116773 0.0257449 0.0233546
0 0.359358 0.0121715 0.0268127 0.024343
0 0.366118 0.0122147 0.0292813 0.0244295
0 0.37235 0.01241 0.0284301 0.0248199
0 0.378712 0.0130796 0.0275618 0.0261592
0 0.385046 0.0132808 0.0280905 0.0265616
0 0.391952 0.0132196 0.0307778 0.0264391
0 0.398237 0.0130777 0.0291467 0.0261554
0 0.403806 0.0131741 0.0273317 0.0263482
0 0.410401 0.0132696 0.0284105 0.0265393
0 0.416511 0.0132805 0.0295307 0.026561
0 0.422836 0.0132143 0.0292409 0.0264287
0 0.428783 0.0132017 0.0277718 0.0264034
0 0.435274 0.0132564 0.0285806 0.0265127
0 0.441748 0.0129765 0.0282888 0.0259531
0 0.447297 0.0118879 0.0264326 0.0237759
0 0.453431 0.012824 0.0258964 0.025648
0 0.460253 0.0131392 0.0279113 0.0262784
0 0.466881 0.0132593 0.0303976 0.0265187
0 0.473119 0.013095 0.0288071 0.02619
0 0.47871 0.0133994 0.0266995 0.0267988
0 0.485045 0.0135671 0.0271023 0.0271342
0 0.493708 0.0134507 0.03151 0.0269013
0 0.499746 0.0114281 0.0307516 0.0228563
0 0.509534 0.0119629 0.0253187 0.0239258
0 0.515712 0.0135382 0.0251896 0.0270765
0 0.522124 0.0128332 0.0255345 0.0256664
0 0.528171 0.0113064 0.0251135 0.0226127
0 0.534416 0.0121554 0.0251374 0.0243107
0 0.542355 0.0121216 0.0289536 0.0242432
0 0.547942 0.0123289 0.0271612 0.0246578
0 0.553266 0.0134226 0.0252911 0.0268453
0 0.559751 0.0136117 0.0257641 0.0272234
0 0.566529 0.013515 0.0268884 0.02703
0 0.572868 0.0134898 0.0270413 0.0269796
0 0.57857 0.0137779 0.0259165 0.0275557
0 0.584966 0.0138205 0.0262146 0.0276411
0 0.591241 0.0138287 0.0262807 0.0276574
0 0.597551 0.0137559 0.0263904 0.0275118
0 0.603433 0.0136217 0.025629 0.0272435
0 0.609572 0.0135943 0.0254013 0.0271886
0 0.615652 0.013761 0.0250576 0.0275219
0 0.621966 0.0137507 0.0251999 0.0275014
0 0.62853 0.0125904 0.0258919 0.0251808
0 0.634534 0.0114037 0.0253596 0.0228073
0 0.640655 0.0112149 0.025063 0.0224298
0 0.646979 0.0124922 0.0252178 0.0249844
0 0.65357 0.0132781 0.0259535 0.0265561
0 0.659834 0.0137956 0.0260057 0.0275912
0 0.668183 0.0135597 0.0313337 0.0271194
0 0.674462 0.0137733 0.0303339 0.0275466
0 0.67943 0.0139007 0.0276381 0.0278013
0 0.685615 0.0137872 0.0274928 0.0275743
0 0.693701 0.0137746 0.0311651 0.0275492
0 0.699754 0.0133413 0.030766 0.0266825
0 0.705092 0.0129671 0.0289552 0.0259341
0 0.711591 0.0135177 0.0295096 0.0270353
0 0.718674 0.0138774 0.0312588 0.0277548
0 0.724906 0.0139175 0.0311229 0.0278351
0 0.736169 0.0139594 0.028634 0.0279187
0 0.743753 0.0140208 0.0312722 0.0280417
0 0.749997 0.0139332 0.0312453 0.0278664
0 0.761964 0.0138571 0.0301822 0.0277141
0 0.76807 0.0140475 0.0299214 0.028095
0 0.774133 0.0140509 0.0295403 0.0281018
0 0.779432 0.0140563 0.0276444 0.0281125
0 0.786384 0.0140592 0.029101 0.0281183
0 0.793479 0.0140598 0.0308134 0.0281197
0 0.799316 0.014056 0.0298889 0.028112
0 0.811376 0.0140573 0.0290211 0.0281147
0 0.81739 0.014059 0.0285509 0.0281179
0 0.822783 0.0140366 0.0268196 0.0280732
0 0.828373 0.013989 0.0254972 0.0279779
0 0.835651 0.0140403 0.0275665 0.0280806
0 0.840872 0.0140494 0.0254995 0.0280989
0 0.847338 0.0140458 0.0259319 0.0280915
0 0.854059 0.0140465 0.026907 0.028093
0 0.860214 0.0140525 0.0267664 0.0281051
0 0.866998 0.0140538 0.0281101 0.0281077
0 0.872766 0.0140583 0.0275278 0.0281165
0 0.880161 0.0140605 0.0302734 0.0281209
0 0.886096 0.0140595 0.0288833 0.0281191
0 0.891001 0.0140595 0.0259569 0.0281189
0 0.897294 0.0140595 0.0270775 0.0281191
0 0.904823 0.0140603 0.032275 0.0281206
0 0.910624 0.0140602 0.0290483 0.0281204
0 0.916756 0.0140601 0.0280081 0.0281202
0 0.923028 0.0140602 0.0293739 0.0281204
0 0.930357 0.0140611 0.0306011 0.0281222
0 0.936013 0.0140598 0.0285721 0.0281196
0 0.941508 0.0140582 0.0268974 0.0281163
0 0.948134 0.0140581 0.0278593 0.0281162
0 0.955295 0.014059 0.0297379 0.028118
0 0.960937 0.0140547 0.0282822 0.0281094
0 0.966028 0.0140473 0.0258722 0.0280945
0 0.972663 0.014043 0.0269871 0.0280859
0 0.980816 0.0140437 0.0320469 0.0280874
0 0.98593 0.0140141 0.0281391 0.0280282
0 0.976562 0.0452657 0.046875 0.0905313
0 0.00929129 0.0129427 0.0185826 0.0258854
0 0.0146037 0.0107018 0.029157 0.0214037
0 0.0423361 0.0115423 0.036051 0.0230847
0 0.0950084 0.0110421 0.0387419 0.0220841
0 0.115124 0.0111058 0.0377818 0.0222116
0 0.253126 0.0110536 0.0369918 0.0221073
0 0.259493 0.0111601 0.0371499 0.0223202
0 0.271946 0.0112974 0.0374431 0.0225949
0 0.284532 0.0113412 0.0370275 0.0226824
0 0.303362 0.0110674 0.0368809 0.0221347
0 0.31561 0.0111065 0.0371934 0.022213
0 0.334046 0.0110601 0.0367762 0.0221203
0 0.340521 0.0111244 0.0376183 0.0222488
0 0.352902 0.0110233 0.037287 0.0220466
0 0.371861 0.0110079 0.0375025 0.0220158
0 0.384495 0.0110575 0.0373315 0.0221151
0 0.391108 0.0112004 0.0368683 0.0224008
0 0.397519 0.0110979 0.0364138 0.0221959
0 0.410035 0.011046 0.0362489 0.022092
0 0.422421 0.0110524 0.036548 0.0221048
0 0.434724 0.0110818 0.0368417 0.0221636
0 0.441026 0.0110126 0.0367054 0.0220251
0 0.453084 0.0110046 0.0371327 0.0220092
0 0.459443 0.0111463 0.0373411 0.0222926
0 0.465816 0.0110928 0.0372633 0.0221856
0 0.472224 0.011009 0.0368965 0.0220179
0 0.484607 0.0110644 0.0370005 0.0221288
0 0.509462 0.0109451 0.0372768 0.0218902
0 0.521876 0.0110355 0.0374941 0.022071
0 0.53426 0.0109573 0.0373815 0.0219146
0 0.55312 0.0109389 0.0374821 0.0218777
0 0.565633 0.0109482 0.0374845 0.0218964
0 0.578136 0.0109393 0.0374784 0.0218786
0 0.590645 0.0109441 0.0374609 0.0218882
0 0.603137 0.0109404 0.0374758 0.0218808
0 0.615601 0.0109404 0.037452 0.0218807
0 0.628126 0.0109442 0.0374973 0.0218884
0 0.640624 0.010938 0.0374956 0.021876
0 0.653126 0.010939 0.037497 0.0218781
0 0.665751 0.0109422 0.0372532 0.0218845
0 0.672394 0.0109384 0.0364662 0.0218768
0 0.685402 0.0109384 0.0354465 0.0218768
0 0.703329 0.0109378 0.0370922 0.0218756
0 0.728547 0.0109378 0.036655 0.0218756
0 0.735377 0.0109379 0.0354952 0.0218758
0 0.754926 0.0109375 0.0338973 0.021875
0 0.780165 0.0109378 0.0334201 0.0218756
0 0.786267 0.010938 0.0337175 0.021876
0 0.793185 0.0109382 0.0323814 0.0218764
0 0.805283 0.0109375 0.0331833 0.0218751
0 0.816548 0.0109376 0.0356533 0.0218752
0 0.822887 0.0109377 0.0354751 0.0218753
0 0.834447 0.0109376 0.0373558 0.0218751
0 0.846876 0.0109375 0.0374977 0.021875
0 0.859378 0.0109375 0.0374945 0.021875
0 0.871878 0.0109375 0.0374942 0.021875
0 0.87814 0.0109375 0.0374695 0.0218751
0 0.884402 0.0109375 0.0374474 0.0218751
0 0.89692 0.0109376 0.0374092 0.0218751
0 0.903209 0.0109381 0.0373337 0.0218761
0 0.915898 0.0109378 0.0369537 0.0218756
0 0.928736 0.0109384 0.0362795 0.0218768
0 0.934908 0.010938 0.0364349 0.021876
0 0.941427 0.0109381 0.0358963 0.0218763
0 0.954185 0.01094 0.0353813 0.02188
0 0.966187 0.0109382 0.0363756 0.0218765
0 0.980934 0.0109509 0.0320099 0.0219019
0 0.987949 0.0109375 0.0196417 0.021875
0 0.0109014 0.0149562 0.0218027 0.0299125
0 0.0192692 0.0150259 0.0328647 0.0300519
0 0.067829 0.0142803 0.0332697 0.0285606
0 0.0783299 0.0143698 0.0370901 0.0287397
0 0.0850742 0.0144273 0.0361334 0.0288545
0 0.0968809 0.0145221 0.037476 0.0290443
0 0.10942 0.0147029 0.0374137 0.0294058
0 0.121922 0.0142186 0.0373708 0.0284372
0 0.128272 0.0145274 0.0373704 0.0290548
0 0.134573 0.0142006 0.037146 0.0284012
0 0.141014 0.014214 0.0367486 0.0284281
0 0.153407 0.0143552 0.03701 0.0287105
0 0.166002 0.014934 0.0367891 0.029868
0 0.172388 0.0144005 0.0364582 0.028801
0 0.199064 0.0142838 0.0333077 0.0285676
0 0.210587 0.0147544 0.0352105 0.0295087
0 0.222268 0.0142751 0.036778 0.0285501
0 0.22875 0.0141592 0.0362809 0.0283184
0 0.254598 0.0142441 0.0346022 0.0284882
0 0.261414 0.0145502 0.0335643 0.0291005
0 0.26788 0.014338 0.0331164 0.0286761
0 0.305573 0.0141973 0.0326368 0.0283945
0 0.31161 0.0142477 0.0330747 0.0284953
0 0.317501 0.0142634 0.0337693 0.0285269
0 0.323723 0.0143351 0.0338449 0.0286702
0 0.334654 0.0144092 0.0369436 0.0288184
0 0.347277 0.0141209 0.0366985 0.0282417
0 0.35961 0.0141388 0.0370386 0.0282777
0 0.366417 0.0142148 0.0359434 0.0284296
0 0.372901 0.0141401 0.0354615 0.0282802
0 0.379448 0.0142525 0.0349022 0.028505
0 0.386508 0.0142498 0.0332976 0.0284996
0 0.405929 0.0141152 0.0319009 0.0282304
0 0.443479 0.0140831 0.0317978 0.0281661
0 0.449336 0.0141912 0.0326011 0.0283824
0 0.455622 0.0141206 0.0325121 0.0282411
0 0.462068 0.0141685 0.0321461 0.0283369
0 0.480884 0.0140756 0.0319828 0.0281512
0 0.499982 0.014081 0.0312982 0.0281619
0 0.50604 0.0140663 0.0316696 0.0281325
0 0.512328 0.0141205 0.0315951 0.0282411
0 0.518578 0.0140657 0.0315933 0.0281314
0 0.524628 0.0140697 0.0319941 0.0281393
0 0.53452 0.01407 0.0372095 0.0281399
0 0.54201 0.0140712 0.0347319 0.0281423
0 0.549404 0.0140642 0.0324429 0.0281283
0 0.555685 0.0140638 0.0323805 0.0281276
0 0.562355 0.0140665 0.0315401 0.0281329
0 0.568692 0.0140633 0.0313657 0.0281267
0 0.574909 0.0140634 0.0314319 0.0281268
0 0.581166 0.0140636 0.0314177 0.0281271
0 0.587465 0.014064 0.0313201 0.028128
0 0.593737 0.0140632 0.0312751 0.0281263
0 0.599989 0.0140631 0.0312726 0.0281263
0 0.60623 0.0140628 0.0312901 0.0281257
0 0.612405 0.0140636 0.0314392 0.0281272
0 0.624569 0.0140628 0.0321127 0.0281257
0 0.630898 0.0140627 0.0319546 0.0281253
0 0.641058 0.0140632 0.0366333 0.0281264
0 0.654352 0.0140762 0.0350464 0.0281525
0 0.661643 0.0140668 0.0329639 0.0281335
0 0.731246 0.0141233 0.0312574 0.0282466
0 0.75625 0.0140705 0.0312508 0.0281409
0 0.80625 0.0140626 0.03125 0.0281253
0 0.83125 0.0140625 0.03125 0.028125
0 0.84375 0.0140625 0.03125 0.028125
0 0.85 0.0140625 0.0312502 0.028125
0 0.0145318 0.017802 0.0290637 0.035604
0 0.0249762 0.017451 0.0328937 0.0349019
0 0.0307588 0.0172626 0.032442 0.0345252
0 0.0366629 0.0174304 0.0332479 0.0348607
0 0.0426299 0.0174342 0.0339133 0.0348684
0 0.0491514 0.0174145 0.0335108 0.0348289
0 0.0607252 0.0175128 0.0349343 0.0350256
0 0.0723368 0.0180663 0.0366648 0.0361325
0 0.0844879 0.0177937 0.0372968 0.0355874
0 0.103133 0.0181696 0.037497 0.0363393
0 0.115638 0.0178775 0.0374826 0.0357549
0 0.128202 0.0184866 0.0374797 0.0369732
0 0.134456 0.0178563 0.0373701 0.0357127
