0 0.00781263 0.0109362 0.0156253 0.0218723
0 0.0124922 0.0078125 0.0187655 0.015625
0 0.01875 0.0120119 0.0312501 0.0240239
0 0.0249998 0.0109433 0.0312495 0.0218866
0 0.0373821 0.013306 0.0310142 0.026612
0 0.0435501 0.0140379 0.030851 0.0280758
0 0.0490594 0.0140102 0.029369 0.0280204
0 0.061405 0.0140584 0.0290651 0.0281168
0 0.0687408 0.014061 0.031245 0.028122
0 0.0748784 0.0140578 0.0310068 0.0281157
0 0.0857659 0.0140572 0.0277819 0.0281144
0 0.0918308 0.0140616 0.0274139 0.0281233
0 0.0987349 0.0140619 0.028757 0.0281238
0 0.105596 0.0140621 0.0300754 0.0281241
0 0.111741 0.0140621 0.0301545 0.0281241
0 0.121837 0.01406 0.0252924 0.02812
0 0.129935 0.0140578 0.0305889 0.0281155
0 0.140631 0.0140384 0.0250128 0.0280767
0 0.146902 0.0132614 0.0250542 0.0265229
0 0.153126 0.0109447 0.0250013 0.0218893
0 0.159376 0.0109383 0.0250012 0.0218766
0 0.165644 0.0109312 0.0250393 0.0218623
0 0.171902 0.0109292 0.0250546 0.0218585
0 0.178125 0.0105342 0.0250005 0.0210683
0 0.184376 0.0111658 0.025002 0.0223316
0 0.19356 0.0109966 0.0309243 0.0219933
0 0.19839 0.0119321 0.0280416 0.0238641
0 0.203836 0.0140575 0.0264236 0.028115
0 0.210371 0.0140599 0.0269971 0.0281198
0 0.217282 0.0140612 0.028489 0.0281224
0 0.224137 0.014062 0.0302729 0.028124
0 0.230507 0.0140623 0.030655 0.0281246
0 0.236137 0.0140623 0.0288794 0.0281246
0 0.246816 0.0140619 0.0257923 0.0281238
0 0.254744 0.0140617 0.032661 0.0281234
0 0.260526 0.0140615 0.0288003 0.0281231
0 0.266012 0.0140615 0.0259811 0.0281229
0 0.272128 0.0140611 0.0262378 0.0281222
0 0.280383 0.0140613 0.030647 0.0281227
0 0.285578 0.0140606 0.0278649 0.0281212
0 0.29342 0.01406 0.0307173 0.02812
0 0.299662 0.0140595 0.0306389 0.028119
0 0.305058 0.0140557 0.0289024 0.0281114
0 0.312024 0.0140559 0.0303273 0.0281117
0 0.31833 0.0140567 0.0304347 0.0281134
0 0.32466 0.0140571 0.0306044 0.0281143
0 0.330806 0.0140577 0.0304147 0.0281154
0 0.336937 0.0140582 0.0302221 0.0281164
0 0.343603 0.01406 0.0310347 0.0281199
0 0.34987 0.01406 0.0310231 0.02812
0 0.355544 0.0140579 0.0298664 0.0281158
0 0.362135 0.0140587 0.030545 0.0281173
0 0.373527 0.01406 0.0284377 0.0281201
0 0.380828 0.0140614 0.0305365 0.0281228
0 0.386847 0.0140606 0.0300452 0.0281212
0 0.390867 0.0140584 0.0255486 0.0281169
0 0.39753 0.0140563 0.0267701 0.0281127
0 0.40509 0.0140588 0.0301708 0.0281176
0 0.41092 0.0140545 0.0287665 0.028109
0 0.415636 0.0140479 0.0250413 0.0280958
0 0.421923 0.0139776 0.0253716 0.0279552
0 0.428759 0.0139348 0.0267181 0.0278695
0 0.434504 0.0138589 0.0253971 0.0277178
0 0.441216 0.0140043 0.0262402 0.0280086
0 0.447732 0.0140169 0.0268135 0.0280339
0 0.453895 0.0140237 0.026675 0.0280473
0 0.460006 0.0140239 0.0264486 0.0280478
0 0.467968 0.0140012 0.0311562 0.0280025
0 0.474193 0.0140438 0.0301434 0.0280876
0 0.479352 0.0140514 0.0274794 0.0281029
0 0.485535 0.0140453 0.027336 0.0280907
0 0.492096 0.0140415 0.027963 0.0280829
0 0.498577 0.0140509 0.0284695 0.0281019
0 0.505046 0.0140548 0.0289278 0.0281096
0 0.511164 0.0140533 0.0286351 0.0281067
0 0.51666 0.0140508 0.027131 0.0281015
0 0.52319 0.0140534 0.027788 0.0281068
0 0.530251 0.0140566 0.0294537 0.0281132
0 0.536224 0.0140545 0.0288298 0.028109
0 0.541375 0.0140514 0.0265724 0.0281027
0 0.547913 0.0140504 0.027211 0.0281008
0 0.554552 0.0140516 0.0279892 0.0281032
0 0.560623 0.0140438 0.0275819 0.0280877
0 0.566245 0.0140374 0.0262864 0.0280747
0 0.572713 0.0140404 0.0267624 0.0280807
0 0.579718 0.014044 0.0283052 0.0280881
0 0.585682 0.0140372 0.0276907 0.0280744
0 0.590985 0.0140324 0.0257496 0.0280647
0 0.597458 0.0140299 0.0262301 0.0280599
0 0.604184 0.0140329 0.0271926 0.0280658
0 0.610127 0.0140161 0.0265489 0.0280323
0 0.61614 0.0140097 0.0260516 0.0280193
0 0.622482 0.0140136 0.0262446 0.0280273
0 0.629124 0.0140131 0.02703 0.0280262
0 0.635142 0.0140011 0.0265577 0.0280022
0 0.641111 0.0139959 0.0259865 0.0279918
0 0.647459 0.013994 0.0261833 0.0279881
0 0.653772 0.0139836 0.0263062 0.0279673
0 0.659926 0.0139545 0.0261105 0.0279089
0 0.666014 0.0139338 0.025784 0.0278677
0 0.672351 0.0139541 0.0259606 0.0279083
0 0.678889 0.0139668 0.0265366 0.0279336
0 0.684918 0.0139538 0.0260918 0.0279076
0 0.691341 0.0139448 0.0264351 0.0278896
0 0.697558 0.0139048 0.0263669 0.0278096
0 0.703306 0.0137748 0.0253626 0.0275496
0 0.70969 0.0136618 0.0256302 0.0273236
0 0.715773 0.013651 0.0252956 0.027302
0 0.722088 0.0137907 0.0254261 0.0275813
0 0.728794 0.0138081 0.0263392 0.0276162
0 0.735545 0.0136697 0.0273409 0.0273395
0 0.740626 0.0124458 0.0250015 0.0248915
0 0.746864 0.0133072 0.0249901 0.0266144
0 0.753839 0.0136518 0.0277069 0.0273036
0 0.759895 0.013795 0.0265816 0.02759
0 0.765855 0.0137843 0.0255092 0.0275685
0 0.772091 0.013758 0.0255197 0.027516
0 0.779744 0.0135856 0.0283864 0.0271713
0 0.786699 0.0131166 0.0297629 0.0262332
0 0.793821 0.0123342 0.0648503 0.0246684
0 0.0545162 0.0109375 0.0347175 0.021875
0 0.0802412 0.0109375 0.0332677 0.021875
0 0.0910397 0.0109375 0.0366706 0.021875
0 0.0976513 0.0109375 0.0359473 0.021875
0 0.104032 0.0109375 0.0356863 0.021875
0 0.11062 0.0109375 0.0350093 0.021875
0 0.121882 0.0109375 0.0374858 0.021875
0 0.134375 0.0109376 0.0374999 0.0218752
0 0.146875 0.0109376 0.0375 0.0218753
0 0.159375 0.0109375 0.0375 0.021875
0 0.171875 0.0109375 0.0375 0.021875
0 0.184375 0.0109375 0.0375 0.021875
0 0.209385 0.0109375 0.0374807 0.021875
0 0.221899 0.0109375 0.0374521 0.021875
0 0.234443 0.0109375 0.0373636 0.021875
0 0.246879 0.0109375 0.0374921 0.021875
0 0.259376 0.0109375 0.0374978 0.021875
0 0.27188 0.0109375 0.0374908 0.0218751
0 0.284381 0.0109376 0.0374874 0.0218752
0 0.290983 0.0109376 0.0367846 0.0218752
0 0.303588 0.0109375 0.0365747 0.0218751
0 0.328947 0.0109375 0.0358565 0.0218751
0 0.342222 0.0109376 0.0343064 0.0218751
0 0.366531 0.0109375 0.035689 0.0218751
0 0.37964 0.0109377 0.03447 0.0218753
0 0.390912 0.0109376 0.0369253 0.0218752
0 0.403434 0.0109398 0.0368814 0.0218796
0 0.415632 0.0109376 0.0374849 0.0218752
0 0.428128 0.0109418 0.0374939 0.0218835
0 0.440625 0.0109379 0.0374994 0.0218759
0 0.453127 0.0109382 0.0374962 0.0218764
0 0.465681 0.0109383 0.0373892 0.0218765
0 0.478277 0.0109375 0.0371962 0.0218751
0 0.485288 0.0109376 0.0356742 0.0218752
0 0.497749 0.0109378 0.0357516 0.0218755
0 0.504052 0.0109378 0.0356457 0.0218756
0 0.51043 0.0109378 0.0353909 0.0218756
0 0.522391 0.0109378 0.0364689 0.0218757
0 0.528889 0.0109383 0.0359726 0.0218766
0 0.541183 0.0109379 0.0363852 0.0218758
0 0.553646 0.0109387 0.0364586 0.0218773
0 0.565841 0.0109379 0.037069 0.0218759
0 0.578408 0.0109391 0.0369344 0.0218781
0 0.590803 0.0109381 0.0371435 0.0218763
0 0.603301 0.0109405 0.0371487 0.021881
0 0.615726 0.0109386 0.0372983 0.0218771
0 0.628251 0.0109397 0.0372481 0.0218794
0 0.640751 0.0109388 0.0372491 0.0218776
0 0.653258 0.0109394 0.0372341 0.0218788
0 0.665714 0.0109387 0.037323 0.0218774
0 0.678218 0.0109398 0.0373139 0.0218796
0 0.690789 0.010939 0.0371721 0.0218779
0 0.703328 0.010938 0.0370948 0.021876
0 0.715699 0.0109381 0.0373529 0.0218761
0 0.728239 0.0109392 0.0372728 0.0218784
0 0.742279 0.0109383 0.0342096 0.0218765
0 0.752767 0.012518 0.0382729 0.025036
0 0.759277 0.0109581 0.0377048 0.0219162
0 0.771891 0.010969 0.0374205 0.0219381
0 0.778526 0.0110264 0.036778 0.0220528
0 0.791297 0.0167923 0.0511069 0.0335846
0 0.803626 0.0111742 0.0384465 0.0223483
0 0.811939 0.0140837 0.0378229 0.0281674
0 0.0109375 0.0140626 0.021875 0.0281253
0 0.025 0.0140629 0.03125 0.0281258
0 0.0312499 0.0140626 0.0312502 0.0281252
0 0.05625 0.0140626 0.03125 0.0281252
0 0.08125 0.0140625 0.03125 0.028125
0 0.1375 0.014063 0.0312505 0.028126
0 0.143724 0.0140625 0.0313013 0.0281251
0 0.149952 0.0140629 0.0313466 0.0281257
0 0.159375 0.0140625 0.0374996 0.028125
0 0.171877 0.0140625 0.0374958 0.028125
0 0.184391 0.0140625 0.0374682 0.028125
0 0.193717 0.0140625 0.0313161 0.028125
0 0.199998 0.0140625 0.0312541 0.028125
0 0.437481 0.0140644 0.0312888 0.0281287
0 0.443723 0.0140662 0.0313045 0.0281324
0 0.593749 0.0140737 0.0312526 0.0281473
0 0.599998 0.0140838 0.0312541 0.0281676
0 0.618746 0.0140757 0.0312573 0.0281514
0 0.624996 0.0140817 0.0312576 0.0281634
0 0.643746 0.0140746 0.031257 0.0281492
0 0.649997 0.0140769 0.0312566 0.0281539
0 0.656247 0.0140737 0.0312551 0.0281473
0 0.662496 0.0140719 0.0312571 0.0281439
0 0.668745 0.0140706 0.0312602 0.0281413
0 0.674995 0.0140736 0.0312599 0.0281471
0 0.687496 0.0140748 0.0312586 0.0281496
0 0.693747 0.0140715 0.0312555 0.028143
0 0.699998 0.014069 0.031254 0.028138
0 0.706247 0.0140651 0.0312551 0.0281301
0 0.712498 0.0140658 0.031255 0.0281316
0 0.718745 0.0140648 0.0312591 0.0281296
0 0.724996 0.0140657 0.0312584 0.0281315
0 0.731249 0.0140657 0.0312529 0.0281314
0 0.743567 0.0140628 0.0316156 0.0281255
0 0.757965 0.016748 0.0350708 0.0334959
0 0.762048 0.0141081 0.032155 0.0282162
0 0.768525 0.0141518 0.0317006 0.0283036
0 0.774733 0.0141764 0.0317869 0.0283528
0 0.793803 0.0160904 0.0310401 0.0321808
0 0.818346 0.0167798 0.0321177 0.0335596
0 0.0140625 0.0171891 0.028125 0.0343782
0 0.10625 0.0171875 0.03125 0.034375
0 0.1125 0.0171875 0.03125 0.034375
0 0.11875 0.0171875 0.0312501 0.034375
0 0.124998 0.0171875 0.0312537 0.034375
0 0.131235 0.017188 0.03128 0.0343759
0 0.142812 0.0171875 0.0331266 0.034375
0 0.153136 0.0171875 0.0374789 0.034375
0 0.165625 0.0171875 0.0375 0.034375
0 0.178126 0.0171875 0.0374973 0.034375
0 0.19241 0.0171875 0.0339302 0.034375
0 0.21875 0.0171875 0.0312506 0.034375
0 0.225 0.0171875 0.0312505 0.034375
0 0.23125 0.0171875 0.0312505 0.0343751
0 0.2375 0.0171875 0.0312501 0.034375
0 0.24375 0.0171875 0.0312502 0.034375
0 0.249997 0.0171875 0.0312562 0.034375
0 0.256245 0.0171895 0.031259 0.034379
0 0.262494 0.0171876 0.0312622 0.0343751
0 0.268749 0.0171875 0.0312527 0.0343751
0 0.274993 0.0171876 0.031264 0.0343752
0 0.281247 0.017189 0.0312558 0.034378
0 0.287497 0.0171882 0.0312558 0.0343765
0 0.29375 0.017189 0.031251 0.0343779
0 0.36875 0.0171927 0.0312501 0.0343854
0 0.375 0.0171943 0.0312501 0.0343886
0 0.38125 0.017192 0.03125 0.0343841
0 0.39375 0.0171878 0.0312501 0.0343755
0 0.4 0.0171882 0.0312504 0.0343763
0 0.40625 0.0171879 0.0312502 0.0343759
0 0.4125 0.0171875 0.0312507 0.034375
0 0.418749 0.0171875 0.0312525 0.034375
0 0.424974 0.0171875 0.0313017 0.034375
0 0.431193 0.0171875 0.0313638 0.034375
0 0.442696 0.0171875 0.0333572 0.034375
0 0.449471 0.0171875 0.0323075 0.034375
0 0.456114 0.0171875 0.0315211 0.0343751
0 0.462423 0.0171875 0.031404 0.034375
0 0.468743 0.0171875 0.0312637 0.034375
0 0.474998 0.0171875 0.0312542 0.034375
0 0.524999 0.017191 0.0312517 0.0343819
0 0.531249 0.0171934 0.0312515 0.0343869
0 0.543749 0.0171902 0.0312514 0.0343805
0 0.549999 0.0171913 0.0312526 0.0343827
0 0.568745 0.01719 0.0312597 0.03438
0 0.743165 0.0171876 0.0324211 0.0343751
0 0.753826 0.0194651 0.0379769 0.0389302
0 0.767867 0.0172277 0.0330166 0.0344554
0 0.799896 0.0237666 0.0446572 0.0416804
0 0.809205 0.0183273 0.0381151 0.0335251
0 0.815788 0.0193345 0.0350903 0.038669
0 0.0109375 0.021884 0.021875 0.0375147
0 0.01875 0.0218753 0.03125 0.0375006
0 0.025 0.021875 0.03125 0.0375
0 0.03125 0.021875 0.03125 0.0375
0 0.0375 0.0218753 0.03125 0.0375007
0 0.04375 0.021875 0.03125 0.0375001
0 0.05 0.021875 0.03125 0.0375
0 0.05625 0.021875 0.03125 0.0375
0 0.0625 0.0218751 0.03125 0.0375002
0 0.06875 0.021875 0.03125 0.0375
0 0.075 0.021875 0.03125 0.0375
0 0.08125 0.021875 0.03125 0.0375
0 0.0875 0.021875 0.03125 0.0375
0 0.09375 0.021875 0.03125 0.0375
0 0.1 0.021875 0.03125 0.0375
0 0.137043 0.021877 0.0321642 0.0375041
0 0.149554 0.0218751 0.0321411 0.0375002
0 0.159377 0.021875 0.0374952 0.0375
0 0.1719 0.021875 0.0374497 0.0375
0 0.184522 0.021875 0.0372067 0.0375
0 0.193452 0.021875 0.0318451 0.0375
0 0.199961 0.021875 0.0313279 0.0375
0 0.206208 0.0218751 0.0313348 0.0375002
0 0.2125 0.0218753 0.0312508 0.0375007
0 0.3 0.0220115 0.0312508 0.037773
0 0.30625 0.022112 0.0312508 0.0379739
