0 0.00787964 0.0102306 0.0157593 0.0204612
0 0.0123762 0.00780876 0.0186189 0.0156175
0 0.0181064 0.00973765 0.0299696 0.0194753
0 0.0232129 0.00904945 0.0276882 0.0180989
0 0.0286438 0.00954965 0.0260484 0.0190993
0 0.0347199 0.0106405 0.0257067 0.021281
0 0.043778 0.0118115 0.0313124 0.023623
0 0.0498619 0.0103908 0.030975 0.0207816
0 0.0532285 0.00880553 0.0252123 0.0176111
0 0.0596777 0.0105325 0.0256095 0.021065
0 0.0677243 0.0125687 0.0292061 0.0251375
0 0.073523 0.0113339 0.0282984 0.0226677
0 0.0784415 0.0111834 0.0256348 0.0223669
0 0.0848553 0.0126818 0.0259641 0.0253637
0 0.0937603 0.0131622 0.0312733 0.0263244
0 0.0998874 0.0108857 0.0310249 0.0217714
0 0.110055 0.0119279 0.0263609 0.0238558
0 0.117084 0.0136281 0.0279319 0.0272562
0 0.123003 0.0135959 0.0272624 0.0271917
0 0.128711 0.0135091 0.0261771 0.0270182
0 0.135216 0.0135892 0.026687 0.0271784
0 0.141448 0.0136072 0.0266524 0.0272145
0 0.147791 0.0136208 0.0268388 0.0272416
0 0.154824 0.0136576 0.0284072 0.0273152
0 0.160743 0.0136093 0.0277479 0.0272186
0 0.168468 0.0136218 0.0306959 0.0272436
0 0.174531 0.0133039 0.0303164 0.0266079
0 0.179575 0.0126938 0.0279072 0.0253877
0 0.185678 0.0130923 0.0276129 0.0261847
0 0.193752 0.0135316 0.0312576 0.0270632
0 0.199995 0.0117349 0.0312399 0.0234699
0 0.211941 0.0129392 0.0301367 0.0258784
0 0.218749 0.0139256 0.0312584 0.0278512
0 0.224991 0.0134754 0.0312331 0.0269509
0 0.229733 0.0124842 0.028218 0.0249685
0 0.237181 0.0136154 0.0306142 0.0272309
0 0.243735 0.0139915 0.0312289 0.027983
0 0.249961 0.0139427 0.0311735 0.0278855
0 0.262172 0.0140042 0.0306031 0.0280084
0 0.267541 0.0140483 0.0288889 0.0280966
0 0.273637 0.0140503 0.028626 0.0281006
0 0.28016 0.0140545 0.0293394 0.0281091
0 0.286664 0.0140584 0.0299961 0.0281168
0 0.290642 0.0140573 0.0251121 0.0281145
0 0.296867 0.0140418 0.0255679 0.0280835
0 0.304522 0.0140375 0.0301741 0.0280749
0 0.309814 0.0140282 0.0264009 0.0280564
0 0.315774 0.0140125 0.0253315 0.028025
0 0.322265 0.013622 0.0257872 0.027244
0 0.32813 0.0110254 0.0250114 0.0220509
0 0.334379 0.0109414 0.0250092 0.0218827
0 0.34183 0.0109329 0.0274163 0.0218658
0 0.347715 0.0109247 0.0266797 0.0218495
0 0.353126 0.00821402 0.0250018 0.016428
0 0.359385 0.0112448 0.0250204 0.0224895
0 0.366971 0.0110865 0.0277065 0.0221731
0 0.372194 0.0127807 0.025644 0.0255614
0 0.379385 0.0140187 0.0275323 0.0280375
0 0.385489 0.0140367 0.027256 0.0280734
0 0.390631 0.0140474 0.0250212 0.0280949
0 0.396871 0.0140519 0.0250335 0.0281039
0 0.404892 0.0140427 0.028964 0.0280854
0 0.409642 0.0140417 0.0256511 0.0280833
0 0.417322 0.0140259 0.0284487 0.0280518
0 0.423346 0.014024 0.027965 0.0280479
0 0.428577 0.0140415 0.0259336 0.0280831
0 0.435871 0.0140532 0.0282532 0.0281063
0 0.443014 0.0140475 0.0321081 0.0280949
0 0.449332 0.0140574 0.0301622 0.0281148
0 0.454148 0.0140602 0.0271212 0.0281203
0 0.461309 0.0140607 0.0289877 0.0281213
0 0.466829 0.0140604 0.0276938 0.0281207
0 0.47319 0.0140609 0.0289774 0.0281218
0 0.480714 0.0140617 0.0312087 0.0281234
0 0.486496 0.0140608 0.0294779 0.0281216
0 0.490777 0.014059 0.0253597 0.028118
0 0.497295 0.0140577 0.0266829 0.0281155
0 0.504785 0.0140603 0.0329369 0.0281207
0 0.511033 0.0140595 0.03013 0.0281189
0 0.515892 0.0140578 0.0258703 0.0281156
0 0.522161 0.0140541 0.0274705 0.0281081
0 0.530267 0.0140564 0.0321496 0.0281128
0 0.536508 0.0140483 0.0299238 0.0280965
0 0.540717 0.0140231 0.0253046 0.0280462
0 0.546991 0.0139876 0.0261807 0.0279752
0 0.554524 0.0140256 0.0300202 0.0280512
0 0.560116 0.0139909 0.0275159 0.0279818
0 0.565936 0.0139864 0.0258046 0.0279728
0 0.572309 0.0139676 0.026442 0.0279352
0 0.579604 0.0139741 0.0286846 0.0279481
0 0.585278 0.0139188 0.0271688 0.0278377
0 0.591078 0.0138944 0.0260409 0.0277887
0 0.597486 0.0138697 0.0264421 0.0277395
0 0.60413 0.0138835 0.0271598 0.0277671
0 0.610102 0.0137963 0.0265347 0.0275925
0 0.616505 0.0136848 0.0267847 0.0273695
0 0.622845 0.0136379 0.0269558 0.0272757
0 0.629684 0.0135094 0.0281246 0.0270187
0 0.636121 0.0132911 0.0284956 0.0265823
0 0.642351 0.0131044 0.0284582 0.0262088
0 0.648779 0.0131308 0.0288151 0.0262616
0 0.65364 0.0128712 0.0260407 0.0257424
0 0.660068 0.0130844 0.0263962 0.0261688
0 0.666337 0.0133828 0.0264316 0.0267656
0 0.672608 0.0135557 0.0264781 0.0271115
0 0.678852 0.0137008 0.0264671 0.0274016
0 0.68516 0.0137285 0.0265839 0.027457
0 0.691006 0.0137329 0.0257751 0.0274658
0 0.697357 0.0137886 0.0259848 0.0275772
0 0.704417 0.0137491 0.0275999 0.0274981
0 0.71007 0.0134478 0.0263945 0.0268957
0 0.715922 0.0129305 0.0255958 0.0258609
0 0.722229 0.013153 0.0257117 0.0263059
0 0.730816 0.0134347 0.0303921 0.0268694
0 0.737389 0.0125078 0.0310522 0.0250155
0 0.736779 0.0123651 0.0450166 0.0247301
0 0.74778 0.0117373 0.041352 0.0234746
0 0.758027 0.012833 0.0315168 0.0256659
0 0.764494 0.0133941 0.0317363 0.0267881
0 0.770005 0.0131441 0.0330094 0.0262881
0 0.778973 0.0128565 0.0343927 0.0257129
0 0.78559 0.0120615 0.032337 0.024123
0 0.791978 0.0115605 0.031545 0.0231211
0 0.798491 0.0117113 0.03204 0.0234227
0 0.803968 0.0117985 0.0313258 0.023597
0 0.810264 0.0120946 0.0324882 0.0241891
0 0.817504 0.0124294 0.0328539 0.0248588
0 0.82413 0.0122764 0.0322762 0.0245528
0 0.829787 0.0118405 0.0306507 0.023681
0 0.836436 0.0118981 0.031176 0.0237962
0 0.84674 0.012291 0.0312411 0.024582
0 0.855295 0.012901 0.0358045 0.025802
0 0.861222 0.012543 0.0330666 0.025086
0 0.866955 0.0118479 0.0335289 0.0236959
0 0.879757 0.0117186 0.0356621 0.0234373
0 0.88599 0.0111458 0.033143 0.0222916
0 0.891029 0.0106889 0.0321722 0.0213777
0 0.896895 0.0108168 0.0326719 0.0216335
0 0.907119 0.0108945 0.0344753 0.0217891
0 0.915345 0.0111983 0.0381149 0.0223967
0 0.92304 0.0113726 0.0353562 0.0227452
0 0.934861 0.0118536 0.032361 0.0237072
0 0.943119 0.0124327 0.0333576 0.0248655
0 0.949158 0.0119162 0.0316208 0.0238323
0 0.954322 0.0115927 0.0293318 0.0231853
0 0.960863 0.0121924 0.0305126 0.0243848
0 0.967111 0.0127352 0.0312435 0.0254705
0 0.973445 0.0127961 0.0308147 0.0255923
0 0.980299 0.01289 0.0319779 0.0257801
0 0.985556 0.012678 0.0288873 0.025356
0 0.028217 0.0109597 0.036733 0.0219194
0 0.0602017 0.0109437 0.0357839 0.0218873
0 0.0854089 0.010947 0.0354175 0.0218941
0 0.116195 0.0109436 0.0363623 0.0218872
0 0.128563 0.01094 0.0366254 0.02188
0 0.141043 0.0109405 0.0366639 0.0218809
0 0.153662 0.0109402 0.0364268 0.0218804
0 0.178402 0.0109387 0.036946 0.0218773
0 0.255439 0.0109375 0.0328715 0.021875
0 0.267389 0.0109377 0.0339727 0.0218755
0 0.273727 0.0109377 0.0337969 0.0218754
0 0.280016 0.0109378 0.033719 0.0218757
0 0.286281 0.0109379 0.0336885 0.0218757
0 0.296914 0.010938 0.0374212 0.0218759
0 0.309376 0.01094 0.0374979 0.0218799
0 0.321876 0.0109395 0.0374977 0.021879
0 0.334375 0.0109375 0.0374995 0.021875
0 0.359379 0.0109375 0.0374912 0.021875
0 0.378128 0.0109375 0.0374934 0.021875
0 0.390623 0.0109375 0.0374937 0.021875
0 0.403124 0.0109422 0.0375018 0.0218845
0 0.409375 0.0109377 0.0375005 0.0218754
0 0.421884 0.0109377 0.0374819 0.0218754
0 0.434413 0.0109376 0.037424 0.0218753
0 0.44067 0.0109377 0.0374099 0.0218753
0 0.446966 0.0109376 0.0373181 0.0218751
0 0.460208 0.0109375 0.0358338 0.0218751
0 0.472123 0.0109376 0.0370045 0.0218752
0 0.478937 0.0109377 0.0358763 0.0218754
0 0.485338 0.0109376 0.0355738 0.0218752
0 0.497168 0.0109377 0.0369146 0.0218753
0 0.503772 0.0109436 0.0362093 0.0218873
0 0.515957 0.0109381 0.036837 0.0218762
0 0.528895 0.0109468 0.0359682 0.0218937
0 0.540824 0.0109386 0.0371024 0.0218771
0 0.553303 0.010975 0.0371478 0.02195
0 0.565691 0.0109424 0.0373679 0.0218848
0 0.578253 0.010966 0.0372499 0.0219319
0 0.590767 0.0109455 0.0372178 0.021891
0 0.603276 0.0109552 0.0371988 0.0219104
0 0.615802 0.010945 0.0371466 0.0218901
0 0.628509 0.0109412 0.0367329 0.0218825
0 0.641007 0.0109399 0.0367354 0.0218798
0 0.653226 0.0109412 0.0372977 0.0218824
0 0.665816 0.0109432 0.0371178 0.0218865
0 0.678399 0.0109439 0.036953 0.0218878
0 0.690836 0.0109445 0.0370783 0.0218889
0 0.703449 0.0109487 0.0368546 0.0218973
0 0.715829 0.0109402 0.0370905 0.0218804
0 0.744952 0.0162902 0.0538363 0.0325804
0 0.757257 0.0111201 0.0390713 0.0222403
0 0.770551 0.0118096 0.0398737 0.0236192
0 0.841553 0.0113429 0.035387 0.0226857
0 0.872609 0.0114727 0.0362926 0.0229454
0 0.989645 0.0111766 0.0196554 0.0223532
0 0.0109368 0.0144951 0.0218737 0.0289903
0 0.0144208 0.0147207 0.0288416 0.0294413
0 0.0187461 0.0145008 0.0319968 0.0290015
0 0.0298097 0.0142517 0.0341544 0.0285035
0 0.0366177 0.0143187 0.0330495 0.0286375
0 0.045146 0.014476 0.0340925 0.028952
0 0.0548664 0.0141173 0.0340179 0.0282347
0 0.062083 0.0141404 0.0320945 0.0282808
0 0.0687465 0.0141588 0.0313065 0.0283176
0 0.0749848 0.0141007 0.0312903 0.0282014
0 0.081201 0.0140835 0.0313482 0.0281669
0 0.0874435 0.0141398 0.0313643 0.0282796
0 0.0999996 0.0140741 0.0312537 0.0281482
0 0.106215 0.0140683 0.0313197 0.0281365
0 0.112484 0.0141103 0.031283 0.0282207
0 0.131237 0.0140822 0.0312754 0.0281643
0 0.13749 0.0140833 0.0312691 0.0281665
0 0.143743 0.0140839 0.0312649 0.0281678
0 0.149989 0.0140835 0.0312714 0.0281671
0 0.181227 0.0141438 0.0312958 0.0282876
0 0.187473 0.0142353 0.0313046 0.0284706
0 0.206233 0.0140961 0.0312844 0.0281923
0 0.23125 0.0140706 0.0312505 0.0281411
0 0.25625 0.014072 0.0312501 0.0281439
0 0.318737 0.0140627 0.0312765 0.0281254
0 0.324996 0.0140627 0.0312577 0.0281253
0 0.330939 0.0140625 0.0318712 0.028125
0 0.340901 0.0140625 0.0369486 0.028125
0 0.34977 0.0140625 0.0317102 0.028125
0 0.355837 0.0140625 0.0320763 0.028125
0 0.362343 0.0140625 0.0315632 0.028125
0 0.368744 0.0140625 0.031262 0.028125
0 0.374993 0.0140625 0.0312636 0.028125
0 0.393745 0.0140625 0.0312608 0.028125
0 0.399935 0.0140625 0.0313803 0.028125
0 0.56874 0.0140778 0.0312706 0.0281555
0 0.593745 0.0140701 0.0312595 0.0281403
0 0.599995 0.0140766 0.0312609 0.0281531
0 0.612491 0.0140767 0.0312674 0.0281535
0 0.618742 0.0140767 0.0312653 0.0281534
0 0.624991 0.0140759 0.0312673 0.0281519
0 0.656226 0.0140782 0.0312973 0.0281564
0 0.662484 0.0140898 0.0312812 0.0281797
0 0.668736 0.0140873 0.031278 0.0281746
0 0.674988 0.0140914 0.031275 0.0281829
0 0.681238 0.0140876 0.0312738 0.0281751
0 0.68749 0.0140871 0.0312704 0.0281743
0 0.693734 0.0140836 0.0312819 0.0281672
0 0.699982 0.0140928 0.0312864 0.0281856
0 0.712487 0.0140805 0.0312767 0.028161
0 0.718722 0.0140759 0.0313069 0.0281518
0 0.724964 0.0140815 0.0313222 0.028163
0 0.743774 0.0142226 0.0311479 0.0284451
0 0.753453 0.0176552 0.0400242 0.0353103
0 0.78051 0.0160015 0.0345944 0.032003
0 0.792046 0.015584 0.0353613 0.031168
0 0.798428 0.0155341 0.0352451 0.0310682
0 0.804967 0.0154333 0.0345594 0.0308667
0 0.811493 0.0154563 0.0339844 0.0309126
0 0.81822 0.0154994 0.0330707 0.0309989
0 0.824502 0.01527 0.0327923 0.0305401
0 0.830628 0.015056 0.0327782 0.0301119
0 0.836946 0.01509 0.032716 0.03018
0 0.842993 0.015031 0.0329523 0.0300619
0 0.849007 0.0150745 0.0334953 0.030149
0 0.86778 0.0153018 0.0335371 0.0306035
0 0.873955 0.0153837 0.033734 0.0307675
0 0.881175 0.0159906 0.0334899 0.0319813
0 0.891244 0.0153023 0.0365545 0.0306046
0 0.897593 0.0150314 0.0364733 0.0300628
0 0.909728 0.0146428 0.036886 0.0292857
0 0.917336 0.0155783 0.0370457 0.0311567
0 0.924017 0.0157064 0.0357696 0.0314129
0 0.9358 0.0155459 0.0359638 0.0310918
0 0.943835 0.015703 0.0338694 0.0314059
0 0.949558 0.0153636 0.033155 0.0307272
0 0.961751 0.0152413 0.0332086 0.0304825
0 0.985581 0.0172712 0.0288372 0.0345424
0 0.989145 0.0147836 0.0217098 0.0295671
0 0.0109367 0.0179305 0.0218734 0.0335608
0 0.0236935 0.0172377 0.0339555 0.0344753
0 0.0442167 0.0173398 0.032817 0.0346796
0 0.0499754 0.0172404 0.0314554 0.0344808
0 0.28125 0.0171878 0.03125 0.0343757
0 0.2875 0.0171877 0.03125 0.0343754
0 0.29375 0.0171875 0.0312507 0.0343751
0 0.299994 0.0171876 0.031262 0.0343752
0 0.306238 0.0171886 0.0312737 0.0343773
0 0.312332 0.017188 0.0315859 0.034376
0 0.318337 0.0171884 0.0320756 0.0343767
0 0.329606 0.0171875 0.0345385 0.034375
0 0.354152 0.0171875 0.0354457 0.034375
0 0.361106 0.0171875 0.0340374 0.034375
0 0.36817 0.0171875 0.0324098 0.034375
0 0.374499 0.0171875 0.0322511 0.034375
