0 0.410444 0.0273562 0.0398647 0.0383731
0 0.417051 0.0269973 0.0424885 0.0402224
0 0.427702 0.0265925 0.0436207 0.0407952
0 0.413054 0.0322266 0.0393417 0.0330618
0 0.420144 0.0328487 0.0398875 0.0343982
0 0.431347 0.0321589 0.0388943 0.0329536
0 0.409258 0.0370874 0.0377128 0.0409474
0 0.440143 0.0357951 0.0367974 0.0390465
0 0.415593 0.0430122 0.0375715 0.0417885
0 0.428128 0.0421225 0.0374894 0.0404295
0 0.444847 0.0417204 0.0349131 0.0384641
0 0.300834 0.0503376 0.0356213 0.0409784
0 0.307926 0.0518804 0.0433635 0.0397097
0 0.409144 0.0497895 0.0379327 0.041143
0 0.42188 0.0483414 0.0375012 0.039742
0 0.434391 0.0480739 0.0374911 0.0398106
0 0.301583 0.056651 0.0362504 0.0326099
0 0.307719 0.057305 0.0371191 0.033808
0 0.31929 0.0573666 0.0406673 0.0334694
0 0.332052 0.0573302 0.0396079 0.0337894
0 0.343743 0.0574485 0.0380305 0.03388
0 0.355257 0.0573037 0.0389723 0.0334324
0 0.36204 0.0578849 0.040518 0.0346395
0 0.369533 0.0580624 0.0414611 0.035187
0 0.415636 0.0553131 0.0375264 0.041575
0 0.42815 0.0550561 0.0374763 0.0413515
0 0.31558 0.0608398 0.0374866 0.0399063
0 0.328056 0.0614626 0.0376092 0.0406451
0 0.340514 0.0612885 0.0376204 0.0398913
0 0.365448 0.0617957 0.0377409 0.0396113
0 0.377955 0.0614759 0.0377356 0.0401102
0 0.464728 0.0614001 0.0365283 0.0406734
0 0.309424 0.0678012 0.0374503 0.0418388
0 0.469327 0.0672 0.0341482 0.0386635
0 0.0892184 0.209474 0.0311479 0.0293073
0 0.0977831 0.212008 0.0361984 0.0379922
0 0.406128 0.24559 0.0323233 0.033085
0 0.374815 0.250652 0.0348507 0.0406858
0 0.380141 0.252077 0.0357163 0.038995
0 0.386048 0.253775 0.037288 0.0352599
0 0.394848 0.252554 0.0408835 0.0384188
0 0.401232 0.251764 0.0382244 0.0373533
0 0.409328 0.251248 0.0365898 0.0384181
0 0.414723 0.2527 0.0381063 0.0308848
0 0.768004 0.248491 0.0351492 0.0405832
0 0.830623 0.248444 0.0349978 0.0404289
0 0.837023 0.248513 0.0350471 0.040532
0 0.848253 0.248959 0.0357033 0.0426212
0 0.376091 0.25896 0.0362272 0.0311351
0 0.381925 0.258976 0.0375643 0.0325933
0 0.388622 0.258844 0.0381444 0.0318876
0 0.396275 0.258122 0.0390561 0.0347439
0 0.402595 0.257151 0.0380018 0.0329416
0 0.412411 0.258298 0.0338657 0.0295084
0 0.417846 0.259244 0.0336112 0.0278431
0 0.825619 0.254112 0.0345449 0.0384531
0 0.843709 0.253925 0.0342329 0.038065
0 0.850441 0.25435 0.0350845 0.0373773
0 0.341356 0.262087 0.0371378 0.0416317
0 0.352682 0.261263 0.0376107 0.0395442
0 0.364914 0.262662 0.0381467 0.0389698
0 0.409484 0.260791 0.0374017 0.0399812
0 0.830933 0.260118 0.0332939 0.0389535
0 0.837212 0.260223 0.0333622 0.0391606
0 0.849522 0.260288 0.0337145 0.0392958
0 0.21706 0.267283 0.0369233 0.0406958
0 0.346792 0.26975 0.0385163 0.0382321
0 0.352074 0.268461 0.0374525 0.034245
0 0.357835 0.26883 0.0367372 0.0367526
0 0.371271 0.269301 0.0386147 0.036874
0 0.377611 0.267987 0.0372417 0.0370387
0 0.383891 0.267819 0.0373662 0.0389089
0 0.390246 0.268162 0.0379733 0.0402188
0 0.396681 0.268103 0.0376319 0.0410125
0 0.415213 0.266927 0.0365422 0.0399085
0 0.843295 0.26642 0.0334072 0.039069
0 0.198994 0.273984 0.034819 0.0416754
0 0.210488 0.273765 0.0363138 0.0411714
0 0.22366 0.272867 0.0365082 0.0391257
0 0.335722 0.274413 0.036401 0.0418503
0 0.364393 0.27521 0.0374294 0.0414098
0 0.377208 0.274998 0.0373355 0.0412571
0 0.389358 0.275156 0.0377791 0.0409495
0 0.402339 0.275453 0.0391803 0.0394354
0 0.409288 0.274263 0.0376191 0.0399471
0 0.417708 0.274254 0.0337936 0.0327275
0 0.83722 0.272679 0.0334049 0.0390767
0 0.849626 0.272594 0.0335129 0.0389174
0 0.0695753 0.27913 0.0345237 0.0385198
0 0.0757681 0.279176 0.0343441 0.0387671
0 0.192477 0.280441 0.0351465 0.0420674
0 0.204218 0.28075 0.0374882 0.0420327
0 0.216038 0.280475 0.0377903 0.0407296
0 0.222582 0.280386 0.0376062 0.0410608
0 0.341033 0.280598 0.0367418 0.0338671
0 0.347568 0.28117 0.0373891 0.0370509
0 0.352988 0.280828 0.0368918 0.0336368
0 0.359142 0.281572 0.0370431 0.0354705
0 0.365219 0.281783 0.0374314 0.0328434
0 0.371626 0.282182 0.0378162 0.0339393
0 0.3839 0.281934 0.0380186 0.0337848
0 0.395537 0.28108 0.0365683 0.0339455
0 0.41426 0.279843 0.0351248 0.0380124
0 0.843224 0.278823 0.0334879 0.0388633
0 0.186477 0.285697 0.0350116 0.0399199
0 0.197342 0.286165 0.0373378 0.0403058
0 0.209555 0.28542 0.0372555 0.039057
0 0.255615 0.28523 0.0348562 0.0391673
0 0.336109 0.285305 0.0345339 0.0393019
0 0.37811 0.285453 0.0374467 0.039153
0 0.390576 0.285678 0.0374162 0.0397666
0 0.403105 0.287186 0.0377463 0.0407659
0 0.409394 0.285818 0.0374688 0.0367604
0 0.418433 0.286911 0.0321333 0.0314997
0 0.179859 0.291323 0.0343954 0.0386203
0 0.191625 0.291479 0.0358243 0.0378307
0 0.20287 0.292 0.0366986 0.038548
0 0.208878 0.292748 0.0370604 0.0408991
0 0.335323 0.292305 0.0359533 0.0407261
0 0.347766 0.292321 0.0364825 0.0408289
0 0.359521 0.29231 0.0372822 0.0408435
0 0.365658 0.291668 0.0374425 0.0393409
0 0.384382 0.291896 0.0374934 0.0396025
0 0.396483 0.291531 0.0367844 0.0382912
0 0.415439 0.291358 0.0368417 0.0387874
0 0.419063 0.292119 0.0318752 0.0331013
0 0.0432606 0.298464 0.033096 0.0406585
0 0.0495451 0.29834 0.0329403 0.0404175
0 0.0557565 0.298246 0.032917 0.0402325
0 0.062038 0.298221 0.0328939 0.0401805
0 0.0682589 0.298122 0.0329196 0.0399849
0 0.0933861 0.297879 0.0328249 0.0394961
0 0.099682 0.297794 0.0327499 0.0393277
0 0.105956 0.297703 0.0326906 0.0391451
0 0.112194 0.297663 0.0326615 0.0390669
0 0.118436 0.297623 0.0326637 0.0389886
0 0.124742 0.297592 0.0326494 0.0389266
0 0.131028 0.297513 0.0326114 0.0387675
0 0.137276 0.297462 0.0325493 0.0386684
0 0.143338 0.297398 0.032688 0.0385518
0 0.173531 0.298344 0.0349273 0.0404277
0 0.184782 0.299523 0.0371661 0.0427062
0 0.196753 0.300075 0.0381762 0.0437495
0 0.203644 0.300916 0.0381317 0.0421221
0 0.215097 0.301893 0.0388237 0.0361689
0 0.222239 0.303159 0.04047 0.0382636
0 0.22901 0.302135 0.0378523 0.0367714
0 0.236034 0.303434 0.0469245 0.0443997
0 0.244135 0.301681 0.0425889 0.0417302
0 0.328673 0.298028 0.0359263 0.0396365
0 0.334515 0.299278 0.0369216 0.0420084
0 0.347192 0.299251 0.0374038 0.0417737
0 0.353187 0.298076 0.0373322 0.0397335
0 0.371898 0.299149 0.0374891 0.042008
0 0.378127 0.298484 0.0374818 0.0406778
0 0.390614 0.298261 0.0374564 0.0402038
0 0.403182 0.298951 0.0376323 0.0414001
0 0.409412 0.297609 0.0374578 0.0388653
0 0.524022 0.305586 0.0356703 0.0329986
0 0.530888 0.30781 0.034564 0.0287926
0 0.536029 0.309623 0.0349269 0.0275068
0 0.541422 0.307268 0.0349705 0.0234085
0 0.0314654 0.303749 0.0329908 0.0386264
0 0.0378271 0.303809 0.0331379 0.0387619
0 0.0747181 0.303803 0.0329831 0.0388152
0 0.0810814 0.303937 0.0330474 0.039086
0 0.0872386 0.303842 0.0329233 0.0389032
0 0.149378 0.303758 0.033176 0.0387656
0 0.167763 0.303717 0.0342365 0.0385126
0 0.179802 0.304931 0.0341244 0.0354634
0 0.184796 0.30645 0.0364968 0.036475
0 0.190523 0.306806 0.0371546 0.0326856
0 0.197085 0.308487 0.0372826 0.0357575
0 0.201299 0.307106 0.0358378 0.0309947
0 0.21226 0.308329 0.0375272 0.0303264
0 0.225563 0.308303 0.0408183 0.0333728
0 0.231581 0.308459 0.0384343 0.0296491
0 0.239067 0.308776 0.0384503 0.0364968
0 0.24483 0.306757 0.0374107 0.0369419
0 0.25307 0.306827 0.0417306 0.0432626
0 0.340793 0.306132 0.0373653 0.0365487
0 0.359409 0.304583 0.037424 0.0400411
0 0.384387 0.30417 0.0374949 0.0393349
0 0.396656 0.303525 0.0370468 0.0379893
0 0.414854 0.304053 0.0356881 0.0386796
0 0.48766 0.308955 0.033765 0.0319648
0 0.043506 0.310017 0.0321344 0.0387809
0 0.0497489 0.309998 0.0321501 0.0387429
0 0.0559764 0.310039 0.0322189 0.0388246
0 0.062254 0.309997 0.0322217 0.0387406
0 0.0684402 0.309972 0.0322853 0.0386906
0 0.0934687 0.309949 0.0323898 0.0386419
0 0.0997138 0.309956 0.0324729 0.0386541
0 0.105943 0.309917 0.0323388 0.0385743
0 0.112184 0.309866 0.0324482 0.038473
0 0.118262 0.309793 0.0327197 0.0383229
0 0.124416 0.309857 0.0330043 0.0384453
0 0.130503 0.309869 0.0333342 0.0384615
0 0.136661 0.309842 0.0336212 0.0384058
0 0.142559 0.309727 0.0341415 0.038186
0 0.161278 0.309996 0.0348063 0.0386083
0 0.173668 0.310357 0.0349171 0.0393264
0 0.209361 0.310537 0.0374386 0.0393574
0 0.234292 0.311365 0.0375469 0.0376518
0 0.244065 0.311008 0.032601 0.0351025
0 0.252507 0.313404 0.0389993 0.0371505
0 0.258392 0.311231 0.036111 0.0313602
0 0.322802 0.311612 0.0370689 0.0412132
0 0.328288 0.310135 0.0370255 0.0385734
0 0.33454 0.311057 0.0371998 0.0405974
0 0.347111 0.311098 0.0372635 0.0406928
0 0.353206 0.310032 0.0373392 0.0387377
0 0.365662 0.310043 0.0374552 0.0386703
0 0.378162 0.30982 0.0374332 0.0383449
0 0.390655 0.309639 0.0374399 0.0380199
0 0.403213 0.310648 0.0375716 0.0399158
0 0.409428 0.310014 0.0374721 0.038511
0 0.418557 0.310946 0.0320037 0.0354446
0 0.493853 0.312792 0.0367837 0.0386207
0 0.519814 0.312888 0.0409647 0.034626
0 0.527883 0.312274 0.0384347 0.0350152
0 0.541266 0.31168 0.0383894 0.0352042
0 0.0310296 0.316123 0.0320886 0.0384923
0 0.0372754 0.316196 0.032118 0.0386408
0 0.0746373 0.316185 0.0324555 0.0386149
0 0.0809897 0.316196 0.0324171 0.0386356
0 0.0871833 0.316166 0.0323854 0.0385783
0 0.117673 0.316115 0.0339668 0.038453
0 0.123655 0.316507 0.0344409 0.0392187
0 0.135923 0.316279 0.0349076 0.03876
0 0.14812 0.316333 0.0352693 0.0388388
0 0.154503 0.316743 0.0354835 0.0395459
0 0.166815 0.316681 0.035961 0.0393211
0 0.173078 0.31692 0.0358727 0.0398806
0 0.184566 0.317889 0.037273 0.0417324
0 0.190654 0.317166 0.037454 0.0399881
0 0.203145 0.316196 0.0374581 0.0385683
0 0.215495 0.316333 0.037232 0.038794
0 0.228052 0.318552 0.0383306 0.0409438
0 0.240649 0.316547 0.0373296 0.0384777
0 0.259059 0.316961 0.0364941 0.0337538
0 0.309464 0.318637 0.0372737 0.0421174
0 0.316026 0.318605 0.0379228 0.0403812
0 0.340633 0.317942 0.0376165 0.0411018
0 0.359413 0.31719 0.0374383 0.0406052
0 0.371921 0.317182 0.0374411 0.040607
0 0.384439 0.316395 0.0374019 0.0390379
0 0.396843 0.315913 0.0373387 0.0380687
0 0.415477 0.316265 0.0366425 0.0384858
0 0.487872 0.318105 0.0344001 0.0370197
0 0.497254 0.320476 0.0405603 0.0357718
0 0.511105 0.320058 0.0455881 0.0400093
0 0.0435874 0.322231 0.0318811 0.0382102
0 0.0498297 0.322208 0.0318936 0.0381661
0 0.0560954 0.322218 0.0319224 0.0381849
0 0.0623561 0.322183 0.0319261 0.0381146
0 0.0685427 0.322203 0.0320236 0.0381554
0 0.0934823 0.32233 0.0322804 0.0384068
0 0.0995964 0.322465 0.0324286 0.0386766
0 0.105404 0.322321 0.033139 0.0383872
0 0.111211 0.322829 0.0340845 0.039402
0 0.122348 0.323542 0.0368022 0.0408228
0 0.1346 0.323711 0.0374296 0.0411453
0 0.146865 0.323801 0.0370694 0.0412669
0 0.153268 0.324331 0.0375729 0.0420978
0 0.165788 0.324364 0.0374082 0.0421511
0 0.178206 0.323897 0.0373183 0.0413158
0 0.196908 0.324144 0.0374758 0.0419688
0 0.203139 0.323141 0.0374757 0.0400141
0 0.209389 0.323975 0.0374866 0.041695
0 0.220242 0.322561 0.0343075 0.038666
0 0.234465 0.322895 0.0373526 0.0360159
0 0.247003 0.321988 0.0361447 0.0369859
0 0.254682 0.32248 0.0372867 0.0381738
0 0.298018 0.323865 0.0361619 0.0413459
0 0.321951 0.325269 0.0377046 0.0424957
0 0.333478 0.32489 0.03692 0.0429775
0 0.340298 0.325304 0.0380326 0.0410783
0 0.346822 0.32489 0.03766 0.0420316
0 0.353133 0.323682 0.0374731 0.0408045
0 0.365641 0.323471 0.0374872 0.0406327
0 0.378164 0.322987 0.0374511 0.0396939
0 0.390673 0.322475 0.0374197 0.0387001
0 0.403254 0.323515 0.0376175 0.0407065
0 0.409446 0.322552 0.0374405 0.0385684
0 0.418904 0.322728 0.0316034 0.0388227
0 0.42743 0.326634 0.0407001 0.043872
0 0.463314 0.325628 0.0378261 0.0405164
0 0.471119 0.325915 0.0399814 0.0413886
0 0.476916 0.325086 0.0372058 0.0389691
0 0.483316 0.325461 0.0384033 0.0424494
0 0.492192 0.326511 0.0386637 0.0407778
0 0.504179 0.327202 0.0390154 0.0386838
0 0.516758 0.324979 0.036163 0.0312426
0 0.525872 0.325556 0.0429855 0.0338444
0 0.03732 0.328603 0.0319003 0.0384559
0 0.0747031 0.328602 0.0321578 0.0384546
0 0.0809579 0.328642 0.0321466 0.0385335
0 0.0871539 0.328688 0.032266 0.0386245
0 0.104805 0.328589 0.0343044 0.0383941
