0 0.00784985 0.0104123 0.0156997 0.0208247
0 0.0120894 0.0077861 0.0180585 0.0155722
0 0.0174434 0.0100792 0.0286418 0.0201584
0 0.0229951 0.00977234 0.027252 0.0195447
0 0.028631 0.0106126 0.0260276 0.0212253
0 0.0351618 0.012389 0.0266011 0.024778
0 0.0415605 0.0129399 0.0269444 0.0258797
0 0.0477693 0.0128565 0.0268532 0.0257129
0 0.0538906 0.012899 0.0265987 0.0257979
0 0.0602233 0.0130389 0.0267761 0.0260778
0 0.0664501 0.013094 0.0267461 0.0261879
0 0.0726997 0.0130887 0.0267423 0.0261773
0 0.0789597 0.0130727 0.0267622 0.0261454
0 0.0852123 0.0130473 0.0267652 0.0260947
0 0.091249 0.012999 0.0263525 0.0259979
0 0.097562 0.0131881 0.0265363 0.0263763
0 0.104197 0.013294 0.0273822 0.0265879
0 0.110259 0.0132022 0.0269809 0.0264044
0 0.116299 0.0131059 0.0265234 0.0262118
0 0.122622 0.0132151 0.0267394 0.0264302
0 0.129151 0.0132528 0.0273686 0.0265056
0 0.135273 0.0131346 0.0270573 0.0262692
0 0.141138 0.0129507 0.0262121 0.0259014
0 0.147433 0.0131018 0.0264051 0.0262037
0 0.154147 0.0131617 0.0275075 0.0263235
0 0.160209 0.0129821 0.0269841 0.0259642
0 0.166429 0.0126498 0.0267906 0.0252996
0 0.172568 0.0124749 0.0265301 0.0249498
0 0.17894 0.0124446 0.0267604 0.0248891
0 0.185121 0.012183 0.0265826 0.0243661
0 0.193044 0.0121195 0.0298694 0.0242389
0 0.19938 0.0106523 0.0300198 0.0213047
0 0.203552 0.0096718 0.0258771 0.0193436
0 0.209806 0.0101095 0.0258796 0.0202189
0 0.216847 0.0114951 0.0274648 0.0229901
0 0.223109 0.0108892 0.0274808 0.0217785
0 0.228613 0.01033 0.0259866 0.0206601
0 0.234995 0.0108528 0.0262504 0.0217056
0 0.240886 0.0109888 0.025545 0.0219777
0 0.24718 0.0120439 0.0256691 0.0240877
0 0.254181 0.0125845 0.0272823 0.0251691
0 0.260096 0.0124826 0.0266047 0.0249653
0 0.267594 0.0127221 0.0290209 0.0254442
0 0.273877 0.0121966 0.029057 0.0243931
0 0.278648 0.0114207 0.0261075 0.0228415
0 0.285041 0.012157 0.026413 0.0243139
0 0.292505 0.0128497 0.0288296 0.0256994
0 0.298366 0.0121081 0.0280125 0.0242162
0 0.303716 0.0116608 0.0262024 0.0233217
0 0.310193 0.0124648 0.0266594 0.0249295
0 0.316515 0.0129198 0.0268298 0.0258396
0 0.322791 0.0129905 0.0268847 0.0259809
0 0.328972 0.0130866 0.0267596 0.0261732
0 0.335274 0.0131751 0.0268736 0.0263502
0 0.341601 0.0132391 0.0270317 0.0264783
0 0.347828 0.0131443 0.0269666 0.0262887
0 0.353852 0.0130624 0.0265045 0.0261249
0 0.360209 0.0131149 0.0267208 0.0262298
0 0.366408 0.0131662 0.0266316 0.0263324
0 0.372679 0.0132001 0.0266751 0.0264002
0 0.378961 0.0131987 0.0267506 0.0263974
0 0.385247 0.0131619 0.0268237 0.0263237
0 0.3909 0.0129828 0.0256237 0.0259657
0 0.39718 0.0132549 0.0258225 0.0265099
0 0.40433 0.0134713 0.0282216 0.0269426
0 0.410196 0.0133867 0.0272068 0.0267734
0 0.416506 0.0133834 0.0271334 0.0267668
0 0.422741 0.0133583 0.0271194 0.0267167
0 0.429127 0.0132945 0.0273162 0.026589
0 0.435295 0.0132091 0.0271048 0.0264182
0 0.441649 0.0131625 0.027258 0.0263249
0 0.44788 0.0130934 0.0271841 0.0261867
0 0.453984 0.0130275 0.0268688 0.0260551
0 0.460306 0.0130571 0.0270143 0.0261142
0 0.466556 0.0130941 0.0270346 0.0261881
0 0.472805 0.0130945 0.02703 0.026189
0 0.479034 0.013103 0.0269897 0.026206
0 0.485295 0.01312 0.0270167 0.02624
0 0.491581 0.0131321 0.0270893 0.0262642
0 0.497818 0.0131047 0.0270525 0.0262094
0 0.504015 0.0130903 0.0269407 0.0261806
0 0.510294 0.013113 0.0270038 0.0262259
0 0.516559 0.0131322 0.0270408 0.0262643
0 0.522803 0.0131221 0.0270241 0.0262442
0 0.529025 0.013122 0.0269656 0.0262439
0 0.535283 0.0131386 0.026984 0.0262772
0 0.541684 0.013156 0.0272799 0.026312
0 0.547879 0.0130533 0.0271353 0.0261066
0 0.553944 0.0130033 0.0267496 0.0260066
0 0.56029 0.0130907 0.026953 0.0261814
0 0.566672 0.0131637 0.0272375 0.0263274
0 0.572873 0.0130786 0.0271119 0.0261573
0 0.57893 0.013054 0.0267115 0.0261081
0 0.585255 0.0131538 0.0268725 0.0263077
0 0.592314 0.0132198 0.0284853 0.0264396
0 0.598186 0.0127011 0.027671 0.0254022
0 0.603728 0.0124647 0.026246 0.0249295
0 0.610273 0.0130065 0.0268455 0.026013
0 0.616758 0.0132923 0.0273568 0.0265847
0 0.622909 0.0131735 0.0271313 0.0263471
0 0.628815 0.0131816 0.0264298 0.0263632
0 0.635155 0.0133662 0.0266249 0.0267325
0 0.64366 0.0133515 0.0311092 0.0267031
0 0.64946 0.0114173 0.0301726 0.0228347
0 0.65334 0.0102623 0.0254321 0.0205247
0 0.66002 0.0121927 0.0262928 0.0243855
0 0.666614 0.0133879 0.0269965 0.0267759
0 0.672817 0.0133442 0.0268984 0.0266883
0 0.678712 0.0133917 0.0261896 0.0267834
0 0.685182 0.0135147 0.0266365 0.0270294
0 0.691602 0.0135864 0.0269938 0.0271728
0 0.697729 0.0136157 0.0267622 0.0272314
0 0.704226 0.0136954 0.0272881 0.0273908
0 0.710413 0.0137768 0.0272163 0.0275537
0 0.716869 0.0138001 0.0276532 0.0276003
0 0.722998 0.01377 0.0273695 0.0275399
0 0.728983 0.0137429 0.0268185 0.0274859
0 0.735388 0.0137689 0.027144 0.0275378
0 0.742202 0.0137841 0.0282953 0.0275682
0 0.748265 0.0137743 0.0278878 0.0275487
0 0.754267 0.0137713 0.0274131 0.0275425
0 0.760693 0.013851 0.0278734 0.027702
0 0.767751 0.0138985 0.0295525 0.0277971
0 0.773735 0.0138467 0.0288756 0.0276935
0 0.779057 0.0137597 0.0270138 0.0275193
0 0.78559 0.0138616 0.0276293 0.0277233
0 0.793733 0.0138823 0.0313308 0.0277646
0 0.79988 0.013407 0.0310181 0.0268139
0 0.811278 0.0135683 0.028824 0.0271367
0 0.818744 0.0139032 0.0312607 0.0278064
0 0.82495 0.0136004 0.0311512 0.0272008
0 0.829262 0.0125144 0.0272754 0.0250289
0 0.836962 0.0135984 0.0301784 0.0271968
0 0.8482 0.0140018 0.0280619 0.0280036
0 0.855353 0.0140454 0.0305279 0.0280908
0 0.861184 0.0140467 0.0296733 0.0280933
0 0.866695 0.0140438 0.0276722 0.0280877
0 0.872788 0.0140371 0.0279288 0.0280742
0 0.880316 0.0140371 0.0309145 0.0280743
0 0.886906 0.0140209 0.0308029 0.0280419
0 0.890848 0.0139624 0.0257153 0.0279247
0 0.897331 0.0138585 0.0267196 0.0277171
0 0.903562 0.0139122 0.0278675 0.0278244
0 0.909758 0.0139189 0.029026 0.0278378
0 0.917344 0.013918 0.0315782 0.027836
0 0.923968 0.0139304 0.0295063 0.0278608
0 0.928343 0.0137977 0.0254663 0.0275955
0 0.935036 0.0137676 0.0263431 0.0275352
0 0.94077 0.0135576 0.0252967 0.0271152
0 0.947499 0.0124553 0.0262573 0.0249106
0 0.953619 0.0126591 0.026008 0.0253182
0 0.959968 0.0124278 0.0262488 0.0248556
0 0.966024 0.0127774 0.0260864 0.0255549
0 0.97194 0.0138814 0.0253006 0.0277628
0 0.980103 0.0139573 0.0310074 0.0279145
0 0.985632 0.0139097 0.0287365 0.0278195
0 0.976562 0.0470609 0.046875 0.0941219
0 0.0416452 0.0110067 0.03551 0.0220134
0 0.0479334 0.0110049 0.0354257 0.0220099
0 0.0602501 0.0110074 0.0357828 0.0220148
0 0.0726317 0.0110137 0.036027 0.0220273
0 0.0851717 0.0110119 0.0359515 0.0220237
0 0.0974168 0.0110219 0.0364226 0.0220438
0 0.103835 0.0110655 0.036181 0.022131
0 0.116305 0.0110374 0.0361598 0.0220748
0 0.12891 0.0110865 0.0360619 0.0221729
0 0.141153 0.0110526 0.0363047 0.0221052
0 0.153758 0.0111933 0.0363858 0.0223865
0 0.166245 0.0110954 0.0362378 0.0221909
0 0.178688 0.0110916 0.0362587 0.0221833
0 0.209596 0.0110283 0.036976 0.0220566
0 0.240977 0.010979 0.0363177 0.0219581
0 0.253696 0.0110992 0.0363684 0.0221983
0 0.285121 0.010993 0.0359355 0.0219859
0 0.316569 0.010988 0.0356355 0.0219759
0 0.322865 0.0109903 0.0355432 0.0219805
0 0.33522 0.0109958 0.0358362 0.0219915
0 0.347796 0.0109949 0.0356935 0.0219898
0 0.360202 0.0109895 0.0358648 0.0219789
0 0.372543 0.0109941 0.0361876 0.0219882
0 0.38515 0.0109924 0.0359885 0.0219847
0 0.396968 0.011006 0.0368302 0.022012
0 0.403582 0.0112243 0.0367626 0.0224485
0 0.416274 0.0110775 0.0363058 0.022155
0 0.428886 0.0110736 0.0360844 0.0221471
0 0.441511 0.0110507 0.0358196 0.0221014
0 0.453993 0.0110331 0.0358146 0.0220661
0 0.466443 0.0110415 0.0359279 0.022083
0 0.478923 0.0110418 0.0359648 0.0220837
0 0.49144 0.0110442 0.035942 0.0220883
0 0.503926 0.0110373 0.0359546 0.0220745
0 0.516419 0.0110419 0.0359779 0.0220838
0 0.528901 0.0110392 0.0360033 0.0220784
0 0.541495 0.0110403 0.0358397 0.0220805
0 0.547808 0.0110335 0.0357039 0.022067
0 0.56023 0.0110254 0.0358301 0.0220507
0 0.572791 0.0110258 0.035726 0.0220516
0 0.585133 0.0110234 0.0360101 0.0220467
0 0.604023 0.010969 0.0356805 0.021938
0 0.610424 0.0109845 0.0354103 0.0219689
0 0.622791 0.0109968 0.0357007 0.0219937
0 0.634903 0.0109983 0.0364381 0.0219966
0 0.666335 0.0109557 0.036088 0.0219115
0 0.672695 0.0109544 0.0358665 0.0219087
0 0.684956 0.0109543 0.0363434 0.0219086
0 0.697361 0.0109585 0.0365346 0.021917
0 0.709879 0.0109615 0.0365074 0.021923
0 0.716294 0.0109653 0.0361814 0.0219307
0 0.728792 0.0109545 0.0361772 0.0219089
0 0.741469 0.0109591 0.0358254 0.0219182
0 0.747908 0.0109554 0.0354484 0.0219107
0 0.760376 0.0109538 0.035516 0.0219076
0 0.773345 0.0109546 0.0345757 0.0219091
0 0.785285 0.0109507 0.0356886 0.0219015
0 0.805011 0.0109379 0.0337275 0.0218757
0 0.842109 0.0109389 0.034533 0.0218778
0 0.848254 0.0109394 0.0347455 0.0218788
0 0.85485 0.0109492 0.0340706 0.0218984
0 0.867064 0.0109448 0.0346341 0.0218897
0 0.879448 0.0109528 0.0348816 0.0219057
0 0.885547 0.0109479 0.0351713 0.0218958
0 0.897039 0.0109432 0.0371725 0.0218864
0 0.909386 0.0109547 0.0374787 0.0219095
0 0.915676 0.0109451 0.0374069 0.0218902
0 0.922065 0.0109443 0.0371315 0.0218885
0 0.934452 0.0109406 0.0373448 0.0218811
0 0.946881 0.0109379 0.0374885 0.0218758
0 0.95941 0.0109375 0.0374304 0.021875
0 0.971865 0.0109375 0.0374779 0.0218751
0 0.978153 0.0109391 0.0374966 0.0218782
0 0.983065 0.0109381 0.0338705 0.0218762
0 0.988959 0.0109462 0.0220827 0.0218925
0 0.0109372 0.0143473 0.0218745 0.0286947
0 0.0187717 0.0142087 0.0314798 0.0284174
0 0.0248874 0.0141278 0.0315413 0.0282556
0 0.0311337 0.0141226 0.0314935 0.0282451
0 0.0374314 0.0141625 0.0314082 0.028325
0 0.0436679 0.0141863 0.0314409 0.0283726
0 0.0499162 0.0141805 0.031442 0.0283609
0 0.0561441 0.0141783 0.0314794 0.0283567
0 0.0623968 0.0141933 0.0314772 0.0283865
0 0.0686359 0.014197 0.0315002 0.0283941
0 0.0748842 0.0141975 0.0315039 0.0283949
0 0.0811382 0.0141961 0.0314978 0.0283922
0 0.0873911 0.014191 0.0314914 0.0283819
0 0.0936015 0.0141889 0.0315631 0.0283778
0 0.0998392 0.0142124 0.0315929 0.0284248
0 0.106135 0.0142627 0.0315329 0.0285254
0 0.112375 0.0142236 0.0315341 0.0284472
0 0.118592 0.0142165 0.031586 0.028433
0 0.124835 0.01424 0.0316065 0.02848
0 0.131135 0.0142709 0.031541 0.0285418
0 0.137371 0.0142288 0.0315534 0.0284577
0 0.143531 0.0142117 0.0317089 0.0284234
0 0.149758 0.0142691 0.0317678 0.0285382
0 0.156127 0.0143826 0.0316525 0.0287652
0 0.162314 0.0143023 0.0317099 0.0286046
0 0.168561 0.0142741 0.0316875 0.0285482
0 0.174774 0.0142847 0.0317536 0.0285695
0 0.181069 0.0143305 0.0317135 0.0286609
0 0.187289 0.0143128 0.0317743 0.0286257
0 0.193995 0.0142712 0.0318595 0.0285425
0 0.200079 0.0142544 0.0315164 0.0285087
0 0.206102 0.0142658 0.0316284 0.0285316
0 0.212269 0.0143756 0.0318569 0.0287512
0 0.218874 0.0142129 0.031958 0.0284259
0 0.225005 0.0141622 0.0316337 0.0283244
0 0.230953 0.0141045 0.0318924 0.0282089
0 0.237406 0.0140871 0.0315026 0.0281743
0 0.243645 0.0140916 0.0314741 0.0281832
0 0.249868 0.0141159 0.0315433 0.0282317
0 0.256158 0.014215 0.0315309 0.0284301
0 0.262314 0.0142338 0.0316734 0.0284677
0 0.26864 0.0144263 0.0316263 0.0288525
0 0.274901 0.0144921 0.0315596 0.0289842
0 0.280675 0.0143048 0.0324105 0.0286095
0 0.287101 0.0143462 0.0320772 0.0286925
0 0.293705 0.0143703 0.0314675 0.0287405
0 0.299917 0.0142428 0.0314533 0.0284856
0 0.306077 0.0141643 0.0316017 0.0283285
0 0.312386 0.0142271 0.03149 0.0284542
0 0.318619 0.014237 0.0315262 0.028474
0 0.324874 0.0142348 0.0315146 0.0284696
0 0.331105 0.0142454 0.0315504 0.0284907
0 0.337359 0.0142607 0.0315442 0.0285214
0 0.343619 0.0142667 0.0315266 0.0285334
0 0.349878 0.0142515 0.0315076 0.028503
0 0.356111 0.0142199 0.0315354 0.0284398
0 0.362362 0.0142358 0.0315368 0.0284715
0 0.368599 0.0142295 0.0315637 0.028459
0 0.374849 0.0142333 0.0315626 0.0284666
0 0.381117 0.014228 0.0315297 0.0284559
0 0.387382 0.0142049 0.0315002 0.0284097
0 0.393417 0.0141749 0.0319187 0.0283498
0 0.399551 0.0142654 0.0321586 0.0285308
0 0.406066 0.0146884 0.0317864 0.0293768
0 0.412182 0.0144164 0.0319318 0.0288328
0 0.418447 0.0144406 0.0318827 0.0288813
0 0.424683 0.0144478 0.0319126 0.0288955
0 0.430965 0.0144472 0.0318545 0.0288944
