0 0.00790857 0.0105538 0.0158171 0.0211076
0 0.0123823 0.00781635 0.0186502 0.0156327
0 0.0186806 0.010965 0.0311185 0.0219299
0 0.0245233 0.00998112 0.0303024 0.0199622
0 0.0345268 0.0113917 0.0253064 0.0227835
0 0.0454028 0.0121106 0.0345556 0.0242212
0 0.05 0.0100945 0.03125 0.0201889
0 0.0531384 0.00781262 0.0250268 0.0156252
0 0.0598709 0.00783809 0.0259918 0.0156762
0 0.065927 0.0108979 0.0256039 0.0217958
0 0.0721378 0.0111295 0.0255256 0.0222589
0 0.0782855 0.0121148 0.025321 0.0242295
0 0.0846152 0.0130333 0.0254805 0.0260665
0 0.093076 0.0135304 0.0299019 0.0270609
0 0.0983357 0.0123327 0.0279214 0.0246653
0 0.103385 0.0120973 0.02552 0.0241946
0 0.111233 0.0125843 0.0287164 0.0251685
0 0.117593 0.0123934 0.0289353 0.0247868
0 0.122915 0.0115295 0.0270796 0.0230591
0 0.128182 0.0118479 0.0251138 0.0236958
0 0.134993 0.0132988 0.0262354 0.0265975
0 0.140771 0.0138387 0.0252924 0.0276774
0 0.147127 0.013943 0.0255041 0.0278859
0 0.154101 0.0140001 0.0269537 0.0280002
0 0.15978 0.0139697 0.0258097 0.0279394
0 0.165737 0.0139 0.0252247 0.0278001
0 0.172037 0.0139323 0.0253241 0.0278647
0 0.179341 0.0139493 0.0274325 0.0278986
0 0.185017 0.0138403 0.0262835 0.0276806
0 0.19079 0.0134473 0.0253302 0.0268945
0 0.197055 0.0135336 0.0253603 0.0270672
0 0.20343 0.0138287 0.0256106 0.0276573
0 0.209648 0.0138872 0.0255479 0.0277744
0 0.217138 0.0139611 0.028026 0.0279223
0 0.222698 0.0138918 0.0266466 0.0277836
0 0.228267 0.0137253 0.0252836 0.0274505
0 0.234761 0.0137977 0.0257711 0.0275954
0 0.241012 0.0138606 0.0257739 0.0277212
0 0.247258 0.013865 0.0257653 0.02773
0 0.253677 0.0138243 0.0261044 0.0276486
0 0.259806 0.0137832 0.0258625 0.0275665
0 0.266354 0.013671 0.0264589 0.0273421
0 0.272747 0.0135527 0.0267437 0.0271053
0 0.279004 0.0133032 0.0267571 0.0266064
0 0.286143 0.0132841 0.0285351 0.0265682
0 0.2907 0.0123722 0.025151 0.0247445
0 0.296938 0.0131523 0.0251261 0.0263045
0 0.304296 0.0137928 0.0273419 0.0275856
0 0.309769 0.0136637 0.0257889 0.0273274
0 0.315756 0.0135464 0.0252624 0.0270929
0 0.322221 0.0137321 0.0256929 0.0274643
0 0.328489 0.0138189 0.0257279 0.0276379
0 0.334645 0.0138173 0.0255411 0.0276346
0 0.341436 0.0137958 0.0266226 0.0275916
0 0.347459 0.0136804 0.026168 0.0273608
0 0.353424 0.0134156 0.0255983 0.0268313
0 0.359683 0.0134791 0.0256163 0.0269583
0 0.366446 0.0136915 0.0266415 0.0273831
0 0.372578 0.0136661 0.0264069 0.0273322
0 0.378396 0.0135544 0.0255426 0.0271088
0 0.384932 0.0136819 0.0261133 0.0273638
0 0.391078 0.0137943 0.0259051 0.0275887
0 0.397308 0.0138079 0.0258664 0.0276158
0 0.403565 0.013844 0.0258808 0.027688
0 0.409905 0.013877 0.0260594 0.0277541
0 0.415879 0.0138879 0.0255083 0.0277758
0 0.422194 0.0139218 0.025639 0.0278435
0 0.428731 0.013951 0.0262125 0.0279019
0 0.434807 0.013933 0.025865 0.0278661
0 0.44097 0.0139012 0.0256901 0.0278024
0 0.447232 0.0138892 0.0257147 0.0277785
0 0.453514 0.0138894 0.025779 0.0277789
0 0.459755 0.0138781 0.025761 0.0277561
0 0.465949 0.0138552 0.0256485 0.0277105
0 0.472165 0.0138563 0.0255808 0.0277125
0 0.478494 0.0138786 0.0257376 0.0277573
0 0.484741 0.0138902 0.0257317 0.0277803
0 0.491083 0.0138947 0.0259172 0.0277894
0 0.497274 0.013874 0.025799 0.027748
0 0.503409 0.0138284 0.025569 0.0276568
0 0.509682 0.0137995 0.0256139 0.0275989
0 0.515903 0.0137685 0.0255558 0.0275371
0 0.522168 0.013735 0.0255862 0.02747
0 0.528723 0.0136998 0.0261969 0.0273997
0 0.535208 0.0135917 0.0266657 0.0271834
0 0.540791 0.013195 0.0253329 0.0263899
0 0.547064 0.013351 0.025379 0.0267021
0 0.553473 0.0136792 0.0256965 0.0273585
0 0.559619 0.0136817 0.0254884 0.0273633
0 0.565919 0.013776 0.0255889 0.027552
0 0.572183 0.0138118 0.0256157 0.0276236
0 0.578369 0.0138186 0.0254872 0.0276372
0 0.584647 0.0138152 0.0255445 0.0276304
0 0.591008 0.0137851 0.0257668 0.0275703
0 0.597276 0.0137512 0.0258024 0.0275024
0 0.603625 0.0135981 0.0259994 0.0271961
0 0.609878 0.0133749 0.0260054 0.0267498
0 0.616125 0.0131892 0.0260007 0.0263784
0 0.622657 0.0130382 0.0265641 0.0260764
0 0.628452 0.0128666 0.0256544 0.0257333
0 0.634612 0.0131176 0.0254742 0.0262353
0 0.641157 0.0135028 0.026064 0.0270056
0 0.647526 0.0136184 0.0263011 0.0272368
0 0.653349 0.0135265 0.0254488 0.027053
0 0.659646 0.0135858 0.0255424 0.0271716
0 0.665884 0.0137251 0.0255171 0.0274502
0 0.672199 0.0137959 0.0256484 0.0275917
0 0.680803 0.0138513 0.0303552 0.0277025
0 0.687424 0.0133745 0.031099 0.0267489
0 0.690625 0.0111084 0.0250003 0.0222168
0 0.696729 0.0123229 0.0252867 0.0246458
0 0.700086 0.0136625 0.035451 0.027325
0 0.709254 0.0138242 0.0282318 0.0276484
0 0.715772 0.0138737 0.0255315 0.0277474
0 0.721913 0.0136883 0.0256463 0.0273766
0 0.730802 0.0136622 0.0307148 0.0273243
0 0.736932 0.0129461 0.0303677 0.0258921
0 0.740558 0.0111666 0.0251821 0.0223331
0 0.744689 0.011879 0.0293561 0.023758
0 0.752131 0.0125924 0.0329617 0.0251848
0 0.75961 0.0127514 0.0289381 0.0255028
0 0.766579 0.0128427 0.0278075 0.0256855
0 0.772728 0.0124204 0.0282223 0.0248408
0 0.780364 0.0120209 0.0309836 0.0240418
0 0.786728 0.0114713 0.0309995 0.0229426
0 0.800816 0.0118336 0.0385838 0.0236672
0 0.808648 0.0109792 0.0310594 0.0219584
0 0.8151 0.0108597 0.0341389 0.0217194
0 0.823069 0.0110454 0.0362724 0.0220908
0 0.829737 0.0118929 0.0365456 0.0237858
0 0.841339 0.0120198 0.0371652 0.0240396
0 0.849576 0.0120348 0.0334812 0.0240697
0 0.860603 0.0119987 0.0301342 0.0239973
0 0.866523 0.0129825 0.0306752 0.025965
0 0.872444 0.013081 0.0324875 0.0261621
0 0.878531 0.0132513 0.0344303 0.0265026
0 0.884926 0.013208 0.0343201 0.026416
0 0.890027 0.0130771 0.030015 0.0261542
0 0.895188 0.0128733 0.0309955 0.0257466
0 0.902445 0.0128184 0.0371109 0.0256368
0 0.90898 0.0127934 0.0350853 0.0255868
0 0.920564 0.0126154 0.0356365 0.0252308
0 0.92695 0.0124494 0.0383781 0.0248989
0 0.933821 0.0122457 0.0393211 0.0244914
0 0.0342146 0.0109673 0.035341 0.0219346
0 0.0656326 0.0109376 0.0374848 0.0218752
0 0.0781607 0.0109376 0.0374285 0.0218752
0 0.0908314 0.0109376 0.0370872 0.0218752
0 0.103177 0.0109375 0.037397 0.021875
0 0.128153 0.0109375 0.0374449 0.021875
0 0.140645 0.0109376 0.0374602 0.0218752
0 0.15317 0.010938 0.0374094 0.0218759
0 0.165655 0.0109376 0.0374395 0.0218752
0 0.178164 0.010938 0.0374228 0.021876
0 0.190638 0.0109377 0.0374743 0.0218753
0 0.20313 0.0109382 0.0374892 0.0218763
0 0.215677 0.0109384 0.037397 0.0218768
0 0.228212 0.0109376 0.0373254 0.0218752
0 0.240707 0.0109377 0.0373352 0.0218755
0 0.253232 0.0109377 0.0372864 0.0218753
0 0.265828 0.0109376 0.0370948 0.0218751
0 0.27826 0.0109376 0.0372307 0.0218751
0 0.290641 0.0109376 0.0374677 0.0218752
0 0.303146 0.010938 0.0374584 0.0218761
0 0.315635 0.0109378 0.0374806 0.0218755
0 0.328146 0.010938 0.0374584 0.021876
0 0.340686 0.0109379 0.0373786 0.0218758
0 0.3532 0.0109376 0.0373501 0.0218752
0 0.365722 0.0109376 0.037306 0.0218752
0 0.378218 0.0109376 0.0373147 0.0218751
0 0.390731 0.0109376 0.0372883 0.0218752
0 0.403232 0.0109376 0.0372861 0.0218752
0 0.415687 0.0109376 0.0373752 0.0218752
0 0.428177 0.0109378 0.0373965 0.0218756
0 0.440673 0.0109377 0.0374037 0.0218754
0 0.453166 0.0109377 0.0374182 0.0218755
0 0.465658 0.0109377 0.0374332 0.0218754
0 0.478159 0.0109377 0.0374324 0.0218754
0 0.490677 0.0109377 0.0373953 0.0218755
0 0.50318 0.0109376 0.0373907 0.0218753
0 0.515662 0.0109376 0.0374252 0.0218752
0 0.52817 0.0109376 0.0374101 0.0218753
0 0.540635 0.0109376 0.0374799 0.0218753
0 0.553132 0.0109379 0.0374867 0.0218758
0 0.565636 0.0109378 0.0374776 0.0218756
0 0.578146 0.0109378 0.0374573 0.0218755
0 0.59066 0.0109377 0.0374298 0.0218755
0 0.603173 0.0109376 0.0374039 0.0218753
0 0.61565 0.0109376 0.0374506 0.0218752
0 0.628133 0.0109376 0.0374832 0.0218753
0 0.640637 0.0109377 0.0374759 0.0218755
0 0.653154 0.0109376 0.0374423 0.0218753
0 0.66567 0.0109377 0.0374107 0.0218754
0 0.678546 0.0109376 0.0366574 0.0218752
0 0.708804 0.0109551 0.038644 0.0219102
0 0.715609 0.0109811 0.0374466 0.0219621
0 0.759026 0.0111812 0.0381721 0.0223624
0 0.765675 0.0111919 0.0373106 0.0223837
0 0.854813 0.0111368 0.0338891 0.0222736
0 0.8806 0.0118707 0.0362854 0.0237414
0 0.915769 0.0124495 0.0372391 0.024899
0 0.938076 0.0132364 0.0356976 0.0264727
0 0.96436 0.0133379 0.035627 0.0266758
0 0.0109373 0.0143853 0.0218746 0.0287706
0 0.0193713 0.0144389 0.032551 0.0288778
0 0.0249217 0.0141879 0.0314854 0.0283757
0 0.0370525 0.0148659 0.0321477 0.0297319
0 0.046875 0.0140789 0.0375 0.0281578
0 0.0542151 0.0140625 0.0353199 0.0281251
0 0.0619742 0.0140698 0.0323017 0.0281395
0 0.068716 0.0140658 0.0313179 0.0281315
0 0.0749893 0.0140634 0.0312715 0.0281268
0 0.0812465 0.0140638 0.0312571 0.0281276
0 0.0874978 0.0140649 0.0312545 0.0281297
0 0.0999995 0.014065 0.0312511 0.0281299
0 0.106248 0.0140639 0.0312549 0.0281279
0 0.112499 0.0140656 0.0312511 0.0281312
0 0.11875 0.0140649 0.0312505 0.0281298
0 0.125 0.0140644 0.0312506 0.0281287
0 0.13125 0.0140632 0.0312509 0.0281265
0 0.1375 0.0140635 0.0312503 0.028127
0 0.143749 0.0140634 0.0312512 0.0281268
0 0.149999 0.0140642 0.0312515 0.0281284
0 0.1625 0.0140641 0.0312509 0.0281281
0 0.168749 0.0140641 0.0312524 0.0281282
0 0.174999 0.0140663 0.0312526 0.0281325
0 0.187499 0.0140655 0.031252 0.028131
0 0.193747 0.0140656 0.031256 0.0281312
0 0.199996 0.0140671 0.0312575 0.0281343
0 0.206247 0.0140705 0.0312559 0.0281411
0 0.212496 0.0140703 0.0312577 0.0281406
0 0.231249 0.0140634 0.031252 0.0281269
0 0.2375 0.0140637 0.031251 0.0281275
0 0.24375 0.0140635 0.0312508 0.028127
0 0.25 0.0140634 0.0312508 0.0281268
0 0.25625 0.0140633 0.0312508 0.0281265
0 0.2625 0.0140631 0.0312508 0.0281263
0 0.26875 0.0140632 0.0312506 0.0281265
0 0.275 0.0140631 0.0312505 0.0281261
0 0.28125 0.0140631 0.0312506 0.0281261
0 0.293749 0.0140634 0.0312525 0.0281268
0 0.299998 0.0140647 0.0312549 0.0281295
0 0.312499 0.0140638 0.0312521 0.0281277
0 0.318748 0.0140641 0.0312539 0.0281282
0 0.324999 0.0140648 0.0312528 0.0281295
0 0.331249 0.0140641 0.0312523 0.0281282
0 0.337499 0.014064 0.0312528 0.0281279
0 0.343749 0.0140638 0.0312511 0.0281276
0 0.349999 0.0140635 0.0312515 0.0281269
0 0.356248 0.0140635 0.0312531 0.0281271
0 0.362499 0.0140641 0.0312524 0.0281282
0 0.368749 0.0140653 0.0312513 0.0281306
0 0.374999 0.0140646 0.0312513 0.0281292
0 0.381249 0.0140639 0.0312529 0.0281278
0 0.387499 0.0140648 0.0312518 0.0281296
0 0.393749 0.014065 0.0312515 0.02813
0 0.399999 0.014065 0.0312517 0.0281301
0 0.406249 0.0140648 0.0312516 0.0281296
0 0.412499 0.0140648 0.0312513 0.0281296
0 0.418749 0.0140653 0.0312529 0.0281306
0 0.424999 0.0140664 0.031253 0.0281329
0 0.431249 0.0140684 0.0312525 0.0281368
0 0.437499 0.0140675 0.031253 0.0281349
0 0.443748 0.0140681 0.0312536 0.0281361
0 0.449998 0.0140697 0.0312538 0.0281394
0 0.456248 0.0140695 0.0312538 0.0281389
0 0.462498 0.0140692 0.0312542 0.0281384
0 0.468747 0.0140679 0.0312553 0.0281359
0 0.474997 0.014068 0.0312561 0.028136
0 0.481247 0.0140685 0.0312556 0.028137
0 0.487498 0.0140679 0.031255 0.0281359
0 0.493748 0.0140671 0.031254 0.0281342
0 0.499998 0.0140661 0.0312536 0.0281323
0 0.506248 0.0140654 0.0312536 0.0281308
0 0.512498 0.0140653 0.0312543 0.0281307
0 0.518748 0.0140654 0.0312543 0.0281308
0 0.524998 0.0140661 0.0312538 0.0281322
0 0.531249 0.0140664 0.0312527 0.0281328
0 0.537499 0.0140662 0.0312522 0.0281323
0 0.543746 0.0140671 0.0312577 0.0281341
0 0.549995 0.0140685 0.0312599 0.0281369
0 0.556246 0.0140706 0.0312585 0.0281413
0 0.562494 0.0140688 0.0312614 0.0281377
0 0.568746 0.0140686 0.0312582 0.0281373
0 0.574997 0.0140678 0.0312561 0.0281356
0 0.581247 0.0140661 0.0312554 0.0281322
0 0.587498 0.014066 0.0312548 0.028132
0 0.593748 0.0140654 0.0312532 0.0281309
0 0.599998 0.014065 0.0312532 0.0281299
0 0.606249 0.0140653 0.0312527 0.0281306
0 0.612499 0.0140652 0.0312529 0.0281305
0 0.618748 0.0140671 0.0312536 0.0281342
0 0.624997 0.014068 0.0312553 0.028136
0 0.631243 0.014069 0.0312638 0.028138
0 0.637492 0.0140725 0.031266 0.0281451
0 0.643746 0.0140724 0.031257 0.0281449
0 0.649998 0.0140675 0.0312541 0.0281351
0 0.656247 0.0140654 0.0312552 0.0281307
0 0.662498 0.0140658 0.0312536 0.0281316
0 0.668749 0.0140648 0.0312529 0.0281297
