0 0.0078125 0.0109373 0.015625 0.0218745
0 0.0124966 0.0078125 0.0187432 0.015625
0 0.0187497 0.011263 0.0312495 0.022526
0 0.0249812 0.0109222 0.0312124 0.0218445
0 0.0345383 0.0130398 0.0253266 0.0260797
0 0.0434546 0.0140519 0.0306597 0.0281037
0 0.049231 0.0140552 0.029712 0.0281105
0 0.0601495 0.0140597 0.026549 0.0281194
0 0.0663373 0.0140616 0.0264259 0.0281232
0 0.0729272 0.014062 0.0271084 0.028124
0 0.0794676 0.0140622 0.0276928 0.0281245
0 0.0854462 0.0140623 0.0271486 0.0281246
0 0.093375 0.0140623 0.030514 0.0281246
0 0.0993604 0.0140623 0.029973 0.0281246
0 0.111211 0.0140622 0.0286758 0.0281245
0 0.121891 0.0140609 0.025055 0.0281218
0 0.129971 0.0140607 0.0292132 0.0281214
0 0.135043 0.0140607 0.026482 0.0281213
0 0.140969 0.0140615 0.0257003 0.0281231
0 0.147546 0.0140599 0.0263491 0.0281198
0 0.15331 0.0140571 0.0253732 0.0281141
0 0.159911 0.0140584 0.0260774 0.0281167
0 0.166635 0.0140555 0.0270224 0.0281111
0 0.172587 0.014041 0.0264245 0.028082
0 0.178131 0.01404 0.0250123 0.0280801
0 0.184408 0.0140481 0.0250665 0.0280963
0 0.192023 0.0140425 0.027797 0.028085
0 0.197761 0.0140354 0.0267725 0.0280707
0 0.203339 0.0140579 0.0254279 0.0281158
0 0.209887 0.0140609 0.0260237 0.0281218
0 0.215787 0.0140612 0.0253247 0.0281224
0 0.222133 0.0140609 0.0255171 0.0281217
0 0.228163 0.0140595 0.0250759 0.0281189
0 0.234391 0.0140604 0.0250311 0.0281208
0 0.24342 0.0140565 0.0305918 0.028113
0 0.249302 0.0140597 0.0298536 0.0281194
0 0.260383 0.0140624 0.0270153 0.0281247
0 0.266807 0.0140623 0.0273649 0.0281247
0 0.272544 0.0140624 0.026339 0.0281248
0 0.278563 0.0140624 0.0258766 0.0281249
0 0.285344 0.0140625 0.0269396 0.0281249
0 0.290785 0.0140625 0.0253217 0.0281249
0 0.297 0.0140625 0.0252559 0.0281249
0 0.303642 0.0140625 0.0260409 0.028125
0 0.309571 0.0140625 0.0253947 0.0281249
0 0.318433 0.0140625 0.0306366 0.0281249
0 0.324049 0.0140625 0.0293522 0.028125
0 0.328896 0.0140625 0.0265447 0.028125
0 0.336076 0.0140625 0.0284166 0.028125
0 0.342715 0.0140625 0.0292914 0.028125
0 0.34877 0.0140625 0.0289457 0.028125
0 0.355252 0.0140625 0.0293175 0.028125
0 0.36106 0.0140625 0.0283888 0.028125
0 0.366369 0.0140625 0.0264946 0.028125
0 0.372782 0.0140625 0.0268466 0.028125
0 0.380934 0.0140625 0.0307159 0.028125
0 0.386546 0.0140625 0.0293936 0.028125
0 0.390626 0.0140625 0.025003 0.028125
0 0.396874 0.0140624 0.0250407 0.0281248
0 0.405603 0.0140624 0.0310735 0.0281248
0 0.415905 0.0140624 0.0255961 0.0281248
0 0.422654 0.0140623 0.0267284 0.0281246
0 0.429517 0.0140624 0.027959 0.0281248
0 0.435764 0.0140624 0.0281104 0.0281248
0 0.443191 0.0140624 0.0305966 0.0281248
0 0.448687 0.0140625 0.02882 0.0281249
0 0.455283 0.0140625 0.0293305 0.0281249
0 0.460952 0.0140623 0.0281563 0.0281246
0 0.465681 0.0140618 0.0251118 0.0281236
0 0.472171 0.0140618 0.0256016 0.0281237
0 0.48103 0.0140623 0.0309675 0.0281245
0 0.486546 0.014062 0.029366 0.0281241
0 0.490778 0.0140614 0.0253123 0.0281227
0 0.49745 0.0140608 0.0262217 0.0281217
0 0.505499 0.0140619 0.0299036 0.0281237
0 0.517606 0.0140614 0.0289755 0.0281227
0 0.523991 0.0140615 0.0292397 0.028123
0 0.529585 0.0140607 0.0279214 0.0281215
0 0.535587 0.0140609 0.0274247 0.0281218
0 0.543537 0.014061 0.0308244 0.028122
0 0.54975 0.01406 0.0307503 0.02812
0 0.561224 0.0140576 0.0286992 0.0281153
0 0.568624 0.0140604 0.0309986 0.0281209
0 0.57486 0.0140585 0.0309705 0.028117
0 0.586568 0.0140527 0.029385 0.0281054
0 0.592725 0.0140587 0.0291998 0.0281175
0 0.599023 0.0140602 0.0292966 0.0281204
0 0.605479 0.0140612 0.0297093 0.0281225
0 0.611627 0.0140614 0.0295043 0.0281228
0 0.618276 0.0140613 0.030303 0.0281227
0 0.624501 0.014061 0.0302516 0.028122
0 0.630258 0.0140606 0.0292674 0.0281211
0 0.636585 0.0140612 0.0294212 0.0281224
0 0.643638 0.0140617 0.0310273 0.0281234
0 0.64979 0.0140611 0.0308298 0.0281221
0 0.660976 0.0140614 0.0282024 0.0281229
0 0.668735 0.0140622 0.0312207 0.0281244
0 0.674944 0.0140615 0.0311376 0.028123
0 0.686247 0.0140615 0.028743 0.028123
0 0.69307 0.0140623 0.0298907 0.0281246
0 0.698442 0.0140621 0.0281336 0.0281241
0 0.70394 0.0140618 0.02663 0.0281236
0 0.711792 0.0140622 0.0298346 0.0281244
0 0.722127 0.0140622 0.0255057 0.0281244
0 0.729849 0.0140624 0.028464 0.0281247
0 0.735446 0.0140623 0.0271561 0.0281247
0 0.742459 0.0140623 0.028676 0.0281247
0 0.748451 0.0140622 0.0281536 0.0281245
0 0.75365 0.0140621 0.0260513 0.0281242
0 0.760374 0.0140622 0.0269985 0.0281245
0 0.768078 0.0140623 0.0299079 0.0281246
0 0.773908 0.0140622 0.029067 0.0281244
0 0.785741 0.0140622 0.0277323 0.0281244
0 0.790913 0.0140623 0.0255795 0.0281246
0 0.797513 0.0140623 0.0263052 0.0281246
0 0.805587 0.0140624 0.0300276 0.0281248
0 0.810908 0.0140624 0.0281122 0.0281248
0 0.816314 0.0140624 0.0263935 0.0281248
0 0.822662 0.0140624 0.0266166 0.0281248
0 0.830589 0.0140624 0.0299895 0.0281247
0 0.83533 0.0140622 0.0269352 0.0281244
0 0.841037 0.014062 0.0258535 0.028124
0 0.847756 0.0140619 0.026865 0.0281238
0 0.854983 0.0140622 0.0288689 0.0281243
0 0.860677 0.014062 0.0276985 0.028124
0 0.866815 0.0140621 0.0274233 0.0281242
0 0.873165 0.0140622 0.0276541 0.0281243
0 0.879967 0.0140622 0.0287176 0.0281244
0 0.885658 0.014062 0.0275799 0.028124
0 0.891706 0.0140616 0.0271667 0.0281233
0 0.898008 0.0140616 0.0272719 0.0281232
0 0.905096 0.0140616 0.0289455 0.0281232
0 0.91204 0.0140596 0.0303303 0.0281192
0 0.921993 0.0140249 0.0252364 0.0280498
0 0.929866 0.0140508 0.0284832 0.0281017
0 0.936203 0.0140598 0.0286728 0.0281196
0 0.941757 0.0140612 0.027286 0.0281224
0 0.948281 0.0140616 0.027853 0.0281232
0 0.955406 0.0140618 0.0295849 0.0281236
0 0.961387 0.014061 0.0290363 0.028122
0 0.97209 0.0140573 0.0256447 0.0281146
0 0.98058 0.0140578 0.0325916 0.0281157
0 0.985935 0.0140522 0.0281301 0.0281044
0 0.976562 0.0477558 0.046875 0.0955117
0 0.034441 0.0109375 0.037368 0.021875
0 0.0469816 0.0109375 0.0372868 0.021875
0 0.0594695 0.0109375 0.0373109 0.021875
0 0.0718842 0.0109375 0.0374816 0.021875
0 0.0843824 0.0109375 0.0374852 0.021875
0 0.0971676 0.0109375 0.0369149 0.021875
0 0.110034 0.0109375 0.0361816 0.021875
0 0.121875 0.0109375 0.0374996 0.021875
0 0.134375 0.0109375 0.0375 0.021875
0 0.146875 0.0109375 0.0374997 0.021875
0 0.159375 0.0109375 0.0374998 0.021875
0 0.171875 0.0109375 0.0374997 0.021875
0 0.184375 0.0109375 0.0374999 0.021875
0 0.196875 0.0109375 0.0374999 0.021875
0 0.209375 0.0109375 0.0374993 0.021875
0 0.221875 0.0109375 0.0374999 0.021875
0 0.234375 0.0109375 0.0375 0.021875
0 0.246877 0.0109375 0.0374961 0.021875
0 0.259389 0.0109375 0.0374723 0.021875
0 0.271875 0.0109375 0.0374996 0.021875
0 0.284375 0.0109375 0.0374992 0.021875
0 0.296875 0.0109375 0.0375 0.021875
0 0.309375 0.0109375 0.0375 0.021875
0 0.321875 0.0109375 0.0374995 0.021875
0 0.33438 0.0109375 0.0374893 0.021875
0 0.346877 0.0109375 0.0374964 0.021875
0 0.359381 0.0109375 0.0374885 0.021875
0 0.371884 0.0109375 0.0374811 0.021875
0 0.384417 0.0109375 0.0374164 0.021875
0 0.396875 0.0109375 0.0374993 0.021875
0 0.409375 0.0109375 0.0375 0.021875
0 0.421875 0.0109375 0.0374998 0.021875
0 0.434375 0.0109375 0.037499 0.021875
0 0.446886 0.0109375 0.0374771 0.021875
0 0.459731 0.0109375 0.0367886 0.021875
0 0.471896 0.0109375 0.0374576 0.021875
0 0.484393 0.0109375 0.0374638 0.021875
0 0.496886 0.0109375 0.0374773 0.021875
0 0.509377 0.0109375 0.0374965 0.021875
0 0.521929 0.0109375 0.0373912 0.021875
0 0.534505 0.0109375 0.0372408 0.021875
0 0.541148 0.0109375 0.0364534 0.021875
0 0.553471 0.0109375 0.0368084 0.021875
0 0.559969 0.0109375 0.0363112 0.021875
0 0.578972 0.0109375 0.0358059 0.021875
0 0.585707 0.0109375 0.0348356 0.021875
0 0.597365 0.0109375 0.03652 0.021875
0 0.609855 0.0109375 0.0365391 0.021875
0 0.622395 0.0109375 0.0364605 0.021875
0 0.634686 0.0109375 0.0368774 0.021875
0 0.653566 0.0109375 0.0366176 0.021875
0 0.660008 0.0109375 0.0362332 0.021875
0 0.679308 0.0109375 0.0351346 0.021875
0 0.698871 0.0109375 0.0335079 0.021875
0 0.715687 0.0109375 0.0373756 0.021875
0 0.728149 0.0109375 0.0374513 0.021875
0 0.740648 0.0109375 0.0374541 0.021875
0 0.753142 0.0109375 0.0374652 0.021875
0 0.765686 0.0109375 0.0373787 0.021875
0 0.778204 0.0109375 0.0373413 0.021875
0 0.790634 0.0109375 0.0374821 0.021875
0 0.80314 0.0109375 0.0374706 0.021875
0 0.81565 0.0109375 0.0374503 0.021875
0 0.828152 0.0109375 0.0374462 0.021875
0 0.84063 0.0109375 0.0374897 0.021875
0 0.85313 0.0109375 0.0374902 0.021875
0 0.865647 0.0109375 0.0374565 0.021875
0 0.87817 0.0109375 0.0374107 0.021875
0 0.890728 0.0109375 0.037294 0.021875
0 0.903328 0.0109375 0.0370945 0.021875
0 0.915691 0.0109375 0.0373685 0.021875
0 0.928157 0.0109375 0.0374363 0.021875
0 0.940652 0.0109375 0.0374455 0.021875
0 0.953364 0.0109375 0.0370215 0.021875
0 0.965672 0.0109375 0.0374065 0.021875
0 0.980526 0.0109378 0.0327152 0.0218757
0 0.987807 0.0109375 0.0193623 0.021875
0 0.0109375 0.0140627 0.021875 0.0281254
0 0.0140625 0.0140666 0.028125 0.0281332
0 0.0187502 0.0140625 0.0312504 0.028125
0 0.025 0.0140625 0.03125 0.028125
0 0.03125 0.0140625 0.03125 0.028125
0 0.0375 0.0140625 0.03125 0.028125
0 0.05625 0.0140625 0.03125 0.028125
0 0.10625 0.0140625 0.03125 0.028125
0 0.15625 0.0140625 0.03125 0.028125
0 0.1625 0.0140625 0.03125 0.028125
0 0.18125 0.0140625 0.03125 0.028125
0 0.1875 0.0140625 0.0312501 0.028125
0 0.20625 0.0140625 0.03125 0.028125
0 0.2125 0.0140625 0.03125 0.028125
0 0.21875 0.0140625 0.03125 0.028125
0 0.225 0.0140625 0.03125 0.028125
0 0.23125 0.0140625 0.03125 0.028125
0 0.2375 0.0140625 0.03125 0.028125
0 0.25625 0.0140625 0.03125 0.028125
0 0.4125 0.0140625 0.03125 0.028125
0 0.46875 0.0140625 0.03125 0.028125
0 0.5125 0.0140638 0.03125 0.0281275
0 0.55625 0.0140627 0.03125 0.0281254
0 0.58125 0.0140626 0.03125 0.0281252
0 0.65625 0.0140629 0.03125 0.0281257
0 0.68125 0.0140625 0.03125 0.0281251
0 0.71875 0.0140625 0.03125 0.028125
0 0.725 0.0140625 0.03125 0.028125
0 0.75625 0.0140625 0.03125 0.028125
0 0.78125 0.0140625 0.03125 0.028125
0 0.91875 0.0140626 0.03125 0.0281251
0 0.925 0.0140627 0.03125 0.0281254
0 0.989063 0.0140655 0.021875 0.0281309
0 0.0109375 0.018208 0.021875 0.032334
0 0.0875 0.0171875 0.03125 0.034375
0 0.11875 0.0171875 0.03125 0.034375
0 0.125 0.0171875 0.0312502 0.034375
0 0.13125 0.0171875 0.0312504 0.034375
0 0.137498 0.0171875 0.0312543 0.034375
0 0.143749 0.0171875 0.0312518 0.034375
0 0.15 0.0171875 0.0312505 0.034375
0 0.26875 0.0171875 0.03125 0.034375
0 0.275 0.0171875 0.03125 0.034375
0 0.28125 0.0171875 0.03125 0.034375
0 0.2875 0.0171875 0.03125 0.034375
0 0.29375 0.0171875 0.03125 0.034375
0 0.3 0.0171875 0.0312501 0.034375
0 0.30625 0.0171875 0.0312503 0.034375
0 0.3125 0.0171875 0.031251 0.034375
0 0.31875 0.0171875 0.0312501 0.034375
0 0.325 0.0171875 0.03125 0.034375
0 0.33125 0.0171875 0.03125 0.034375
0 0.3375 0.0171875 0.03125 0.034375
0 0.34375 0.0171875 0.03125 0.034375
0 0.35 0.0171875 0.03125 0.034375
0 0.35625 0.0171875 0.03125 0.034375
0 0.3625 0.0171875 0.03125 0.034375
0 0.36875 0.0171875 0.03125 0.034375
0 0.375 0.0171875 0.03125 0.034375
0 0.38125 0.0171875 0.03125 0.034375
0 0.3875 0.0171875 0.03125 0.034375
0 0.39375 0.0171875 0.03125 0.034375
0 0.4 0.0171875 0.03125 0.034375
0 0.40625 0.0171875 0.03125 0.034375
0 0.41875 0.0171875 0.0312504 0.034375
0 0.425 0.0171875 0.0312506 0.034375
0 0.43125 0.0171875 0.0312502 0.034375
0 0.4375 0.0171875 0.03125 0.034375
0 0.44375 0.0171875 0.03125 0.034375
0 0.45 0.0171875 0.03125 0.034375
0 0.45625 0.0171875 0.03125 0.034375
0 0.475 0.0171875 0.03125 0.034375
0 0.48125 0.0171875 0.03125 0.034375
0 0.4875 0.0171875 0.03125 0.034375
0 0.49375 0.0171875 0.03125 0.034375
0 0.5 0.0171875 0.03125 0.034375
0 0.50625 0.0171875 0.0312501 0.0343751
0 0.73125 0.0171875 0.03125 0.034375
0 0.7375 0.0171875 0.03125 0.034375
