0 0.290235 0.34398 0.0376845 0.0400536
0 0.301844 0.343747 0.0393933 0.0412247
0 0.259609 0.349643 0.0370771 0.0427376
0 0.266084 0.350467 0.0375258 0.041557
0 0.274342 0.349169 0.0351485 0.0394728
0 0.281782 0.351442 0.0379291 0.0395204
0 0.289445 0.352011 0.0379204 0.038776
0 0.298489 0.3512 0.0377153 0.0390293
0 0.306443 0.351492 0.0373603 0.0389844
0 0.313587 0.350662 0.0383117 0.0419633
0 0.319681 0.349736 0.0373594 0.0402839
0 0.32946 0.350482 0.04212 0.0428925
0 0.340872 0.348967 0.0396996 0.0411767
0 0.34802 0.348436 0.0380422 0.0401109
0 0.260222 0.357507 0.0353297 0.0350409
0 0.267021 0.357083 0.036026 0.0313715
0 0.276991 0.358652 0.0376327 0.0297393
0 0.28381 0.359318 0.0373218 0.0320703
0 0.295551 0.35783 0.0365901 0.0295528
0 0.302146 0.358808 0.0364583 0.0295159
0 0.308464 0.358384 0.038054 0.02983
0 0.314594 0.358206 0.0371387 0.0318799
0 0.320717 0.358231 0.0358106 0.0291083
0 0.330366 0.358482 0.0373581 0.0355836
0 0.33994 0.35574 0.0362826 0.0360812
0 0.347535 0.355393 0.0371011 0.0381102
0 0.253593 0.360253 0.0365967 0.0388192
0 0.27213 0.36068 0.0370774 0.0400316
0 0.290638 0.360542 0.0375252 0.0393097
0 0.354246 0.361614 0.0398886 0.0404113
0 0.25964 0.367181 0.0368457 0.0401172
0 0.272011 0.36786 0.0373262 0.0417955
0 0.284364 0.367226 0.037457 0.0403724
0 0.296885 0.367184 0.0374876 0.0404751
0 0.309377 0.366828 0.037443 0.0395307
0 0.320249 0.366433 0.0344515 0.0378318
0 0.3282 0.3679 0.0377404 0.0416521
0 0.334403 0.366685 0.0373532 0.0394563
0 0.344445 0.368317 0.0363335 0.0413415
0 0.35016 0.370491 0.0449538 0.0437051
0 0.241064 0.374918 0.0375821 0.0414353
0 0.247398 0.374723 0.0374819 0.0423181
0 0.258913 0.374881 0.0369611 0.0432564
0 0.265188 0.374994 0.0375921 0.0421803
0 0.278087 0.374192 0.0375635 0.0411223
0 0.290484 0.374247 0.0373308 0.0419933
0 0.296781 0.374704 0.0375834 0.0427032
0 0.30919 0.374625 0.0374672 0.0427331
0 0.319017 0.374821 0.032641 0.0424553
0 0.331122 0.375874 0.0381157 0.0409912
0 0.339616 0.37641 0.0400245 0.0394749
0 0.34618 0.377735 0.0423616 0.0410523
0 0.354666 0.376003 0.0386441 0.0378132
0 0.365654 0.375751 0.0416236 0.0411544
0 0.37266 0.373369 0.0370373 0.038637
0 0.235862 0.381279 0.0343477 0.0358112
0 0.241553 0.381937 0.0364088 0.0333771
0 0.24764 0.382041 0.0368523 0.0354038
0 0.253097 0.381179 0.0373268 0.0328973
0 0.259321 0.382808 0.037202 0.0355383
0 0.265314 0.381894 0.0379458 0.0328549
0 0.271798 0.382095 0.0376555 0.0338164
0 0.284344 0.379884 0.0374946 0.0385841
0 0.303052 0.38133 0.0374607 0.0340014
0 0.315452 0.382041 0.0376032 0.0341644
0 0.32601 0.38192 0.0404509 0.032318
0 0.333128 0.382623 0.0384798 0.0294627
0 0.339408 0.38334 0.0376649 0.03217
0 0.348799 0.382679 0.0395196 0.0328146
0 0.356504 0.383702 0.038337 0.027881
0 0.366162 0.382776 0.0388515 0.0352867
0 0.37219 0.380201 0.037269 0.0357979
0 0.380761 0.379641 0.037574 0.0399207
0 0.475684 0.382451 0.035245 0.0310584
0 0.483281 0.383915 0.0368491 0.0315925
0 0.278129 0.385085 0.0374846 0.0387207
0 0.290626 0.385186 0.0374915 0.0388222
0 0.309363 0.384845 0.0374695 0.0381381
0 0.321858 0.384948 0.0374756 0.0374081
0 0.352877 0.386342 0.0374541 0.0372921
0 0.359153 0.385979 0.0370584 0.0365836
0 0.235504 0.392571 0.0352323 0.0409977
0 0.247126 0.392773 0.0372179 0.0415316
0 0.253206 0.390982 0.037345 0.037961
0 0.259398 0.391731 0.0374567 0.0395196
0 0.265621 0.391252 0.0374861 0.0384363
0 0.271884 0.391831 0.0374952 0.0397927
0 0.284374 0.391696 0.0374881 0.0395207
0 0.296878 0.391838 0.0374976 0.0398281
0 0.309373 0.391864 0.0374926 0.0399354
0 0.328129 0.393061 0.0375162 0.042302
0 0.334377 0.392036 0.0374979 0.0399604
0 0.34064 0.391478 0.0374904 0.0391694
0 0.359366 0.392439 0.0375096 0.0366808
0 0.365916 0.392373 0.0377134 0.0400063
0 0.371984 0.391623 0.0369924 0.0388003
0 0.380373 0.392493 0.0386806 0.0407082
0 0.229297 0.398304 0.0347876 0.040246
0 0.235778 0.399604 0.0344914 0.0427129
0 0.253157 0.397895 0.0374386 0.0395212
0 0.265625 0.398855 0.0374963 0.0414543
0 0.271881 0.399638 0.0375101 0.0430142
0 0.284367 0.399812 0.0374888 0.0433635
0 0.296862 0.399802 0.0375112 0.0433034
0 0.309358 0.3997 0.0374779 0.0431355
0 0.321716 0.399373 0.0373699 0.0424082
0 0.344522 0.397292 0.0328003 0.0382853
0 0.353332 0.399452 0.0385339 0.0424316
0 0.451965 0.399198 0.0351267 0.0413905
0 0.462299 0.401643 0.0375532 0.0383383
0 0.469512 0.401804 0.0392107 0.0398889
0 0.479061 0.401718 0.0396156 0.039923
0 0.489606 0.402134 0.0395086 0.0359852
0 0.495913 0.404063 0.0398439 0.0373122
0 0.502563 0.404171 0.0385323 0.0333596
0 0.232242 0.403865 0.0289149 0.0366818
0 0.237454 0.405031 0.0313264 0.0384636
0 0.246996 0.404954 0.0373407 0.0383446
0 0.259383 0.404754 0.0374778 0.0406236
0 0.278125 0.405005 0.0374973 0.0367287
0 0.290584 0.405462 0.0374713 0.0339109
0 0.303114 0.406472 0.0375191 0.0324766
0 0.315561 0.405903 0.0374123 0.0328187
0 0.328109 0.406127 0.0375509 0.0360119
0 0.334374 0.403916 0.0375016 0.0370386
0 0.340504 0.403532 0.0372427 0.0382507
0 0.353016 0.406457 0.0387034 0.038909
0 0.359213 0.405144 0.0375173 0.0351716
0 0.365787 0.40479 0.0375018 0.0398234
0 0.380375 0.405174 0.0395971 0.0404902
0 0.452673 0.407223 0.0345058 0.0310455
0 0.45813 0.407919 0.0359604 0.0335014
0 0.463212 0.40766 0.03629 0.0303266
0 0.475291 0.407879 0.0370434 0.0299316
0 0.482253 0.40759 0.0381962 0.0325143
0 0.491273 0.408468 0.037147 0.0301208
0 0.498342 0.40936 0.0405827 0.0338086
0 0.504247 0.409027 0.0388369 0.0301194
0 0.24068 0.410851 0.0374136 0.0401083
0 0.253136 0.409911 0.0374693 0.038559
0 0.265626 0.411073 0.0374996 0.0407045
0 0.284377 0.409632 0.0374956 0.0379972
0 0.296876 0.41049 0.0374996 0.039723
0 0.309376 0.409906 0.0374981 0.0385571
0 0.321875 0.409708 0.0374977 0.0381458
0 0.344726 0.409557 0.0331961 0.0378225
0 0.371457 0.410021 0.0361298 0.0379122
0 0.447536 0.411512 0.037189 0.0410328
0 0.465404 0.41206 0.0375798 0.0405461
0 0.471754 0.412495 0.037671 0.0419836
0 0.477906 0.411579 0.0374148 0.0399249
0 0.50738 0.412472 0.0375373 0.0348413
0 0.231181 0.415765 0.0313332 0.0376687
0 0.237261 0.416887 0.0317115 0.0399157
0 0.246923 0.417667 0.0374633 0.0414493
0 0.259376 0.417235 0.0374923 0.0406305
0 0.271877 0.416946 0.037498 0.0401176
0 0.284377 0.416993 0.037496 0.0402356
0 0.303126 0.416203 0.0374981 0.0386531
0 0.315627 0.416326 0.0374973 0.0389005
0 0.328127 0.416445 0.0374962 0.0391314
0 0.340566 0.41611 0.0373639 0.0384571
0 0.352968 0.418192 0.0381275 0.0408068
0 0.359211 0.417259 0.0375134 0.0364255
0 0.365654 0.417354 0.0375852 0.0405664
0 0.380178 0.417662 0.0405969 0.0403858
0 0.440463 0.417809 0.0369926 0.0375888
0 0.447022 0.418697 0.0373847 0.0399561
0 0.452838 0.417552 0.0370873 0.0382507
0 0.459171 0.418756 0.0375954 0.0414881
0 0.471124 0.419323 0.038823 0.0362501
0 0.477874 0.418788 0.0378432 0.0356222
0 0.48433 0.418241 0.0375536 0.0375126
0 0.490114 0.417063 0.0366588 0.0383297
0 0.501811 0.419203 0.0396313 0.0377209
0 0.507645 0.418492 0.0381205 0.0341147
0 0.116203 0.428514 0.0362869 0.0376074
0 0.230073 0.422571 0.0335511 0.0388667
0 0.23714 0.424353 0.0319427 0.0424142
0 0.25313 0.422867 0.0374853 0.0394737
0 0.265625 0.423748 0.0375003 0.0412012
0 0.278125 0.42322 0.037499 0.0401863
0 0.290626 0.422945 0.037499 0.0396322
0 0.309375 0.422641 0.0374989 0.0390257
0 0.315625 0.423506 0.0374998 0.0407577
0 0.328125 0.423967 0.0374984 0.0416807
0 0.340426 0.423951 0.037107 0.041643
0 0.352214 0.42533 0.0391459 0.042852
0 0.35865 0.424812 0.0375285 0.0390144
0 0.364306 0.424373 0.036097 0.0417017
0 0.378752 0.425158 0.0425799 0.0401554
0 0.404387 0.42284 0.0357283 0.0392081
0 0.416223 0.423609 0.0366921 0.0405752
0 0.422553 0.424338 0.03743 0.0420168
0 0.433469 0.425198 0.0373743 0.0433952
0 0.446241 0.425745 0.038505 0.042182
0 0.458593 0.425922 0.0387062 0.0403814
0 0.464752 0.426009 0.0382078 0.037085
0 0.495005 0.422951 0.034087 0.0385336
0 0.51114 0.425328 0.0349275 0.0414614
0 0.51656 0.424165 0.0357822 0.0306055
0 0.11875 0.433486 0.0365281 0.0339697
0 0.232147 0.428334 0.0294051 0.0374226
0 0.240639 0.430307 0.0374829 0.0373859
0 0.246964 0.430341 0.037357 0.0404609
0 0.259376 0.429009 0.0374961 0.0392431
0 0.271876 0.429225 0.037499 0.0396725
0 0.284375 0.428745 0.0374992 0.0387008
0 0.296875 0.429132 0.0374994 0.0395117
0 0.321875 0.428672 0.0374993 0.0383719
0 0.334374 0.428781 0.0374995 0.0380058
0 0.344093 0.430072 0.0322362 0.0341597
0 0.352506 0.432418 0.0387774 0.0341972
0 0.359013 0.431469 0.0379412 0.0318705
0 0.364208 0.430817 0.0353374 0.0350334
0 0.378358 0.432172 0.041473 0.0382146
0 0.38478 0.430014 0.0374736 0.0353229
0 0.398244 0.428865 0.0356987 0.0375902
0 0.410169 0.429466 0.0363503 0.0378893
0 0.416384 0.430448 0.036421 0.0366322
0 0.422861 0.431594 0.0368557 0.0369198
0 0.427797 0.431558 0.0362139 0.0326282
0 0.434302 0.433097 0.0370429 0.0355519
0 0.440501 0.433011 0.037387 0.0320911
0 0.446737 0.432519 0.0377758 0.0338703
0 0.452616 0.431646 0.0371487 0.032402
0 0.471719 0.430825 0.0377786 0.0382133
0 0.478065 0.430449 0.0375293 0.0377245
0 0.484353 0.430226 0.0375349 0.0410223
0 0.49048 0.429354 0.0372596 0.0395904
0 0.502497 0.431356 0.0386333 0.0379602
0 0.508359 0.430997 0.0367722 0.0336209
0 0.516888 0.432126 0.0347122 0.0277135
0 0.231279 0.434455 0.0311852 0.0376419
0 0.237412 0.435453 0.0314282 0.0396375
0 0.253136 0.434465 0.0374779 0.0376756
0 0.265626 0.435138 0.0374986 0.0390163
0 0.278126 0.434879 0.0374981 0.0385064
0 0.290625 0.435077 0.0374992 0.0389023
0 0.303126 0.435007 0.0374985 0.0387607
0 0.315626 0.434797 0.0374982 0.0383404
0 0.328126 0.43486 0.037498 0.0384665
0 0.340626 0.434642 0.037494 0.038026
0 0.36878 0.434766 0.0314896 0.0376654
0 0.384341 0.436028 0.0376847 0.036803
0 0.391559 0.435267 0.036827 0.0388994
0 0.403807 0.435427 0.0368687 0.0394574
0 0.459386 0.435739 0.0374762 0.0400034
0 0.495154 0.435292 0.0344099 0.0382499
0 0.512335 0.437569 0.0351085 0.0401627
0 0.517189 0.436993 0.035404 0.0297825
0 0.230098 0.440695 0.0335476 0.0376087
0 0.240636 0.442096 0.0374873 0.0403931
0 0.246917 0.442671 0.0374311 0.0415901
0 0.253136 0.44132 0.0374771 0.0388891
0 0.259379 0.442156 0.0374928 0.0405622
0 0.271877 0.441662 0.0374968 0.0395735
0 0.284376 0.441282 0.0374988 0.0388142
0 0.296875 0.441006 0.0374991 0.0382556
0 0.309375 0.440928 0.0374991 0.0381016
0 0.321876 0.441435 0.0374979 0.0391182
0 0.334377 0.441188 0.0374977 0.0386254
0 0.346827 0.440819 0.0373982 0.0378828
0 0.353133 0.442113 0.0375108 0.0403721
0 0.359379 0.441155 0.0374954 0.038166
0 0.377547 0.444481 0.0390034 0.0380896
0 0.383674 0.443571 0.0383773 0.0347573
0 0.390681 0.442516 0.0373649 0.0404798
0 0.403485 0.442621 0.0377259 0.0410387
0 0.415975 0.442468 0.0372497 0.039613
0 0.422319 0.442395 0.0371785 0.0403572
0 0.428259 0.441483 0.0372086 0.038808
0 0.434528 0.442482 0.0373045 0.0410507
0 0.440676 0.441858 0.0374166 0.0398399
0 0.446929 0.442471 0.0374323 0.0411716
0 0.453137 0.441606 0.037472 0.0394471
0 0.465602 0.441474 0.0374685 0.0389103
0 0.471871 0.44234 0.0375109 0.0400955
0 0.478109 0.44193 0.0375036 0.0386679
0 0.490476 0.441537 0.037227 0.0390271
0 0.502712 0.444003 0.0385492 0.0395996
0 0.509089 0.442699 0.0372913 0.0347903
0 0.517821 0.443151 0.0337357 0.02994
0 0.217072 0.449299 0.0371785 0.0405419
0 0.223775 0.448834 0.0364226 0.0413422
0 0.234813 0.448985 0.0366315 0.0417124
0 0.265626 0.448164 0.0374985 0.0400755
0 0.278126 0.447443 0.0374983 0.038636
0 0.290626 0.447441 0.0374989 0.0386303
0 0.303125 0.447733 0.0374998 0.0392157
0 0.309375 0.448583 0.0374999 0.0409158
0 0.328126 0.448065 0.0374989 0.0398689
0 0.340625 0.447557 0.037496 0.0388623
0 0.365452 0.448114 0.0371459 0.0399655
0 0.383448 0.449967 0.0374117 0.040699
0 0.393324 0.449745 0.0359735 0.0396524
0 0.401453 0.451082 0.0405576 0.0399492
0 0.408471 0.450046 0.0381062 0.0397112
0 0.415605 0.449644 0.037796 0.0413838
0 0.428168 0.4485 0.0373337 0.0405491
