0 0.0078185 0.0107231 0.015637 0.0214462
0 0.0123492 0.0078091 0.0184728 0.0156182
0 0.017982 0.0104905 0.0297142 0.020981
0 0.0232197 0.0100929 0.02769 0.0201859
0 0.0284109 0.0107811 0.025573 0.0215622
0 0.0350113 0.0127628 0.0262752 0.0255256
0 0.0415763 0.0134173 0.0269133 0.0268347
0 0.0477145 0.0132741 0.0266859 0.0265482
0 0.0536317 0.0132767 0.02602 0.0265534
0 0.0600981 0.0134378 0.0264556 0.0268756
0 0.0663434 0.0135389 0.0264526 0.0270778
0 0.0725779 0.0135269 0.0264202 0.0270538
0 0.0787811 0.0135261 0.0263262 0.0270522
0 0.0850587 0.0135391 0.0263818 0.0270782
0 0.0913228 0.0135508 0.026411 0.0271016
0 0.0975658 0.0135444 0.0263963 0.0270888
0 0.103789 0.0135406 0.0263423 0.0270813
0 0.110056 0.013546 0.0263761 0.0270921
0 0.116303 0.0135518 0.0263716 0.0271037
0 0.122554 0.0135527 0.0263727 0.0271055
0 0.128803 0.0135546 0.0263715 0.0271091
0 0.135053 0.0135559 0.0263718 0.0271119
0 0.141314 0.0135578 0.0263927 0.0271156
0 0.147559 0.0135517 0.0263832 0.0271033
0 0.153787 0.0135465 0.0263394 0.0270931
0 0.16005 0.0135491 0.0263644 0.0270982
0 0.166299 0.013553 0.0263629 0.027106
0 0.172549 0.013553 0.0263619 0.027106
0 0.178797 0.0135544 0.0263582 0.0271088
0 0.185047 0.0135563 0.026358 0.0271126
0 0.191325 0.01356 0.0264149 0.02712
0 0.197563 0.0135448 0.0263896 0.0270896
0 0.203761 0.0135322 0.0262851 0.0270644
0 0.210041 0.013539 0.0263447 0.0270781
0 0.216288 0.0135486 0.0263396 0.0270972
0 0.222538 0.0135489 0.026339 0.0270977
0 0.228783 0.0135517 0.0263301 0.0271034
0 0.235035 0.0135555 0.0263331 0.027111
0 0.241322 0.0135605 0.0264076 0.027121
0 0.247555 0.0135405 0.0263729 0.027081
0 0.253742 0.0135258 0.0262462 0.0270516
0 0.260029 0.0135372 0.0263204 0.0270743
0 0.266285 0.0135507 0.0263323 0.0271014
0 0.272528 0.0135475 0.0263183 0.0270951
0 0.278771 0.0135556 0.0263034 0.0271112
0 0.285011 0.0135674 0.026284 0.0271349
0 0.291547 0.0135852 0.0268547 0.0271704
0 0.297681 0.0134469 0.026617 0.0268939
0 0.303524 0.0133017 0.0258015 0.0266033
0 0.309929 0.0133814 0.0261105 0.0267629
0 0.316386 0.0134929 0.0265255 0.0269858
0 0.322535 0.0133913 0.0263219 0.0267826
0 0.328527 0.0134336 0.0258054 0.0268672
0 0.334714 0.0135876 0.0256812 0.0271751
0 0.343771 0.0133342 0.0312923 0.0266684
0 0.349993 0.0108195 0.0312363 0.0216389
0 0.353132 0.00794352 0.025014 0.015887
0 0.359441 0.00965366 0.0251317 0.0193073
0 0.365987 0.0128433 0.0257248 0.0256866
0 0.372208 0.0129485 0.0256657 0.0258971
0 0.378274 0.0133661 0.0252971 0.0267323
0 0.384627 0.0136578 0.0255049 0.0273155
0 0.390886 0.0137587 0.0255221 0.0275174
0 0.397128 0.0137635 0.0255054 0.027527
0 0.403419 0.0137912 0.0255876 0.0275824
0 0.409664 0.0138165 0.0255783 0.0276329
0 0.415931 0.0138216 0.0256119 0.0276433
0 0.42217 0.0138105 0.0255898 0.0276211
0 0.428398 0.0137976 0.0255455 0.0275953
0 0.434662 0.0137951 0.0255737 0.0275902
0 0.440861 0.0137873 0.0254721 0.0275746
0 0.447127 0.013817 0.0255041 0.0276341
0 0.453506 0.0138472 0.0257615 0.0276943
0 0.459685 0.0138494 0.0256203 0.0276988
0 0.465953 0.0138364 0.0256571 0.0276728
0 0.472194 0.0138293 0.0256384 0.0276586
0 0.478438 0.0138204 0.0256271 0.0276409
0 0.48469 0.0138172 0.0256307 0.0276343
0 0.490948 0.0138166 0.0256459 0.0276332
0 0.497195 0.0138158 0.0256411 0.0276317
0 0.503441 0.0138157 0.0256314 0.0276313
0 0.509694 0.0138171 0.0256382 0.0276342
0 0.515947 0.0138187 0.0256445 0.0276373
0 0.522196 0.0138182 0.0256426 0.0276364
0 0.528442 0.013818 0.0256338 0.0276359
0 0.534695 0.0138186 0.0256392 0.0276373
0 0.540945 0.013819 0.0256399 0.027638
0 0.547195 0.0138204 0.02564 0.0276408
0 0.55345 0.013822 0.0256498 0.0276439
0 0.559697 0.0138222 0.0256448 0.0276445
0 0.56595 0.0138219 0.0256508 0.0276438
0 0.572199 0.0138213 0.0256489 0.0276427
0 0.578447 0.0138209 0.0256436 0.0276417
0 0.584698 0.0138211 0.0256463 0.0276423
0 0.590953 0.0138215 0.0256555 0.027643
0 0.597201 0.0138208 0.0256516 0.0276415
0 0.603448 0.0138205 0.0256453 0.027641
0 0.6097 0.0138215 0.0256504 0.0276431
0 0.615952 0.0138225 0.0256535 0.0276449
0 0.622201 0.013822 0.0256522 0.0276441
0 0.628448 0.0138218 0.0256467 0.0276435
0 0.6347 0.0138222 0.0256504 0.0276444
0 0.640949 0.013822 0.0256485 0.0276441
0 0.647199 0.0138233 0.0256485 0.0276465
0 0.653457 0.0138252 0.0256631 0.0276503
0 0.659703 0.013826 0.0256567 0.027652
0 0.665955 0.0138255 0.0256603 0.0276511
0 0.672204 0.0138249 0.0256585 0.0276498
0 0.678453 0.0138243 0.0256567 0.0276487
0 0.684704 0.0138244 0.0256575 0.0276487
0 0.690956 0.0138246 0.0256621 0.0276491
0 0.697205 0.0138241 0.0256601 0.0276483
0 0.703453 0.0138239 0.025656 0.0276477
0 0.709704 0.0138242 0.0256584 0.0276484
0 0.715957 0.0138248 0.0256639 0.0276496
0 0.722206 0.0138242 0.0256619 0.0276484
0 0.728452 0.0138237 0.0256548 0.0276474
0 0.734704 0.0138241 0.0256592 0.0276481
0 0.740954 0.0138249 0.025658 0.0276498
0 0.747204 0.0138251 0.0256588 0.0276502
0 0.753454 0.0138254 0.0256574 0.0276508
0 0.759704 0.0138255 0.0256577 0.027651
0 0.765956 0.0138258 0.0256627 0.0276517
0 0.772205 0.0138252 0.0256605 0.0276504
0 0.778452 0.0138248 0.0256536 0.0276496
0 0.784704 0.0138253 0.0256575 0.0276507
0 0.790959 0.0138265 0.0256682 0.0276529
0 0.797207 0.0138242 0.0256633 0.0276485
0 0.803447 0.0138225 0.0256435 0.0276451
0 0.809703 0.0138237 0.0256561 0.0276474
0 0.815951 0.0138254 0.0256514 0.0276507
0 0.822201 0.0138258 0.0256527 0.0276516
0 0.828452 0.0138264 0.025655 0.0276528
0 0.834702 0.0138266 0.025654 0.0276531
0 0.840949 0.0138265 0.0256485 0.0276531
0 0.8472 0.0138265 0.0256504 0.027653
0 0.853451 0.0138265 0.0256516 0.027653
0 0.8597 0.0138263 0.0256504 0.0276527
0 0.86595 0.0138263 0.0256504 0.0276525
0 0.872199 0.0138259 0.0256473 0.0276518
0 0.878453 0.0138288 0.0256567 0.0276576
0 0.884695 0.0138313 0.0256398 0.0276627
0 0.891071 0.0138426 0.025893 0.0276853
0 0.897267 0.0137987 0.0257831 0.0275974
0 0.903338 0.013747 0.0254254 0.027494
0 0.909674 0.0137606 0.0255974 0.0275212
0 0.9159 0.0137919 0.0255497 0.0275839
0 0.922161 0.0138036 0.025571 0.0276072
0 0.92843 0.013815 0.0256103 0.02763
0 0.934681 0.0138154 0.0256115 0.0276307
0 0.94079 0.0138153 0.0253292 0.0276306
0 0.947096 0.0138745 0.0254421 0.0277491
0 0.953556 0.0138934 0.0258616 0.0277867
0 0.959667 0.0138409 0.0255833 0.0276819
0 0.965682 0.013738 0.0251146 0.0274761
0 0.971968 0.0138922 0.0251858 0.0277844
0 0.981122 0.013897 0.0309955 0.0277941
0 0.985937 0.0132001 0.0281252 0.0264001
0 0.976562 0.048344 0.046875 0.096688
0 0.0358791 0.0109436 0.0344907 0.0218873
0 0.0477205 0.0109498 0.0358136 0.0218995
0 0.0599774 0.010949 0.0362977 0.021898
0 0.072307 0.0109516 0.0366403 0.0219033
0 0.0847891 0.0109514 0.0366758 0.0219029
0 0.0972848 0.0109517 0.0366847 0.0219034
0 0.109779 0.0109515 0.0366952 0.0219029
0 0.122268 0.0109517 0.0367172 0.0219034
0 0.134766 0.0109518 0.0367227 0.0219035
0 0.147275 0.0109517 0.0367043 0.0219033
0 0.15977 0.0109514 0.0367131 0.0219029
0 0.172263 0.0109516 0.0367281 0.0219032
0 0.184759 0.0109516 0.036736 0.0219033
0 0.197283 0.0109514 0.0366876 0.0219027
0 0.209774 0.0109508 0.0367066 0.0219017
0 0.222255 0.0109511 0.0367434 0.0219023
0 0.234748 0.0109513 0.0367581 0.0219025
0 0.247277 0.0109509 0.036699 0.0219019
0 0.259764 0.0109503 0.036726 0.0219007
0 0.272246 0.0109507 0.0367619 0.0219015
0 0.284719 0.0109511 0.0368141 0.0219021
0 0.297497 0.0109482 0.0362599 0.0218964
0 0.309894 0.0109453 0.0364636 0.0218906
0 0.322376 0.0109465 0.0364997 0.0218929
0 0.334518 0.010948 0.037208 0.0218961
0 0.361681 0.0109375 0.0328872 0.021875
0 0.372355 0.0109377 0.0365406 0.0218754
0 0.384573 0.0109378 0.037104 0.0218756
0 0.396972 0.010938 0.0373054 0.0218759
0 0.409463 0.010938 0.0373239 0.021876
0 0.421973 0.010938 0.0373042 0.021876
0 0.434478 0.010938 0.0372937 0.0218759
0 0.446949 0.010938 0.0373516 0.021876
0 0.459452 0.0109381 0.0373467 0.0218762
0 0.471974 0.0109381 0.0373024 0.0218761
0 0.484479 0.010938 0.0372929 0.0218761
0 0.496981 0.010938 0.0372887 0.0218761
0 0.509481 0.010938 0.0372886 0.0218761
0 0.521981 0.010938 0.0372883 0.0218761
0 0.534481 0.010938 0.037289 0.0218761
0 0.546979 0.010938 0.0372915 0.0218761
0 0.55948 0.010938 0.0372897 0.0218761
0 0.571982 0.010938 0.037286 0.0218761
0 0.584482 0.010938 0.0372862 0.0218761
0 0.596983 0.010938 0.0372838 0.0218761
0 0.609483 0.010938 0.0372837 0.0218761
0 0.621983 0.010938 0.0372837 0.0218761
0 0.634483 0.010938 0.0372843 0.0218761
0 0.646981 0.010938 0.0372874 0.0218761
0 0.659482 0.010938 0.0372863 0.0218761
0 0.671984 0.010938 0.0372829 0.0218761
0 0.684484 0.010938 0.0372825 0.0218761
0 0.696984 0.010938 0.0372811 0.0218761
0 0.709484 0.010938 0.0372813 0.0218761
0 0.721985 0.010938 0.0372798 0.0218761
0 0.734485 0.010938 0.0372799 0.0218761
0 0.746984 0.010938 0.0372816 0.0218761
0 0.759484 0.010938 0.0372825 0.0218761
0 0.771985 0.010938 0.0372809 0.0218761
0 0.784484 0.010938 0.0372818 0.0218761
0 0.796986 0.010938 0.037278 0.0218761
0 0.809485 0.010938 0.0372801 0.0218761
0 0.821982 0.010938 0.0372856 0.0218761
0 0.834482 0.010938 0.037286 0.0218761
0 0.846981 0.010938 0.0372875 0.0218761
0 0.859481 0.010938 0.0372888 0.0218761
0 0.87198 0.010938 0.0372892 0.0218761
0 0.884476 0.010938 0.037297 0.0218761
0 0.89704 0.010938 0.0371701 0.021876
0 0.909526 0.0109379 0.037199 0.0218757
0 0.921975 0.0109379 0.0373001 0.0218758
0 0.934478 0.0109379 0.0372936 0.0218759
0 0.946927 0.010938 0.0373958 0.021876
0 0.959455 0.0109382 0.037339 0.0218763
0 0.971901 0.0109381 0.0374485 0.0218761
0 0.987761 0.0109375 0.0199074 0.0218751
0 0.0109375 0.014173 0.021875 0.0283459
0 0.018759 0.0141149 0.0312962 0.0282297
0 0.0249636 0.0140802 0.0313289 0.0281604
0 0.0312049 0.0140748 0.0313405 0.0281496
0 0.0374818 0.0140935 0.0312874 0.028187
0 0.0437319 0.0141032 0.0312879 0.0282065
0 0.0499823 0.0140956 0.0312866 0.0281913
0 0.0562233 0.0140904 0.0313039 0.0281808
0 0.0624759 0.0140994 0.0312989 0.0281987
0 0.0687232 0.0141012 0.0313045 0.0282024
0 0.0749732 0.0141002 0.0313046 0.0282003
0 0.0812213 0.0140998 0.0313082 0.0281996
0 0.0874719 0.0141014 0.031307 0.0282028
0 0.0937223 0.0141018 0.0313063 0.0282036
0 0.0999724 0.0141012 0.031306 0.0282023
0 0.106222 0.0141006 0.0313074 0.0282011
0 0.112472 0.0141012 0.0313067 0.0282025
0 0.118722 0.0141013 0.031307 0.0282026
0 0.124972 0.0141014 0.031307 0.0282027
0 0.131222 0.0141015 0.0313072 0.028203
0 0.137472 0.0141016 0.0313073 0.0282032
0 0.143722 0.0141016 0.0313063 0.0282032
0 0.149972 0.0141012 0.031306 0.0282023
0 0.156222 0.0141004 0.0313068 0.0282009
0 0.162472 0.0141009 0.0313067 0.0282018
0 0.168722 0.0141008 0.0313069 0.0282017
0 0.174972 0.0141009 0.0313068 0.0282018
0 0.181222 0.014101 0.0313072 0.028202
0 0.187472 0.0141013 0.0313074 0.0282025
0 0.193723 0.0141012 0.0313048 0.0282024
0 0.199973 0.0141001 0.0313041 0.0282003
0 0.206222 0.0140985 0.0313061 0.0281969
0 0.212473 0.0140995 0.0313055 0.028199
0 0.218722 0.0140993 0.031306 0.0281987
0 0.224973 0.0140994 0.0313058 0.0281988
0 0.231222 0.0140996 0.0313064 0.0281991
0 0.237472 0.0140999 0.0313066 0.0281998
0 0.243724 0.0140999 0.0313033 0.0281998
0 0.249974 0.0140986 0.0313027 0.0281972
0 0.256223 0.0140967 0.0313052 0.0281933
0 0.262473 0.014098 0.0313045 0.028196
0 0.268723 0.0140982 0.0313047 0.0281963
0 0.274973 0.0140983 0.0313047 0.0281966
0 0.281222 0.0140994 0.0313072 0.0281988
0 0.287471 0.0141016 0.0313092 0.0282033
0 0.293731 0.0141018 0.0312883 0.0282035
0 0.299983 0.014093 0.031285 0.0281859
0 0.306226 0.0140832 0.0312988 0.0281665
0 0.312478 0.0140909 0.0312949 0.0281818
0 0.318732 0.0140924 0.0312871 0.0281849
0 0.324982 0.0140912 0.0312862 0.0281825
0 0.331212 0.0141009 0.0313254 0.0282019
0 0.337442 0.0141581 0.0313656 0.0283162
0 0.35 0.0140647 0.0312503 0.0281294
0 0.356209 0.0140626 0.0313325 0.0281252
0 0.362493 0.0140643 0.0312645 0.0281287
0 0.368749 0.0140638 0.0312516 0.0281276
0 0.374999 0.0140635 0.0312513 0.0281271
0 0.381249 0.0140635 0.0312523 0.028127
0 0.387499 0.0140639 0.0312518 0.0281278
0 0.393749 0.0140642 0.0312521 0.0281284
0 0.399999 0.0140642 0.0312523 0.0281284
0 0.406249 0.0140644 0.0312524 0.0281289
0 0.412499 0.0140644 0.0312523 0.0281289
0 0.418749 0.0140645 0.0312523 0.028129
