0 0.0749395 0.0103705 0.031203 0.020741
0 0.0795036 0.00933342 0.0282587 0.0186668
0 0.0868236 0.0115256 0.0305862 0.0230513
0 0.0907319 0.0131583 0.0291631 0.0263166
0 0.0956835 0.0132444 0.0315796 0.0264887
0 0.102856 0.0135418 0.0372849 0.0270836
0 0.113065 0.0136098 0.0299857 0.0272195
0 0.272462 0.011385 0.0291348 0.0227701
0 0.278711 0.0108514 0.0265377 0.0217028
0 0.284497 0.00977105 0.0252998 0.0195421
0 0.289869 0.0106796 0.0256652 0.0213592
0 0.294622 0.0116888 0.032022 0.0233777
0 0.301348 0.0116474 0.02975 0.0232949
0 0.627603 0.0104377 0.0276875 0.0208755
0 0.633741 0.0107674 0.0274761 0.0215347
0 0.640822 0.0103992 0.0277828 0.0207985
0 0.647372 0.0105146 0.0274357 0.0210291
0 0.652929 0.00950005 0.0252386 0.0190001
0 0.658854 0.0109226 0.0252102 0.0218452
0 0.663702 0.0113189 0.027594 0.0226379
0 0.0557896 0.0109629 0.0262075 0.0219258
0 0.0632321 0.0108609 0.0298509 0.0217219
0 0.0922013 0.0113379 0.0341987 0.0226758
0 0.0981792 0.0117009 0.035687 0.0234018
0 0.105835 0.0136858 0.0384251 0.0273715
0 0.11209 0.0128993 0.0378569 0.0257987
0 0.114698 0.011939 0.0288981 0.023878
0 0.258234 0.0136123 0.0364515 0.0272245
0 0.264115 0.0131642 0.0401767 0.0263283
0 0.272223 0.0128639 0.0375496 0.0257279
0 0.27831 0.0120333 0.0370322 0.0240666
0 0.288351 0.0126407 0.0333155 0.0252815
0 0.29571 0.0137854 0.0381132 0.0275707
0 0.304414 0.0126895 0.0384634 0.0253791
0 0.310659 0.0135385 0.0373148 0.027077
0 0.621422 0.0129439 0.0371853 0.0258878
0 0.632713 0.0130166 0.037117 0.0260332
0 0.63963 0.0122371 0.0382003 0.0244742
0 0.646687 0.0126389 0.0379009 0.0252778
0 0.655024 0.0129309 0.0348185 0.0258619
0 0.66503 0.013453 0.0392584 0.026906
0 0.672821 0.0146752 0.0407312 0.0293505
0 0.678909 0.0138315 0.0391849 0.0276629
0 0.689388 0.0141439 0.0399613 0.0282879
0 0.71122 0.0135163 0.0370523 0.0270326
0 0.718026 0.0146941 0.0406742 0.0293881
0 0.7255 0.0136354 0.0400594 0.0272709
0 0.737592 0.0138337 0.03896 0.0276675
0 0.75037 0.0141965 0.0393064 0.028393
0 0.824544 0.0122084 0.0367941 0.0244168
0 0.835499 0.0139667 0.0371462 0.0279334
0 0.0807055 0.0149153 0.0323834 0.0298305
0 0.0871822 0.015539 0.0320288 0.0310781
0 0.116633 0.0152886 0.0314456 0.0305773
0 0.316481 0.0151744 0.0366379 0.0303488
0 0.327704 0.0163763 0.039983 0.0327526
0 0.62854 0.0147824 0.0364943 0.0295649
0 0.658178 0.0149289 0.0350375 0.0298577
0 0.698436 0.0164241 0.0437296 0.0328483
0 0.705877 0.015412 0.0423738 0.030824
0 0.821333 0.0165042 0.0386162 0.0330084
0 0.826845 0.0154106 0.0362582 0.0308212
0 0.840443 0.0150358 0.0377506 0.0300715
0 0.0933707 0.0181714 0.0321187 0.0363428
0 0.0994039 0.0184101 0.0326487 0.0368201
0 0.106949 0.019173 0.0337124 0.038346
0 0.112473 0.018251 0.0328941 0.036502
0 0.120768 0.0179527 0.0289746 0.0359055
0 0.258553 0.0189969 0.0375867 0.0379938
0 0.265489 0.0189535 0.0375836 0.037907
0 0.271996 0.0191861 0.0372424 0.0383722
0 0.284672 0.0183915 0.036916 0.0367831
0 0.296977 0.0194109 0.037608 0.0388217
0 0.308458 0.0189579 0.0371965 0.0379158
0 0.315998 0.019558 0.0375384 0.0339134
0 0.322196 0.0207064 0.0389433 0.0346634
0 0.33333 0.0211986 0.0397179 0.0337815
0 0.634283 0.0195363 0.037613 0.0390726
0 0.647325 0.0193391 0.0371599 0.0386783
0 0.653199 0.0178125 0.0372843 0.0356249
0 0.66364 0.0178535 0.0339672 0.0357071
0 0.674193 0.0201163 0.0418026 0.035299
0 0.685032 0.0195321 0.0367621 0.0350164
0 0.697443 0.0208011 0.041696 0.0357619
0 0.705407 0.0200403 0.0414887 0.036712
0 0.711775 0.019149 0.0375867 0.038298
0 0.819624 0.0201208 0.0416443 0.0366754
0 0.82496 0.0187842 0.0343087 0.0337207
0 0.834252 0.0203927 0.0401367 0.0354644
0 0.840201 0.0202955 0.0382316 0.0325197
0 0.0570399 0.0244904 0.0295722 0.04273
0 0.0629162 0.0247509 0.0320599 0.0431336
0 0.0702958 0.0246132 0.0344933 0.0429558
0 0.0804203 0.0239309 0.0329324 0.0416117
0 0.0872389 0.0244378 0.0318662 0.0426257
0 0.0932259 0.0236537 0.0323067 0.0410574
0 0.117526 0.0228665 0.0329306 0.0394858
0 0.14899 0.0255875 0.0427014 0.0448613
0 0.152296 0.024657 0.0291452 0.0425911
0 0.159778 0.0260264 0.0256529 0.0406231
0 0.159308 0.0273896 0.0380858 0.036712
0 0.173233 0.0277748 0.0415895 0.0389009
0 0.180434 0.0265912 0.0399447 0.0378898
0 0.191255 0.0264288 0.0374026 0.0379005
0 0.197201 0.0276522 0.0393213 0.0388302
0 0.203229 0.0277159 0.0384701 0.0368756
0 0.225071 0.0267115 0.0361304 0.0386892
0 0.236952 0.0272038 0.0380006 0.0376763
0 0.245681 0.0273364 0.0390246 0.0390625
0 0.255061 0.0259373 0.0370406 0.0415673
0 0.266155 0.0265881 0.0375524 0.0387901
0 0.280221 0.0264698 0.0395942 0.0399034
0 0.293487 0.0260169 0.042314 0.0421231
0 0.300242 0.026118 0.0394427 0.040188
0 0.307124 0.0255917 0.0382064 0.0417618
0 0.317711 0.0260743 0.0359018 0.040993
0 0.328844 0.0274348 0.0370995 0.0371454
0 0.339857 0.0267771 0.0390221 0.0345982
0 0.346088 0.0285134 0.0399985 0.0376746
0 0.352853 0.0279587 0.0389744 0.0358791
0 0.360028 0.0278721 0.0382266 0.0368791
0 0.371448 0.0279076 0.039065 0.0370206
0 0.384017 0.0281744 0.0386588 0.0370145
0 0.396802 0.0288014 0.0390995 0.0372616
0 0.409477 0.0279926 0.038615 0.0374651
0 0.422031 0.0282679 0.0382079 0.0361408
0 0.428437 0.0276537 0.0377581 0.0357525
0 0.440056 0.0283979 0.0400167 0.038031
0 0.447171 0.0286689 0.0394481 0.0377165
0 0.459351 0.0282192 0.0383949 0.0360491
0 0.625956 0.0250968 0.0365654 0.0413159
0 0.639198 0.0263345 0.0402374 0.0398114
0 0.646869 0.0250676 0.037854 0.0419089
0 0.653128 0.0238428 0.0374374 0.0411586
0 0.659265 0.0243477 0.0372782 0.0423888
0 0.669752 0.0252124 0.0366367 0.0428341
0 0.679027 0.0257377 0.0388653 0.041098
0 0.689136 0.0273543 0.0410137 0.0383607
0 0.696631 0.0279513 0.0404571 0.0383441
0 0.709374 0.0276322 0.0389492 0.0386918
0 0.721889 0.0277446 0.0399744 0.0378086
0 0.729336 0.0271675 0.0399224 0.0373648
0 0.735519 0.0268218 0.0397884 0.0404622
0 0.740999 0.0248165 0.0377107 0.0350478
0 0.802293 0.024331 0.0347695 0.0420526
0 0.808186 0.0254479 0.0337524 0.0428346
0 0.82129 0.0259827 0.0387093 0.0416063
0 0.830306 0.0258873 0.0349545 0.0412107
0 0.840455 0.0269348 0.0378832 0.035965
0 0.846472 0.0281728 0.0388271 0.0378512
0 0.853089 0.0280339 0.0382175 0.0363002
0 0.859277 0.0273966 0.0379295 0.0356588
0 0.871545 0.0295301 0.038438 0.0348031
0 0.878181 0.0313257 0.037833 0.0305411
0 0.884071 0.0323021 0.0386299 0.0315277
0 0.890431 0.0297003 0.0388313 0.0346636
0 0.897878 0.0279169 0.0378174 0.0363504
0 0.903984 0.0273048 0.0366378 0.0355474
0 0.915698 0.0275202 0.0377709 0.0351073
0 0.921848 0.0275992 0.0387344 0.0373327
0 0.929485 0.0276333 0.0411196 0.0400498
0 0.939724 0.026938 0.0392634 0.0378603
0 0.946657 0.0287091 0.0411663 0.0376371
0 0.953706 0.0279421 0.0386593 0.0357949
0 0.059435 0.0300528 0.0250691 0.0336471
0 0.0642406 0.031107 0.0344527 0.0314812
0 0.0753239 0.0282547 0.0319075 0.0376613
0 0.0998912 0.0281621 0.0315678 0.0375661
0 0.107282 0.029302 0.0336102 0.0398379
0 0.112527 0.0284908 0.0321154 0.0382277
0 0.121175 0.0279181 0.0288578 0.0370714
0 0.158946 0.0329812 0.0237164 0.0279193
0 0.162832 0.0337273 0.0352989 0.0283368
0 0.169096 0.0335127 0.0382201 0.0300131
0 0.175855 0.0330625 0.0399103 0.0331477
0 0.182598 0.0323714 0.038873 0.0333547
0 0.192835 0.0319801 0.0365447 0.0328874
0 0.199645 0.0333951 0.0392427 0.0331768
0 0.205776 0.033917 0.0380629 0.0310188
0 0.213451 0.0343056 0.0399817 0.0330733
0 0.220991 0.0340659 0.0388463 0.0328387
0 0.232273 0.0333016 0.0375852 0.0318387
0 0.239932 0.0332472 0.0381073 0.0305814
0 0.251516 0.0325327 0.0355346 0.0297611
0 0.258404 0.0327551 0.0369759 0.0318064
0 0.267847 0.0323027 0.037031 0.0310606
0 0.27573 0.0326694 0.0393271 0.0326082
0 0.288663 0.0326739 0.0401098 0.0334435
0 0.295744 0.0323467 0.0389187 0.0332097
0 0.308427 0.0319147 0.0376673 0.0326332
0 0.321304 0.0320543 0.0382125 0.0317354
0 0.327434 0.0325171 0.0374928 0.02956
0 0.337752 0.0333886 0.034699 0.0281074
0 0.34971 0.0336379 0.0404749 0.0326777
0 0.356074 0.0333167 0.0392303 0.0300938
0 0.363513 0.0329729 0.0394573 0.0315691
0 0.375757 0.0335946 0.0372671 0.0306412
0 0.386719 0.0332108 0.0387632 0.031859
0 0.393279 0.0336653 0.0386394 0.030441
0 0.400592 0.0336066 0.0396194 0.0319475
0 0.41334 0.0335457 0.0376833 0.0316003
0 0.423885 0.0332169 0.0383329 0.0317707
0 0.436358 0.0343357 0.0377696 0.0311815
0 0.443158 0.0343501 0.039419 0.0334185
0 0.449884 0.0334548 0.0414849 0.0342207
0 0.462012 0.0338797 0.0371992 0.031504
0 0.473018 0.0348614 0.0386438 0.0338647
0 0.621221 0.0326409 0.0390442 0.0345571
0 0.627221 0.0319831 0.0367433 0.0325094
0 0.633489 0.0324802 0.0376182 0.0339294
0 0.640515 0.0323593 0.0377948 0.0340808
0 0.647104 0.031976 0.0373591 0.0368177
0 0.665248 0.0311535 0.0369968 0.0333694
0 0.675397 0.031847 0.0361339 0.0314773
0 0.68673 0.0322888 0.0381357 0.0316613
0 0.700598 0.0330206 0.0411907 0.0333185
0 0.707692 0.0327317 0.0391839 0.032706
0 0.718974 0.0323297 0.0365472 0.0314895
0 0.725792 0.0327178 0.0382128 0.0320535
0 0.732604 0.0324812 0.0394111 0.0311139
0 0.742979 0.0328475 0.0337849 0.0290089
0 0.803503 0.0310495 0.0328743 0.0325531
0 0.811306 0.0319738 0.0315149 0.0335351
0 0.821941 0.032782 0.0376816 0.0344281
0 0.827336 0.0314896 0.0360935 0.0313902
0 0.839236 0.0326182 0.0367075 0.0293305
0 0.850034 0.0328157 0.039772 0.0308525
0 0.862516 0.0333092 0.0374945 0.0298457
0 0.900543 0.0329337 0.0406547 0.0317443
0 0.913023 0.0333942 0.0377806 0.0293021
0 0.924641 0.0334581 0.0379848 0.03135
0 0.932258 0.0338766 0.040078 0.0330756
0 0.941007 0.0333294 0.0375602 0.0308096
0 0.949931 0.0337541 0.0417542 0.0337659
0 0.956229 0.0335555 0.0388249 0.0304035
0 0.0689762 0.0345576 0.0317553 0.0378652
0 0.08122 0.0344017 0.0313112 0.0375534
0 0.0874892 0.0344495 0.0312754 0.037649
0 0.0936677 0.0343989 0.0314149 0.0375477
0 0.106301 0.0354477 0.0318472 0.0396451
0 0.118014 0.0346368 0.0324504 0.0380238
0 0.162526 0.0347981 0.0311926 0.0381228
0 0.20878 0.0368167 0.0377792 0.0385092
0 0.228124 0.0359915 0.0373538 0.0384958
0 0.24695 0.0366516 0.0374403 0.0417087
0 0.271758 0.0357804 0.0373207 0.0392103
0 0.284236 0.03629 0.037553 0.0378316
0 0.303115 0.0358121 0.0375304 0.0378457
0 0.315649 0.0351976 0.0374941 0.0388895
0 0.334408 0.0352378 0.0374696 0.0392024
0 0.371864 0.0358605 0.0374379 0.039118
0 0.396754 0.0361621 0.0373124 0.0381708
0 0.409351 0.0361931 0.0375025 0.0375619
0 0.427806 0.0360613 0.037154 0.0381658
0 0.45267 0.0379262 0.0386976 0.0378424
0 0.465145 0.0364458 0.0369768 0.0393825
0 0.482083 0.0377515 0.0392188 0.0374744
0 0.609572 0.0360387 0.0369413 0.0394575
0 0.615979 0.0366934 0.0371287 0.0391259
0 0.653181 0.0349866 0.0373855 0.0385974
0 0.659412 0.0358671 0.0374433 0.0404602
0 0.671882 0.0358598 0.0374911 0.0403388
0 0.684311 0.0362257 0.0374158 0.0407455
0 0.696511 0.0361223 0.0372372 0.0385796
0 0.740718 0.0354124 0.0368899 0.0384028
0 0.782056 0.0385348 0.0384445 0.0415908
0 0.790092 0.0383764 0.0418198 0.041929
0 0.798244 0.0370334 0.0385047 0.0419784
0 0.815934 0.0358584 0.0370604 0.0394508
0 0.834445 0.0354628 0.0373924 0.0396645
0 0.846852 0.0356354 0.0374458 0.0398633
0 0.859346 0.0359497 0.0375214 0.0398112
0 0.871815 0.0363798 0.0374561 0.039471
0 0.890233 0.0365081 0.0372456 0.0364075
0 0.909313 0.0361209 0.0375226 0.0397121
0 0.921641 0.0358956 0.0374324 0.0392388
0 0.927859 0.0368313 0.0378282 0.0385529
0 0.963211 0.0383167 0.0378796 0.0381687
0 0.0570674 0.0407031 0.0296229 0.0376562
0 0.062513 0.0409501 0.031274 0.03815
0 0.0749967 0.0406618 0.0312748 0.0375736
0 0.0997446 0.0406727 0.0317615 0.0375954
0 0.112389 0.0408684 0.0316142 0.0379867
0 0.120966 0.0405692 0.0288633 0.0374004
0 0.158987 0.0406848 0.0257726 0.0376014
0 0.165724 0.0412252 0.0372743 0.0386441
0 0.178159 0.0417551 0.0373601 0.0390886
0 0.19065 0.0420311 0.0374148 0.0396904
0 0.202776 0.0430611 0.0379366 0.0400395
0 0.215496 0.0435195 0.0378407 0.0386556
0 0.221899 0.0428127 0.037575 0.0393843
0 0.234334 0.0429398 0.0375069 0.0411505
0 0.2406 0.0427049 0.0375508 0.0398985
0 0.25313 0.041772 0.0374731 0.0396521
0 0.25938 0.0425395 0.037484 0.0412805
0 0.265611 0.0415994 0.0374695 0.0391399
0 0.278081 0.0419213 0.0374599 0.0383195
0 0.29057 0.0427397 0.0375531 0.0412425
0 0.303113 0.0430097 0.037569 0.0422022
0 0.309377 0.0423932 0.0374954 0.0409574
