0 0.227831 0.0102235 0.0269738 0.020447
0 0.233373 0.0100117 0.025024 0.0200234
0 0.276225 0.0116459 0.0316167 0.0232918
0 0.365079 0.0113383 0.0293869 0.0226766
0 0.37191 0.0108608 0.0269475 0.0217216
0 0.377757 0.010778 0.0253021 0.021556
0 0.383326 0.0121361 0.0265949 0.0242722
0 0.389094 0.0124212 0.0272615 0.0248424
0 0.44814 0.0103669 0.0277765 0.0207338
0 0.453059 0.00960274 0.0249996 0.0192055
0 0.459191 0.0111347 0.0246363 0.0222695
0 0.465097 0.0112563 0.0248051 0.0225126
0 0.47134 0.0079559 0.0252813 0.0159118
0 0.691932 0.0105146 0.0314724 0.0210293
0 0.699036 0.01075 0.0306734 0.0215
0 0.703432 0.0099784 0.0257182 0.0199568
0 0.709145 0.0101501 0.0241547 0.0203003
0 0.715052 0.0110824 0.0258732 0.0221649
0 0.720944 0.0115783 0.0270563 0.0231565
0 0.725978 0.011764 0.0294154 0.0235281
0 0.0806092 0.012139 0.0235173 0.024278
0 0.0852613 0.0128955 0.026269 0.025791
0 0.0852095 0.0132879 0.0374238 0.0265758
0 0.0966799 0.0149264 0.04002 0.0298528
0 0.176597 0.012386 0.0370194 0.024772
0 0.188604 0.0138555 0.0386746 0.027711
0 0.202296 0.0125853 0.040845 0.0251707
0 0.209553 0.0120314 0.0369028 0.0240627
0 0.222433 0.0125445 0.0376679 0.0250891
0 0.231063 0.0118383 0.0356394 0.0236767
0 0.238713 0.0131957 0.0380803 0.0263915
0 0.250365 0.0126798 0.0392982 0.0253596
0 0.257982 0.0126115 0.0388501 0.0252229
0 0.264497 0.0130317 0.0390327 0.0260634
0 0.273949 0.0132706 0.0398133 0.0265412
0 0.281339 0.0129244 0.0405164 0.0258489
0 0.288054 0.012818 0.0369615 0.0256359
0 0.295193 0.013723 0.0404256 0.027446
0 0.305356 0.0133095 0.0388504 0.026619
0 0.312218 0.0129227 0.0397444 0.0258454
0 0.318983 0.0130493 0.0383404 0.0260986
0 0.329905 0.0135091 0.0380546 0.0270182
0 0.342303 0.0138075 0.0392245 0.027615
0 0.349059 0.0132254 0.0396836 0.0264508
0 0.355988 0.013023 0.0382985 0.026046
0 0.363105 0.0121921 0.040913 0.0243843
0 0.371119 0.0119531 0.0382826 0.0239063
0 0.380832 0.0132093 0.0366051 0.0264187
0 0.389811 0.0128246 0.0387776 0.0256493
0 0.431781 0.0152743 0.0373085 0.0305487
0 0.438702 0.0139958 0.0411363 0.0279915
0 0.446943 0.013678 0.0375086 0.027356
0 0.460222 0.0127477 0.0373737 0.0254954
0 0.465407 0.011228 0.0372183 0.0224561
0 0.523441 0.0129181 0.0376732 0.0258363
0 0.529273 0.0137462 0.036935 0.0274923
0 0.535469 0.0151999 0.0414793 0.0303998
0 0.686335 0.0119483 0.0339665 0.0238966
0 0.713769 0.0122602 0.0347581 0.0245204
0 0.723655 0.0132377 0.0381937 0.0264754
0 0.73014 0.0122753 0.0397684 0.0245507
0 0.736387 0.0134489 0.0389665 0.0268979
0 0.790663 0.0139161 0.0382374 0.0278321
0 0.796355 0.0154671 0.0377679 0.0309342
0 0.0779284 0.0156721 0.033575 0.0313442
0 0.0867864 0.0165995 0.0311901 0.033199
0 0.102272 0.0152597 0.0410509 0.0305194
0 0.150758 0.0164788 0.0394557 0.0329576
0 0.228615 0.0145107 0.0360939 0.0290214
0 0.24554 0.0157959 0.0371053 0.0315919
0 0.336434 0.015227 0.0388786 0.030454
0 0.378035 0.0146084 0.037181 0.0292167
0 0.423222 0.0167543 0.0439705 0.0335087
0 0.453122 0.0143696 0.0372251 0.0287393
0 0.4748 0.0165683 0.0429085 0.0331367
0 0.514499 0.0165621 0.0384031 0.0331242
0 0.540478 0.0148799 0.0367292 0.0297598
0 0.700759 0.0146541 0.0349821 0.0293082
0 0.707084 0.0140844 0.0296185 0.0281688
0 0.712312 0.0143537 0.0316881 0.0287075
0 0.742608 0.0147852 0.0342922 0.0295703
0 0.751258 0.0168532 0.0425291 0.0337065
0 0.759091 0.0151504 0.0384012 0.0303008
0 0.766757 0.0155618 0.0367779 0.0311236
0 0.772819 0.0148512 0.0356488 0.0297025
0 0.87762 0.0160278 0.0377209 0.0320556
0 0.940751 0.0162503 0.0386875 0.0325007
0 0.947168 0.0164322 0.0390198 0.0328644
0 0.95603 0.016333 0.0383328 0.0326661
0 0.0688976 0.0212317 0.043938 0.038158
0 0.0762184 0.0193333 0.0352132 0.032355
0 0.0835376 0.0199635 0.0335142 0.0342587
0 0.0906941 0.0193945 0.0382011 0.0323813
0 0.0970228 0.0201574 0.0375303 0.0325224
0 0.147475 0.02133 0.0384175 0.034071
0 0.233028 0.0191958 0.0362038 0.0383916
0 0.239188 0.0195735 0.0384781 0.0391469
0 0.24736 0.0202413 0.0396076 0.037721
0 0.254881 0.0201792 0.0420985 0.0374959
0 0.26503 0.0194741 0.0385087 0.0389483
0 0.275724 0.0194033 0.0397167 0.0388066
0 0.288558 0.0190922 0.0394835 0.0367544
0 0.295886 0.0191505 0.0395541 0.038301
0 0.301896 0.0178994 0.0354968 0.0357988
0 0.311907 0.0193963 0.0398163 0.0379246
0 0.324505 0.019296 0.0403111 0.0375034
0 0.336004 0.0195311 0.0393837 0.0365986
0 0.348251 0.0201077 0.0463557 0.0402153
0 0.355902 0.0192872 0.0391333 0.0382718
0 0.362658 0.0196528 0.0423921 0.0393056
0 0.371554 0.0192502 0.0382216 0.0385004
0 0.378089 0.0187096 0.0375029 0.0374192
0 0.388703 0.0181085 0.0340658 0.036217
0 0.398067 0.0205375 0.0402353 0.0357774
0 0.422061 0.0206523 0.0431253 0.0350866
0 0.439439 0.0203138 0.0401422 0.0378802
0 0.447037 0.0199214 0.0374064 0.0398427
0 0.459393 0.0180646 0.0373678 0.0361292
0 0.468235 0.0177306 0.0324708 0.0333853
0 0.474622 0.0209673 0.0406977 0.0363017
0 0.511039 0.0198983 0.0404326 0.0337401
0 0.518464 0.0204596 0.0425122 0.0357615
0 0.528669 0.0191444 0.0379391 0.0356598
0 0.534757 0.0203477 0.042321 0.0383036
0 0.705467 0.0175434 0.0328332 0.0350867
0 0.711326 0.018462 0.0336321 0.0369239
0 0.721929 0.0179879 0.037377 0.0359757
0 0.733944 0.018551 0.0372223 0.0371021
0 0.742642 0.0184355 0.0350295 0.0348212
0 0.750327 0.0206381 0.0414665 0.0389315
0 0.757646 0.018921 0.040378 0.0350558
0 0.771938 0.0181992 0.0358058 0.0363984
0 0.872328 0.0190912 0.0368687 0.035166
0 0.881696 0.0198442 0.0365875 0.0340587
0 0.939173 0.0194475 0.0380371 0.0356442
0 0.945915 0.0199105 0.039059 0.0355876
0 0.955046 0.0218455 0.0356129 0.0298934
0 0.048762 0.0295438 0.0351632 0.0330967
0 0.0546007 0.028232 0.0367501 0.037045
0 0.0625013 0.0276933 0.0394114 0.0373236
0 0.0709435 0.0273004 0.0392892 0.0394989
0 0.0829209 0.0262973 0.0393585 0.0410084
0 0.0933 0.0254589 0.0362771 0.0429028
0 0.102604 0.0278416 0.0385881 0.0377785
0 0.114359 0.0297043 0.040006 0.0223752
0 0.117615 0.0284388 0.0429281 0.031148
0 0.129572 0.0269059 0.0356553 0.0302516
0 0.138097 0.0277405 0.0399169 0.0385883
0 0.145524 0.0272143 0.0385646 0.0381017
0 0.153947 0.0265909 0.037029 0.0375577
0 0.167124 0.0275359 0.0416005 0.0383199
0 0.174838 0.0268011 0.0406325 0.0387764
0 0.181135 0.025837 0.0391508 0.0399476
0 0.188617 0.0254285 0.0384444 0.0415423
0 0.198721 0.0258225 0.0367098 0.0416822
0 0.210959 0.027047 0.0382542 0.0383024
0 0.217346 0.026832 0.0394876 0.0397985
0 0.229463 0.0269026 0.0389286 0.040097
0 0.237892 0.0273203 0.0401441 0.0389307
0 0.244718 0.0275229 0.0378843 0.037359
0 0.252922 0.0269921 0.0393178 0.0394437
0 0.264805 0.0273199 0.0396149 0.0373048
0 0.271474 0.0278599 0.0414895 0.0387195
0 0.286796 0.0270087 0.0415086 0.0400178
0 0.295743 0.026197 0.0395433 0.0415235
0 0.305665 0.025986 0.0361443 0.0414773
0 0.315815 0.0274874 0.0385157 0.0383659
0 0.322846 0.0275978 0.039473 0.0384164
0 0.32959 0.0272552 0.0386028 0.038847
0 0.340413 0.0274039 0.0391029 0.0377402
0 0.350186 0.0278728 0.0422601 0.0379075
0 0.360395 0.0261796 0.0384762 0.0404733
0 0.369066 0.02599 0.0421254 0.0409312
0 0.377111 0.0251722 0.0387826 0.0417456
0 0.383687 0.024631 0.0373056 0.0420186
0 0.393203 0.0252211 0.034469 0.0416082
0 0.403472 0.0272609 0.0388214 0.039352
0 0.415258 0.0274585 0.039035 0.037907
0 0.422314 0.0276977 0.0413459 0.038397
0 0.430506 0.0275114 0.0415186 0.0385787
0 0.439265 0.0269464 0.0401518 0.0383282
0 0.446743 0.0256664 0.037837 0.036734
0 0.45323 0.0228574 0.0372961 0.0367053
0 0.464931 0.0224346 0.0360374 0.038596
0 0.47837 0.0268099 0.0396408 0.0393672
0 0.485016 0.027115 0.0387943 0.0382575
0 0.498343 0.0277052 0.0381504 0.0386652
0 0.506366 0.0278709 0.0404644 0.0389075
0 0.51275 0.0271683 0.0383506 0.0381135
0 0.51983 0.0263298 0.0395481 0.0407
0 0.52912 0.0265145 0.0364061 0.0393339
0 0.539894 0.0282625 0.0387823 0.0252425
0 0.698835 0.0243909 0.0364639 0.0419511
0 0.703979 0.0226992 0.035857 0.0389339
0 0.70988 0.0243408 0.0366795 0.0423893
0 0.7219 0.0245941 0.0374833 0.0429174
0 0.73318 0.0247734 0.0367459 0.0429238
0 0.756972 0.0253783 0.0390347 0.0403525
0 0.764268 0.0251104 0.0391358 0.0427821
0 0.77662 0.0251618 0.0385936 0.0422841
0 0.7888 0.0249237 0.0374619 0.0412456
0 0.795328 0.0250686 0.0377409 0.0416219
0 0.807534 0.0255432 0.0385328 0.0425136
0 0.814434 0.0254954 0.0385888 0.0421563
0 0.821178 0.0255126 0.038517 0.0430364
0 0.830336 0.0262179 0.0369076 0.0413141
0 0.836316 0.026627 0.0372072 0.0398007
0 0.850896 0.0264547 0.0412193 0.0409039
0 0.858417 0.0254608 0.0382755 0.0411698
0 0.865211 0.0251564 0.0386294 0.0426996
0 0.876092 0.0248801 0.0360124 0.0424765
0 0.885924 0.0260511 0.036948 0.0405902
0 0.891519 0.0265081 0.0365595 0.035529
0 0.900891 0.0269333 0.0397911 0.0388025
0 0.907483 0.0255602 0.0371521 0.0392111
0 0.914894 0.0252129 0.0379654 0.042044
0 0.921537 0.0252825 0.0381155 0.0427953
0 0.932573 0.0254312 0.0388302 0.0426268
0 0.944842 0.0260851 0.0418276 0.04335
0 0.951358 0.0257131 0.0383798 0.041368
0 0.958742 0.026423 0.0365665 0.0394671
0 0.964141 0.0295663 0.0397388 0.0226224
0 0.0381277 0.0344868 0.0393176 0.033572
0 0.0566344 0.0332446 0.0396816 0.0333256
0 0.064693 0.0328293 0.0391173 0.0322735
0 0.0717467 0.0334924 0.0378437 0.0355692
0 0.0779641 0.0315148 0.0374284 0.0317982
0 0.0841762 0.0322522 0.0377086 0.0333857
0 0.0902161 0.0314692 0.0376907 0.0316627
0 0.10113 0.0324979 0.035696 0.0292001
0 0.110266 0.033576 0.0367648 0.0283134
0 0.115971 0.0344139 0.036697 0.0251254
0 0.125026 0.0354411 0.0414841 0.0325615
0 0.132865 0.0347148 0.0376761 0.0285203
0 0.139748 0.0329503 0.0394155 0.0326537
0 0.152734 0.0321267 0.036785 0.0309913
0 0.163795 0.0332664 0.0359368 0.0310857
0 0.17019 0.0330601 0.0385994 0.0321225
0 0.176572 0.0323975 0.0385526 0.0335503
0 0.188906 0.0324731 0.0379201 0.0334581
0 0.200989 0.0330986 0.0372249 0.0309866
0 0.207399 0.0332897 0.0383232 0.0322662
0 0.219118 0.0328842 0.0386801 0.0325775
0 0.232613 0.0326959 0.0388521 0.0329149
0 0.25092 0.0319742 0.0342614 0.0304055
0 0.257988 0.0330653 0.0362945 0.0296427
0 0.267434 0.0324819 0.0376186 0.0306182
0 0.27507 0.0329234 0.0400918 0.0327044
0 0.281512 0.0327741 0.0389113 0.0315031
0 0.289084 0.0325973 0.0400759 0.0329772
0 0.296489 0.0327316 0.0385058 0.0339717
0 0.302519 0.0317223 0.0369858 0.0313127
0 0.308816 0.0319908 0.0377212 0.0323237
0 0.320835 0.0320956 0.0375622 0.0312815
0 0.333268 0.0319572 0.0385841 0.0319008
0 0.345428 0.0318614 0.0382386 0.0313062
0 0.358949 0.031408 0.0373569 0.031296
0 0.371482 0.0318707 0.0380541 0.0326692
0 0.383851 0.0314234 0.0374764 0.0340502
0 0.395416 0.0318465 0.0375821 0.0322819
0 0.401523 0.0329494 0.037011 0.0303346
0 0.413657 0.032938 0.0383946 0.0313541
0 0.426627 0.0328209 0.0394495 0.033257
0 0.433551 0.0324196 0.0390281 0.0333594
0 0.459454 0.0285329 0.0373593 0.038311
0 0.470077 0.0293535 0.0341467 0.0370368
0 0.47647 0.0326793 0.0374832 0.0335067
0 0.488094 0.0330402 0.0383175 0.0321294
0 0.49489 0.0336056 0.0392614 0.0328706
0 0.50199 0.0333127 0.0388598 0.0313712
0 0.508868 0.0328394 0.0384723 0.0334361
0 0.514703 0.0320144 0.0375113 0.0314821
0 0.521522 0.0320471 0.0380625 0.032623
0 0.533388 0.0318934 0.0368641 0.0309518
0 0.541892 0.0347492 0.0338212 0.0243329
0 0.550232 0.0369974 0.0360861 0.0303061
0 0.55513 0.0367924 0.0324852 0.025596
0 0.694359 0.031332 0.0352529 0.034911
0 0.715659 0.0292817 0.0374333 0.0382513
0 0.727656 0.0306733 0.0366533 0.0335929
0 0.733918 0.0314845 0.0368773 0.0334652
0 0.742491 0.0316467 0.0353165 0.0318329
0 0.750247 0.0331538 0.0404928 0.034836
0 0.756496 0.0328175 0.0390099 0.0322603
0 0.763912 0.0332139 0.038731 0.03352
0 0.770367 0.033124 0.0376899 0.0324526
0 0.777491 0.0327978 0.0375993 0.0323475
0 0.789967 0.0329278 0.0358577 0.0312407
0 0.802175 0.0332702 0.0373861 0.0314901
0 0.808604 0.0334882 0.0369369 0.0321154
0 0.82172 0.0333136 0.0379078 0.0335645
0 0.827177 0.0328788 0.0366077 0.0303226
0 0.833783 0.0332026 0.0373209 0.0310677
0 0.844202 0.0333633 0.0351624 0.0292858
0 0.85223 0.033048 0.0394518 0.0329813
0 0.858678 0.0328069 0.0378159 0.0311873
0 0.865904 0.0326922 0.0372307 0.0322237
0 0.872519 0.0325452 0.0366993 0.0323468
0 0.883915 0.0330807 0.0361354 0.0296764
0 0.894204 0.0337738 0.0356262 0.0278528
