0 0.00801539 0.0103485 0.0160308 0.0206971
0 0.0115653 0.00788658 0.0186058 0.0157732
0 0.0181475 0.0115978 0.0302061 0.0231956
0 0.023976 0.0109204 0.0293806 0.0218408
0 0.0293409 0.0111962 0.0276304 0.0223924
0 0.035779 0.0121709 0.0280391 0.0243418
0 0.0420981 0.0128258 0.0285771 0.0256515
0 0.0481427 0.0127228 0.0282011 0.0254456
0 0.0541998 0.0126528 0.0280678 0.0253056
0 0.0608218 0.0127733 0.0286768 0.0255467
0 0.0661628 0.012484 0.0269309 0.0249679
0 0.0723482 0.0125351 0.0278346 0.0250701
0 0.0805627 0.0127997 0.0313416 0.0255993
0 0.0861466 0.0116019 0.0294645 0.0232039
0 0.0928122 0.0112543 0.0298382 0.0225086
0 0.0995369 0.0113433 0.0313684 0.0226867
0 0.105344 0.011049 0.0317996 0.022098
0 0.111123 0.0110503 0.0334406 0.0221007
0 0.12104 0.0117288 0.0369674 0.0234576
0 0.128838 0.0123297 0.0363926 0.0246593
0 0.134805 0.0119932 0.0355251 0.0239864
0 0.141742 0.0119357 0.0346703 0.0238713
0 0.148158 0.0120292 0.0350528 0.0240584
0 0.160242 0.0124142 0.0332595 0.0248283
0 0.166553 0.0129639 0.0314254 0.0259278
0 0.17198 0.0128679 0.0326264 0.0257359
0 0.179393 0.0130853 0.0332687 0.0261706
0 0.18602 0.0128655 0.0317451 0.0257311
0 0.1908 0.0122475 0.0285407 0.0244951
0 0.197072 0.0123907 0.0299084 0.0247814
0 0.204917 0.0128154 0.0332385 0.0256309
0 0.21103 0.0125604 0.0318116 0.0251207
0 0.217192 0.0120185 0.0309799 0.024037
0 0.223042 0.0119021 0.0312502 0.0238042
0 0.229193 0.0118392 0.0314761 0.0236784
0 0.235584 0.011829 0.0317614 0.023658
0 0.24222 0.0118765 0.0314263 0.023753
0 0.248369 0.0118225 0.0306183 0.0236449
0 0.255492 0.0119257 0.0322672 0.0238514
0 0.26122 0.0115684 0.0307785 0.0231368
0 0.267955 0.0114304 0.03251 0.0228607
0 0.274064 0.0113699 0.0316646 0.0227398
0 0.285632 0.011721 0.0318303 0.023442
0 0.290872 0.0118719 0.0308372 0.0237438
0 0.296622 0.0121861 0.03139 0.0243722
0 0.304298 0.0127162 0.0326884 0.0254324
0 0.309903 0.0126577 0.0317034 0.0253154
0 0.31794 0.0125723 0.0337574 0.0251445
0 0.323698 0.0120929 0.0317467 0.0241859
0 0.330667 0.0116847 0.0332565 0.0233693
0 0.33662 0.0112007 0.0316343 0.0224014
0 0.342372 0.0110216 0.0319153 0.0220431
0 0.348299 0.0112596 0.0325415 0.0225192
0 0.359859 0.0116204 0.0352544 0.0232409
0 0.366813 0.0117525 0.0350024 0.0235051
0 0.373088 0.0114616 0.0341236 0.0229231
0 0.379697 0.0115541 0.0329069 0.0231081
0 0.385701 0.0117385 0.0330636 0.023477
0 0.392073 0.0118403 0.0346916 0.0236805
0 0.39782 0.0116724 0.0350432 0.0233449
0 0.40427 0.0116624 0.0342234 0.0233248
0 0.417091 0.0119416 0.0348971 0.0238833
0 0.423747 0.0119428 0.0337218 0.0238857
0 0.430464 0.0114521 0.0318769 0.0229041
0 0.43623 0.011241 0.030303 0.0224819
0 0.442452 0.0115157 0.0306464 0.0230314
0 0.44807 0.0113983 0.0301431 0.0227966
0 0.459671 0.011762 0.0305084 0.0235241
0 0.464386 0.0115537 0.0322915 0.0231074
0 0.471014 0.0117566 0.0321589 0.0235132
0 0.477942 0.0116344 0.0293902 0.0232689
0 0.484029 0.0115273 0.0283455 0.0230547
0 0.491118 0.0118564 0.0298973 0.0237128
0 0.497385 0.0115247 0.029569 0.0230494
0 0.503201 0.0119401 0.0276212 0.0238803
0 0.509465 0.0125151 0.0291536 0.0250302
0 0.517359 0.0126634 0.0335312 0.0253268
0 0.524488 0.0122272 0.0309758 0.0244544
0 0.528895 0.0113877 0.0267256 0.0227753
0 0.535018 0.011792 0.0264454 0.023584
0 0.544401 0.0124407 0.0326296 0.0248815
0 0.549996 0.0106527 0.0312434 0.0213055
0 0.553403 0.00815099 0.0255609 0.016302
0 0.560413 0.00979291 0.0270783 0.0195858
0 0.568648 0.0127144 0.0310755 0.0254288
0 0.574812 0.0118979 0.0308836 0.0237958
0 0.58632 0.0122889 0.0288994 0.0245778
0 0.59303 0.0131176 0.0298401 0.0262353
0 0.598993 0.0129183 0.0292557 0.0258365
0 0.603969 0.0129434 0.0267248 0.0258867
0 0.610879 0.0134637 0.0280932 0.0269274
0 0.616716 0.0137654 0.0273697 0.0275308
0 0.62297 0.0137885 0.0274513 0.0275771
0 0.629365 0.0137965 0.027775 0.0275929
0 0.635546 0.0137635 0.0275845 0.027527
0 0.641148 0.0136919 0.0261518 0.0273838
0 0.647441 0.0134862 0.0262809 0.0269723
0 0.654318 0.0134221 0.027669 0.0268443
0 0.66027 0.0134915 0.0271148 0.0269829
0 0.665849 0.0136842 0.0255311 0.0273684
0 0.672497 0.0134468 0.0264101 0.0268935
0 0.678479 0.0129039 0.0258766 0.0258079
0 0.684759 0.0128439 0.0259821 0.0256877
0 0.691831 0.012546 0.0277709 0.025092
0 0.69734 0.0131163 0.0260668 0.0262326
0 0.704028 0.0137844 0.0270894 0.0275688
0 0.710431 0.013748 0.0274349 0.0274959
0 0.716363 0.0136705 0.0268555 0.027341
0 0.722732 0.013651 0.0273938 0.0273019
0 0.729069 0.0137292 0.0278459 0.0274583
0 0.735265 0.0137385 0.0281091 0.027477
0 0.741346 0.0137414 0.0273824 0.0274828
0 0.747321 0.013789 0.0269554 0.027578
0 0.754515 0.0137638 0.0288437 0.0275277
0 0.760249 0.0137011 0.0273901 0.0274021
0 0.766501 0.0135809 0.0271353 0.0271618
0 0.772976 0.0136198 0.0276924 0.0272396
0 0.780108 0.0135239 0.0292971 0.0270478
0 0.786343 0.0133249 0.0291696 0.0266498
0 0.791399 0.0128692 0.0268052 0.0257384
0 0.797867 0.0131493 0.0274761 0.0262985
0 0.804208 0.0134622 0.0279233 0.0269244
0 0.810185 0.0134554 0.027882 0.0269109
0 0.818344 0.013532 0.0310009 0.0270641
0 0.824285 0.0131443 0.0300488 0.0262886
0 0.830172 0.0124808 0.0293135 0.0249615
0 0.835746 0.0126161 0.0278801 0.0252321
0 0.84354 0.0130785 0.0310333 0.026157
0 0.849672 0.0131474 0.0306755 0.0262948
0 0.860392 0.0129638 0.0271271 0.0259276
0 0.866622 0.013624 0.0271301 0.027248
0 0.872967 0.0136831 0.0273762 0.0273662
0 0.879397 0.0137304 0.0277336 0.0274607
0 0.885465 0.013722 0.027346 0.027444
0 0.892323 0.0136934 0.0285109 0.0273869
0 0.898236 0.0136329 0.0277752 0.0272657
0 0.903857 0.0135547 0.0265072 0.0271095
0 0.910574 0.0136341 0.0274609 0.0272681
0 0.916502 0.013742 0.0269176 0.027484
0 0.92295 0.0137841 0.027413 0.0275682
0 0.929408 0.0138251 0.0279675 0.0276503
0 0.935481 0.0138282 0.0276159 0.0276565
0 0.941353 0.0138493 0.0268154 0.0276987
0 0.947761 0.0138635 0.0273949 0.027727
0 0.954491 0.0138619 0.0285187 0.0277238
0 0.960533 0.0138128 0.0279517 0.0276256
0 0.965765 0.0137406 0.025486 0.0274813
0 0.971951 0.013698 0.0259091 0.0273961
0 0.980361 0.0135665 0.033069 0.0271331
0 0.985801 0.0134282 0.0283974 0.0268564
0 0.976562 0.0337274 0.046875 0.0674548
0 0.0658573 0.0113196 0.0360169 0.0226391
0 0.153731 0.0112844 0.0361818 0.0225688
0 0.534758 0.0110988 0.0358081 0.0221976
0 0.579916 0.0109387 0.0339188 0.0218774
0 0.604852 0.0109409 0.0340486 0.0218818
0 0.61689 0.0109545 0.0349852 0.0219091
0 0.629073 0.0109632 0.0356212 0.0219264
0 0.641184 0.0109541 0.0363829 0.0219082
0 0.653437 0.0109685 0.0368789 0.0219369
0 0.665633 0.0109481 0.037409 0.0218962
0 0.678155 0.0109526 0.037426 0.0219052
0 0.690662 0.0109476 0.0374302 0.0218952
0 0.703149 0.0109461 0.0374662 0.0218921
0 0.709478 0.010958 0.0373174 0.021916
0 0.722047 0.0109663 0.0371641 0.0219327
0 0.734535 0.0109727 0.0372 0.0219454
0 0.746958 0.0109757 0.0373349 0.0219514
0 0.759576 0.0109921 0.0371347 0.0219841
0 0.772266 0.0109853 0.0367336 0.0219707
0 0.790941 0.0109625 0.0368557 0.0219251
0 0.803353 0.0110166 0.0370474 0.0220332
0 0.834974 0.0109574 0.0363007 0.0219148
0 0.860077 0.0109496 0.0361019 0.0218993
0 0.872524 0.0109744 0.036227 0.0219489
0 0.878921 0.0109711 0.0359375 0.0219423
0 0.891981 0.0109555 0.0348179 0.021911
0 0.898543 0.0109521 0.034187 0.0219043
0 0.910967 0.0109494 0.0343334 0.0218988
0 0.922747 0.0109578 0.0357832 0.0219156
0 0.929036 0.0109682 0.035717 0.0219363
0 0.941277 0.0109623 0.0362282 0.0219247
0 0.95407 0.0109961 0.0356945 0.0219922
0 0.965818 0.0109595 0.0367416 0.021919
0 0.988582 0.01095 0.0205629 0.0219
0 0.0109341 0.0145269 0.0218681 0.0290538
0 0.0189073 0.0145972 0.0318027 0.0291944
0 0.0248459 0.0143932 0.0317444 0.0287864
0 0.0310849 0.0143718 0.031638 0.0287435
0 0.037343 0.0145349 0.0316442 0.0290698
0 0.0436613 0.0145535 0.0315251 0.0291069
0 0.049881 0.0145559 0.0315983 0.0291118
0 0.0561472 0.0142813 0.0315449 0.0285627
0 0.0624238 0.0144032 0.0315563 0.0288065
0 0.0679925 0.0141845 0.0328138 0.0283689
0 0.0742182 0.0141967 0.0329146 0.0283934
0 0.0872129 0.0142466 0.0320387 0.0284933
0 0.0934314 0.0143378 0.0320518 0.0286757
0 0.0997668 0.0142727 0.0319941 0.0285454
0 0.105841 0.0144829 0.0324134 0.0289658
0 0.112142 0.0146504 0.0324751 0.0293009
0 0.118049 0.0150758 0.0328918 0.0301516
0 0.124141 0.0152633 0.0333195 0.0305266
0 0.136781 0.0153406 0.0331807 0.0306813
0 0.143212 0.0153876 0.0328676 0.0307753
0 0.149683 0.0153724 0.0324218 0.0307449
0 0.155645 0.0150439 0.0326611 0.0300879
0 0.193332 0.0146088 0.0322279 0.0292176
0 0.199552 0.0147544 0.0323783 0.0295087
0 0.218362 0.0145484 0.0324018 0.0290968
0 0.224668 0.0146356 0.0324966 0.0292711
0 0.230987 0.0146902 0.0325853 0.0293804
0 0.237186 0.0147848 0.0325802 0.0295696
0 0.243432 0.0146744 0.0326684 0.0293487
0 0.249639 0.0148539 0.0326936 0.0297078
0 0.255724 0.0147256 0.0330987 0.0294512
0 0.26178 0.0147027 0.0332851 0.0294053
0 0.268115 0.0149906 0.0332699 0.0299813
0 0.274448 0.0148428 0.0329536 0.0296856
0 0.280378 0.0148492 0.0333897 0.0296984
0 0.286932 0.0149546 0.0328849 0.0299092
0 0.292923 0.0149509 0.0331773 0.0299017
0 0.299128 0.0150658 0.0333029 0.0301316
0 0.324291 0.0154468 0.0331418 0.0308935
0 0.330721 0.0156156 0.0334025 0.0312311
0 0.336871 0.0157862 0.0335741 0.0315725
0 0.348491 0.0158491 0.0358107 0.0316982
0 0.360859 0.0153267 0.0359604 0.0306534
0 0.367927 0.0155824 0.0338699 0.0311648
0 0.374146 0.0153482 0.0336955 0.0306964
0 0.380515 0.015486 0.0332843 0.0309719
0 0.386682 0.0154208 0.033439 0.0308415
0 0.392835 0.0154536 0.0338831 0.0309071
0 0.399133 0.0153145 0.0336451 0.0306289
0 0.405373 0.0153663 0.0336224 0.0307326
0 0.411558 0.0151959 0.0336803 0.0303917
0 0.418417 0.0152329 0.0330622 0.0304659
0 0.424795 0.0151146 0.0325518 0.0302292
0 0.430801 0.0148167 0.0325187 0.0296333
0 0.437052 0.0147789 0.0325219 0.0295579
0 0.44342 0.0146984 0.0324978 0.0293967
0 0.449543 0.0144706 0.032518 0.0289413
0 0.455426 0.0143502 0.033107 0.0287005
0 0.461262 0.0146276 0.0340374 0.0292551
0 0.473369 0.0154546 0.0348192 0.0309093
0 0.484761 0.0148399 0.0367754 0.0296799
0 0.491106 0.0150749 0.0367292 0.0301499
0 0.497479 0.014646 0.0363789 0.029292
0 0.503772 0.0143881 0.0362599 0.0287763
0 0.510417 0.014654 0.0355658 0.0293079
0 0.524788 0.0143592 0.0321078 0.0287183
0 0.530697 0.0142431 0.0323865 0.0284862
0 0.537001 0.0143398 0.032317 0.0286797
0 0.5466 0.014147 0.0369543 0.028294
0 0.55583 0.0140792 0.032091 0.0281584
0 0.562326 0.0141163 0.0316021 0.0282326
0 0.58124 0.0140802 0.0312696 0.0281604
0 0.587492 0.0141018 0.0312658 0.0282037
0 0.606244 0.0140803 0.0312614 0.0281606
0 0.643743 0.0140743 0.0312653 0.0281487
0 0.649994 0.0140817 0.0312629 0.0281634
0 0.662486 0.0140698 0.0312784 0.0281395
0 0.668677 0.0140673 0.0313966 0.0281345
0 0.674896 0.0140715 0.0314598 0.028143
0 0.680988 0.0140632 0.0317743 0.0281264
0 0.692775 0.0140643 0.0332018 0.0281286
0 0.699354 0.0140638 0.0325415 0.0281275
0 0.705948 0.0140838 0.0318623 0.0281677
0 0.76872 0.0140862 0.031312 0.0281725
0 0.793716 0.0141166 0.0313198 0.0282333
0 0.799952 0.0141481 0.0313479 0.0282962
0 0.831208 0.0141305 0.0313358 0.0282609
0 0.83746 0.0141866 0.031332 0.0283733
0 0.856195 0.0140998 0.0313609 0.0281996
0 0.862473 0.0141213 0.0313045 0.0282427
0 0.868735 0.01412 0.0312828 0.0282401
0 0.906238 0.0140999 0.0312742 0.0281998
0 0.918734 0.0141042 0.0312824 0.0282085
0 0.968661 0.0140932 0.0314277 0.0281863
0 0.974775 0.0141486 0.0317013 0.0282971
0 0.985937 0.0171929 0.0281258 0.0343857
0 0.989068 0.014443 0.0218636 0.028886
0 0.0143468 0.0175659 0.0286936 0.0351318
0 0.0671907 0.017234 0.034393 0.0344679
0 0.079763 0.017563 0.0346714 0.0351259
0 0.086222 0.0173324 0.0339894 0.0346648
0 0.0928841 0.0174718 0.0331057 0.0349437
0 0.0992932 0.0174925 0.0327538 0.0349849
0 0.129887 0.0183612 0.0343193 0.0367224
0 0.162016 0.0178803 0.0325604 0.0357607
0 0.16835 0.0177513 0.0323417 0.0355025
0 0.174423 0.0177377 0.0326163 0.0354754
0 0.1808 0.0177163 0.0325834 0.0354325
0 0.187071 0.0176233 0.0323993 0.0352466
0 0.20573 0.0174804 0.0327509 0.0349607
0 0.211922 0.0174289 0.0327677 0.0348578
0 0.25481 0.0177028 0.034479 0.0354057
0 0.260944 0.0177566 0.0347002 0.0355133
0 0.304979 0.0185301 0.0343856 0.0370602
0 0.311205 0.0182729 0.0343322 0.0365458
