0 0.387526 0.0136918 0.038312 0.0273837
0 0.397176 0.014058 0.0377895 0.028116
0 0.650154 0.0138716 0.0348926 0.0277433
0 0.675307 0.0132618 0.0378203 0.0265236
0 0.689256 0.0146241 0.040263 0.0292482
0 0.694261 0.0122155 0.036422 0.0244311
0 0.833197 0.0121331 0.0241809 0.0242662
0 0.83869 0.0133984 0.0359722 0.0267968
0 0.983942 0.0171364 0.0321165 0.0342729
0 0.302329 0.0168943 0.0408977 0.0337885
0 0.405094 0.0162346 0.0381536 0.0324692
0 0.682986 0.0151896 0.0374269 0.0303791
0 0.30853 0.0215313 0.0396596 0.0326956
0 0.396483 0.0185459 0.0379539 0.0370918
0 0.408895 0.0206966 0.0389087 0.0340061
0 0.41484 0.0219718 0.0385237 0.0318962
0 0.676099 0.01823 0.0364187 0.0359025
0 0.248562 0.0258612 0.0367763 0.0411795
0 0.284255 0.0275213 0.0392137 0.0369284
0 0.29099 0.0279481 0.0400195 0.0381514
0 0.302906 0.027969 0.0396596 0.0378745
0 0.314397 0.0278202 0.0403615 0.0374694
0 0.327507 0.0277457 0.040423 0.0378532
0 0.333828 0.0278403 0.0406417 0.0397694
0 0.372845 0.0268046 0.0408402 0.0395323
0 0.380118 0.0267939 0.0418034 0.0388917
0 0.388988 0.0260216 0.0400875 0.0401597
0 0.396443 0.0252548 0.0383514 0.0425456
0 0.406252 0.0257766 0.0389815 0.041825
0 0.421731 0.0280419 0.0393274 0.0376856
0 0.428405 0.0278702 0.0375652 0.0354702
0 0.439136 0.0312106 0.0401667 0.0206158
0 0.507062 0.0255305 0.0347177 0.0427106
0 0.511808 0.0269147 0.0359019 0.0384784
0 0.517088 0.0279874 0.0358433 0.035435
0 0.523337 0.028439 0.0386249 0.0372816
0 0.529624 0.0286832 0.0373074 0.0362333
0 0.535222 0.0278554 0.0380831 0.038787
0 0.542243 0.0273694 0.0398865 0.0401252
0 0.548856 0.026761 0.0380316 0.0407307
0 0.650152 0.0254473 0.0345131 0.0403766
0 0.662949 0.0273598 0.040512 0.0380004
0 0.670629 0.0266327 0.0391957 0.040433
0 0.679651 0.0258531 0.0369209 0.0417381
0 0.69008 0.0270782 0.0385392 0.0360097
0 0.696361 0.0305744 0.0390546 0.033921
0 0.703557 0.0323903 0.0378008 0.029267
0 0.7107 0.0341102 0.0357938 0.0268304
0 0.716829 0.0340523 0.0360721 0.026367
0 0.723119 0.0343641 0.0360773 0.0270444
0 0.729425 0.0335776 0.0358646 0.0262888
0 0.733468 0.0356364 0.0364975 0.030207
0 0.940908 0.0274984 0.0432699 0.0393314
0 0.948092 0.0272822 0.0389071 0.037654
0 0.958506 0.0276309 0.0402155 0.0392962
0 0.973173 0.0273219 0.0419735 0.0402466
0 0.027146 0.0319397 0.0363894 0.0315648
0 0.0359674 0.0337178 0.0372434 0.0355983
0 0.0990686 0.0335765 0.0357419 0.030144
0 0.107504 0.0370796 0.0340493 0.0327195
0 0.245317 0.033442 0.0399678 0.0349955
0 0.255223 0.0334759 0.0368098 0.0333939
0 0.268422 0.0333607 0.0411287 0.0339166
0 0.27485 0.0329935 0.0380269 0.0324312
0 0.286833 0.032872 0.0388796 0.0324953
0 0.294245 0.0331754 0.040833 0.0340708
0 0.300293 0.0325523 0.0391065 0.0317353
0 0.307548 0.032517 0.0393669 0.0327741
0 0.318208 0.0325059 0.0376267 0.0309849
0 0.330073 0.0329061 0.0387238 0.0307978
0 0.336226 0.0336795 0.0386086 0.0328534
0 0.36282 0.0328746 0.0400743 0.033992
0 0.375719 0.0330566 0.038543 0.0342548
0 0.402384 0.0317248 0.0368974 0.0335802
0 0.408659 0.0322265 0.0374408 0.0346984
0 0.418522 0.0323976 0.036611 0.0326315
0 0.425832 0.0331186 0.0390991 0.0314233
0 0.435524 0.0346069 0.0365869 0.0294183
0 0.441271 0.0347276 0.0358196 0.0249002
0 0.503288 0.0334823 0.0334664 0.0300435
0 0.510297 0.0339022 0.0337551 0.0319294
0 0.518932 0.0338679 0.0356882 0.0305713
0 0.526297 0.0342964 0.0393704 0.0329971
0 0.536381 0.0343159 0.0371583 0.0325806
0 0.54321 0.0347321 0.0400057 0.0340476
0 0.555107 0.0343844 0.0389775 0.0322055
0 0.639255 0.0339131 0.0378345 0.0319226
0 0.64688 0.0336904 0.0388681 0.03384
0 0.652174 0.0328598 0.036264 0.0308772
0 0.657985 0.0330272 0.0364773 0.0333397
0 0.66475 0.0324414 0.0386333 0.0320971
0 0.671245 0.0326398 0.038825 0.0332033
0 0.67668 0.0328349 0.0358208 0.0294335
0 0.683121 0.0330534 0.0367675 0.0309065
0 0.69182 0.0338521 0.0358515 0.0280826
0 0.741248 0.0382948 0.0321146 0.0219596
0 0.938901 0.0329114 0.0391914 0.0351933
0 0.950561 0.0326236 0.0395352 0.0342091
0 0.963126 0.0327061 0.0398453 0.033213
0 0.970814 0.0326717 0.0383995 0.0327607
0 0.981377 0.03207 0.0372451 0.0319293
0 0.97845 0.0373335 0.0430999 0.0433147
0 0.0411628 0.0358921 0.0364304 0.036939
0 0.0964965 0.0384057 0.0384826 0.0397376
0 0.102544 0.0364534 0.0368188 0.0378658
0 0.114548 0.0397094 0.0401862 0.0314727
0 0.240545 0.0372565 0.0374729 0.0382701
0 0.264848 0.0378073 0.0380851 0.0361933
0 0.271378 0.0377036 0.0382633 0.0380949
0 0.283619 0.0372944 0.0379358 0.0389036
0 0.290121 0.0373857 0.0381219 0.0370903
0 0.32173 0.0351252 0.0372991 0.0380183
0 0.344444 0.0362976 0.034475 0.0370487
0 0.352021 0.0381613 0.0397512 0.0385025
0 0.358403 0.0375318 0.0386131 0.0364778
0 0.37159 0.036322 0.0376457 0.0390134
0 0.421813 0.0360968 0.0374235 0.0396143
0 0.439503 0.0361656 0.0356241 0.038921
0 0.44295 0.0374965 0.0331267 0.0329446
0 0.447636 0.0402341 0.0411741 0.0364682
0 0.452181 0.0407451 0.0359082 0.0275345
0 0.51558 0.0362308 0.037294 0.0384245
0 0.54979 0.038043 0.0380368 0.0381924
0 0.560782 0.0384533 0.0396454 0.0388136
0 0.565684 0.0381913 0.0370138 0.0342609
0 0.678165 0.0352332 0.0373791 0.0390265
0 0.690472 0.0353967 0.0371912 0.0385442
0 0.702459 0.0375879 0.0384739 0.0377493
0 0.708797 0.0375794 0.0382296 0.0350716
0 0.714696 0.0367013 0.0366943 0.0369482
0 0.727007 0.0378953 0.0385764 0.036612
0 0.740388 0.0400595 0.0391709 0.0331929
0 0.94687 0.0367316 0.0375721 0.0398459
0 0.990371 0.0376544 0.0192589 0.0319809
0 0.0281753 0.0416336 0.0373979 0.0395036
0 0.0344089 0.0423122 0.0374457 0.0408667
0 0.0427839 0.0418093 0.0331897 0.0363818
0 0.108624 0.0425047 0.0363184 0.0386481
0 0.113437 0.0457235 0.0388492 0.0323129
0 0.246862 0.0435101 0.037753 0.0400051
0 0.252727 0.0417824 0.0366548 0.037291
0 0.258658 0.0422515 0.036679 0.039452
0 0.270707 0.0442482 0.0394215 0.0376578
0 0.277202 0.0434841 0.0377015 0.0365759
0 0.296661 0.0435987 0.0378588 0.0404267
0 0.303065 0.0428439 0.0376232 0.0408272
0 0.309372 0.0422167 0.0375056 0.0401694
0 0.328153 0.0427085 0.0377064 0.0414598
0 0.334371 0.0418228 0.0375161 0.0392843
0 0.345792 0.0418643 0.035741 0.0381259
0 0.40342 0.041424 0.0369083 0.0389281
0 0.409642 0.0420118 0.0371509 0.0401987
0 0.42815 0.0420786 0.0374674 0.040022
0 0.44769 0.0458105 0.0385723 0.0354309
0 0.451743 0.0475537 0.0355668 0.027489
0 0.503222 0.0422892 0.0370809 0.0397629
0 0.509542 0.0427824 0.0372547 0.0413877
0 0.521434 0.0423648 0.037347 0.0391351
0 0.527867 0.042881 0.0375462 0.0381349
0 0.5388 0.0432909 0.0373127 0.038488
0 0.544938 0.0444549 0.0392429 0.0373874
0 0.553886 0.0445283 0.0393469 0.0346817
0 0.56525 0.0452458 0.0372881 0.0335166
0 0.636508 0.0422001 0.0322319 0.0390527
0 0.646967 0.0433137 0.0376915 0.0412879
0 0.653097 0.042328 0.0373335 0.040151
0 0.659326 0.0427141 0.037419 0.0413213
0 0.671943 0.0428726 0.0374668 0.0413176
0 0.684399 0.0419786 0.0374556 0.0400864
0 0.695001 0.0413788 0.034023 0.0380626
0 0.720228 0.0430224 0.0375286 0.0383512
0 0.732836 0.0431164 0.037684 0.0365689
0 0.0404902 0.0482299 0.0372196 0.0401876
0 0.0447737 0.0523601 0.0472357 0.0443931
0 0.0861131 0.0521488 0.0447952 0.0395505
0 0.0959619 0.051131 0.0394169 0.0403316
0 0.102957 0.0493572 0.0377337 0.0399651
0 0.111151 0.0506922 0.0334002 0.0395271
0 0.240466 0.0498346 0.0376469 0.040708
0 0.252266 0.0486209 0.0358489 0.0405986
0 0.258103 0.049766 0.0360643 0.0430576
0 0.264225 0.0504804 0.0388855 0.0418638
0 0.276376 0.0502217 0.0375137 0.0415509
0 0.289149 0.0509138 0.0389957 0.039962
0 0.295836 0.0503954 0.0389406 0.0393672
0 0.302912 0.0498863 0.0378988 0.0399131
0 0.315549 0.048144 0.0373589 0.0399299
0 0.340667 0.0483295 0.0374341 0.0402023
0 0.3531 0.0490989 0.0378868 0.0411117
0 0.359181 0.0490758 0.0376885 0.0394953
0 0.415731 0.0482167 0.037348 0.040088
0 0.434422 0.0481613 0.0374224 0.0398254
0 0.453219 0.0515898 0.0377987 0.0376553
0 0.459571 0.052903 0.0386771 0.0383792
0 0.465758 0.0532912 0.0381073 0.0352822
0 0.47251 0.0531744 0.0389154 0.0377026
0 0.479294 0.0530548 0.0396472 0.0382591
0 0.487447 0.0523844 0.0416323 0.0388949
0 0.495797 0.0514823 0.0396695 0.0400164
0 0.50234 0.050104 0.0376005 0.04035
0 0.508797 0.0499149 0.0376915 0.042087
0 0.521363 0.0500561 0.037632 0.0431899
0 0.532872 0.0502424 0.0386509 0.0430187
0 0.549451 0.0509909 0.0380241 0.0401625
0 0.558408 0.0511092 0.0400848 0.0411252
0 0.564349 0.0508479 0.039481 0.0346935
0 0.57009 0.0541149 0.0385042 0.0362988
0 0.62232 0.0507236 0.0377814 0.0411546
0 0.633524 0.0500255 0.0371982 0.0430367
0 0.639928 0.0503532 0.0382811 0.0416768
0 0.652511 0.0495798 0.0371835 0.0404296
0 0.658866 0.0498714 0.0375017 0.0419419
0 0.665459 0.0498829 0.0377967 0.041608
0 0.678125 0.0484239 0.0374611 0.0403735
0 0.69055 0.0484147 0.0373665 0.0404005
0 0.702228 0.0498724 0.0368211 0.042757
0 0.712879 0.0503346 0.0367105 0.0413365
0 0.72539 0.0509488 0.0397871 0.0412475
0 0.734311 0.0504407 0.0376001 0.0418375
0 0.739928 0.0500833 0.038744 0.0326121
0 0.0344398 0.0555276 0.0374045 0.0423005
0 0.0448685 0.0544159 0.0340215 0.0377917
0 0.0503203 0.0582607 0.0389975 0.0366219
0 0.0895298 0.0578493 0.0394181 0.035189
0 0.0964895 0.0575507 0.0383851 0.0369944
0 0.116228 0.0557817 0.0312781 0.0305084
0 0.237633 0.0569966 0.0308759 0.036613
0 0.246963 0.0569685 0.037553 0.0377571
0 0.252104 0.0554814 0.0355306 0.0336383
0 0.264877 0.0571104 0.0387173 0.0331592
0 0.277622 0.0566944 0.0377213 0.032471
0 0.284052 0.0570315 0.0378011 0.0332126
0 0.296607 0.0563916 0.0377973 0.0335386
0 0.309362 0.0545547 0.0375231 0.0375636
0 0.320322 0.0536715 0.0344596 0.0382223
0 0.328085 0.0557399 0.0382334 0.0420246
0 0.334364 0.0544044 0.0375578 0.0391081
0 0.346772 0.0543982 0.0371507 0.0394409
0 0.403674 0.0542742 0.0364617 0.0397705
0 0.422015 0.0549846 0.037417 0.0410049
0 0.428179 0.054276 0.0374174 0.0396228
0 0.440517 0.0539504 0.0372621 0.0386536
0 0.451425 0.0574478 0.0374434 0.0335208
0 0.456526 0.0583523 0.0386471 0.0296314
0 0.463457 0.0586466 0.0377754 0.0310477
0 0.475795 0.0588082 0.0390759 0.0325988
0 0.489514 0.0579109 0.0392922 0.0344102
0 0.496524 0.057737 0.0383947 0.0351476
0 0.502568 0.0567793 0.0372267 0.0339464
0 0.508939 0.0568821 0.0376844 0.0351802
0 0.515146 0.0568784 0.0377141 0.0331954
0 0.521557 0.05744 0.037908 0.033988
0 0.527491 0.0567018 0.0375841 0.0319746
0 0.533809 0.0571267 0.0382215 0.032957
0 0.546029 0.0567413 0.038157 0.0324013
0 0.557415 0.0566267 0.0370515 0.0316705
0 0.566282 0.0584505 0.0360649 0.0279089
0 0.572798 0.0601213 0.0411704 0.0361232
0 0.579879 0.059931 0.0404932 0.029858
0 0.616996 0.0583851 0.0366247 0.0318098
0 0.622882 0.0577793 0.0366232 0.035561
0 0.634065 0.0570764 0.0368569 0.0349837
0 0.640386 0.0569623 0.0378454 0.0330048
0 0.64679 0.0570398 0.0377239 0.0340787
0 0.652945 0.0561191 0.0372572 0.0339745
0 0.665545 0.0565871 0.0376753 0.0347355
0 0.671872 0.0558129 0.0375277 0.0374915
0 0.684378 0.0543941 0.0374851 0.0396141
0 0.696386 0.0554114 0.0368273 0.0361953
0 0.702571 0.0569176 0.0375569 0.0332357
0 0.709009 0.0574343 0.0380149 0.0338864
0 0.719491 0.0566869 0.0382626 0.0323323
0 0.726703 0.0569942 0.0399095 0.0326409
0 0.733213 0.0567781 0.037583 0.0315383
0 0.74131 0.0594679 0.0355304 0.0258476
0 0.74533 0.0628416 0.0346342 0.0315753
0 0.0406452 0.0616519 0.0374989 0.0420338
0 0.103202 0.0607653 0.0374098 0.0400725
0 0.109472 0.0599279 0.037381 0.0385542
0 0.117511 0.0598103 0.0284964 0.0267703
0 0.240685 0.0610523 0.037436 0.0399583
0 0.25936 0.0612581 0.0374338 0.0411983
0 0.271884 0.0612457 0.037499 0.0406874
0 0.290629 0.0600468 0.0374876 0.0386561
0 0.303136 0.0607546 0.0375009 0.0401373
0 0.315594 0.0602286 0.0373875 0.0391863
0 0.340998 0.0610352 0.0378239 0.0403751
0 0.409649 0.0612643 0.0372593 0.0411228
0 0.434487 0.0602245 0.037331 0.03911
0 0.446832 0.0597921 0.037197 0.038142
0 0.459373 0.0607733 0.037487 0.0384812
0 0.47161 0.0611237 0.0370956 0.0389778
0 0.484083 0.0617979 0.0376326 0.038339
0 0.540622 0.0603617 0.0374888 0.0391181
0 0.553113 0.0609677 0.0374834 0.040432
0 0.564588 0.0606698 0.0356639 0.039669
0 0.589036 0.0626175 0.0398148 0.0386893
0 0.595445 0.0619158 0.0374095 0.0368104
0 0.602283 0.0620584 0.0384801 0.0382735
0 0.609192 0.0617939 0.0381836 0.0378891
