0 0.0081516 0.01048 0.0163032 0.0209599
0 0.0124141 0.00785039 0.019833 0.0157008
0 0.0186511 0.0111753 0.0310724 0.0223507
0 0.0245854 0.0104471 0.030458 0.0208942
0 0.0360039 0.0123685 0.0283937 0.0247371
0 0.0429419 0.0133417 0.0300972 0.0266834
0 0.0491882 0.0132365 0.0298806 0.0264729
0 0.054605 0.0129663 0.0282352 0.0259326
0 0.0613095 0.0130652 0.0292888 0.0261304
0 0.0663054 0.0132139 0.0274063 0.0264279
0 0.0726341 0.0133599 0.0286707 0.0267198
0 0.0796505 0.0136613 0.0294343 0.0273225
0 0.0852367 0.0135796 0.0273569 0.0271592
0 0.0944208 0.0131566 0.0326323 0.0263132
0 0.0999961 0.0108108 0.0312429 0.0216216
0 0.103398 0.00828265 0.0255486 0.0165653
0 0.111243 0.0102375 0.0287377 0.0204749
0 0.11591 0.0113827 0.0256213 0.0227653
0 0.122295 0.0123014 0.0259918 0.0246027
0 0.1296 0.0132756 0.0281423 0.0265512
0 0.135281 0.0132827 0.0269571 0.0265653
0 0.142936 0.0133228 0.0296558 0.0266455
0 0.148126 0.0119666 0.0275176 0.0239333
0 0.15334 0.0116698 0.0254539 0.0233395
0 0.159931 0.0126555 0.0261272 0.025311
0 0.165875 0.0131584 0.0255567 0.0263169
0 0.172192 0.013228 0.0256765 0.0264559
0 0.178268 0.013166 0.0253128 0.0263319
0 0.184469 0.0132583 0.0252129 0.0265165
0 0.193654 0.0132599 0.0310744 0.0265199
0 0.199643 0.0110582 0.0305369 0.0221164
0 0.209802 0.0129695 0.0258634 0.025939
0 0.218272 0.0137295 0.0310345 0.0274591
0 0.22438 0.0136767 0.0300249 0.0273534
0 0.236238 0.0131099 0.0287266 0.0262199
0 0.24701 0.0128832 0.0253461 0.0257664
0 0.254678 0.0137928 0.0290992 0.0275857
0 0.260041 0.0138654 0.0271516 0.0277307
0 0.2679 0.0139148 0.0300112 0.0278296
0 0.274569 0.0139292 0.0304047 0.0278583
0 0.285626 0.0133389 0.0275033 0.0266779
0 0.293664 0.0135613 0.0310797 0.0271226
0 0.299682 0.0125132 0.0306145 0.0250264
0 0.31089 0.0137478 0.028045 0.0274957
0 0.318775 0.0139891 0.0313332 0.0279781
0 0.325 0.0130216 0.0312498 0.0260433
0 0.328546 0.0112614 0.0258431 0.0225228
0 0.336579 0.0127383 0.0294074 0.0254767
0 0.343744 0.0139685 0.0312386 0.0279369
0 0.349964 0.0138691 0.0311783 0.0277383
0 0.36164 0.0140277 0.0295304 0.0280554
0 0.368249 0.0140587 0.0302526 0.0281173
0 0.373871 0.0140554 0.0289926 0.0281108
0 0.379053 0.0140507 0.0268598 0.0281014
0 0.386542 0.0140582 0.02935 0.0281163
0 0.391807 0.01406 0.0273987 0.0281199
0 0.397851 0.0140555 0.0269823 0.028111
0 0.40416 0.0140525 0.0271153 0.028105
0 0.410919 0.0140566 0.0284214 0.0281133
0 0.416499 0.0140588 0.0269257 0.0281176
0 0.422675 0.0140567 0.0266926 0.0281134
0 0.42877 0.0140549 0.0263585 0.0281098
0 0.435176 0.0140557 0.026691 0.0281113
0 0.443336 0.014054 0.0308874 0.0281079
0 0.449333 0.0140589 0.0299582 0.0281178
0 0.453423 0.0140604 0.0256081 0.0281209
0 0.460818 0.0140612 0.0279241 0.0281224
0 0.467355 0.0140611 0.0285971 0.0281222
0 0.473259 0.0140611 0.0278649 0.0281221
0 0.479695 0.0140613 0.0282497 0.0281225
0 0.485963 0.0140614 0.0282755 0.0281227
0 0.490824 0.0140605 0.0254355 0.0281211
0 0.497132 0.0140606 0.0257179 0.0281212
0 0.505263 0.0140612 0.0304298 0.0281224
0 0.510516 0.014061 0.0276316 0.0281221
0 0.518354 0.0140607 0.0311056 0.0281214
0 0.524625 0.0140617 0.0305969 0.0281233
0 0.529568 0.0140616 0.0279291 0.0281232
0 0.536516 0.0140619 0.0293201 0.0281238
0 0.542546 0.0140621 0.0289863 0.0281242
0 0.549065 0.0140622 0.0296907 0.0281244
0 0.555592 0.0140621 0.0302606 0.0281243
0 0.561908 0.0140618 0.0302149 0.0281236
0 0.565639 0.0140605 0.025041 0.028121
0 0.571902 0.0140578 0.0251912 0.0281156
0 0.579885 0.014058 0.0330274 0.0281161
0 0.590619 0.0140557 0.0250967 0.0281113
0 0.596781 0.0140334 0.0254191 0.0280669
0 0.604238 0.014021 0.0294611 0.0280419
0 0.609684 0.0140165 0.0266938 0.028033
0 0.618258 0.0140162 0.0312878 0.0280324
0 0.624375 0.0140407 0.0300409 0.0280814
0 0.635926 0.0139772 0.0281063 0.0279544
0 0.640836 0.0139734 0.0254448 0.0279469
0 0.647459 0.013996 0.0263125 0.027992
0 0.654652 0.0140428 0.0282033 0.0280855
0 0.659945 0.0140289 0.0262199 0.0280578
0 0.668716 0.0140227 0.031202 0.0280453
0 0.674942 0.0139959 0.0311346 0.0279919
0 0.687012 0.0136844 0.0302742 0.0273688
0 0.697167 0.0139143 0.0256257 0.0278287
0 0.704901 0.0140381 0.0287461 0.0280761
0 0.710173 0.0140267 0.0267284 0.0280534
0 0.716332 0.0140309 0.0264586 0.0280618
0 0.722695 0.0140262 0.0266973 0.0280524
0 0.729345 0.0140135 0.0274704 0.0280271
0 0.735072 0.0139904 0.0264046 0.0279808
0 0.74114 0.0139655 0.0260323 0.027931
0 0.747526 0.013911 0.0263036 0.027822
0 0.753382 0.0138815 0.0255159 0.027763
0 0.759981 0.0138997 0.0262167 0.0277993
0 0.765682 0.013915 0.0251166 0.0278299
0 0.771973 0.013977 0.0252061 0.027954
0 0.779825 0.0139545 0.028425 0.027909
0 0.784759 0.0138169 0.0257748 0.0276339
0 0.790936 0.0136728 0.0256243 0.0273456
0 0.797267 0.0137022 0.0257874 0.0274044
0 0.805128 0.0137169 0.0290095 0.0274337
0 0.810849 0.0132868 0.0279515 0.0265735
0 0.815685 0.0125628 0.0251271 0.0251257
0 0.822155 0.0131239 0.0256224 0.0262478
0 0.829581 0.013748 0.0279968 0.027496
0 0.834883 0.0136434 0.0260447 0.0272868
0 0.842535 0.0137395 0.028828 0.027479
0 0.848608 0.0136243 0.0284733 0.0272487
0 0.853611 0.0131886 0.0259836 0.0263772
0 0.860327 0.0133885 0.0269134 0.0267771
0 0.867884 0.0136175 0.0295219 0.027235
0 0.873723 0.0132481 0.0286966 0.0264962
0 0.879255 0.0125529 0.0272606 0.0251058
0 0.885414 0.0124918 0.0270779 0.0249835
0 0.892151 0.0130896 0.0280541 0.0261792
0 0.898597 0.013014 0.0284439 0.0260281
0 0.903953 0.0126086 0.0266567 0.0252171
0 0.910295 0.0129492 0.0268396 0.0258983
0 0.915782 0.0130136 0.0253137 0.0260272
0 0.922117 0.0131157 0.0254856 0.0262314
0 0.928644 0.0135681 0.0260475 0.0271362
0 0.934956 0.0137422 0.0261858 0.0274844
0 0.940973 0.0137621 0.0257019 0.0275243
0 0.947189 0.013542 0.0256378 0.0270839
0 0.953647 0.0135957 0.0260536 0.0271914
0 0.959913 0.0137177 0.0261062 0.0274353
0 0.966412 0.013755 0.026598 0.0275101
0 0.972768 0.0138516 0.0268005 0.0277033
0 0.980869 0.013856 0.0304993 0.0277121
0 0.985937 0.0136364 0.0281261 0.0272727
0 0.976562 0.0475747 0.046875 0.0951495
0 0.0299244 0.0109495 0.0338609 0.021899
0 0.0667699 0.0110299 0.0352277 0.0220598
0 0.0791294 0.0111418 0.0356656 0.0222836
0 0.121847 0.0109528 0.0375011 0.0219055
0 0.128366 0.0110266 0.0370212 0.0220532
0 0.153195 0.0109448 0.0373269 0.0218896
0 0.165622 0.0109567 0.0374607 0.0219134
0 0.178109 0.010966 0.0374702 0.021932
0 0.209682 0.0109383 0.0368826 0.0218765
0 0.229126 0.010938 0.0354988 0.021876
0 0.240598 0.0109392 0.0374369 0.0218785
0 0.253138 0.0109797 0.0374754 0.0219593
0 0.265693 0.0109463 0.0373663 0.0218926
0 0.278166 0.0109383 0.0374167 0.0218766
0 0.309612 0.0109379 0.0370265 0.0218758
0 0.355603 0.0109375 0.0325436 0.021875
0 0.38039 0.0109375 0.032971 0.021875
0 0.391467 0.0109376 0.0358154 0.0218751
0 0.403329 0.0109376 0.0370913 0.0218751
0 0.415635 0.0109375 0.037481 0.0218751
0 0.42813 0.0109375 0.0374905 0.0218751
0 0.440642 0.0109375 0.0374657 0.0218751
0 0.453137 0.0109375 0.037477 0.021875
0 0.465646 0.0109375 0.0374584 0.0218751
0 0.478169 0.0109375 0.0374126 0.021875
0 0.490633 0.0109375 0.0374837 0.021875
0 0.503132 0.0109377 0.0374857 0.0218754
0 0.515958 0.0109376 0.0368347 0.0218752
0 0.522822 0.0109376 0.0356054 0.0218751
0 0.536276 0.0109375 0.0336981 0.021875
0 0.548377 0.0109375 0.0344955 0.0218751
0 0.554982 0.0109375 0.0337852 0.0218751
0 0.561804 0.0109375 0.0326429 0.021875
0 0.571923 0.0109375 0.0374038 0.021875
0 0.584386 0.0109379 0.0374788 0.0218757
0 0.596876 0.0109377 0.0374965 0.0218754
0 0.609374 0.0109385 0.0375023 0.0218771
0 0.62203 0.0109382 0.0371903 0.0218764
0 0.635974 0.0109376 0.0343019 0.0218752
0 0.646932 0.0109377 0.0373858 0.0218754
0 0.659385 0.0109383 0.0374796 0.0218765
0 0.679601 0.0109375 0.0345471 0.021875
0 0.690798 0.0109376 0.0371542 0.0218752
0 0.703294 0.0109434 0.0371631 0.0218868
0 0.715771 0.010939 0.037208 0.021878
0 0.728364 0.0109394 0.0370226 0.0218788
0 0.740857 0.0109384 0.0370352 0.0218767
0 0.753273 0.0109388 0.0372033 0.0218776
0 0.76564 0.0109387 0.0374674 0.0218775
0 0.778169 0.0109546 0.0374134 0.0219092
0 0.79073 0.0109393 0.0372906 0.0218787
0 0.803399 0.010941 0.0369526 0.0218819
0 0.815632 0.0109395 0.0374628 0.0218789
0 0.828163 0.0109603 0.0374244 0.0219206
0 0.840782 0.0109425 0.037186 0.0218849
0 0.853186 0.0109405 0.0373775 0.021881
0 0.866232 0.0109401 0.0362858 0.0218801
0 0.872667 0.0109391 0.0359158 0.0218781
0 0.885061 0.0109382 0.0361276 0.0218763
0 0.897548 0.0109389 0.0361542 0.0218778
0 0.909811 0.0109382 0.0366279 0.0218764
0 0.921951 0.0109395 0.0373462 0.021879
0 0.934394 0.0109439 0.0374611 0.0218878
0 0.94689 0.0109427 0.0374694 0.0218853
0 0.959388 0.0109412 0.0374737 0.0218825
0 0.971899 0.0109399 0.0374531 0.0218797
0 0.988026 0.0109378 0.0200125 0.0218756
0 0.0109374 0.0142112 0.0218747 0.0284224
0 0.0190325 0.0145724 0.0318634 0.0291448
0 0.0249476 0.0144071 0.0314197 0.0288142
0 0.0308877 0.0142565 0.0319792 0.0285131
0 0.0373445 0.0144759 0.0315707 0.0289518
0 0.0561864 0.014332 0.0313841 0.028664
0 0.0686451 0.0142746 0.0314648 0.0285493
0 0.0872912 0.0145995 0.0316787 0.0291989
0 0.100007 0.0140821 0.0312664 0.0281643
0 0.106173 0.0140704 0.0314048 0.0281409
0 0.112476 0.0141212 0.0313045 0.0282425
0 0.118537 0.0140995 0.0316766 0.0281991
0 0.124873 0.0140855 0.0315077 0.028171
0 0.137468 0.0140954 0.0313175 0.0281908
0 0.149978 0.0140989 0.0312974 0.0281977
0 0.156176 0.0140725 0.0313991 0.0281449
0 0.162403 0.0140882 0.0314447 0.0281765
0 0.168454 0.0140796 0.0318425 0.0281592
0 0.174768 0.014092 0.0317171 0.028184
0 0.180762 0.0140829 0.0322253 0.0281659
0 0.199992 0.0140658 0.0312711 0.0281315
0 0.20617 0.0140634 0.0314092 0.0281268
0 0.212479 0.01407 0.0312923 0.0281401
0 0.23125 0.0140627 0.0312504 0.0281254
0 0.243741 0.0140635 0.0312679 0.0281271
0 0.24998 0.0140658 0.0312897 0.0281316
0 0.28124 0.0140676 0.0312699 0.0281352
0 0.287492 0.0140849 0.031265 0.0281698
0 0.306245 0.0140726 0.0312591 0.0281452
0 0.331249 0.0140631 0.031251 0.0281263
0 0.35625 0.0140627 0.03125 0.0281254
0 0.63125 0.0140629 0.0312502 0.0281257
0 0.64375 0.0140628 0.0312502 0.0281255
0 0.68125 0.0140632 0.0312502 0.0281264
0 0.69375 0.014063 0.0312502 0.0281259
0 0.7 0.0140645 0.031251 0.0281291
0 0.74375 0.0140641 0.0312505 0.0281282
0 0.75 0.0140638 0.0312502 0.0281277
0 0.75625 0.0140628 0.0312502 0.0281256
0 0.7625 0.0140627 0.0312502 0.0281254
0 0.768749 0.0140626 0.0312517 0.0281252
0 0.774998 0.014063 0.0312538 0.0281259
0 0.787499 0.014063 0.0312511 0.028126
0 0.793749 0.0140632 0.0312517 0.0281264
0 0.799999 0.0140636 0.0312518 0.0281272
0 0.818731 0.0140669 0.031288 0.0281338
0 0.824982 0.0140734 0.0312855 0.0281469
0 0.837486 0.0140793 0.0312783 0.0281586
0 0.856228 0.0140827 0.031295 0.0281655
0 0.862487 0.0140954 0.0312756 0.0281908
0 0.881246 0.0140695 0.0312588 0.028139
0 0.887495 0.01407 0.0312591 0.02814
0 0.906247 0.0140659 0.0312553 0.0281318
0 0.912498 0.0140665 0.0312548 0.028133
0 0.918746 0.0140665 0.0312583 0.0281329
0 0.924997 0.0140676 0.0312563 0.0281352
0 0.931247 0.0140693 0.0312561 0.0281385
0 0.937494 0.0140718 0.0312622 0.0281437
0 0.943731 0.0140701 0.0312878 0.0281402
0 0.949988 0.0140739 0.0312744 0.0281478
0 0.956235 0.0140727 0.0312807 0.0281454
0 0.962466 0.0140689 0.0313175 0.0281377
0 0.96874 0.0140717 0.0312694 0.0281434
0 0.985937 0.0171875 0.0281261 0.034375
0 0.989063 0.0141219 0.0218748 0.0282438
0 0.0141109 0.0174567 0.0282218 0.0349135
0 0.0748023 0.0173253 0.031653 0.0346506
0 0.16189 0.017195 0.0324693 0.03439
0 0.173178 0.0171954 0.0348942 0.0343908
0 0.184848 0.0171935 0.0365532 0.034387
0 0.262134 0.0171884 0.0319813 0.0343768
0 0.40625 0.0171875 0.03125 0.034375
0 0.4125 0.0171875 0.0312501 0.034375
0 0.41875 0.0171875 0.0312508 0.034375
0 0.424999 0.0171875 0.0312518 0.034375
0 0.431248 0.0171875 0.0312544 0.034375
0 0.437493 0.0171875 0.0312645 0.034375
0 0.443745 0.0171875 0.0312592 0.034375
0 0.45 0.0171875 0.0312507 0.034375
0 0.45625 0.0171875 0.0312508 0.034375
0 0.46875 0.0171875 0.0312501 0.034375
0 0.475 0.0171875 0.0312502 0.034375
0 0.48125 0.0171875 0.03125 0.034375
0 0.4875 0.0171875 0.03125 0.034375
0 0.49375 0.0171875 0.0312504 0.034375
