0 0.00781453 0.0108911 0.0156291 0.0217822
0 0.0124661 0.00781282 0.0187034 0.0156256
0 0.018649 0.0112958 0.0310481 0.0225916
0 0.0244889 0.0108414 0.030228 0.0216828
0 0.0352385 0.0127275 0.0267284 0.025455
0 0.0434742 0.0137399 0.0307065 0.0274799
0 0.049467 0.0135683 0.0301853 0.0271366
0 0.0604513 0.0135901 0.0271567 0.0271802
0 0.0667774 0.0139119 0.0273206 0.0278238
0 0.0729228 0.0139066 0.0271065 0.0278132
0 0.0788369 0.0139068 0.0264351 0.0278136
0 0.085307 0.0139341 0.0268785 0.0278682
0 0.09153 0.0139532 0.0268335 0.0279065
0 0.0977899 0.0139561 0.0268529 0.0279122
0 0.103984 0.0139588 0.0267422 0.0279176
0 0.11027 0.013962 0.0268161 0.027924
0 0.116404 0.0139639 0.0265857 0.0279278
0 0.122684 0.0139686 0.0266495 0.0279373
0 0.12905 0.0139763 0.0268843 0.0279527
0 0.13518 0.0139763 0.0266425 0.0279526
0 0.142488 0.0139753 0.0287465 0.0279506
0 0.148345 0.0139311 0.0279467 0.0278623
0 0.153665 0.0138418 0.0260862 0.0276835
0 0.160301 0.0139116 0.0268588 0.0278232
0 0.167047 0.0139652 0.0278551 0.0279303
0 0.172992 0.0139446 0.0272397 0.0278892
0 0.178624 0.0139599 0.0260015 0.0279198
0 0.184931 0.0140043 0.0261157 0.0280086
0 0.193768 0.013907 0.0312866 0.027814
0 0.2 0.0109414 0.0312496 0.0218829
0 0.203132 0.00841706 0.0250148 0.0168341
0 0.210017 0.0110529 0.0262831 0.0221057
0 0.216586 0.0136294 0.0269222 0.0272587
0 0.222639 0.0137626 0.0265283 0.0275252
0 0.228372 0.0139311 0.0254931 0.0278622
0 0.234876 0.0140051 0.0260012 0.0280101
0 0.242202 0.0140303 0.0281545 0.0280607
0 0.24783 0.0140019 0.0269094 0.0280037
0 0.253313 0.0139474 0.0253765 0.0278948
0 0.259867 0.014004 0.0259847 0.028008
0 0.266279 0.0140301 0.0263075 0.0280602
0 0.272426 0.0140251 0.0261028 0.0280503
0 0.278401 0.014023 0.0255521 0.028046
0 0.284803 0.0140327 0.0258552 0.0280653
0 0.291604 0.0140378 0.0269586 0.0280757
0 0.297524 0.0140362 0.0262985 0.0280725
0 0.303767 0.014043 0.0262839 0.0280861
0 0.310214 0.0140535 0.0266775 0.0281071
0 0.316936 0.0140565 0.0276221 0.0281129
0 0.322863 0.0140541 0.0269758 0.0281081
0 0.328629 0.0140514 0.0260088 0.0281028
0 0.335109 0.0140541 0.0264688 0.0281083
0 0.341992 0.0140551 0.027735 0.0281102
0 0.348006 0.014054 0.0272625 0.028108
0 0.353942 0.0140533 0.0266347 0.0281067
0 0.360319 0.0140568 0.0268895 0.0281136
0 0.368632 0.014059 0.0310149 0.028118
0 0.374464 0.0140487 0.0301785 0.0280974
0 0.387109 0.0140488 0.0304675 0.0280977
0 0.396889 0.0140237 0.0250745 0.0280474
0 0.405423 0.0140537 0.0305731 0.0281074
0 0.409961 0.0140496 0.0262718 0.0280992
0 0.415627 0.0140364 0.0250041 0.0280729
0 0.421904 0.0138856 0.0250587 0.0277712
0 0.428145 0.0112162 0.025042 0.0224324
0 0.434379 0.0110769 0.0250091 0.0221538
0 0.44113 0.0111521 0.0260136 0.0223042
0 0.446977 0.0114742 0.0252058 0.0229484
0 0.453188 0.0140446 0.0251259 0.0280891
0 0.459802 0.0140478 0.0258564 0.0280956
0 0.468616 0.0140201 0.031323 0.0280402
0 0.474342 0.014052 0.029938 0.0281039
0 0.48597 0.0140573 0.028191 0.0281147
0 0.491939 0.0140495 0.0276289 0.0280989
0 0.497624 0.0140243 0.0264987 0.0280485
0 0.504339 0.0140441 0.0274345 0.0280882
0 0.510883 0.0140594 0.0280272 0.0281188
0 0.518404 0.0140612 0.0305903 0.0281223
0 0.523775 0.0140615 0.0288048 0.0281229
0 0.529553 0.0140602 0.0278582 0.0281204
0 0.535283 0.014061 0.0268187 0.028122
0 0.543627 0.0140614 0.0310054 0.0281229
0 0.549817 0.0140613 0.0308861 0.0281227
0 0.561092 0.0140597 0.0284359 0.0281195
0 0.568033 0.0140614 0.0298191 0.0281227
0 0.574579 0.0140614 0.0304086 0.0281227
0 0.580116 0.0140602 0.0289823 0.0281203
0 0.586723 0.0140603 0.0296976 0.0281206
0 0.592477 0.0140604 0.028706 0.0281209
0 0.598879 0.0140611 0.0290152 0.0281222
0 0.605354 0.014062 0.0294762 0.028124
0 0.611689 0.0140623 0.0296902 0.0281245
0 0.617555 0.0140624 0.0289356 0.0281247
0 0.623793 0.0140623 0.0289308 0.0281247
0 0.6306 0.0140623 0.0300146 0.0281246
0 0.637265 0.0140621 0.0308488 0.0281242
0 0.640633 0.0140608 0.0250212 0.0281217
0 0.646953 0.0140539 0.025263 0.0281077
0 0.653715 0.014059 0.026248 0.0281179
0 0.659523 0.0140576 0.0253043 0.0281153
0 0.668633 0.0140522 0.0310156 0.0281043
0 0.673872 0.0112518 0.0289931 0.0225037
0 0.678126 0.0131439 0.0250009 0.0262877
0 0.684453 0.0140267 0.0251551 0.0280534
0 0.693729 0.0140222 0.0312134 0.0280443
0 0.699693 0.0140293 0.0306354 0.0280586
0 0.711528 0.0140624 0.0293075 0.0281249
0 0.715704 0.0140624 0.02517 0.0281249
0 0.722034 0.0140625 0.0255198 0.0281249
0 0.730458 0.0140625 0.0322505 0.0281249
0 0.736214 0.0140624 0.0290338 0.0281249
0 0.740625 0.0140624 0.0250021 0.0281248
0 0.746872 0.0140621 0.0250183 0.0281242
0 0.754152 0.0140617 0.027353 0.0281234
0 0.759446 0.0140612 0.0252147 0.0281223
0 0.768377 0.0140604 0.0306172 0.0281208
0 0.773806 0.0140616 0.0288671 0.0281231
0 0.778319 0.0140619 0.0253899 0.0281238
0 0.78536 0.0140622 0.0269763 0.0281245
0 0.793402 0.0140622 0.0307051 0.0281244
0 0.799101 0.0140624 0.0294975 0.0281248
0 0.80471 0.0140625 0.0281926 0.0281249
0 0.811147 0.0140625 0.0285616 0.0281249
0 0.81751 0.0140624 0.02882 0.0281249
0 0.823969 0.0140625 0.0293263 0.0281249
0 0.830606 0.0140625 0.0301479 0.028125
0 0.836683 0.0140625 0.0297054 0.028125
0 0.847471 0.0140625 0.0262275 0.028125
0 0.855704 0.0140625 0.0301655 0.028125
0 0.860933 0.0140624 0.0281178 0.0281248
0 0.868031 0.0140623 0.029812 0.0281247
0 0.874683 0.0140623 0.030616 0.0281245
0 0.88085 0.0140621 0.0304504 0.0281241
0 0.887287 0.0140615 0.0308235 0.0281231
0 0.897735 0.0140617 0.0267273 0.0281235
0 0.90568 0.0140624 0.0301151 0.0281247
0 0.918677 0.0140619 0.0311043 0.0281239
0 0.92485 0.0140606 0.0309502 0.0281211
0 0.93052 0.014052 0.0297901 0.0281039
0 0.937304 0.0140555 0.0308577 0.028111
0 0.947233 0.0140601 0.0257263 0.0281203
0 0.955855 0.0140621 0.0305103 0.0281243
0 0.961439 0.0140618 0.0291408 0.0281236
0 0.965675 0.0140607 0.0251021 0.0281215
0 0.972048 0.0140591 0.0254181 0.0281181
0 0.981092 0.0140586 0.0315651 0.0281173
0 0.985936 0.0140491 0.028128 0.0280981
0 0.976562 0.048187 0.046875 0.096374
0 0.0357352 0.0109384 0.034779 0.0218769
0 0.0536312 0.010938 0.0364876 0.0218759
0 0.0603921 0.0109384 0.035466 0.0218768
0 0.0724301 0.0109397 0.0363905 0.0218794
0 0.0848436 0.0109394 0.0365634 0.0218788
0 0.0972202 0.0109398 0.0368104 0.0218797
0 0.109697 0.0109399 0.0368567 0.0218799
0 0.122116 0.0109403 0.0370188 0.0218806
0 0.134573 0.0109409 0.0371043 0.0218817
0 0.14115 0.0109405 0.0364513 0.021881
0 0.153533 0.0109384 0.0366843 0.0218767
0 0.166187 0.0109393 0.036376 0.0218785
0 0.178415 0.0109382 0.03692 0.0218764
0 0.216068 0.0109375 0.0366137 0.021875
0 0.222551 0.0109375 0.0361487 0.021875
0 0.234559 0.0109375 0.0371317 0.021875
0 0.247241 0.0109375 0.0367688 0.021875
0 0.259602 0.0109375 0.0370464 0.021875
0 0.27203 0.0109375 0.0371901 0.021875
0 0.284473 0.0109375 0.0373031 0.021875
0 0.297029 0.0109375 0.0371923 0.021875
0 0.3095 0.0109375 0.0372493 0.021875
0 0.322064 0.0109375 0.0371214 0.021875
0 0.334521 0.0109375 0.0372083 0.021875
0 0.347082 0.0109375 0.0370865 0.021875
0 0.359526 0.0109375 0.0371974 0.021875
0 0.378788 0.0109375 0.0361731 0.021875
0 0.390628 0.0109375 0.037494 0.021875
0 0.403128 0.0109395 0.0374939 0.0218789
0 0.415625 0.0109375 0.0374997 0.021875
0 0.428125 0.0109375 0.0375 0.021875
0 0.440625 0.0109375 0.0375 0.021875
0 0.453125 0.0109375 0.0375 0.021875
0 0.465631 0.0109375 0.0374872 0.0218751
0 0.478135 0.0109375 0.0374794 0.021875
0 0.484781 0.0109375 0.0366875 0.021875
0 0.49689 0.0109375 0.0374691 0.021875
0 0.509383 0.0109375 0.0374849 0.021875
0 0.521905 0.0109375 0.0374401 0.021875
0 0.534424 0.0109375 0.037402 0.021875
0 0.553332 0.0109375 0.037086 0.021875
0 0.559846 0.0109375 0.0365589 0.021875
0 0.572536 0.0109375 0.0361776 0.021875
0 0.584889 0.0109375 0.0364723 0.021875
0 0.597127 0.0109375 0.0369954 0.021875
0 0.609729 0.0109375 0.0367921 0.021875
0 0.622263 0.0109375 0.0367246 0.021875
0 0.628854 0.0109375 0.0360417 0.021875
0 0.640628 0.0109375 0.037495 0.021875
0 0.653125 0.0109376 0.0374992 0.0218752
0 0.665625 0.0109375 0.0374994 0.021875
0 0.684384 0.0109375 0.0374818 0.021875
0 0.696929 0.0109375 0.0373928 0.021875
0 0.70991 0.0109375 0.0364307 0.021875
0 0.721875 0.0109375 0.0374992 0.021875
0 0.728126 0.0109375 0.0374982 0.021875
0 0.734375 0.0109375 0.0374992 0.021875
0 0.746875 0.0109375 0.0375 0.021875
0 0.759375 0.0109375 0.0375 0.021875
0 0.771875 0.0109375 0.0374998 0.021875
0 0.784378 0.0109375 0.0374943 0.021875
0 0.796879 0.0109375 0.0374917 0.021875
0 0.809444 0.0109375 0.0373623 0.021875
0 0.82198 0.0109375 0.0372909 0.021875
0 0.834568 0.0109375 0.037114 0.021875
0 0.846915 0.0109375 0.0374207 0.021875
0 0.859446 0.0109375 0.0373581 0.021875
0 0.86671 0.0109375 0.0353293 0.021875
0 0.890921 0.0109375 0.0369074 0.021875
0 0.903467 0.0109375 0.0368158 0.021875
0 0.940653 0.0109375 0.0374436 0.021875
0 0.953258 0.0109375 0.0372341 0.0218751
0 0.965648 0.0109375 0.0374531 0.021875
0 0.980905 0.0109377 0.0319535 0.0218755
0 0.987791 0.0109375 0.0193333 0.021875
0 0.0109375 0.0141051 0.021875 0.0282102
0 0.0187586 0.0141399 0.0312703 0.0282798
0 0.0249818 0.0140776 0.0312873 0.0281552
0 0.0311667 0.0140734 0.0314165 0.0281469
0 0.0374805 0.014105 0.0312891 0.0282099
0 0.0562395 0.0140787 0.0312711 0.0281575
0 0.0812456 0.0140831 0.0312588 0.0281663
0 0.156246 0.0140804 0.0312576 0.0281609
0 0.181247 0.0140818 0.031257 0.0281635
0 0.187494 0.0141307 0.0312624 0.0282614
0 0.2 0.0140629 0.03125 0.0281257
0 0.206247 0.0140625 0.0312566 0.028125
0 0.2125 0.0140629 0.0312506 0.0281258
0 0.21875 0.0140628 0.03125 0.0281256
0 0.225 0.0140627 0.0312501 0.0281254
0 0.23125 0.0140627 0.0312501 0.0281255
0 0.2375 0.0140629 0.0312501 0.0281258
0 0.25625 0.0140627 0.03125 0.0281253
0 0.2625 0.0140628 0.0312501 0.0281255
0 0.275 0.0140627 0.03125 0.0281254
0 0.28125 0.0140627 0.03125 0.0281253
0 0.2875 0.0140627 0.03125 0.0281255
0 0.33125 0.0140629 0.03125 0.0281258
0 0.38125 0.0140625 0.03125 0.028125
0 0.39375 0.0140625 0.03125 0.028125
0 0.4 0.0140627 0.0312503 0.0281254
0 0.418712 0.0140626 0.0313252 0.0281252
0 0.42494 0.014063 0.0313691 0.0281261
0 0.434492 0.0140625 0.0372655 0.028125
0 0.447861 0.0140625 0.035529 0.028125
0 0.45561 0.0140627 0.0325306 0.0281254
0 0.462458 0.0140631 0.0313331 0.0281262
0 0.48125 0.0140625 0.03125 0.0281251
0 0.55625 0.0140626 0.03125 0.0281252
0 0.6625 0.0140627 0.0312502 0.0281255
0 0.675 0.0140625 0.03125 0.028125
0 0.68125 0.0140625 0.03125 0.028125
0 0.6875 0.0140625 0.03125 0.028125
0 0.70625 0.0140625 0.03125 0.028125
0 0.78125 0.0140625 0.03125 0.028125
0 0.84375 0.0140625 0.03125 0.028125
0 0.89375 0.0140626 0.03125 0.0281252
0 0.9125 0.0140631 0.03125 0.0281261
0 0.94375 0.0140625 0.03125 0.028125
0 0.95 0.0140626 0.03125 0.0281252
0 0.989063 0.0140626 0.021875 0.0281252
0 0.0109375 0.0172268 0.021875 0.0344536
0 0.406234 0.017189 0.031283 0.0343779
0 0.412433 0.0171875 0.0313835 0.0343751
0 0.423053 0.0171885 0.0351441 0.034377
0 0.44069 0.0171876 0.0373705 0.0343751
0 0.453682 0.0171875 0.0363855 0.034375
0 0.461416 0.0171875 0.0334185 0.0343751
0 0.468736 0.0171875 0.0312788 0.034375
0 0.6125 0.0171875 0.03125 0.034375
0 0.61875 0.0171875 0.03125 0.034375
0 0.625 0.0171875 0.03125 0.034375
0 0.63125 0.0171875 0.03125 0.034375
0 0.6375 0.0171875 0.03125 0.034375
0 0.64375 0.0171875 0.03125 0.034375
0 0.65 0.0171875 0.0312504 0.034375
0 0.656249 0.0171875 0.0312521 0.034375
0 0.71875 0.0171875 0.03125 0.034375
0 0.725 0.0171875 0.03125 0.034375
0 0.73125 0.0171875 0.03125 0.034375
0 0.7375 0.0171875 0.03125 0.034375
0 0.74375 0.0171875 0.0312502 0.034375
0 0.749983 0.0171875 0.0312845 0.034375
0 0.756167 0.0171875 0.0314164 0.034375
0 0.768743 0.0171875 0.0312636 0.034375
0 0.7875 0.0171875 0.0312501 0.034375
0 0.79375 0.0171875 0.03125 0.034375
0 0.8 0.0171875 0.03125 0.034375
0 0.80625 0.0171875 0.03125 0.034375
0 0.8125 0.0171875 0.03125 0.034375
0 0.81875 0.0171875 0.03125 0.034375
0 0.825 0.0171875 0.03125 0.034375
