0 0.00781253 0.0109371 0.0156251 0.0218743
0 0.0124979 0.00781251 0.0187538 0.015625
0 0.0187497 0.0119968 0.0312493 0.0239937
0 0.0249674 0.0109467 0.0311847 0.0218933
0 0.0364978 0.0138123 0.0292457 0.0276246
0 0.0431939 0.0140542 0.0301432 0.0281084
0 0.0486563 0.014042 0.0285628 0.0280841
0 0.0607023 0.0140572 0.0276576 0.0281145
0 0.0681945 0.0140608 0.0301819 0.0281215
0 0.0741434 0.0140609 0.0295431 0.0281219
0 0.0854414 0.0140606 0.0271342 0.0281213
0 0.0918758 0.0140611 0.0275084 0.0281221
0 0.0983541 0.0140615 0.027994 0.028123
0 0.105113 0.0140618 0.0289937 0.0281235
0 0.110628 0.0140609 0.027516 0.0281217
0 0.11612 0.0140599 0.0259953 0.0281199
0 0.1229 0.0140606 0.027101 0.0281212
0 0.130608 0.0140615 0.0300632 0.0281231
0 0.136163 0.0140608 0.0286179 0.0281216
0 0.142921 0.0140606 0.0296036 0.0281213
0 0.149035 0.0140602 0.0293259 0.0281203
0 0.154834 0.0140593 0.0284229 0.0281186
0 0.162084 0.014059 0.0304198 0.0281179
0 0.17217 0.0140528 0.0256156 0.0281056
0 0.18019 0.014059 0.029503 0.028118
0 0.185726 0.0140574 0.0279668 0.0281149
0 0.190745 0.0140568 0.0252534 0.0281136
0 0.197111 0.014048 0.0254992 0.028096
0 0.203807 0.0140457 0.0264349 0.0280914
0 0.210037 0.0140447 0.0264201 0.0280895
0 0.217331 0.0140496 0.0285297 0.0280991
0 0.223048 0.0140552 0.0273859 0.0281103
0 0.228715 0.0140561 0.0261919 0.0281122
0 0.235053 0.0140555 0.0263662 0.0281109
0 0.243247 0.014054 0.0302553 0.028108
0 0.248778 0.01405 0.0288066 0.0281
0 0.260048 0.0140378 0.0263467 0.0280757
0 0.266622 0.014047 0.0269946 0.028094
0 0.272813 0.0140535 0.0268786 0.028107
0 0.279615 0.0140541 0.0279833 0.0281081
0 0.285281 0.0140498 0.0268127 0.0280996
0 0.290787 0.014045 0.0253255 0.02809
0 0.297365 0.0140517 0.0259848 0.0281034
0 0.304928 0.0140575 0.0286242 0.028115
0 0.310188 0.0140548 0.0266327 0.0281097
0 0.317568 0.0140531 0.0288891 0.0281062
0 0.323272 0.014047 0.0277952 0.0280941
0 0.329437 0.0140244 0.0276234 0.0280488
0 0.336553 0.0140185 0.0293552 0.028037
0 0.347234 0.014015 0.0257229 0.02803
0 0.354929 0.0140512 0.0286182 0.0281024
0 0.359748 0.0140441 0.0257521 0.0280882
0 0.367537 0.0140441 0.0288245 0.0280881
0 0.373007 0.0140171 0.0272649 0.0280342
0 0.378408 0.0139799 0.0255673 0.0279598
0 0.38566 0.0140329 0.0275754 0.0280659
0 0.390695 0.0140451 0.025146 0.0280901
0 0.397024 0.014046 0.0253228 0.0280921
0 0.404888 0.0140484 0.0286671 0.0280967
0 0.410051 0.0140444 0.026408 0.0280888
0 0.416011 0.0140448 0.0257978 0.0280896
0 0.422332 0.014049 0.0259795 0.028098
0 0.429673 0.0140498 0.0281471 0.0280997
0 0.435844 0.0140259 0.0279515 0.0280519
0 0.440658 0.0139335 0.025071 0.0278671
0 0.447034 0.0138847 0.0253618 0.0277693
0 0.454663 0.0140072 0.0284677 0.0280144
0 0.460309 0.0140201 0.0272157 0.0280403
0 0.467841 0.0140326 0.0296409 0.0280653
0 0.473724 0.0140289 0.0287236 0.0280578
0 0.478915 0.0139822 0.0265962 0.0279645
0 0.487061 0.0139683 0.0303933 0.0279365
0 0.495806 0.0135044 0.0271385 0.0270089
0 0.502364 0.0134626 0.0356019 0.0269251
0 0.509751 0.0138349 0.027625 0.0276698
0 0.515719 0.0134757 0.0251938 0.0269513
0 0.522148 0.0109782 0.025546 0.0219565
0 0.528125 0.0109162 0.0250003 0.0218324
0 0.534375 0.0109455 0.0250002 0.0218909
0 0.540641 0.0109594 0.0250521 0.0219187
0 0.547001 0.0109085 0.0252625 0.0218171
0 0.553128 0.00863659 0.0250056 0.0172732
0 0.559389 0.0104454 0.0250304 0.0208908
0 0.566167 0.010925 0.0261124 0.02185
0 0.57202 0.0111493 0.0253091 0.0222986
0 0.578969 0.0129936 0.0267115 0.0259872
0 0.58493 0.013746 0.0261198 0.027492
0 0.590952 0.0138519 0.0256586 0.0277038
0 0.597187 0.0138463 0.0256276 0.0276926
0 0.603554 0.0139076 0.0258743 0.0278152
0 0.610087 0.013919 0.0264907 0.027838
0 0.616477 0.013921 0.02687 0.027842
0 0.622243 0.0139836 0.0259695 0.0279672
0 0.629496 0.0140198 0.0285128 0.0280397
0 0.635289 0.0140065 0.0277557 0.0280129
0 0.641257 0.0140201 0.0278524 0.0280403
0 0.64711 0.0140304 0.0291543 0.0280609
0 0.654621 0.0140405 0.0321484 0.028081
0 0.66069 0.0140304 0.0292822 0.0280608
0 0.665635 0.0140055 0.0253643 0.0280111
0 0.671771 0.0139881 0.0257977 0.0279762
0 0.679234 0.0139588 0.0325902 0.0279175
0 0.684742 0.0139744 0.0285507 0.0279489
0 0.691518 0.0139973 0.0290211 0.0279947
0 0.697728 0.0139837 0.0299629 0.0279674
0 0.703727 0.0139885 0.0296992 0.027977
0 0.709867 0.0139919 0.0314007 0.0279839
0 0.71791 0.0139501 0.0333406 0.0279001
0 0.724916 0.0137884 0.0311393 0.0275768
0 0.736708 0.0137063 0.0296754 0.0274126
0 0.747655 0.0139088 0.0274035 0.0278175
0 0.754762 0.0139838 0.0316717 0.0279677
0 0.761387 0.0139652 0.02983 0.0279303
0 0.765637 0.0138991 0.0251173 0.0277982
0 0.771894 0.0136369 0.0253809 0.0272738
0 0.778518 0.0136839 0.0275791 0.0273678
0 0.784483 0.0134679 0.0263168 0.0269359
0 0.793113 0.0132916 0.0305271 0.0265831
0 0.799008 0.0117618 0.0293385 0.0235235
0 0.803314 0.0131145 0.025386 0.0262291
0 0.810266 0.0137538 0.0268282 0.0275077
0 0.817692 0.0134572 0.0331807 0.0269144
0 0.82477 0.0133707 0.0308693 0.0267414
0 0.836089 0.0139179 0.0284371 0.0278358
0 0.843114 0.0139737 0.0300179 0.0279474
0 0.849108 0.0139734 0.0294865 0.0279467
0 0.85422 0.0139328 0.0272205 0.0278656
0 0.861449 0.013997 0.0292728 0.027994
0 0.871921 0.013916 0.0254393 0.027832
0 0.879667 0.0139215 0.0304337 0.0278431
0 0.885106 0.0139652 0.0272886 0.0279304
0 0.890707 0.0139588 0.025198 0.0279176
0 0.896985 0.0139407 0.02528 0.0278814
0 0.904236 0.0138282 0.027475 0.0276564
0 0.910281 0.0137207 0.027005 0.0274415
0 0.915866 0.0131595 0.0255215 0.0263189
0 0.922071 0.0116364 0.025404 0.0232728
0 0.928165 0.0110798 0.0250893 0.0221595
0 0.934386 0.0110045 0.0250378 0.022009
0 0.941073 0.010998 0.0259681 0.0219959
0 0.947662 0.011047 0.0266878 0.0220939
0 0.95332 0.0108205 0.0253965 0.021641
0 0.959707 0.0108178 0.0256666 0.0216356
0 0.965639 0.0105148 0.0250288 0.0210297
0 0.971896 0.01079 0.0250427 0.0215799
0 0.978126 0.010518 0.0250019 0.021036
0 0.984375 0.0108347 0.0250055 0.0216694
0 0.989063 0.0140625 0.021875 0.028125
0 0.976562 0.0484344 0.046875 0.0968688
0 0.040934 0.0109375 0.0368821 0.0218751
0 0.0475494 0.0109375 0.0361513 0.021875
0 0.0594867 0.0109375 0.0372766 0.021875
0 0.0720196 0.0109375 0.0372109 0.021875
0 0.0846258 0.0109375 0.0369984 0.021875
0 0.0969947 0.0109375 0.0372605 0.021875
0 0.109829 0.0109375 0.0365921 0.021875
0 0.122042 0.0109375 0.037165 0.021875
0 0.134548 0.0109375 0.037153 0.021875
0 0.141913 0.0109375 0.0349232 0.021875
0 0.15486 0.0109375 0.0340298 0.021875
0 0.165806 0.0109375 0.0371374 0.021875
0 0.178265 0.0109383 0.0372196 0.0218765
0 0.190634 0.0109375 0.0374817 0.0218751
0 0.203131 0.0109378 0.037488 0.0218757
0 0.21563 0.0109376 0.0374895 0.0218752
0 0.228132 0.0109375 0.037486 0.0218751
0 0.240872 0.0109376 0.0370055 0.0218752
0 0.247377 0.0109375 0.0364964 0.0218751
0 0.259976 0.0109375 0.0362987 0.021875
0 0.27208 0.0109375 0.0370904 0.0218751
0 0.284956 0.0109375 0.036339 0.021875
0 0.296964 0.0109375 0.0373225 0.0218751
0 0.309426 0.0109376 0.037399 0.0218752
0 0.316163 0.0109376 0.0364242 0.0218751
0 0.322651 0.0109375 0.0359481 0.0218751
0 0.329338 0.0109375 0.0350742 0.021875
0 0.340751 0.0109375 0.0372477 0.021875
0 0.353224 0.0109379 0.0373027 0.0218758
0 0.365818 0.0109376 0.0371133 0.0218752
0 0.378219 0.0109375 0.0373123 0.0218751
0 0.390629 0.0109375 0.0374922 0.0218751
0 0.403131 0.0109383 0.0374879 0.0218766
0 0.415638 0.0109377 0.0374743 0.0218754
0 0.428155 0.0109382 0.0374397 0.0218763
0 0.440634 0.0109378 0.0374819 0.0218757
0 0.453134 0.0109441 0.0374815 0.0218881
0 0.465702 0.0109391 0.0373478 0.0218781
0 0.479003 0.0109376 0.0357441 0.0218752
0 0.492381 0.0109377 0.034003 0.0218754
0 0.509323 0.010979 0.0376045 0.021958
0 0.521876 0.0110559 0.0374975 0.0221119
0 0.534227 0.010943 0.0372071 0.021886
0 0.540624 0.0109378 0.0375015 0.0218755
0 0.553124 0.0109375 0.0374975 0.021875
0 0.565626 0.0109375 0.0374983 0.021875
0 0.578127 0.0109375 0.0374963 0.021875
0 0.590632 0.0109376 0.0374864 0.0218753
0 0.603129 0.0109377 0.0374925 0.0218753
0 0.615631 0.0109377 0.0374878 0.0218755
0 0.628136 0.0109382 0.0374813 0.0218764
0 0.634384 0.010938 0.0374857 0.021876
0 0.64069 0.0109399 0.037373 0.0218798
0 0.653435 0.0109446 0.0369121 0.0218891
0 0.659623 0.0109409 0.0370182 0.0218819
0 0.665717 0.0109394 0.0373016 0.0218788
0 0.678176 0.0110255 0.0374191 0.022051
0 0.684386 0.0109515 0.0374926 0.021903
0 0.690908 0.0109602 0.0369498 0.0219205
0 0.703439 0.01096 0.0369013 0.0219199
0 0.709785 0.0109599 0.0367259 0.0219198
0 0.718346 0.0109438 0.0322207 0.0218876
0 0.730632 0.0109377 0.0324875 0.0218755
0 0.74189 0.0109428 0.0349737 0.0218857
0 0.754732 0.0109795 0.0343344 0.021959
0 0.765588 0.0109432 0.0367603 0.0218864
0 0.778094 0.0112781 0.0375603 0.0225562
0 0.784184 0.0109961 0.0377787 0.0219921
0 0.809974 0.0109391 0.0363024 0.0218782
0 0.816601 0.0109407 0.0355859 0.0218814
0 0.829833 0.0109376 0.0340839 0.0218751
0 0.855487 0.0109378 0.0327767 0.0218755
0 0.86574 0.0109379 0.0372517 0.0218758
0 0.878268 0.0109807 0.0372162 0.0219615
0 0.890626 0.0109395 0.0374775 0.021879
0 0.903138 0.0109471 0.0374771 0.0218943
0 0.915646 0.0109378 0.0374575 0.0218757
0 0.928127 0.0109375 0.0374954 0.0218751
0 0.940626 0.0109375 0.0374981 0.0218751
0 0.959441 0.0109375 0.0373675 0.021875
0 0.971875 0.0109375 0.0374996 0.0218751
0 0.982812 0.0109375 0.0343752 0.0218751
0 0.983364 0.0171875 0.0332718 0.034375
0 0.0109375 0.0140626 0.021875 0.0281252
0 0.025 0.0140625 0.03125 0.0281251
0 0.03125 0.0140625 0.0312501 0.028125
0 0.05625 0.0140625 0.03125 0.028125
0 0.08125 0.0140625 0.03125 0.028125
0 0.16875 0.0140625 0.03125 0.0281251
0 0.175 0.0140628 0.03125 0.0281256
0 0.19375 0.0140626 0.0312501 0.0281252
0 0.2 0.014063 0.03125 0.0281259
0 0.23125 0.0140625 0.03125 0.028125
0 0.25625 0.0140625 0.03125 0.028125
0 0.29375 0.0140626 0.03125 0.0281252
0 0.3 0.0140628 0.03125 0.0281256
0 0.34375 0.0140625 0.03125 0.0281251
0 0.35 0.0140627 0.03125 0.0281254
0 0.3625 0.014063 0.0312501 0.0281261
0 0.38125 0.0140627 0.03125 0.0281254
0 0.39375 0.0140626 0.0312503 0.0281253
0 0.4 0.0140636 0.031251 0.0281272
0 0.41875 0.0140631 0.0312506 0.0281263
0 0.443749 0.0140634 0.031252 0.0281267
0 0.449999 0.0140672 0.0312518 0.0281345
0 0.493744 0.0140625 0.0312622 0.028125
0 0.506633 0.0162446 0.0320502 0.0324891
0 0.518314 0.0140676 0.0321223 0.0281352
0 0.524671 0.0140721 0.0319085 0.0281442
0 0.534375 0.0140648 0.0374998 0.0281297
0 0.546876 0.014063 0.0374975 0.0281259
0 0.559437 0.0140625 0.0373769 0.028125
0 0.56736 0.0140625 0.0340306 0.028125
0 0.573649 0.0140625 0.0339518 0.028125
0 0.581152 0.0140625 0.0314451 0.028125
0 0.587497 0.0140625 0.0312569 0.028125
0 0.593748 0.0140625 0.031253 0.028125
0 0.599997 0.0140625 0.0312567 0.028125
0 0.606237 0.0140625 0.0312762 0.028125
0 0.612494 0.0140625 0.0312626 0.028125
0 0.731249 0.0140762 0.031251 0.0281524
0 0.768739 0.0140644 0.0312719 0.0281287
0 0.774974 0.0140732 0.0313026 0.0281464
0 0.786927 0.014129 0.032397 0.028258
0 0.799977 0.0140711 0.0313017 0.0281423
0 0.806214 0.0140631 0.0313218 0.0281262
0 0.812476 0.0140647 0.0312971 0.0281293
0 0.83125 0.0140626 0.0312504 0.0281252
0 0.86875 0.0140626 0.0312504 0.0281251
0 0.874999 0.0140641 0.0312513 0.0281282
0 0.893694 0.0140625 0.0313612 0.0281251
0 0.899946 0.0140626 0.0313584 0.0281252
0 0.918722 0.0140625 0.0313058 0.0281251
0 0.924943 0.0140625 0.0313648 0.0281251
0 0.930731 0.0140625 0.0322876 0.028125
0 0.94208 0.0140626 0.0345913 0.0281252
0 0.949783 0.0140625 0.0316837 0.028125
0 0.956144 0.0140625 0.0314611 0.028125
0 0.962421 0.0140625 0.0314076 0.028125
0 0.971948 0.0140635 0.0373535 0.028127
0 0.982813 0.0140626 0.034375 0.0281252
0 0.0140625 0.0171883 0.028125 0.0343766
0 0.1 0.0171875 0.03125 0.034375
0 0.11875 0.0171875 0.03125 0.034375
0 0.125 0.0171875 0.03125 0.034375
0 0.13125 0.0171875 0.0312501 0.034375
0 0.18125 0.0171875 0.03125 0.034375
0 0.1875 0.0171875 0.0312502 0.034375
0 0.206249 0.0171875 0.0312525 0.034375
0 0.212493 0.0171875 0.031265 0.034375
0 0.218748 0.0171875 0.0312538 0.034375
