0 0.00825958 0.0105598 0.0165192 0.0211196
0 0.0132112 0.00784449 0.0214278 0.015689
0 0.0157542 0.010216 0.0253918 0.020432
0 0.021686 0.0105935 0.0264772 0.021187
0 0.0286697 0.0120867 0.0302593 0.0241734
0 0.0346448 0.0120155 0.0289547 0.024031
0 0.0437859 0.0122276 0.0316268 0.0244553
0 0.0489448 0.0105466 0.0292432 0.0210933
0 0.0531576 0.00891497 0.0251113 0.0178299
0 0.0596665 0.0109153 0.0256263 0.0218307
0 0.065831 0.0108858 0.0258554 0.0217717
0 0.0726104 0.0112658 0.0271456 0.0225316
0 0.0782209 0.0105467 0.0253216 0.0210934
0 0.0843855 0.010014 0.0250459 0.0200281
0 0.093821 0.0110982 0.0313952 0.0221963
0 0.0999993 0.0101 0.0312487 0.0202001
0 0.103128 0.00785901 0.0250065 0.015718
0 0.109389 0.00926058 0.0250288 0.0185212
0 0.118503 0.0134692 0.0307587 0.0269384
0 0.124401 0.0124219 0.0300521 0.0248437
0 0.134468 0.0135574 0.0251859 0.0271147
0 0.144184 0.0131802 0.0321176 0.0263605
0 0.15 0.0109317 0.03125 0.0218633
0 0.153126 0.00781274 0.0250012 0.0156255
0 0.159694 0.00874461 0.0256387 0.0174892
0 0.168543 0.0114657 0.0308363 0.0229314
0 0.174401 0.0112065 0.030053 0.0224129
0 0.18467 0.0132374 0.0255907 0.0264747
0 0.193694 0.0139889 0.0311384 0.0279777
0 0.199632 0.0136944 0.0305142 0.0273888
0 0.209747 0.0138255 0.0257435 0.027651
0 0.217429 0.0140509 0.028607 0.0281018
0 0.222491 0.0140196 0.0262315 0.0280392
0 0.228147 0.0139753 0.0250439 0.0279507
0 0.234761 0.0140488 0.025772 0.0280975
0 0.242107 0.0140577 0.0279647 0.0281155
0 0.247173 0.014018 0.0255957 0.0280359
0 0.253163 0.0140238 0.0250752 0.0280477
0 0.260213 0.0140609 0.0266768 0.0281218
0 0.265803 0.0140621 0.0253566 0.0281243
0 0.272162 0.014062 0.0255744 0.0281241
0 0.278498 0.0140619 0.0257456 0.0281238
0 0.284535 0.0140618 0.0253207 0.0281236
0 0.291128 0.014062 0.0260062 0.0281239
0 0.29726 0.0140622 0.0257695 0.0281244
0 0.303297 0.0140623 0.0253437 0.0281247
0 0.309599 0.0140624 0.0254488 0.0281249
0 0.318748 0.0140623 0.0312463 0.0281246
0 0.324954 0.0140624 0.0311575 0.0281248
0 0.334991 0.0140624 0.0262311 0.0281247
0 0.343697 0.0140625 0.0311431 0.028125
0 0.349878 0.0140625 0.0310065 0.028125
0 0.361792 0.0140625 0.029834 0.028125
0 0.367269 0.0140625 0.0282881 0.028125
0 0.374066 0.0140625 0.0293832 0.028125
0 0.380945 0.0140625 0.0306409 0.028125
0 0.3866 0.0140625 0.02945 0.028125
0 0.39335 0.0140625 0.0304496 0.028125
0 0.399515 0.0140625 0.0302809 0.028125
0 0.405948 0.0140625 0.0306464 0.028125
0 0.412178 0.0140625 0.0306068 0.028125
0 0.417578 0.0140625 0.028906 0.028125
0 0.423373 0.0140625 0.0279959 0.028125
0 0.430697 0.0140625 0.0301447 0.028125
0 0.43634 0.0140625 0.0289299 0.028125
0 0.443572 0.0140625 0.0308939 0.028125
0 0.449121 0.0140625 0.0294916 0.028125
0 0.461601 0.0140625 0.0294518 0.028125
0 0.466219 0.0140625 0.0261892 0.028125
0 0.472698 0.0140625 0.0266468 0.028125
0 0.480175 0.0140625 0.0291023 0.028125
0 0.485969 0.0140625 0.0281897 0.028125
0 0.490658 0.0140625 0.0250666 0.028125
0 0.496969 0.0140625 0.0251912 0.028125
0 0.505156 0.0140625 0.029091 0.028125
0 0.510232 0.0140625 0.0267225 0.028125
0 0.518481 0.0140625 0.0307139 0.028125
0 0.523506 0.0140625 0.0282617 0.0281249
0 0.528346 0.0140625 0.0254418 0.0281249
0 0.536479 0.0140625 0.0292093 0.028125
0 0.543657 0.0140625 0.0312297 0.028125
0 0.549712 0.0140625 0.0306845 0.028125
0 0.561067 0.0140625 0.0283853 0.028125
0 0.565886 0.0140625 0.025522 0.028125
0 0.572208 0.0140625 0.0256676 0.028125
0 0.57886 0.0140625 0.0264715 0.028125
0 0.585253 0.0140625 0.0267617 0.028125
0 0.592758 0.0140625 0.0292748 0.028125
0 0.598192 0.0140625 0.0276355 0.028125
0 0.604493 0.0140625 0.0277375 0.028125
0 0.610509 0.0140625 0.0272686 0.028125
0 0.615823 0.0140625 0.0253956 0.028125
0 0.622254 0.0140625 0.0257633 0.028125
0 0.630665 0.0140625 0.0301123 0.028125
0 0.643207 0.0140625 0.0301684 0.028125
0 0.649191 0.0140625 0.029632 0.028125
0 0.653463 0.0140625 0.0256758 0.028125
0 0.660551 0.0140625 0.0273514 0.028125
0 0.666645 0.0140625 0.0270407 0.028125
0 0.672688 0.0140625 0.0266264 0.028125
0 0.678725 0.0140625 0.0262004 0.028125
0 0.685182 0.0140625 0.0266149 0.028125
0 0.691587 0.0140625 0.0269251 0.028125
0 0.697317 0.0140625 0.025885 0.028125
0 0.704416 0.0140625 0.0275819 0.028125
0 0.710414 0.0140625 0.027079 0.028125
0 0.716535 0.0140625 0.0268205 0.028125
0 0.722833 0.0140625 0.0269177 0.028125
0 0.730591 0.0140625 0.029933 0.028125
0 0.735666 0.0140625 0.0275822 0.028125
0 0.741483 0.0140625 0.0267158 0.028125
0 0.748351 0.0140625 0.0279524 0.028125
0 0.754653 0.0140625 0.0280563 0.028125
0 0.760665 0.0140625 0.0275824 0.028125
0 0.767761 0.0140625 0.0292734 0.028125
0 0.773567 0.0140625 0.028384 0.028125
0 0.780049 0.0140625 0.028849 0.028125
0 0.786071 0.0140625 0.028392 0.028125
0 0.797583 0.0140625 0.0264201 0.028125
0 0.805941 0.0140625 0.0306776 0.028125
0 0.811347 0.0140625 0.0289643 0.028125
0 0.818251 0.0140625 0.0302559 0.028125
0 0.824042 0.0140625 0.0293358 0.028125
0 0.829056 0.0140625 0.0268615 0.028125
0 0.836388 0.0140625 0.029027 0.028125
0 0.84205 0.0140625 0.0278544 0.028125
0 0.848618 0.0140625 0.0284962 0.028125
0 0.855696 0.0140625 0.0301529 0.028125
0 0.861621 0.0140625 0.0294991 0.028125
0 0.865736 0.0140625 0.0252243 0.028125
0 0.8725 0.0140625 0.0263637 0.028125
0 0.880886 0.0140625 0.031477 0.028125
0 0.886487 0.0140625 0.0293114 0.028125
0 0.890648 0.0140625 0.0250502 0.028125
0 0.896934 0.0140625 0.0252182 0.028125
0 0.905633 0.0140625 0.0309742 0.028125
0 0.917681 0.0140625 0.0291222 0.0281249
0 0.923666 0.0140624 0.0285892 0.0281249
0 0.930943 0.0140624 0.0306389 0.0281247
0 0.937148 0.0140623 0.0305507 0.0281246
0 0.946882 0.0140619 0.0251455 0.0281238
0 0.955195 0.0140624 0.0296188 0.0281248
0 0.960355 0.0140621 0.0272827 0.0281241
0 0.965648 0.0140619 0.0250527 0.0281238
0 0.971888 0.0140603 0.025136 0.0281206
0 0.981047 0.0140569 0.0316448 0.0281138
0 0.985937 0.0140428 0.0281261 0.0280857
0 0.976562 0.0481546 0.046875 0.0963091
0 0.0162237 0.0112843 0.0324474 0.0225686
0 0.0595245 0.0109586 0.0366712 0.0219172
0 0.0780172 0.0109483 0.0372672 0.0218965
0 0.109402 0.0109375 0.0373706 0.0218751
0 0.134402 0.0109381 0.0374383 0.0218761
0 0.16152 0.0109375 0.0332105 0.021875
0 0.184443 0.0109375 0.0373636 0.021875
0 0.203151 0.0109375 0.0374483 0.021875
0 0.215788 0.0109375 0.037173 0.021875
0 0.228159 0.0109375 0.0374321 0.021875
0 0.240653 0.0109375 0.0374436 0.021875
0 0.25313 0.0109375 0.0374893 0.021875
0 0.265625 0.0109375 0.0374996 0.021875
0 0.278125 0.0109375 0.0374996 0.021875
0 0.290625 0.0109375 0.0374998 0.021875
0 0.303125 0.0109375 0.0375 0.021875
0 0.315633 0.0109375 0.0374832 0.021875
0 0.322248 0.0109375 0.0367535 0.021875
0 0.334523 0.0109375 0.0372034 0.021875
0 0.353451 0.0109375 0.0368479 0.021875
0 0.366039 0.0109375 0.036673 0.021875
0 0.378617 0.0109375 0.0365162 0.021875
0 0.397761 0.0109375 0.0357288 0.021875
0 0.416095 0.0109375 0.0365605 0.021875
0 0.428729 0.0109375 0.0362929 0.021875
0 0.453645 0.0109375 0.0364591 0.021875
0 0.465648 0.0109375 0.0374537 0.021875
0 0.478155 0.0109375 0.0374403 0.021875
0 0.490625 0.0109375 0.0374993 0.021875
0 0.503125 0.0109375 0.0374995 0.021875
0 0.515626 0.0109375 0.037498 0.021875
0 0.528126 0.0109375 0.0374988 0.021875
0 0.540628 0.0109375 0.0374948 0.021875
0 0.553135 0.0109375 0.0374804 0.021875
0 0.565628 0.0109375 0.0374943 0.021875
0 0.578125 0.0109375 0.0374996 0.021875
0 0.590625 0.0109375 0.0374996 0.021875
0 0.603126 0.0109375 0.0374977 0.021875
0 0.615626 0.0109375 0.0374989 0.021875
0 0.628125 0.0109375 0.0374991 0.021875
0 0.640636 0.0109375 0.0374786 0.021875
0 0.653133 0.0109375 0.0374849 0.021875
0 0.665631 0.0109375 0.0374885 0.021875
0 0.678127 0.0109375 0.0374956 0.021875
0 0.690626 0.0109375 0.0374985 0.021875
0 0.703128 0.0109375 0.037495 0.021875
0 0.715631 0.0109375 0.0374878 0.021875
0 0.728138 0.0109375 0.0374734 0.021875
0 0.740638 0.0109375 0.0374735 0.021875
0 0.753138 0.0109375 0.0374743 0.021875
0 0.76566 0.0109375 0.0374301 0.021875
0 0.778239 0.0109375 0.0372713 0.021875
0 0.790644 0.0109375 0.0374628 0.021875
0 0.803162 0.0109375 0.0374262 0.021875
0 0.815864 0.0109375 0.0370216 0.021875
0 0.828327 0.0109375 0.037096 0.021875
0 0.840657 0.0109375 0.0374351 0.021875
0 0.85327 0.0109375 0.0372108 0.021875
0 0.865643 0.0109375 0.0374634 0.021875
0 0.878191 0.0109375 0.0373684 0.021875
0 0.890629 0.0109375 0.0374914 0.021875
0 0.903129 0.0109375 0.037492 0.021875
0 0.915648 0.0109375 0.0374542 0.021875
0 0.928323 0.0109375 0.0371039 0.021875
0 0.940626 0.0109375 0.0374983 0.021875
0 0.953126 0.0109377 0.0374975 0.0218754
0 0.965626 0.0109375 0.0374979 0.021875
0 0.978409 0.0109387 0.0369408 0.0218774
0 0.987777 0.0109375 0.0193058 0.021875
0 0.0109375 0.0141368 0.021875 0.0282737
0 0.0182693 0.014387 0.0322199 0.0287741
0 0.0312546 0.0141474 0.0315236 0.0282948
0 0.0372036 0.0141445 0.0319 0.028289
0 0.0451847 0.0142495 0.0343963 0.0284989
0 0.055287 0.0140636 0.0331762 0.0281272
0 0.065929 0.0140957 0.036893 0.0281914
0 0.0725506 0.0142092 0.0361628 0.0284185
0 0.0844008 0.0142891 0.0374482 0.0285782
0 0.0967077 0.0142133 0.0374248 0.0284266
0 0.103614 0.0140629 0.0365214 0.0281258
0 0.111463 0.0140687 0.0333249 0.0281374
0 0.131225 0.0140643 0.0312992 0.0281285
0 0.137485 0.0141112 0.0312797 0.0282224
0 0.146875 0.0140628 0.0375 0.0281255
0 0.156078 0.0140625 0.0315939 0.028125
0 0.162498 0.0140625 0.0312534 0.028125
0 0.16875 0.0140625 0.03125 0.028125
0 0.175 0.0140625 0.03125 0.028125
0 0.18125 0.0140625 0.03125 0.028125
0 0.1875 0.0140625 0.03125 0.028125
0 0.20625 0.0140625 0.03125 0.028125
0 0.2125 0.0140625 0.03125 0.028125
0 0.225 0.0140625 0.03125 0.028125
0 0.23125 0.0140625 0.03125 0.028125
0 0.2375 0.0140625 0.03125 0.028125
0 0.25 0.0140625 0.03125 0.028125
0 0.25625 0.0140625 0.03125 0.028125
0 0.26875 0.0140625 0.03125 0.028125
0 0.275 0.0140625 0.03125 0.028125
0 0.28125 0.0140625 0.03125 0.028125
0 0.2875 0.0140625 0.03125 0.028125
0 0.29375 0.0140625 0.03125 0.028125
0 0.3 0.0140625 0.03125 0.028125
0 0.30625 0.0140625 0.03125 0.028125
0 0.3125 0.0140625 0.03125 0.028125
0 0.33125 0.0140625 0.03125 0.028125
0 0.3375 0.0140625 0.03125 0.028125
0 0.35625 0.0140625 0.03125 0.028125
0 0.45625 0.0140625 0.03125 0.028125
0 0.55625 0.0140625 0.03125 0.028125
0 0.6375 0.0140625 0.03125 0.028125
0 0.7 0.0140625 0.03125 0.028125
0 0.9125 0.0140629 0.03125 0.0281257
0 0.989063 0.0140625 0.021875 0.0281251
0 0.0141658 0.0173136 0.0283315 0.0346272
0 0.0239924 0.017194 0.0333496 0.0343881
0 0.036725 0.0172731 0.0328234 0.0345462
0 0.0498906 0.0172331 0.0315285 0.0344662
0 0.0614119 0.0172927 0.0334268 0.0345854
0 0.0782261 0.0171885 0.0372979 0.034377
0 0.0927509 0.0172358 0.0375524 0.0344717
0 0.0998063 0.0171889 0.0316461 0.0343778
0 0.110317 0.0171889 0.0356156 0.0343779
0 0.15 0.0171875 0.03125 0.034375
0 0.375 0.0171875 0.03125 0.034375
0 0.38125 0.0171875 0.03125 0.034375
0 0.46875 0.0171875 0.03125 0.034375
0 0.475 0.0171875 0.03125 0.034375
0 0.48125 0.0171875 0.03125 0.034375
0 0.4875 0.0171875 0.03125 0.034375
0 0.49375 0.0171875 0.03125 0.034375
0 0.5 0.0171875 0.03125 0.034375
0 0.50625 0.0171875 0.03125 0.034375
0 0.5125 0.0171875 0.03125 0.034375
0 0.53125 0.0171875 0.03125 0.034375
0 0.5375 0.0171875 0.03125 0.034375
0 0.54375 0.0171875 0.03125 0.034375
0 0.55 0.0171875 0.03125 0.034375
0 0.5625 0.0171875 0.03125 0.034375
0 0.56875 0.0171875 0.03125 0.034375
0 0.575 0.0171875 0.03125 0.034375
0 0.58125 0.0171875 0.03125 0.034375
0 0.5875 0.0171875 0.03125 0.034375
0 0.59375 0.0171875 0.03125 0.034375
0 0.6 0.0171875 0.03125 0.034375
0 0.60625 0.0171875 0.03125 0.034375
0 0.6125 0.0171875 0.03125 0.034375
0 0.61875 0.0171875 0.03125 0.034375
0 0.625 0.0171875 0.03125 0.034375
0 0.63125 0.0171875 0.03125 0.034375
0 0.64375 0.0171875 0.03125 0.034375
0 0.65 0.0171875 0.03125 0.034375
