0 0.0078125 0.0109355 0.015625 0.0218709
0 0.0124761 0.0078125 0.0187024 0.015625
0 0.0187488 0.0113409 0.0312476 0.0226818
0 0.0249111 0.0109083 0.0310722 0.0218166
0 0.0356505 0.0132439 0.0275509 0.0264879
0 0.0407908 0.0140136 0.0253323 0.0280272
0 0.0473447 0.014034 0.0259433 0.028068
0 0.0546713 0.0140487 0.0281271 0.0280975
0 0.0603692 0.0140553 0.0270161 0.0281105
0 0.0657626 0.0140569 0.02528 0.0281138
0 0.0720686 0.014055 0.0254013 0.0281099
0 0.0789074 0.0140535 0.0266249 0.028107
0 0.0850773 0.0140504 0.0264726 0.0281008
0 0.0911673 0.0140497 0.0261244 0.0280994
0 0.0972474 0.0140551 0.0257868 0.0281101
0 0.104169 0.0140563 0.0271295 0.0281126
0 0.109872 0.0140522 0.0260305 0.0281045
0 0.116973 0.0140494 0.0277223 0.0280988
0 0.122934 0.0140439 0.0271318 0.0280879
0 0.128562 0.0140293 0.0258778 0.0280587
0 0.134824 0.0140318 0.0258983 0.0280637
0 0.143747 0.0140273 0.0312439 0.0280546
0 0.149957 0.0139345 0.0311649 0.0278689
0 0.16124 0.0140175 0.0287334 0.0280349
0 0.168745 0.0140577 0.0312597 0.0281154
0 0.174999 0.0140525 0.0312477 0.0281051
0 0.187203 0.0140311 0.030657 0.0280622
0 0.197787 0.0140608 0.0268502 0.0281217
0 0.205457 0.014062 0.0299172 0.028124
0 0.211154 0.0140621 0.0287698 0.0281241
0 0.216515 0.0140621 0.0268217 0.0281242
0 0.222944 0.0140616 0.0271623 0.0281232
0 0.228845 0.0140601 0.0264513 0.0281201
0 0.235331 0.0140597 0.0269235 0.0281195
0 0.240854 0.0140593 0.0254598 0.0281187
0 0.247347 0.0140513 0.0259446 0.0281026
0 0.253254 0.0140481 0.025258 0.0280962
0 0.259797 0.0140544 0.0258486 0.0281087
0 0.267936 0.0140565 0.0296696 0.0281131
0 0.272625 0.0140609 0.0265111 0.0281217
0 0.278845 0.014062 0.0264415 0.0281241
0 0.285046 0.0140615 0.0263431 0.028123
0 0.292478 0.0140614 0.0287091 0.0281228
0 0.298561 0.014062 0.0283822 0.028124
0 0.304769 0.0140621 0.0283041 0.0281242
0 0.310962 0.014062 0.028188 0.028124
0 0.317973 0.0140619 0.0297239 0.0281239
0 0.324489 0.0140621 0.0302449 0.0281243
0 0.330219 0.014062 0.029195 0.028124
0 0.336673 0.0140617 0.0296011 0.0281235
0 0.347401 0.0140608 0.0261475 0.0281215
0 0.355423 0.014062 0.0303536 0.028124
0 0.361179 0.0140617 0.028873 0.0281234
0 0.367031 0.0140618 0.0278735 0.0281236
0 0.373073 0.0140614 0.0274363 0.0281229
0 0.379591 0.0140613 0.0280128 0.0281226
0 0.386158 0.0140618 0.0288331 0.0281236
0 0.393576 0.0140619 0.0314328 0.0281238
0 0.399939 0.014062 0.0311357 0.028124
0 0.411758 0.0140602 0.0297663 0.0281204
0 0.423063 0.0140609 0.0273918 0.0281218
0 0.430882 0.0140619 0.0305307 0.0281239
0 0.436375 0.0140613 0.029006 0.0281225
0 0.441382 0.0140602 0.0265186 0.0281203
0 0.448061 0.0140611 0.0273905 0.0281223
0 0.455483 0.0140619 0.0297441 0.0281239
0 0.460979 0.0140616 0.0282238 0.0281232
0 0.466955 0.014061 0.0276638 0.0281221
0 0.473326 0.0140609 0.0279092 0.0281219
0 0.480398 0.014061 0.0295548 0.0281221
0 0.487079 0.014061 0.0304179 0.0281219
0 0.497428 0.0140587 0.0261641 0.0281173
0 0.50563 0.0140602 0.0301832 0.0281203
0 0.511481 0.0140579 0.0292849 0.0281159
0 0.515756 0.0140535 0.0252817 0.028107
0 0.522291 0.0140507 0.0259247 0.0281014
0 0.529917 0.0140548 0.028767 0.0281095
0 0.535205 0.0140524 0.0268343 0.0281048
0 0.541968 0.0140545 0.0277675 0.028109
0 0.548346 0.014058 0.0280447 0.028116
0 0.55463 0.0140582 0.0280436 0.0281164
0 0.560216 0.0140551 0.0266901 0.0281102
0 0.567026 0.0140521 0.0278128 0.0281043
0 0.573315 0.0140545 0.0278953 0.028109
0 0.57968 0.014055 0.0281234 0.0281099
0 0.585549 0.0140541 0.0273582 0.0281083
0 0.593703 0.0140546 0.0311586 0.0281092
0 0.599728 0.0140352 0.0307057 0.0280703
0 0.611897 0.0140235 0.0300453 0.0280469
0 0.62215 0.0140519 0.0255527 0.0281039
0 0.629671 0.0140573 0.0280964 0.0281145
0 0.63559 0.0140549 0.0274368 0.0281097
0 0.640672 0.0140476 0.025094 0.0280951
0 0.647065 0.0140364 0.0253876 0.0280728
0 0.654124 0.0140449 0.0270912 0.0280898
0 0.660127 0.0140386 0.0266658 0.0280772
0 0.666744 0.014049 0.0274414 0.0280981
0 0.673225 0.0140548 0.0279299 0.0281095
0 0.679426 0.0140588 0.0277069 0.0281177
0 0.685229 0.0140593 0.0267444 0.0281185
0 0.691694 0.0140582 0.0271816 0.0281164
0 0.697886 0.0140575 0.0270817 0.028115
0 0.704335 0.0140572 0.0274644 0.0281144
0 0.709929 0.0140573 0.0261207 0.0281146
0 0.718217 0.014057 0.0301857 0.0281141
0 0.723878 0.0140457 0.0290073 0.0280913
0 0.735783 0.0140538 0.0278234 0.0281076
0 0.742921 0.0140587 0.0298392 0.0281174
0 0.749099 0.0140602 0.0295113 0.0281205
0 0.754139 0.0140601 0.0270479 0.0281201
0 0.760595 0.0140598 0.0274521 0.0281196
0 0.766071 0.0140594 0.0259113 0.0281187
0 0.772785 0.0140589 0.0269061 0.0281178
0 0.780271 0.0140586 0.0295936 0.0281173
0 0.786135 0.014058 0.0288143 0.0281159
0 0.790641 0.0140562 0.0250465 0.0281123
0 0.796887 0.0140476 0.0251628 0.0280951
0 0.804636 0.0140504 0.0284374 0.0281008
0 0.809692 0.0140372 0.0256805 0.0280744
0 0.815648 0.0140178 0.0250469 0.0280356
0 0.822129 0.0137501 0.0255092 0.0275001
0 0.828127 0.0113359 0.025004 0.0226718
0 0.834375 0.0112908 0.0250008 0.0225816
0 0.84338 0.0110803 0.0305195 0.0221606
0 0.849193 0.0111006 0.0296362 0.0222012
0 0.853252 0.0140099 0.0252541 0.0280197
0 0.860245 0.0140537 0.026741 0.0281074
0 0.868536 0.0140521 0.0312128 0.0281042
0 0.87424 0.0140602 0.0297766 0.0281204
0 0.878888 0.0140615 0.0265406 0.0281229
0 0.885884 0.0140619 0.0280342 0.0281238
0 0.891517 0.0140619 0.026823 0.0281238
0 0.898013 0.0140618 0.0273995 0.0281236
0 0.905358 0.014062 0.029829 0.0281239
0 0.910764 0.0140619 0.0278924 0.0281238
0 0.915802 0.0140616 0.0254009 0.0281232
0 0.922134 0.0140611 0.0262588 0.0281221
0 0.929994 0.0140615 0.0313772 0.028123
0 0.935624 0.014061 0.0285618 0.028122
0 0.941168 0.0140611 0.0263225 0.0281222
0 0.947486 0.0140605 0.026968 0.0281211
0 0.955788 0.0140605 0.0313416 0.028121
0 0.961607 0.0140576 0.0299049 0.0281153
0 0.965659 0.0140466 0.0252785 0.0280932
0 0.971765 0.0140473 0.0262173 0.0280946
0 0.980275 0.0140419 0.0332186 0.0280838
0 0.98592 0.0140237 0.0281605 0.0280474
0 0.976562 0.0424364 0.046875 0.0848727
0 0.0406556 0.0109375 0.0374388 0.021875
0 0.0531519 0.0109376 0.0374463 0.0218752
0 0.0656288 0.0109375 0.0374923 0.0218751
0 0.078128 0.0109377 0.037494 0.0218755
0 0.0906281 0.0109376 0.0374938 0.0218753
0 0.103128 0.0109378 0.037494 0.0218756
0 0.115645 0.0109378 0.0374607 0.0218755
0 0.128136 0.0109376 0.037478 0.0218752
0 0.153171 0.0109375 0.0374087 0.021875
0 0.159869 0.0109375 0.0365115 0.021875
0 0.180748 0.0109375 0.032254 0.021875
0 0.191029 0.0109375 0.0366911 0.021875
0 0.20359 0.0109376 0.0365695 0.0218752
0 0.21573 0.0109375 0.0372901 0.021875
0 0.228167 0.0109375 0.0374151 0.021875
0 0.240626 0.0109375 0.0374981 0.021875
0 0.253126 0.0109375 0.0374989 0.021875
0 0.265625 0.0109375 0.0374992 0.021875
0 0.278126 0.0109375 0.0374987 0.021875
0 0.29066 0.0109375 0.0374301 0.021875
0 0.303216 0.0109375 0.0373178 0.021875
0 0.316091 0.0109375 0.0365678 0.021875
0 0.322758 0.0109375 0.0357344 0.021875
0 0.335718 0.0109375 0.034814 0.021875
0 0.346918 0.0109375 0.0374131 0.021875
0 0.359392 0.0109375 0.037466 0.021875
0 0.371973 0.0109375 0.0373041 0.021875
0 0.384414 0.0109375 0.037422 0.0218751
0 0.39116 0.0109375 0.0364305 0.021875
0 0.403749 0.0109375 0.0362517 0.021875
0 0.416006 0.0109375 0.0367384 0.021875
0 0.428954 0.0109375 0.0358421 0.021875
0 0.441178 0.0109375 0.0363947 0.021875
0 0.453569 0.0109375 0.0366127 0.0218751
0 0.46631 0.0109375 0.0361303 0.021875
0 0.47909 0.0109375 0.0355692 0.021875
0 0.490818 0.0109375 0.0371143 0.021875
0 0.503397 0.0109377 0.0369553 0.0218754
0 0.515643 0.0109375 0.0374631 0.021875
0 0.52814 0.0109378 0.0374709 0.0218756
0 0.540648 0.0109376 0.0374534 0.0218752
0 0.55319 0.0109376 0.0373697 0.0218752
0 0.565801 0.0109376 0.0371472 0.0218752
0 0.578449 0.0109376 0.0368515 0.0218751
0 0.603745 0.0109375 0.0362599 0.021875
0 0.61574 0.0109375 0.0372702 0.021875
0 0.628221 0.0109376 0.0373087 0.0218752
0 0.640636 0.0109375 0.0374786 0.021875
0 0.653132 0.0109382 0.0374859 0.0218764
0 0.665628 0.0109376 0.0374941 0.0218753
0 0.678132 0.0109376 0.0374851 0.0218752
0 0.690648 0.0109377 0.0374535 0.0218753
0 0.703163 0.0109376 0.0374231 0.0218751
0 0.715798 0.0109376 0.0371547 0.0218752
0 0.722384 0.0109376 0.0364829 0.0218752
0 0.734636 0.0109375 0.0369788 0.021875
0 0.747008 0.0109375 0.0372332 0.0218751
0 0.759743 0.0109375 0.0367642 0.021875
0 0.771976 0.0109375 0.0372983 0.0218751
0 0.784506 0.0109375 0.0372376 0.0218751
0 0.796877 0.0109375 0.0374958 0.0218751
0 0.809375 0.0109378 0.0375 0.0218756
0 0.821875 0.0109377 0.0375 0.0218753
0 0.834369 0.0109375 0.0374886 0.021875
0 0.859449 0.0109375 0.0373513 0.021875
0 0.87194 0.0109375 0.0373703 0.021875
0 0.884585 0.0109375 0.0370803 0.021875
0 0.896935 0.0109375 0.03738 0.021875
0 0.909417 0.0109375 0.0374151 0.021875
0 0.921881 0.0109375 0.0374889 0.021875
0 0.934379 0.0109375 0.0374923 0.0218751
0 0.946889 0.0109376 0.0374712 0.0218751
0 0.959402 0.0109376 0.0374464 0.0218752
0 0.971882 0.0109376 0.0374855 0.0218751
0 0.979831 0.010943 0.034198 0.021886
0 0.987974 0.0109375 0.0196968 0.021875
0 0.0109375 0.014066 0.021875 0.028132
0 0.0140625 0.0140694 0.028125 0.0281387
0 0.0187595 0.0140626 0.0312689 0.0281251
0 0.025 0.0140625 0.03125 0.028125
0 0.03125 0.0140625 0.0312501 0.028125
0 0.0375 0.0140625 0.03125 0.028125
0 0.04375 0.0140625 0.03125 0.028125
0 0.05 0.0140625 0.03125 0.028125
0 0.0687499 0.0140626 0.0312501 0.0281251
0 0.0749999 0.0140627 0.0312502 0.0281255
0 0.1125 0.0140635 0.0312501 0.0281271
0 0.13125 0.0140639 0.0312504 0.0281279
0 0.1375 0.0140665 0.0312506 0.0281329
0 0.15625 0.0140629 0.0312501 0.0281258
0 0.18125 0.0140625 0.03125 0.028125
0 0.19375 0.0140625 0.03125 0.028125
0 0.24375 0.0140625 0.03125 0.028125
0 0.25 0.0140625 0.03125 0.028125
0 0.25625 0.0140625 0.03125 0.028125
0 0.2625 0.0140625 0.03125 0.028125
0 0.40625 0.0140625 0.03125 0.0281251
0 0.41875 0.0140625 0.03125 0.028125
0 0.49375 0.0140626 0.03125 0.0281253
0 0.60625 0.0140626 0.03125 0.0281252
0 0.61875 0.0140627 0.03125 0.0281255
0 0.625 0.0140629 0.03125 0.0281258
0 0.64375 0.0140625 0.03125 0.0281251
0 0.65 0.0140628 0.03125 0.0281256
0 0.7125 0.0140646 0.0312502 0.0281292
0 0.73125 0.0140626 0.03125 0.0281252
0 0.818736 0.0140627 0.0312771 0.0281255
0 0.824979 0.0140641 0.0312925 0.0281283
0 0.834391 0.0140626 0.0374684 0.0281253
0 0.84288 0.014063 0.0329895 0.0281259
0 0.849991 0.0140625 0.0312679 0.028125
0 0.856249 0.0140625 0.0312529 0.028125
0 0.989063 0.014081 0.021875 0.028162
0 0.0874943 0.0171875 0.0312615 0.034375
0 0.0937435 0.0171875 0.031263 0.034375
0 0.0999853 0.0171875 0.0312795 0.034375
0 0.2 0.0171875 0.03125 0.034375
0 0.20625 0.0171875 0.03125 0.034375
0 0.2125 0.0171875 0.03125 0.034375
0 0.21875 0.0171875 0.03125 0.034375
0 0.225 0.0171875 0.03125 0.034375
0 0.23125 0.0171875 0.03125 0.034375
0 0.274968 0.0171875 0.0313139 0.034375
0 0.31875 0.0171875 0.03125 0.0343751
0 0.34375 0.0171875 0.03125 0.034375
0 0.35 0.0171875 0.0312501 0.034375
0 0.35625 0.0171875 0.0312501 0.0343751
0 0.3625 0.0171875 0.0312502 0.034375
0 0.36875 0.0171876 0.0312502 0.0343752
0 0.375 0.0171876 0.0312502 0.0343752
0 0.38125 0.0171876 0.0312503 0.0343753
0 0.3875 0.0171876 0.0312505 0.0343752
0 0.39375 0.0171876 0.0312501 0.0343751
0 0.5 0.0171875 0.03125 0.034375
0 0.50625 0.0171875 0.03125 0.034375
0 0.5125 0.0171875 0.03125 0.034375
0 0.51875 0.0171875 0.0312502 0.034375
0 0.524999 0.0171875 0.0312513 0.034375
0 0.531249 0.0171875 0.0312515 0.034375
0 0.537498 0.0171875 0.0312536 0.034375
0 0.543749 0.0171875 0.0312519 0.034375
0 0.549999 0.0171875 0.0312514 0.034375
0 0.662484 0.0171875 0.0312818 0.034375
0 0.668706 0.0171875 0.0313371 0.034375
0 0.674977 0.0171875 0.0312969 0.034375
0 0.681229 0.0171876 0.031293 0.0343751
0 0.687493 0.0171875 0.0312632 0.0343751
0 0.699998 0.0171876 0.0312536 0.0343751
0 0.74375 0.0171875 0.0312502 0.034375
0 0.75 0.0171875 0.03125 0.034375
0 0.75625 0.0171875 0.03125 0.034375
0 0.76875 0.0171875 0.03125 0.034375
