0 0.00781789 0.0108927 0.0156358 0.0217854
0 0.0124467 0.00781275 0.0188444 0.0156255
0 0.0187257 0.0118503 0.0312014 0.0237006
0 0.0248404 0.0112867 0.030931 0.0225735
0 0.0359584 0.0136771 0.0281697 0.0273542
0 0.0437685 0.0138843 0.0312881 0.0277686
0 0.0499955 0.0109816 0.0312411 0.0219633
0 0.0616675 0.0114463 0.029585 0.0228926
0 0.067673 0.0135763 0.029097 0.0271525
0 0.0738488 0.0136995 0.0289478 0.0273989
0 0.0790519 0.0138246 0.0268546 0.0276492
0 0.0856117 0.0139228 0.0274763 0.0278455
0 0.0911676 0.0139752 0.0260977 0.0279505
0 0.0978793 0.0140052 0.0270909 0.0280104
0 0.105468 0.0140393 0.0298475 0.0280787
0 0.11083 0.0140293 0.0279716 0.0280585
0 0.117411 0.0140171 0.0285911 0.0280343
0 0.123564 0.0140171 0.0283964 0.0280341
0 0.12916 0.0140252 0.0271019 0.0280504
0 0.136552 0.0140352 0.0294266 0.0280703
0 0.147317 0.0140281 0.0259168 0.0280561
0 0.154534 0.0140192 0.027983 0.0280383
0 0.160417 0.0140085 0.0271986 0.0280169
0 0.165631 0.013964 0.0250165 0.0279279
0 0.171957 0.0136791 0.0251754 0.0273581
0 0.178222 0.0109649 0.0252281 0.0219298
0 0.184384 0.010939 0.0250202 0.021878
0 0.19063 0.0107801 0.0250112 0.0215603
0 0.196882 0.0108993 0.0250141 0.0217986
0 0.203125 0.0106939 0.0250009 0.0213878
0 0.209375 0.0108888 0.0250011 0.0217775
0 0.215629 0.0108932 0.025009 0.0217864
0 0.221879 0.0108588 0.0250086 0.0217175
0 0.228127 0.0107188 0.0250039 0.0214375
0 0.234377 0.010666 0.0250041 0.0213321
0 0.240635 0.0107262 0.0250201 0.0214525
0 0.246899 0.0107525 0.0250491 0.021505
0 0.253143 0.0103812 0.0250355 0.0207623
0 0.259412 0.0109542 0.0250754 0.0219085
0 0.26603 0.0110918 0.0258199 0.0221836
0 0.271914 0.0129199 0.0250862 0.0258397
0 0.279138 0.0139456 0.0270526 0.0278913
0 0.28506 0.0139722 0.026406 0.0279443
0 0.290704 0.0139661 0.0251862 0.0279322
0 0.296955 0.0139893 0.0254111 0.0279786
0 0.30505 0.0139875 0.0308166 0.0279749
0 0.30979 0.0139747 0.0261004 0.0279494
0 0.31599 0.0139474 0.0259102 0.0278949
0 0.322406 0.0139366 0.0265674 0.0278732
0 0.329184 0.0139301 0.0281254 0.0278601
0 0.335255 0.0139183 0.0273515 0.0278367
0 0.341225 0.0139304 0.0266141 0.0278607
0 0.347716 0.0139321 0.0272427 0.0278642
0 0.353717 0.0139566 0.0263016 0.0279132
0 0.359597 0.0139507 0.0255407 0.0279015
0 0.368747 0.013791 0.03132 0.027582
0 0.374999 0.011813 0.0312481 0.0236261
0 0.386765 0.0124352 0.0297802 0.0248704
0 0.390715 0.0138683 0.0251853 0.0277366
0 0.397117 0.0139479 0.0255872 0.0278957
0 0.40528 0.0140377 0.0298494 0.0280754
0 0.410368 0.0140266 0.0271776 0.0280532
0 0.416557 0.0140191 0.0269319 0.0280382
0 0.422766 0.0140186 0.0268616 0.0280371
0 0.430536 0.0140023 0.0298572 0.0280045
0 0.436363 0.0138879 0.0289856 0.0277759
0 0.447171 0.0134967 0.0256711 0.0269934
0 0.456004 0.0139103 0.0309221 0.0278207
0 0.461842 0.0137432 0.0300184 0.0274863
0 0.47212 0.0134638 0.0262784 0.0269276
0 0.479386 0.013887 0.0281887 0.027774
0 0.485118 0.0138475 0.0268246 0.0276949
0 0.493206 0.0138775 0.0302264 0.027755
0 0.498864 0.013648 0.0289884 0.0272959
0 0.503536 0.0128188 0.0258276 0.0256376
0 0.510033 0.0131018 0.0263199 0.0262037
0 0.51873 0.0135505 0.0312105 0.027101
0 0.524867 0.0114159 0.0309833 0.0228318
0 0.53509 0.0122189 0.0264301 0.0244378
0 0.542743 0.0135734 0.0292367 0.0271468
0 0.547869 0.0132319 0.0269889 0.0264637
0 0.553741 0.0130363 0.0262331 0.0260727
0 0.560508 0.0133149 0.0272672 0.0266297
0 0.56602 0.0134318 0.02579 0.0268635
0 0.572338 0.0135562 0.0259275 0.0271125
0 0.579156 0.0137785 0.0270696 0.027557
0 0.585238 0.0138247 0.0267374 0.0276494
0 0.591162 0.0138384 0.0260815 0.0276768
0 0.597387 0.0138584 0.026041 0.0277168
0 0.60423 0.0138941 0.0272458 0.0277882
0 0.610197 0.0139173 0.0266946 0.0278347
0 0.616067 0.0139126 0.0259062 0.0278253
0 0.622266 0.0138426 0.0258005 0.0276852
0 0.629307 0.0137844 0.0273865 0.0275687
0 0.635147 0.0137816 0.0265705 0.0275631
0 0.640684 0.0136822 0.0251241 0.0273643
0 0.646972 0.0138106 0.0252453 0.0276213
0 0.654422 0.0138975 0.0280066 0.027795
0 0.659946 0.0138176 0.0264468 0.0276351
0 0.666507 0.0138553 0.0269533 0.0277107
0 0.672584 0.0138601 0.026578 0.0277201
0 0.679207 0.0138148 0.0273174 0.0276295
0 0.685693 0.0137324 0.0277856 0.0274647
0 0.690666 0.0134982 0.0251585 0.0269964
0 0.696855 0.0134387 0.0254158 0.0268773
0 0.704387 0.0136047 0.0326124 0.0272095
0 0.709768 0.0137488 0.0295669 0.0274976
0 0.716021 0.0137896 0.0282208 0.0275793
0 0.72233 0.0136486 0.0296997 0.0272972
0 0.728608 0.013598 0.0285749 0.027196
0 0.734814 0.0136726 0.0271959 0.0273451
0 0.74307 0.0136594 0.0302917 0.0273188
0 0.748018 0.0126818 0.0273804 0.0253636
0 0.753223 0.0124108 0.0252295 0.0248216
0 0.759838 0.0133789 0.0260387 0.0267578
0 0.768525 0.0131879 0.0317438 0.0263758
0 0.774883 0.0116184 0.0310227 0.0232368
0 0.785861 0.013513 0.0279783 0.027026
0 0.792428 0.0139586 0.0295063 0.0279171
0 0.798561 0.0139993 0.0291799 0.0279987
0 0.804436 0.0140284 0.0284142 0.0280569
0 0.810911 0.0140378 0.0290569 0.0280757
0 0.817152 0.0140382 0.0295158 0.0280763
0 0.823212 0.0140393 0.0296283 0.0280785
0 0.830295 0.0140387 0.030969 0.0280773
0 0.836313 0.0140337 0.029514 0.0280674
0 0.841249 0.0140208 0.0266606 0.0280415
0 0.847476 0.0140251 0.027885 0.0280503
0 0.855136 0.0140292 0.0327377 0.0280585
0 0.861954 0.0139991 0.0310658 0.0279981
0 0.865872 0.0138429 0.0262713 0.0276858
0 0.872841 0.0139095 0.0289482 0.027819
0 0.879874 0.0140097 0.0326355 0.0280195
0 0.885632 0.0139695 0.0316683 0.0279391
0 0.890815 0.0139337 0.028221 0.0278674
0 0.896633 0.0139488 0.0306114 0.0278976
0 0.904585 0.0140025 0.0323673 0.028005
0 0.910703 0.01398 0.029236 0.0279599
0 0.917293 0.0139456 0.0288361 0.0278911
0 0.923661 0.0139261 0.0292614 0.0278522
0 0.930911 0.013889 0.0311764 0.0277781
0 0.937317 0.0137043 0.0312065 0.0274085
0 0.946639 0.0126574 0.0260401 0.0253148
0 0.954179 0.0135027 0.0320347 0.0270054
0 0.960027 0.0135722 0.0299233 0.0271444
0 0.965804 0.0135254 0.0262138 0.0270508
0 0.971798 0.0133837 0.027343 0.0267674
0 0.980341 0.0133096 0.033564 0.0266193
0 0.985776 0.0128954 0.0284479 0.0257909
0 0.976566 0.0197485 0.0468683 0.039497
0 0.0730219 0.0109375 0.0352063 0.0218751
0 0.0794523 0.0109376 0.0348454 0.0218751
0 0.086254 0.0109376 0.0337421 0.0218751
0 0.0973487 0.0109377 0.0365527 0.0218754
0 0.104115 0.0109383 0.0355197 0.0218766
0 0.123835 0.0109377 0.0335801 0.0218755
0 0.141532 0.0109381 0.0356869 0.0218762
0 0.153668 0.0109404 0.0364145 0.0218809
0 0.165614 0.0109376 0.037471 0.0218752
0 0.178126 0.0109376 0.0374981 0.0218751
0 0.190625 0.0109375 0.0375 0.021875
0 0.203125 0.0109375 0.0374999 0.021875
0 0.215625 0.0109375 0.0375 0.021875
0 0.228125 0.0109375 0.0375 0.021875
0 0.240625 0.0109375 0.0375 0.021875
0 0.253125 0.0109375 0.0375 0.021875
0 0.265626 0.0109375 0.0374988 0.021875
0 0.278126 0.0109375 0.0374979 0.0218751
0 0.290632 0.0109382 0.0374846 0.0218763
0 0.303137 0.0109473 0.037479 0.0218947
0 0.309378 0.0109392 0.0374957 0.0218783
0 0.321898 0.0109417 0.0374546 0.0218834
0 0.334395 0.0109423 0.0374615 0.0218845
0 0.346912 0.0109422 0.0374257 0.0218843
0 0.359377 0.0109445 0.0374934 0.021889
0 0.39692 0.0109378 0.0374098 0.0218756
0 0.403413 0.0109511 0.0369282 0.0219022
0 0.41611 0.0109395 0.036532 0.0218789
0 0.435792 0.0109386 0.0346659 0.0218771
0 0.446985 0.0109383 0.0372772 0.0218766
0 0.459434 0.010945 0.0373822 0.02189
0 0.471863 0.0109417 0.0375202 0.0218835
0 0.48439 0.0109534 0.0374704 0.0219068
0 0.490968 0.0109519 0.0368175 0.0219039
0 0.503225 0.0109399 0.0372991 0.0218798
0 0.535078 0.0109377 0.0360934 0.0218754
0 0.548007 0.0109384 0.035237 0.0218767
0 0.56112 0.010938 0.034011 0.0218759
0 0.572279 0.0109382 0.0366918 0.0218765
0 0.584729 0.0109393 0.036792 0.0218787
0 0.597095 0.0109399 0.0370613 0.0218797
0 0.60954 0.0109415 0.037172 0.0218829
0 0.621984 0.0109427 0.0372825 0.0218854
0 0.634459 0.0109424 0.0373327 0.0218847
0 0.64685 0.0109418 0.0375109 0.0218835
0 0.659378 0.0109461 0.0374966 0.0218921
0 0.671931 0.0109502 0.0373901 0.0219004
0 0.684571 0.0109472 0.0371113 0.0218943
0 0.696408 0.0109449 0.0371246 0.0218898
0 0.703122 0.0112678 0.0375696 0.0225357
0 0.709385 0.0109818 0.0375094 0.0219637
0 0.72207 0.0109768 0.03713 0.0219537
0 0.734429 0.0109767 0.0373813 0.0219534
0 0.740975 0.0109729 0.0368115 0.0219459
0 0.753098 0.0109411 0.0372778 0.0218822
0 0.790907 0.0109447 0.0369419 0.0218895
0 0.803431 0.0109399 0.036898 0.0218797
0 0.810178 0.0109417 0.0359102 0.0218834
0 0.816463 0.010944 0.035841 0.021888
0 0.822691 0.0109418 0.0358871 0.0218836
0 0.830023 0.0109405 0.0337418 0.021881
0 0.836413 0.0109396 0.0334389 0.0218792
0 0.848047 0.0109396 0.0351608 0.0218793
0 0.854849 0.0109497 0.0340794 0.0218993
0 0.860805 0.0109418 0.0346481 0.0218835
0 0.872231 0.0109404 0.0367904 0.0218807
0 0.878897 0.0109701 0.0359886 0.0219401
0 0.891069 0.0109539 0.0366194 0.0219078
0 0.897248 0.0109541 0.0367823 0.0219083
0 0.90439 0.0110089 0.0350903 0.0220178
0 0.910264 0.0109671 0.0357899 0.0219342
0 0.917338 0.0109585 0.034116 0.021917
0 0.923595 0.0109628 0.0340996 0.0219256
0 0.940536 0.0109489 0.0364357 0.0218979
0 0.953405 0.011551 0.0370058 0.0231021
0 0.959413 0.0110637 0.0374771 0.0221275
0 0.971534 0.0110247 0.0378227 0.0220494
0 0.988457 0.0109663 0.0204377 0.0219325
0 0.0109375 0.0140674 0.021875 0.0281348
0 0.0249997 0.0140719 0.0312507 0.0281439
0 0.0312492 0.0140682 0.0312516 0.0281364
0 0.05 0.0140627 0.03125 0.0281253
0 0.0562499 0.0140625 0.0312501 0.028125
0 0.0625 0.0140626 0.03125 0.0281251
0 0.09375 0.0140626 0.03125 0.0281253
0 0.14375 0.014063 0.03125 0.028126
0 0.15 0.0140634 0.03125 0.0281268
0 0.168746 0.0140625 0.031258 0.028125
0 0.174994 0.0140626 0.0312622 0.0281252
0 0.181214 0.0140625 0.0313221 0.028125
0 0.190678 0.0140625 0.0373932 0.028125
0 0.20315 0.0140625 0.0374495 0.028125
0 0.215641 0.0140625 0.037467 0.028125
0 0.228167 0.0140625 0.0374165 0.028125
0 0.240644 0.0140625 0.0374615 0.028125
0 0.253716 0.0140625 0.0363172 0.028125
0 0.261062 0.0140625 0.0341263 0.028125
0 0.268593 0.0140625 0.0315648 0.028125
0 0.274659 0.0140625 0.0319327 0.028125
0 0.287499 0.0140625 0.0312529 0.0281251
0 0.293748 0.0140627 0.0312532 0.0281254
0 0.299994 0.0140634 0.0312628 0.0281268
0 0.318747 0.014066 0.0312568 0.028132
0 0.362478 0.0141397 0.0312943 0.0282794
0 0.38125 0.0140628 0.0312507 0.0281256
0 0.39375 0.014063 0.0312507 0.028126
0 0.399999 0.0140642 0.0312524 0.0281283
0 0.443748 0.0140643 0.0312532 0.0281286
0 0.449995 0.0140692 0.0312594 0.0281385
0 0.468697 0.014076 0.031357 0.028152
0 0.474967 0.0141206 0.031316 0.0282412
0 0.506226 0.0140857 0.0312985 0.0281713
0 0.512487 0.0140988 0.0312765 0.0281977
0 0.525 0.0140669 0.0312505 0.0281339
0 0.531244 0.0140633 0.0312613 0.0281267
0 0.537499 0.0140639 0.0312521 0.0281278
0 0.55 0.0140629 0.0312502 0.0281258
0 0.55625 0.0140628 0.0312502 0.0281256
0 0.5625 0.0140628 0.0312501 0.0281257
0 0.56875 0.0140629 0.0312502 0.0281258
0 0.575 0.0140629 0.0312504 0.0281259
0 0.59375 0.0140639 0.0312505 0.0281278
0 0.6 0.014064 0.0312508 0.028128
0 0.61875 0.0140636 0.031251 0.0281273
0 0.625 0.0140637 0.0312508 0.0281275
0 0.6375 0.0140633 0.031251 0.0281267
0 0.643736 0.0140641 0.0312784 0.0281283
0 0.649986 0.0140665 0.0312773 0.0281331
0 0.662489 0.0140713 0.0312725 0.0281425
0 0.674987 0.0140788 0.0312763 0.0281576
0 0.69361 0.0140714 0.0315298 0.0281429
0 0.699749 0.0140999 0.0317513 0.0281999
0 0.749988 0.0141074 0.031277 0.0282147
0 0.756137 0.0140684 0.0314751 0.0281368
0 0.762226 0.0141036 0.0317984 0.0282072
0 0.775 0.0140628 0.0312514 0.0281257
0 0.781247 0.0140625 0.0312549 0.0281251
0 0.899985 0.0142102 0.0312798 0.0284205
0 0.943715 0.0140919 0.0313202 0.0281838
0 0.968453 0.0141418 0.0318457 0.0282837
0 0.985871 0.0171884 0.0282577 0.0343768
0 0.989073 0.0142473 0.0218548 0.0284946
0 0.0140639 0.0172189 0.0281278 0.0344378
0 0.1625 0.0171875 0.0312506 0.034375
0 0.18523 0.0171875 0.0357894 0.034375
0 0.197208 0.0171875 0.0368344 0.034375
0 0.209465 0.0171875 0.0373205 0.034375
0 0.222086 0.0171875 0.0370777 0.034375
0 0.234436 0.0171875 0.0373773 0.034375
0 0.246994 0.0171875 0.0372629 0.034375
