0 0.0078125 0.0109373 0.015625 0.0218747
0 0.0125 0.0078125 0.0187501 0.015625
0 0.0187498 0.0110915 0.0312495 0.022183
0 0.0249571 0.010935 0.0311642 0.0218701
0 0.0351854 0.0137622 0.0266208 0.0275243
0 0.04375 0.0140531 0.0312501 0.0281061
0 0.05 0.0124029 0.0312499 0.0248058
0 0.061668 0.013681 0.0295861 0.027362
0 0.0687497 0.0140601 0.0312494 0.0281203
0 0.0749981 0.014051 0.0312463 0.0281019
0 0.0869711 0.0140492 0.0301922 0.0280984
0 0.0934893 0.0140616 0.0307286 0.0281232
0 0.0997937 0.0140618 0.0308374 0.0281236
0 0.105684 0.0140621 0.0301184 0.0281241
0 0.112257 0.0140624 0.0307644 0.0281247
0 0.118225 0.0140624 0.0301996 0.0281248
0 0.124194 0.0140624 0.0296387 0.0281248
0 0.12962 0.0140624 0.0279918 0.0281249
0 0.136066 0.0140625 0.0283833 0.028125
0 0.143712 0.0140625 0.031174 0.028125
0 0.149647 0.0140625 0.0305437 0.0281249
0 0.161382 0.0140625 0.0290136 0.0281249
0 0.167746 0.0140625 0.0292426 0.028125
0 0.173459 0.0140625 0.0281689 0.0281249
0 0.178216 0.0140624 0.0251819 0.0281248
0 0.185257 0.0140625 0.026765 0.0281249
0 0.191043 0.0140625 0.0258362 0.028125
0 0.197443 0.0140625 0.0261357 0.028125
0 0.205144 0.0140625 0.0290401 0.028125
0 0.211088 0.0140625 0.0284281 0.028125
0 0.218307 0.0140625 0.0303717 0.028125
0 0.224448 0.0140625 0.0301484 0.028125
0 0.230404 0.0140625 0.0295587 0.028125
0 0.236691 0.0140625 0.0296318 0.028125
0 0.241999 0.0140625 0.0277492 0.028125
0 0.24863 0.0140625 0.0285111 0.028125
0 0.256059 0.0140625 0.0308704 0.028125
0 0.261941 0.0140625 0.0301321 0.028125
0 0.272814 0.0140625 0.0268807 0.028125
0 0.281047 0.0140625 0.0308487 0.028125
0 0.287165 0.0140625 0.0305841 0.028125
0 0.291205 0.0140625 0.0261634 0.028125
0 0.298398 0.0140625 0.0280797 0.028125
0 0.305655 0.0140625 0.0300696 0.028125
0 0.310501 0.0140625 0.0272533 0.028125
0 0.318536 0.0140625 0.0308225 0.028125
0 0.3246 0.0140625 0.0304504 0.028125
0 0.330636 0.0140624 0.0300222 0.0281249
0 0.336768 0.0140624 0.0297863 0.0281249
0 0.343725 0.0140625 0.0311997 0.0281249
0 0.349978 0.0140624 0.0312059 0.0281248
0 0.355686 0.0140622 0.0301221 0.0281245
0 0.361915 0.0140624 0.0300795 0.0281248
0 0.368727 0.0140625 0.0312033 0.028125
0 0.374932 0.0140625 0.0311149 0.028125
0 0.386637 0.0140625 0.0295239 0.028125
0 0.393279 0.0140625 0.0303089 0.028125
0 0.399297 0.0140625 0.0298437 0.028125
0 0.404772 0.0140625 0.0282947 0.028125
0 0.411612 0.0140625 0.0294744 0.028125
0 0.418163 0.0140625 0.0300764 0.028125
0 0.424077 0.0140625 0.0294046 0.028125
0 0.436194 0.0140625 0.028638 0.028125
0 0.443534 0.0140625 0.0308298 0.028125
0 0.449615 0.0140625 0.0304827 0.028125
0 0.461599 0.0140625 0.0294502 0.028125
0 0.468494 0.0140625 0.0307497 0.028125
0 0.474661 0.0140625 0.0305752 0.028125
0 0.486625 0.0140625 0.0295019 0.028125
0 0.493217 0.0140625 0.030188 0.028125
0 0.499556 0.0140625 0.0303642 0.028125
0 0.505068 0.0140625 0.0288887 0.028125
0 0.511562 0.0140625 0.0293757 0.028125
0 0.516771 0.0140625 0.0272938 0.028125
0 0.523504 0.0140625 0.028259 0.028125
0 0.528995 0.0140625 0.0267407 0.028125
0 0.535457 0.0140625 0.0271665 0.028125
0 0.543471 0.0140625 0.0307029 0.028125
0 0.549265 0.0140625 0.0297821 0.028125
0 0.561648 0.0140625 0.0295482 0.028125
0 0.572693 0.0140625 0.0266512 0.028125
0 0.581058 0.0140625 0.0309369 0.028125
0 0.590923 0.0140625 0.025597 0.028125
0 0.597604 0.0140625 0.026481 0.028125
0 0.605953 0.0140625 0.0307131 0.028125
0 0.617394 0.0140625 0.0285454 0.028125
0 0.623863 0.0140625 0.0290131 0.028125
0 0.631051 0.0140625 0.030861 0.028125
0 0.6362 0.0140625 0.0286517 0.028125
0 0.643668 0.0140625 0.0310854 0.028125
0 0.649884 0.0140625 0.0310178 0.028125
0 0.661945 0.0140625 0.0301394 0.028125
0 0.673428 0.0140625 0.0281059 0.028125
0 0.680674 0.0140625 0.0300982 0.028125
0 0.686301 0.0140625 0.0288522 0.028125
0 0.692231 0.0140625 0.0282114 0.028125
0 0.6987 0.0140625 0.0286503 0.028125
0 0.705116 0.0140625 0.0289814 0.028125
0 0.711695 0.0140625 0.0296441 0.028125
0 0.718509 0.0140625 0.0307708 0.028125
0 0.723694 0.0140625 0.0286388 0.028125
0 0.728719 0.0140625 0.0261874 0.028125
0 0.736686 0.0140625 0.029622 0.028125
0 0.743725 0.0140625 0.0311993 0.028125
0 0.749651 0.0140625 0.0305517 0.028125
0 0.762289 0.0140625 0.0308298 0.028125
0 0.772829 0.0140625 0.0270666 0.028125
0 0.781017 0.0140625 0.0310789 0.028125
0 0.786379 0.0140625 0.0290298 0.028125
0 0.790625 0.0140625 0.0250001 0.028125
0 0.796875 0.0140624 0.0250012 0.0281248
0 0.804067 0.0140623 0.0269592 0.0281246
0 0.809406 0.014062 0.025066 0.028124
0 0.818173 0.0140622 0.0300972 0.0281244
0 0.8238 0.0140623 0.0288506 0.0281245
0 0.834732 0.0140625 0.0257153 0.028125
0 0.842527 0.0140623 0.0336956 0.0281246
0 0.849999 0.0140625 0.0312481 0.028125
0 0.853218 0.0140625 0.0251856 0.028125
0 0.86217 0.0140625 0.0305893 0.028125
0 0.867186 0.0140625 0.0281227 0.028125
0 0.873498 0.0140625 0.0282486 0.028125
0 0.880976 0.0140625 0.0307125 0.028125
0 0.886656 0.0140625 0.0295656 0.028125
0 0.892339 0.0140625 0.0284313 0.028125
0 0.899003 0.0140625 0.0292591 0.028125
0 0.905562 0.0140625 0.0298784 0.028125
0 0.911798 0.0140625 0.0298519 0.028125
0 0.92249 0.0140625 0.0262589 0.028125
0 0.931089 0.0140625 0.0312271 0.028125
0 0.936785 0.0140625 0.0298847 0.028125
0 0.947029 0.0140625 0.0254793 0.028125
0 0.955701 0.0140625 0.0321133 0.028125
0 0.961389 0.0140625 0.0292295 0.028125
0 0.971943 0.0140625 0.0253391 0.028125
0 0.980551 0.0140625 0.0326481 0.028125
0 0.985937 0.0140624 0.0281253 0.0281248
0 0.976562 0.0483576 0.046875 0.0967152
0 0.0346783 0.0109375 0.0368933 0.021875
0 0.0790354 0.0109375 0.0356793 0.021875
0 0.103707 0.0109375 0.0363357 0.021875
0 0.1159 0.0109375 0.0369503 0.021875
0 0.12817 0.0109375 0.0374101 0.021875
0 0.141002 0.0109375 0.0367464 0.021875
0 0.147541 0.0109375 0.0361676 0.021875
0 0.159519 0.0109375 0.0372112 0.021875
0 0.172003 0.0109375 0.0372434 0.021875
0 0.184395 0.0109375 0.0374606 0.021875
0 0.196876 0.0109375 0.0374981 0.021875
0 0.209377 0.0109375 0.0374955 0.021875
0 0.221935 0.0109375 0.03738 0.021875
0 0.234988 0.0109375 0.0362734 0.021875
0 0.247095 0.0109375 0.0370605 0.021875
0 0.253687 0.0109375 0.0363759 0.021875
0 0.265683 0.0109375 0.0373834 0.021875
0 0.278174 0.0109375 0.0374014 0.021875
0 0.290633 0.0109375 0.0374849 0.021875
0 0.303144 0.0109375 0.0374627 0.021875
0 0.315806 0.0109375 0.0371386 0.021875
0 0.328378 0.0109375 0.0369933 0.021875
0 0.353644 0.0109375 0.0364618 0.021875
0 0.378585 0.0109375 0.0365808 0.021875
0 0.385237 0.0109375 0.0357756 0.021875
0 0.397807 0.0109375 0.0356352 0.021875
0 0.409961 0.0109375 0.0363287 0.021875
0 0.422975 0.0109375 0.0353005 0.021875
0 0.434439 0.0109375 0.0373724 0.021875
0 0.446989 0.0109375 0.0372723 0.021875
0 0.459544 0.0109375 0.0371615 0.021875
0 0.472176 0.0109375 0.0368987 0.021875
0 0.484581 0.0109375 0.0370878 0.021875
0 0.497094 0.0109375 0.0370622 0.021875
0 0.509572 0.0109375 0.0371051 0.021875
0 0.521885 0.0109375 0.0374811 0.021875
0 0.534376 0.0109375 0.0374989 0.021875
0 0.546877 0.0109375 0.0374967 0.021875
0 0.559401 0.0109375 0.0374482 0.021875
0 0.571876 0.0109375 0.037498 0.021875
0 0.584376 0.0109375 0.0374976 0.021875
0 0.596876 0.0109375 0.0374976 0.021875
0 0.609376 0.0109375 0.0374985 0.021875
0 0.621888 0.0109375 0.0374742 0.021875
0 0.634423 0.0109375 0.0374047 0.021875
0 0.654082 0.0109375 0.0355851 0.021875
0 0.665948 0.0109375 0.0368534 0.021875
0 0.678653 0.0109375 0.0364437 0.021875
0 0.690989 0.0109375 0.0367727 0.021875
0 0.703348 0.0109375 0.0370536 0.021875
0 0.716095 0.0109375 0.0365595 0.021875
0 0.728278 0.0109375 0.0371932 0.021875
0 0.741456 0.0109375 0.0358384 0.021875
0 0.753802 0.0109375 0.0361454 0.021875
0 0.761513 0.0109375 0.0332239 0.021875
0 0.771878 0.0109375 0.037495 0.021875
0 0.784377 0.0109375 0.0374953 0.021875
0 0.796875 0.0109375 0.0375 0.021875
0 0.809375 0.0109375 0.0375 0.021875
0 0.821875 0.0109375 0.0375 0.021875
0 0.834375 0.0109375 0.0375 0.021875
0 0.840628 0.0109375 0.0374939 0.021875
0 0.847588 0.0109375 0.0360743 0.021875
0 0.865686 0.0109375 0.0373772 0.021875
0 0.878174 0.0109375 0.0374016 0.021875
0 0.890656 0.0109375 0.0374382 0.021875
0 0.903156 0.0109375 0.0374373 0.021875
0 0.915628 0.0109375 0.0374942 0.021875
0 0.928139 0.0109375 0.037472 0.021875
0 0.940626 0.0109375 0.0374979 0.021875
0 0.953128 0.0109375 0.0374933 0.021875
0 0.965627 0.0109375 0.0374956 0.021875
0 0.980731 0.0109375 0.0322878 0.021875
0 0.98768 0.0109375 0.0191101 0.021875
0 0.0109375 0.0140625 0.021875 0.028125
0 0.01875 0.0140627 0.03125 0.0281254
0 0.025 0.0140625 0.03125 0.028125
0 0.0312493 0.0140625 0.0312515 0.028125
0 0.0375 0.0140626 0.03125 0.0281252
0 0.05625 0.0140625 0.03125 0.028125
0 0.08125 0.0140625 0.03125 0.028125
0 0.15625 0.0140625 0.03125 0.028125
0 0.18125 0.0140625 0.03125 0.028125
0 0.19375 0.0140625 0.03125 0.028125
0 0.38125 0.0140625 0.03125 0.028125
0 0.43125 0.0140625 0.03125 0.028125
0 0.45625 0.0140625 0.03125 0.028125
0 0.48125 0.0140625 0.03125 0.028125
0 0.55625 0.0140625 0.03125 0.028125
0 0.56875 0.0140625 0.03125 0.028125
0 0.5875 0.0140625 0.03125 0.028125
0 0.6125 0.0140625 0.03125 0.028125
0 0.65625 0.0140625 0.03125 0.028125
0 0.66875 0.0140625 0.03125 0.028125
0 0.75625 0.0140625 0.03125 0.028125
0 0.76875 0.0140625 0.03125 0.028125
0 0.83125 0.0140625 0.03125 0.028125
0 0.8375 0.0140625 0.03125 0.028125
0 0.85625 0.0140625 0.03125 0.028125
0 0.91875 0.0140625 0.03125 0.028125
0 0.94375 0.0140625 0.03125 0.028125
0 0.989063 0.0140625 0.021875 0.028125
0 0.0140625 0.0171875 0.028125 0.034375
0 0.1375 0.0171875 0.03125 0.034375
0 0.2 0.0171875 0.03125 0.034375
0 0.20625 0.0171875 0.03125 0.034375
0 0.2125 0.0171875 0.03125 0.034375
0 0.21875 0.0171875 0.03125 0.034375
0 0.225 0.0171875 0.03125 0.034375
0 0.23125 0.0171875 0.03125 0.034375
0 0.24375 0.0171875 0.03125 0.034375
0 0.25 0.0171875 0.03125 0.034375
0 0.25625 0.0171875 0.03125 0.034375
0 0.26875 0.0171875 0.03125 0.034375
0 0.275 0.0171875 0.03125 0.034375
0 0.28125 0.0171875 0.03125 0.034375
0 0.2875 0.0171875 0.03125 0.034375
0 0.29375 0.0171875 0.03125 0.034375
0 0.3 0.0171875 0.03125 0.034375
0 0.30625 0.0171875 0.03125 0.034375
0 0.3125 0.0171875 0.03125 0.034375
0 0.44375 0.0171875 0.03125 0.034375
0 0.45 0.0171875 0.03125 0.034375
0 0.4625 0.0171875 0.03125 0.034375
0 0.46875 0.0171875 0.03125 0.034375
0 0.475 0.0171875 0.03125 0.034375
0 0.4875 0.0171875 0.03125 0.034375
0 0.49375 0.0171875 0.03125 0.034375
0 0.5 0.0171875 0.03125 0.034375
0 0.50625 0.0171875 0.03125 0.034375
0 0.5125 0.0171875 0.03125 0.034375
0 0.51875 0.0171875 0.03125 0.034375
0 0.525 0.0171875 0.03125 0.034375
0 0.53125 0.0171875 0.03125 0.034375
0 0.5375 0.0171875 0.03125 0.034375
0 0.54375 0.0171875 0.03125 0.034375
0 0.55 0.0171875 0.03125 0.034375
0 0.5625 0.0171875 0.03125 0.034375
0 0.575 0.0171875 0.03125 0.034375
0 0.58125 0.0171875 0.03125 0.034375
0 0.59375 0.0171875 0.03125 0.034375
0 0.6 0.0171875 0.03125 0.034375
0 0.60625 0.0171875 0.03125 0.034375
0 0.61875 0.0171875 0.03125 0.034375
0 0.625 0.0171875 0.03125 0.034375
0 0.63125 0.0171875 0.03125 0.034375
0 0.6375 0.0171875 0.03125 0.034375
0 0.7125 0.0171875 0.03125 0.034375
0 0.71875 0.0171875 0.03125 0.034375
0 0.73125 0.0171875 0.03125 0.034375
0 0.7375 0.0171875 0.03125 0.034375
0 0.7625 0.0171875 0.03125 0.034375
0 0.775 0.0171875 0.03125 0.034375
0 0.78125 0.0171875 0.03125 0.034375
0 0.7875 0.0171875 0.03125 0.034375
0 0.79375 0.0171875 0.03125 0.034375
0 0.8 0.0171875 0.0312507 0.034375
0 0.806222 0.0171875 0.0313059 0.034375
0 0.84375 0.0171875 0.03125 0.034375
0 0.85 0.0171875 0.03125 0.034375
0 0.86875 0.0171875 0.03125 0.034375
0 0.875 0.0171875 0.03125 0.034375
