0 0.00783136 0.0105221 0.0156627 0.0210442
0 0.0116739 0.00779868 0.0173176 0.0155974
0 0.0188472 0.0114912 0.0314461 0.0229825
0 0.0249886 0.0101343 0.0312273 0.0202686
0 0.0281457 0.00815848 0.0250435 0.016317
0 0.0346137 0.0106893 0.0254826 0.0213786
0 0.0434358 0.0131812 0.0307072 0.0263624
0 0.0494049 0.0118482 0.0300671 0.0236965
0 0.0607005 0.0125837 0.0276543 0.0251674
0 0.0657391 0.0130928 0.0252439 0.0261856
0 0.0721271 0.0133926 0.0256969 0.0267853
0 0.079673 0.0137951 0.0317895 0.0275902
0 0.0852904 0.0138325 0.0295085 0.0276649
0 0.0912908 0.013868 0.0274596 0.027736
0 0.0974208 0.0138391 0.027834 0.0276782
0 0.104198 0.0138326 0.0297773 0.0276652
0 0.110265 0.0137999 0.0293835 0.0275998
0 0.116589 0.0137816 0.0288435 0.0275632
0 0.122736 0.0137372 0.0283817 0.0274744
0 0.129315 0.0136981 0.0288192 0.0273963
0 0.135629 0.013683 0.0286056 0.0273661
0 0.143474 0.0136392 0.031062 0.0272785
0 0.149404 0.013264 0.0301563 0.0265279
0 0.154964 0.0126912 0.0287663 0.0253824
0 0.162125 0.0129421 0.0305787 0.0258841
0 0.172915 0.0124924 0.0272362 0.0249849
0 0.179635 0.013009 0.0284871 0.0260179
0 0.185707 0.0134735 0.0291748 0.0269471
0 0.193803 0.0136287 0.0317743 0.0272573
0 0.199967 0.0129308 0.0312122 0.0258615
0 0.204217 0.0119381 0.0272242 0.0238762
0 0.211641 0.0127831 0.0295714 0.0255662
0 0.217949 0.0136913 0.029795 0.0273825
0 0.224025 0.0137181 0.0294375 0.0274362
0 0.229688 0.0137913 0.0282969 0.0275826
0 0.236149 0.0138977 0.0287436 0.0277955
0 0.243843 0.0138894 0.031481 0.0277789
0 0.249989 0.0124667 0.0312287 0.0249334
0 0.255704 0.0114339 0.0301589 0.0228678
0 0.262466 0.0120925 0.0311827 0.0241851
0 0.271934 0.012418 0.0258901 0.0248361
0 0.278731 0.0138049 0.0306985 0.0276097
0 0.284039 0.0137551 0.0312085 0.0275102
0 0.290911 0.0139658 0.028968 0.0279316
0 0.29724 0.0139397 0.0284247 0.0278794
0 0.303981 0.0138921 0.0286794 0.0277841
0 0.309981 0.0138611 0.0277263 0.0277222
0 0.316882 0.0138352 0.0284372 0.0276704
0 0.323101 0.0137773 0.0280153 0.0275546
0 0.328766 0.0137919 0.02663 0.0275838
0 0.335038 0.0138573 0.0267796 0.0277146
0 0.34331 0.0136392 0.0322079 0.0272783
0 0.349966 0.0134105 0.0312009 0.0268209
0 0.360991 0.0134592 0.0282384 0.0269185
0 0.366842 0.013911 0.0275123 0.0278219
0 0.373009 0.0139744 0.0274248 0.0279488
0 0.380483 0.013995 0.0298768 0.02799
0 0.3859 0.0139686 0.028105 0.0279372
0 0.391947 0.0138974 0.0276501 0.0277948
0 0.398228 0.013703 0.0277152 0.027406
0 0.404036 0.0136257 0.0268475 0.0272515
0 0.411108 0.013783 0.0285561 0.027566
0 0.421831 0.0137271 0.0258782 0.0274541
0 0.429466 0.0138748 0.0297238 0.0277496
0 0.435171 0.0138562 0.0272884 0.0277125
0 0.443245 0.0138781 0.0303091 0.0277563
0 0.448768 0.0134547 0.0288055 0.0269093
0 0.45352 0.0131771 0.0258402 0.0263542
0 0.460652 0.0137776 0.0278196 0.0275553
0 0.468309 0.0138646 0.0321071 0.0277293
0 0.474986 0.0138439 0.0312321 0.0276878
0 0.486448 0.0129224 0.0291464 0.0258447
0 0.491831 0.0135218 0.027415 0.0270437
0 0.497911 0.0136653 0.0270785 0.0273306
0 0.50559 0.0139196 0.0299397 0.0278392
0 0.511637 0.0139304 0.0295334 0.0278608
0 0.518668 0.0139234 0.0310917 0.0278468
0 0.524837 0.0137325 0.030926 0.027465
0 0.537202 0.0137826 0.0306866 0.0275653
0 0.548064 0.0139095 0.0279453 0.027819
0 0.555279 0.0140149 0.0296031 0.0280298
0 0.561057 0.0140059 0.0286694 0.0280118
0 0.567729 0.0140032 0.029297 0.0280064
0 0.572899 0.0140027 0.0271291 0.0280053
0 0.579083 0.0140085 0.0269505 0.028017
0 0.585688 0.0140198 0.0278312 0.0280396
0 0.5909 0.0140238 0.0257056 0.0280476
0 0.59756 0.0139498 0.0266766 0.0278997
0 0.60347 0.0138357 0.0258164 0.0276713
0 0.609604 0.0138269 0.0254936 0.0276537
0 0.616242 0.0133324 0.0262485 0.0266649
0 0.623304 0.0111128 0.0278624 0.0222256
0 0.628139 0.0108573 0.0250282 0.0217147
0 0.634394 0.0108691 0.0250374 0.0217382
0 0.640842 0.0108692 0.0254372 0.0217385
0 0.647029 0.0108726 0.0253091 0.0217452
0 0.653144 0.0111095 0.0250389 0.022219
0 0.659432 0.0121882 0.0251142 0.0243764
0 0.667069 0.0123312 0.0278995 0.0246624
0 0.672525 0.0131498 0.0263067 0.0262997
0 0.678819 0.0140059 0.0263979 0.0280117
0 0.685288 0.0140249 0.0268478 0.0280498
0 0.690771 0.014029 0.0253482 0.028058
0 0.696967 0.0140443 0.0254463 0.0280886
0 0.704914 0.014046 0.0307944 0.0280919
0 0.710193 0.0140452 0.0276785 0.0280904
0 0.715983 0.0140435 0.0263979 0.028087
0 0.722044 0.0140438 0.0276031 0.0280876
0 0.729351 0.0140474 0.0314646 0.0280947
0 0.735166 0.0140483 0.0285777 0.0280967
0 0.74229 0.0140438 0.0305597 0.0280876
0 0.748319 0.0140517 0.029411 0.0281034
0 0.755081 0.0140508 0.0291522 0.0281017
0 0.760787 0.0140389 0.0279144 0.0280777
0 0.766469 0.014025 0.0267389 0.02805
0 0.773175 0.014036 0.0279037 0.0280719
0 0.780514 0.01405 0.0302513 0.0281
0 0.78596 0.0140433 0.0284759 0.0280866
0 0.79212 0.014039 0.0281895 0.028078
0 0.798839 0.0140442 0.0292208 0.0280883
0 0.804976 0.0140458 0.0288851 0.0280916
0 0.810929 0.0140381 0.028212 0.0280761
0 0.817227 0.0140316 0.0282961 0.0280631
0 0.823534 0.0140311 0.0284069 0.0280621
0 0.83025 0.0140253 0.0293346 0.0280507
0 0.837055 0.0140081 0.0304115 0.0280162
0 0.847116 0.0139069 0.0259937 0.0278139
0 0.854426 0.0140134 0.0299854 0.0280267
0 0.860205 0.0139901 0.0282784 0.0279801
0 0.867275 0.0140031 0.0289571 0.0280061
0 0.873512 0.0140038 0.0284973 0.0280077
0 0.879098 0.0139757 0.0270088 0.0279513
0 0.885467 0.0139587 0.0272222 0.0279174
0 0.892574 0.0139431 0.0289328 0.0278862
0 0.898252 0.0138889 0.0277659 0.0277778
0 0.904793 0.0137669 0.0283449 0.0275339
0 0.912074 0.0137235 0.0304075 0.0274471
0 0.921992 0.0130714 0.0254927 0.0261428
0 0.92981 0.0138802 0.0301514 0.0277605
0 0.935023 0.0138903 0.0271404 0.0277805
0 0.941519 0.0139511 0.0269928 0.0279022
0 0.947865 0.0138501 0.0272284 0.0277003
0 0.95399 0.0137263 0.0268738 0.0274526
0 0.960243 0.013777 0.0268471 0.0275539
0 0.96746 0.0137558 0.0287688 0.0275116
0 0.973104 0.0133176 0.027476 0.0266353
0 0.979118 0.0133965 0.0270027 0.0267929
0 0.985933 0.0134201 0.0281336 0.0268402
0 0.976562 0.0478035 0.046875 0.095607
0 0.0344672 0.0109411 0.0372723 0.0218822
0 0.0657916 0.0109492 0.0369511 0.0218984
0 0.0788883 0.0111708 0.0361662 0.0223415
0 0.0914747 0.010992 0.0358891 0.021984
0 0.103982 0.0110655 0.0359598 0.022131
0 0.116499 0.011023 0.0358777 0.022046
0 0.129096 0.0110127 0.0356398 0.0220254
0 0.166916 0.0109702 0.0349213 0.0219403
0 0.178624 0.010991 0.0364958 0.0219819
0 0.271689 0.0109394 0.0378106 0.0218789
0 0.278216 0.0111615 0.0373217 0.0223229
0 0.28437 0.0109704 0.0375142 0.0219408
0 0.296891 0.0109714 0.0374875 0.0219429
0 0.303212 0.0109802 0.0373482 0.0219605
0 0.315779 0.0109538 0.0372029 0.0219075
0 0.328214 0.0109482 0.0373235 0.0218964
0 0.34224 0.0109538 0.0343885 0.0219075
0 0.353542 0.0109377 0.036665 0.0218754
0 0.366778 0.0109399 0.0351982 0.0218798
0 0.386276 0.0109399 0.0337039 0.0218799
0 0.398767 0.0109406 0.0337175 0.0218812
0 0.409922 0.0109439 0.0364057 0.0218877
0 0.421849 0.0109419 0.0375202 0.0218838
0 0.434378 0.0109485 0.0374943 0.021897
0 0.440921 0.0109474 0.0369108 0.0218948
0 0.453244 0.0109389 0.0372602 0.0218778
0 0.467172 0.0109437 0.0344387 0.0218874
0 0.478858 0.0109376 0.0360335 0.0218752
0 0.492311 0.0109384 0.0341288 0.0218768
0 0.529333 0.0109376 0.0350836 0.0218753
0 0.541244 0.0109384 0.0362623 0.0218769
0 0.554249 0.0109404 0.0352539 0.0218809
0 0.572866 0.0109401 0.0355194 0.0218803
0 0.584788 0.0109422 0.0366761 0.0218843
0 0.597 0.0109414 0.0372515 0.0218828
0 0.609375 0.0109469 0.0374964 0.0218938
0 0.634375 0.0109375 0.0374982 0.021875
0 0.646875 0.0109375 0.0374999 0.021875
0 0.659375 0.0109375 0.0374999 0.021875
0 0.671875 0.0109375 0.0374991 0.021875
0 0.684385 0.0109375 0.0374809 0.021875
0 0.696876 0.0109376 0.0374981 0.0218751
0 0.703128 0.0109387 0.0374961 0.0218773
0 0.709376 0.0109378 0.0374982 0.0218755
0 0.715639 0.0109381 0.0374727 0.0218761
0 0.728149 0.0109395 0.0374555 0.021879
0 0.73439 0.0109383 0.0374727 0.0218767
0 0.740866 0.0109392 0.0370209 0.0218785
0 0.753647 0.010938 0.0364587 0.0218761
0 0.76038 0.0109382 0.0354914 0.0218763
0 0.772744 0.0109387 0.0357643 0.0218775
0 0.779655 0.0109424 0.0344448 0.0218848
0 0.792129 0.0109395 0.0344938 0.0218789
0 0.798508 0.0109399 0.0342383 0.0218799
0 0.804888 0.0109406 0.0339767 0.0218811
0 0.811119 0.0109396 0.0340141 0.0218793
0 0.817543 0.0109395 0.0336655 0.021879
0 0.823682 0.0109393 0.0338886 0.0218786
0 0.841042 0.0109392 0.0366655 0.0218784
0 0.853415 0.010978 0.036925 0.021956
0 0.866043 0.0109458 0.0366686 0.0218917
0 0.878847 0.0109407 0.0360588 0.0218813
0 0.885351 0.010941 0.0355507 0.021882
0 0.898605 0.0109402 0.034041 0.0218804
0 0.91562 0.0109395 0.0373753 0.021879
0 0.928224 0.0110624 0.0373052 0.0221247
0 0.940715 0.0109515 0.0373257 0.0219031
0 0.953352 0.0109441 0.0370479 0.0218882
0 0.965906 0.0109428 0.0369421 0.0218856
0 0.978534 0.0109391 0.0366852 0.0218782
0 0.988716 0.0109418 0.0213467 0.0218837
0 0.0109374 0.0142399 0.0218748 0.0284799
0 0.0217407 0.0140877 0.0372318 0.0281754
0 0.0305809 0.0140639 0.0325884 0.0281277
0 0.0373317 0.0140718 0.0315912 0.0281437
0 0.0500008 0.0140646 0.0312531 0.0281293
0 0.0562488 0.0140636 0.0312525 0.0281273
0 0.0624996 0.0140638 0.031252 0.0281275
0 0.0687429 0.0140643 0.0312642 0.0281287
0 0.156233 0.014139 0.0312849 0.0282781
0 0.168735 0.0141378 0.0312803 0.0282757
0 0.174971 0.0141586 0.0313091 0.0283172
0 0.181202 0.0142478 0.0313484 0.0284957
0 0.206157 0.0141373 0.031437 0.0282745
0 0.256249 0.0140725 0.0312511 0.028145
0 0.268743 0.014067 0.0312636 0.028134
0 0.356248 0.0140635 0.0312531 0.0281271
0 0.40625 0.014068 0.0312505 0.028136
0 0.456241 0.0140768 0.0312682 0.0281537
0 0.48125 0.0140637 0.0312509 0.0281273
0 0.53125 0.0140723 0.031251 0.0281445
0 0.54375 0.0140706 0.0312508 0.0281413
0 0.59375 0.0140636 0.0312508 0.0281272
0 0.606249 0.0140629 0.0312511 0.0281257
0 0.612478 0.0140657 0.0312948 0.0281314
0 0.618669 0.0140645 0.0314116 0.0281289
0 0.624916 0.0140672 0.0314174 0.0281343
0 0.63439 0.0140626 0.0374702 0.0281253
0 0.646879 0.0140625 0.0374911 0.0281251
0 0.65943 0.0140625 0.0373892 0.028125
0 0.668332 0.0140625 0.0320851 0.028125
0 0.674876 0.0140625 0.0314983 0.028125
0 0.84375 0.0140645 0.0312504 0.0281291
0 0.918749 0.0140629 0.0312529 0.0281258
0 0.974999 0.0140631 0.0312515 0.0281261
0 0.98125 0.0140627 0.031251 0.0281254
0 0.985937 0.0171875 0.028125 0.034375
0 0.989063 0.014077 0.0218744 0.028154
0 0.0140771 0.0172378 0.0281541 0.0344756
0 0.0210861 0.0171906 0.0359244 0.0343813
0 0.0749456 0.0171879 0.0313591 0.0343758
0 0.0812172 0.0172118 0.0313273 0.0344235
0 0.0874614 0.0172021 0.0313313 0.0344042
0 0.0936667 0.0172288 0.0314174 0.0344576
0 0.0998444 0.0172583 0.0315623 0.0345166
0 0.10606 0.0174291 0.0316396 0.0348582
0 0.112288 0.0172879 0.0316792 0.0345759
0 0.118573 0.0172782 0.0316066 0.0345563
0 0.124825 0.0172915 0.031604 0.034583
0 0.131058 0.0173314 0.0316373 0.0346628
0 0.137298 0.0173132 0.0316565 0.0346264
0 0.18723 0.0172577 0.0317914 0.0345155
0 0.274962 0.0171916 0.0313269 0.0343831
0 0.281201 0.0172904 0.0313481 0.0345809
0 0.287127 0.017222 0.031996 0.034444
0 0.293431 0.0172145 0.0318883 0.0344291
0 0.299596 0.0172168 0.0320585 0.0344337
0 0.305997 0.017192 0.0317558 0.034384
0 0.312175 0.0171908 0.0318992 0.0343815
0 0.318527 0.0171886 0.0316965 0.0343772
0 0.331104 0.0171878 0.0315414 0.0343755
0 0.337269 0.0171879 0.0317124 0.0343758
0 0.343742 0.0171889 0.0312785 0.0343777
0 0.418711 0.0171876 0.031329 0.0343751
0 0.424782 0.0171878 0.0316858 0.0343757
0 0.431091 0.0171964 0.0315689 0.0343927
0 0.437217 0.0171934 0.0318166 0.0343869
0 0.468745 0.01719 0.0312601 0.03438
0 0.549999 0.0171897 0.0312527 0.0343793
0 0.599996 0.0171875 0.0312573 0.034375
0 0.611614 0.0171875 0.0330225 0.034375
0 0.622185 0.0171875 0.0368795 0.034375
0 0.640625 0.0171875 0.0375 0.034375
0 0.653125 0.0171875 0.0375 0.034375
0 0.665625 0.0171875 0.0374991 0.034375
0 0.67876 0.0171875 0.0362297 0.034375
0 0.687079 0.0171875 0.0320921 0.034375
0 0.693324 0.0171875 0.0321029 0.034375
0 0.705689 0.0171876 0.0323726 0.0343753
0 0.712292 0.0171875 0.0316662 0.034375
0 0.718717 0.0171875 0.0313156 0.034375
