0 0.00781259 0.0109317 0.0156252 0.0218634
0 0.0124973 0.00781251 0.0187477 0.015625
0 0.0187501 0.0114143 0.0312502 0.0228285
0 0.0249999 0.0109345 0.0312497 0.0218689
0 0.0368774 0.011321 0.0300048 0.0226421
0 0.0437124 0.0137973 0.0311748 0.0275946
0 0.049976 0.0137699 0.031202 0.0275399
0 0.0554219 0.0135027 0.0295939 0.0270055
0 0.0618594 0.0138666 0.0299689 0.0277332
0 0.0728849 0.0140444 0.027033 0.0280887
0 0.0807427 0.0140586 0.0302703 0.0281172
0 0.0864911 0.0140577 0.0292772 0.0281153
0 0.0922162 0.0140549 0.0282076 0.0281098
0 0.09847 0.0140558 0.0282349 0.0281115
0 0.105131 0.0140573 0.0290583 0.0281145
0 0.111152 0.0140581 0.0285853 0.0281163
0 0.117861 0.014059 0.0294838 0.028118
0 0.123992 0.014057 0.0292375 0.0281139
0 0.129292 0.0140503 0.0273353 0.0281006
0 0.135443 0.0140556 0.0271404 0.0281112
0 0.140747 0.0140565 0.0252509 0.0281129
0 0.147452 0.0140507 0.026236 0.0281014
0 0.154186 0.0140498 0.0273972 0.0280996
0 0.160149 0.0140448 0.0267565 0.0280896
0 0.165645 0.0140483 0.0250552 0.0280966
0 0.171891 0.0140226 0.0251083 0.0280453
0 0.178403 0.0139871 0.025635 0.0279743
0 0.184428 0.0138564 0.0251193 0.0277128
0 0.190933 0.0135463 0.0256183 0.0270926
0 0.19715 0.0126001 0.0255498 0.0252001
0 0.203135 0.0137872 0.02502 0.0275744
0 0.209393 0.0139699 0.0250364 0.0279399
0 0.218619 0.0130834 0.0314877 0.0261669
0 0.224985 0.0130664 0.0312212 0.0261328
0 0.236158 0.0140331 0.0285656 0.0280662
0 0.24737 0.0140598 0.0260569 0.0281196
0 0.25554 0.0140608 0.0302631 0.0281216
0 0.260874 0.0140602 0.0282662 0.0281205
0 0.266157 0.0140604 0.0261613 0.0281208
0 0.272531 0.0140596 0.0266469 0.0281192
0 0.279918 0.0140589 0.0293562 0.0281177
0 0.286004 0.0140584 0.0289373 0.0281168
0 0.290756 0.0140578 0.0253031 0.0281156
0 0.296991 0.0140548 0.0252925 0.0281096
0 0.304072 0.0140464 0.0270663 0.0280927
0 0.309968 0.014043 0.0263496 0.028086
0 0.316939 0.0140461 0.0276968 0.0280921
0 0.323067 0.0140463 0.0274026 0.0280925
0 0.328434 0.0140428 0.0256247 0.0280856
0 0.335162 0.0140444 0.0266015 0.0280888
0 0.34127 0.0140396 0.0263492 0.0280791
0 0.347483 0.0140427 0.0263231 0.0280853
0 0.354426 0.0140449 0.0277543 0.0280897
0 0.360291 0.0140369 0.0269037 0.0280738
0 0.36569 0.0140398 0.025151 0.0280796
0 0.372134 0.0140239 0.0256754 0.0280479
0 0.378714 0.0140278 0.0262718 0.0280556
0 0.384586 0.0140159 0.0254469 0.0280317
0 0.390685 0.0139576 0.0251214 0.0279153
0 0.396972 0.0130371 0.0251961 0.0260742
0 0.403135 0.0110028 0.0250203 0.0220056
0 0.409382 0.0109226 0.0250149 0.0218451
0 0.415631 0.0108292 0.0250119 0.0216585
0 0.421881 0.0108856 0.0250125 0.0217712
0 0.428126 0.0107101 0.0250015 0.0214202
0 0.434375 0.0108748 0.0250012 0.0217495
0 0.440786 0.0109702 0.0253266 0.0219403
0 0.446974 0.0116905 0.0252056 0.0233811
0 0.453956 0.0139916 0.0266699 0.0279833
0 0.460135 0.0140402 0.0265304 0.0280803
0 0.467001 0.0140402 0.0278311 0.0280803
0 0.472925 0.0140546 0.0272901 0.0281092
0 0.479739 0.0140564 0.0283667 0.0281129
0 0.485223 0.0140537 0.0267284 0.0281074
0 0.490767 0.0140481 0.0252989 0.0280962
0 0.497137 0.0140452 0.0255883 0.0280903
0 0.504596 0.0140459 0.0281775 0.0280919
0 0.510344 0.0140367 0.0271044 0.0280734
0 0.515752 0.0140344 0.0252985 0.0280688
0 0.522041 0.0140349 0.0255731 0.0280698
0 0.529851 0.0140433 0.0294188 0.0280866
0 0.535887 0.0140268 0.0285061 0.0280535
0 0.540635 0.0140224 0.0250511 0.0280449
0 0.546862 0.0140041 0.0251183 0.0280083
0 0.554583 0.0139926 0.0305202 0.0279852
0 0.559538 0.0140138 0.0271336 0.0280276
0 0.566954 0.0139968 0.0294893 0.0279937
0 0.572839 0.0140295 0.0286658 0.028059
0 0.579298 0.0140202 0.0287855 0.0280405
0 0.585322 0.014007 0.0276413 0.028014
0 0.590801 0.0139841 0.0257845 0.0279683
0 0.596995 0.0139584 0.0262938 0.0279168
0 0.604201 0.0139632 0.0300026 0.0279265
0 0.609863 0.0139703 0.0269503 0.0279405
0 0.617935 0.0139646 0.0307053 0.0279292
0 0.624547 0.0139945 0.0305998 0.027989
0 0.636256 0.0139517 0.0289437 0.0279033
0 0.642137 0.0139883 0.0288374 0.0279765
0 0.648928 0.0140164 0.0298477 0.0280328
0 0.654868 0.014017 0.0287952 0.0280341
0 0.660441 0.0139973 0.0272568 0.0279945
0 0.668745 0.013988 0.0312647 0.027976
0 0.674963 0.0138326 0.0311787 0.0276651
0 0.679788 0.0129766 0.0283298 0.0259531
0 0.687283 0.0135813 0.0308194 0.0271627
0 0.692503 0.0138718 0.0288105 0.0277437
0 0.698946 0.0139618 0.0293016 0.0279236
0 0.705137 0.0140255 0.0291967 0.0280511
0 0.711369 0.0140291 0.0291647 0.0280581
0 0.716398 0.0140301 0.0266809 0.0280603
0 0.722969 0.0140339 0.0275652 0.0280678
0 0.73013 0.0140458 0.0297393 0.0280917
0 0.736007 0.0140395 0.0287418 0.0280791
0 0.741188 0.0140348 0.0263227 0.0280696
0 0.747691 0.0140283 0.0270903 0.0280565
0 0.754565 0.0140311 0.028587 0.0280622
0 0.76052 0.0140128 0.0277475 0.0280255
0 0.766369 0.0140061 0.0267012 0.0280122
0 0.772791 0.0140054 0.0271803 0.0280109
0 0.779632 0.0140069 0.0284355 0.0280138
0 0.785544 0.0139911 0.0276243 0.0279821
0 0.791197 0.0139799 0.0263035 0.0279597
0 0.797643 0.0139802 0.02687 0.0279605
0 0.804583 0.0139927 0.0285031 0.0279854
0 0.810471 0.0139773 0.0276448 0.0279546
0 0.816485 0.0139746 0.0270069 0.0279493
0 0.822788 0.0139726 0.0272049 0.0279452
0 0.829538 0.0139693 0.0282404 0.0279386
0 0.83561 0.0139467 0.027764 0.0278934
0 0.841073 0.0139303 0.0260304 0.0278605
0 0.847522 0.0139236 0.0265365 0.0278472
0 0.854286 0.0139223 0.0275688 0.0278446
0 0.860171 0.0138366 0.026717 0.0276732
0 0.866118 0.0137757 0.0260517 0.0275514
0 0.87253 0.0138114 0.0264233 0.0276228
0 0.879941 0.0137923 0.028738 0.0275846
0 0.885961 0.013662 0.0282091 0.027324
0 0.892155 0.0133218 0.0280815 0.0266436
0 0.897883 0.0129811 0.0270567 0.0259622
0 0.903886 0.0131502 0.0265902 0.0263005
0 0.910165 0.0133166 0.0266399 0.0266332
0 0.916523 0.0135397 0.0268375 0.0270795
0 0.922686 0.0136253 0.0266577 0.0272505
0 0.929076 0.0135863 0.0269356 0.0271725
0 0.935895 0.0134803 0.0280758 0.0269606
0 0.94064 0.0128405 0.0250473 0.0256809
0 0.946808 0.0131456 0.0250912 0.0262913
0 0.953794 0.0135128 0.0293919 0.0270256
0 0.959976 0.0135852 0.0278135 0.0271703
0 0.965897 0.0135084 0.0258867 0.0270167
0 0.972038 0.0134244 0.026165 0.0268488
0 0.980487 0.0133279 0.0316593 0.0266557
0 0.985823 0.0128621 0.0283534 0.0257243
0 0.0663306 0.0109375 0.0360887 0.021875
0 0.079221 0.0109376 0.035308 0.0218752
0 0.0913653 0.0109375 0.0360194 0.0218751
0 0.10388 0.0109376 0.0359906 0.0218752
0 0.129735 0.0109375 0.0342805 0.021875
0 0.135992 0.0109375 0.0342656 0.0218751
0 0.146931 0.0109376 0.0373883 0.0218752
0 0.15938 0.0109376 0.0374901 0.0218753
0 0.171874 0.0109376 0.0375015 0.0218752
0 0.184374 0.0109377 0.0375011 0.0218755
0 0.196875 0.0109375 0.0374997 0.0218751
0 0.209375 0.0109375 0.0374998 0.021875
0 0.240699 0.0109375 0.0373529 0.021875
0 0.253238 0.0109377 0.0372745 0.0218754
0 0.265749 0.0109375 0.0372526 0.0218751
0 0.278209 0.0109378 0.0373321 0.0218755
0 0.29064 0.0109376 0.0374691 0.0218751
0 0.303132 0.0109383 0.0374852 0.0218767
0 0.315631 0.0109376 0.0374885 0.0218752
0 0.328132 0.0109375 0.0374857 0.0218751
0 0.340637 0.0109376 0.0374768 0.0218751
0 0.353139 0.0109376 0.0374715 0.0218752
0 0.365628 0.0109375 0.0374937 0.0218751
0 0.378128 0.010938 0.0374943 0.0218761
0 0.390625 0.0109375 0.0374996 0.0218751
0 0.403125 0.0109375 0.0374999 0.021875
0 0.415625 0.0109375 0.0375 0.021875
0 0.428125 0.0109375 0.0375 0.021875
0 0.440625 0.0109375 0.0375 0.021875
0 0.453125 0.0109375 0.0374999 0.021875
0 0.465644 0.0109376 0.037463 0.0218752
0 0.478138 0.0109375 0.0374741 0.0218751
0 0.490638 0.0109376 0.0374737 0.0218751
0 0.503141 0.0109386 0.0374676 0.0218771
0 0.515629 0.0109377 0.0374916 0.0218754
0 0.528134 0.0109413 0.0374823 0.0218827
0 0.540623 0.010938 0.0374799 0.0218759
0 0.553121 0.0109925 0.0375091 0.0219849
0 0.565647 0.010944 0.0374575 0.021888
0 0.578188 0.0109429 0.037376 0.0218857
0 0.590645 0.0109408 0.0374589 0.0218816
0 0.603136 0.0109534 0.0374802 0.0219068
0 0.615727 0.0109469 0.0373001 0.0218938
0 0.622332 0.010944 0.0365903 0.0218881
0 0.635348 0.010939 0.0355549 0.021878
0 0.647425 0.0109404 0.0364014 0.0218807
0 0.659752 0.0109394 0.0367472 0.0218787
0 0.692057 0.0109382 0.0346365 0.0218763
0 0.698285 0.0109381 0.034681 0.0218763
0 0.704594 0.0109392 0.0345637 0.0218784
0 0.710889 0.0109391 0.0344737 0.0218782
0 0.72254 0.0109392 0.0361722 0.0218785
0 0.729267 0.0109443 0.0352217 0.0218886
0 0.741411 0.01094 0.0359306 0.0218799
0 0.753849 0.0109487 0.0360581 0.0218974
0 0.766058 0.0109412 0.0366359 0.0218825
0 0.778662 0.0109473 0.0364324 0.0218946
0 0.791014 0.0109425 0.0367235 0.021885
0 0.803544 0.0109565 0.0366695 0.021913
0 0.816031 0.0109473 0.036693 0.0218945
0 0.828674 0.0109537 0.0364124 0.0219074
0 0.841013 0.0109455 0.036727 0.0218911
0 0.853545 0.0109652 0.0366696 0.0219305
0 0.865856 0.0109477 0.0370386 0.0218954
0 0.878524 0.0109586 0.0367084 0.0219172
0 0.891107 0.010945 0.0365372 0.02189
0 0.903288 0.010949 0.0371723 0.021898
0 0.915878 0.0109563 0.0369968 0.0219127
0 0.928631 0.0109524 0.0364971 0.0219047
0 0.935167 0.0109489 0.0359276 0.0218977
0 0.943046 0.0109506 0.0334343 0.0219011
0 0.952909 0.0121675 0.0382553 0.0243351
0 0.959276 0.0110375 0.0378279 0.0220751
0 0.965662 0.0110695 0.0367603 0.0221391
0 0.988563 0.011008 0.0206324 0.022016
0 0.0109375 0.0140647 0.021875 0.0281295
0 0.0192076 0.0140634 0.0321652 0.0281269
0 0.025 0.0140627 0.03125 0.0281255
0 0.0312482 0.0140625 0.0312535 0.028125
0 0.0374999 0.0140627 0.0312501 0.0281253
0 0.06875 0.0140635 0.03125 0.0281271
0 0.14375 0.0140626 0.03125 0.0281252
0 0.168748 0.0140626 0.0312538 0.0281251
0 0.174997 0.014063 0.0312559 0.0281261
0 0.181247 0.0140634 0.0312556 0.0281269
0 0.187391 0.0140628 0.0314686 0.0281255
0 0.193552 0.0140626 0.0316458 0.0281252
0 0.199965 0.0140625 0.0313207 0.028125
0 0.205947 0.0140625 0.0318567 0.028125
0 0.212135 0.0140626 0.0319797 0.0281251
0 0.23125 0.0140625 0.03125 0.028125
0 0.33125 0.0140625 0.0312501 0.028125
0 0.36875 0.0140625 0.0312506 0.0281251
0 0.387498 0.0140626 0.031254 0.0281253
0 0.393713 0.0140626 0.0313247 0.0281253
0 0.399888 0.0140641 0.0314749 0.0281283
0 0.409388 0.0140628 0.0374739 0.0281256
0 0.421876 0.0140625 0.0374989 0.028125
0 0.434375 0.0140625 0.0375 0.028125
0 0.446999 0.0140625 0.0372517 0.028125
0 0.49375 0.0140625 0.03125 0.0281251
0 0.5 0.0140626 0.03125 0.0281252
0 0.543745 0.0140626 0.0312593 0.0281252
0 0.549979 0.0140631 0.0312912 0.0281261
0 0.631246 0.0140846 0.0312584 0.0281693
0 0.793745 0.0140961 0.0312603 0.0281921
0 0.84374 0.0140967 0.031271 0.0281933
0 0.849986 0.0141213 0.0312783 0.0282427
0 0.862483 0.0141118 0.0312847 0.0282236
0 0.868722 0.0141097 0.0313064 0.0282194
0 0.874968 0.0141359 0.0313144 0.0282719
0 0.899954 0.0141174 0.0313423 0.0282347
0 0.906205 0.0141492 0.0313416 0.0282983
0 0.912458 0.0141514 0.0313351 0.0283028
0 0.918717 0.0141199 0.0313177 0.0282398
0 0.924972 0.0141102 0.0313076 0.0282205
0 0.931234 0.0140964 0.0312843 0.0281929
0 0.943501 0.0140681 0.0317467 0.0281361
0 0.957196 0.0159598 0.0336512 0.0319196
0 0.968328 0.0142204 0.032101 0.0284409
0 0.974461 0.0142902 0.0323492 0.0285805
0 0.985903 0.0172031 0.0281944 0.0344061
0 0.989077 0.014528 0.0218453 0.029056
0 0.0140625 0.0171923 0.028125 0.0343846
0 0.0187868 0.0171876 0.0313235 0.0343751
0 0.15 0.0171875 0.0312504 0.034375
0 0.156249 0.0171875 0.031251 0.034375
0 0.162497 0.0171875 0.0312554 0.034375
0 0.180808 0.0171875 0.0321342 0.034375
0 0.191891 0.0171875 0.0349672 0.034375
0 0.199204 0.0171875 0.0328418 0.034375
0 0.2101 0.0171875 0.0360493 0.034375
0 0.24375 0.0171875 0.03125 0.034375
0 0.25 0.0171875 0.03125 0.034375
0 0.25625 0.0171875 0.03125 0.034375
0 0.2625 0.0171875 0.0312501 0.034375
0 0.26875 0.0171875 0.0312502 0.034375
0 0.275 0.0171875 0.0312506 0.034375
0 0.28125 0.0171875 0.0312507 0.0343751
0 0.2875 0.0171875 0.0312507 0.034375
0 0.29375 0.0171875 0.0312506 0.034375
0 0.299998 0.0171875 0.0312537 0.034375
0 0.306247 0.0171875 0.0312567 0.034375
0 0.312484 0.0171875 0.0312821 0.034375
0 0.34375 0.0171875 0.031251 0.034375
0 0.349999 0.0171875 0.0312517 0.034375
0 0.35625 0.0171875 0.031251 0.034375
