0 0.00781262 0.0109354 0.0156252 0.0218707
0 0.0124967 0.00781251 0.0187569 0.015625
0 0.0187466 0.0114964 0.0312431 0.0229928
0 0.0249679 0.0109828 0.0311858 0.0219655
0 0.0363621 0.0138411 0.0289772 0.0276822
0 0.0437351 0.0140502 0.0312333 0.0281003
0 0.0499642 0.0140136 0.0311788 0.0280272
0 0.0618695 0.0139425 0.0299896 0.027885
0 0.0727075 0.0140471 0.0267536 0.0280943
0 0.0805824 0.0140589 0.0301948 0.0281178
0 0.0859319 0.0140575 0.0282208 0.0281151
0 0.0914151 0.0140559 0.0266282 0.0281118
0 0.0980705 0.014056 0.0275097 0.028112
0 0.105349 0.0140566 0.0295771 0.0281131
0 0.110694 0.0140523 0.0276811 0.0281045
0 0.116681 0.0140442 0.027128 0.0280885
0 0.123167 0.0140437 0.0276035 0.0280874
0 0.129584 0.014046 0.0279342 0.028092
0 0.135483 0.0140446 0.0272311 0.0280893
0 0.143719 0.0140435 0.0311911 0.0280869
0 0.149904 0.0139971 0.0310583 0.0279941
0 0.161169 0.0139423 0.028589 0.0278847
0 0.168529 0.014029 0.0308086 0.0280579
0 0.173957 0.0139989 0.0291645 0.0279977
0 0.185734 0.0140209 0.0277184 0.0280419
0 0.190886 0.0140364 0.0255235 0.0280728
0 0.197517 0.0140394 0.0262936 0.0280787
0 0.204578 0.0140508 0.0279724 0.0281016
0 0.210563 0.0140546 0.0274894 0.0281091
0 0.217615 0.014056 0.0290818 0.0281119
0 0.223584 0.0140554 0.0284403 0.0281108
0 0.228683 0.0140527 0.0261268 0.0281055
0 0.235367 0.0140539 0.026993 0.0281078
0 0.243104 0.0140555 0.029965 0.028111
0 0.248469 0.0140501 0.0281897 0.0281002
0 0.253565 0.0140302 0.0258804 0.0280603
0 0.260307 0.014044 0.0268651 0.028088
0 0.267725 0.0140539 0.0292008 0.0281077
0 0.27344 0.0140359 0.0281308 0.0280717
0 0.278216 0.0140245 0.0251823 0.028049
0 0.285271 0.0140561 0.0267937 0.0281121
0 0.293728 0.0140569 0.0312116 0.0281137
0 0.299643 0.0137505 0.0305355 0.0275009
0 0.31041 0.014036 0.0270697 0.028072
0 0.316058 0.014059 0.0258669 0.028118
0 0.322364 0.0140607 0.0259801 0.0281213
0 0.329311 0.0140617 0.0273866 0.0281234
0 0.335235 0.0140619 0.026733 0.0281239
0 0.343589 0.0140617 0.0311126 0.0281234
0 0.349764 0.0140623 0.0307875 0.0281246
0 0.353975 0.0140623 0.0267017 0.0281247
0 0.361226 0.0140623 0.028703 0.0281247
0 0.366306 0.0140623 0.0263657 0.0281247
0 0.373218 0.0140624 0.0277075 0.0281248
0 0.380756 0.0140624 0.0303046 0.0281249
0 0.3861 0.0140624 0.0284737 0.0281248
0 0.391795 0.0140624 0.0273539 0.0281248
0 0.398496 0.0140624 0.028285 0.0281248
0 0.404991 0.0140624 0.0288411 0.0281248
0 0.411668 0.0140624 0.0297777 0.0281248
0 0.41647 0.0140624 0.0267287 0.0281248
0 0.422395 0.0140624 0.0260879 0.0281248
0 0.430481 0.0140624 0.0298592 0.0281247
0 0.43603 0.0140623 0.0283928 0.0281246
0 0.441501 0.0140622 0.0267956 0.0281243
0 0.448131 0.0140621 0.0276071 0.0281243
0 0.455313 0.0140622 0.0294561 0.0281244
0 0.461102 0.014062 0.0285031 0.0281241
0 0.467521 0.0140617 0.0288172 0.0281234
0 0.473469 0.0140618 0.0282264 0.0281236
0 0.480277 0.014062 0.0293458 0.028124
0 0.486469 0.014062 0.0292538 0.0281241
0 0.492687 0.014062 0.0291634 0.028124
0 0.498919 0.014062 0.0291358 0.0281241
0 0.506093 0.0140621 0.0309617 0.0281243
0 0.512428 0.0140617 0.031111 0.0281235
0 0.522527 0.0140512 0.026395 0.0281024
0 0.52962 0.0140594 0.0292225 0.0281188
0 0.535475 0.0140618 0.0312609 0.0281235
0 0.542784 0.014062 0.0329986 0.0281241
0 0.549849 0.0140622 0.0309996 0.0281243
0 0.55331 0.0140609 0.0253748 0.0281219
0 0.560746 0.0140611 0.0277464 0.0281222
0 0.566926 0.014062 0.0276567 0.0281239
0 0.573262 0.0140614 0.027816 0.0281228
0 0.579177 0.0140612 0.0271614 0.0281224
0 0.585958 0.0140615 0.0283082 0.0281229
0 0.591687 0.0140618 0.0272772 0.0281236
0 0.598034 0.0140616 0.0275395 0.0281232
0 0.604746 0.0140617 0.0286793 0.0281233
0 0.611002 0.0140619 0.0287411 0.0281238
0 0.615862 0.0140621 0.0255451 0.0281242
0 0.622354 0.0140612 0.0260904 0.0281224
0 0.628592 0.0140586 0.0259626 0.0281171
0 0.634589 0.0140505 0.0254305 0.0281009
0 0.640632 0.0139564 0.0250136 0.0279128
0 0.646951 0.0113978 0.0251513 0.0227955
0 0.653126 0.0109902 0.0250012 0.0219805
0 0.659376 0.0109435 0.0250028 0.0218871
0 0.66563 0.0109532 0.0250102 0.0219064
0 0.671875 0.0115088 0.0250008 0.0230177
0 0.678141 0.0139667 0.0250321 0.0279333
0 0.68447 0.0140522 0.0251906 0.0281045
0 0.69255 0.0140471 0.0288569 0.0280942
0 0.697584 0.0140588 0.026426 0.0281176
0 0.704709 0.0140614 0.0281955 0.0281229
0 0.710832 0.014062 0.0279533 0.0281239
0 0.71563 0.0140621 0.0250122 0.0281241
0 0.721905 0.0140607 0.0250849 0.0281214
0 0.728443 0.0140568 0.0256526 0.0281136
0 0.73439 0.0140389 0.0250297 0.0280777
0 0.740627 0.0136515 0.0250044 0.027303
0 0.746892 0.0109846 0.0250336 0.0219692
0 0.753125 0.0109401 0.0250003 0.0218802
0 0.759375 0.0109375 0.0250004 0.021875
0 0.765662 0.0109417 0.0250747 0.0218833
0 0.771882 0.0110658 0.0250147 0.0221317
0 0.778197 0.0139795 0.0251444 0.0279589
0 0.784506 0.0140567 0.0252623 0.0281134
0 0.793463 0.0140415 0.0306838 0.0280829
0 0.798874 0.0140595 0.0290035 0.028119
0 0.80413 0.0140621 0.0270133 0.0281242
0 0.810246 0.0140623 0.0267452 0.0281246
0 0.817748 0.0140623 0.0292931 0.0281246
0 0.823916 0.0140624 0.0291641 0.0281248
0 0.829322 0.0140624 0.0274259 0.0281249
0 0.835934 0.0140624 0.0281578 0.0281249
0 0.842907 0.0140624 0.0296043 0.0281248
0 0.848901 0.0140624 0.0290773 0.0281248
0 0.854365 0.0140624 0.0274904 0.0281247
0 0.860987 0.0140623 0.0282377 0.0281246
0 0.865867 0.0140622 0.0254894 0.0281245
0 0.872459 0.0140622 0.0262408 0.0281244
0 0.880829 0.0140623 0.0307323 0.0281247
0 0.886159 0.0140623 0.0286725 0.0281245
0 0.890938 0.0140622 0.0256428 0.0281244
0 0.897496 0.0140621 0.0263609 0.0281243
0 0.905377 0.0140622 0.0298855 0.0281244
0 0.910808 0.0140621 0.0280606 0.0281242
0 0.917181 0.0140621 0.0282078 0.0281241
0 0.923326 0.0140621 0.0280288 0.0281243
0 0.930916 0.0140621 0.0306221 0.0281242
0 0.937367 0.0140614 0.0309963 0.0281227
0 0.946904 0.0140522 0.025172 0.0281043
0 0.955529 0.0140605 0.0324188 0.028121
0 0.961914 0.0140599 0.0307797 0.0281198
0 0.965627 0.0140541 0.0250461 0.0281083
0 0.971727 0.014043 0.0254207 0.028086
0 0.979887 0.0140386 0.0339863 0.0280771
0 0.985914 0.0140254 0.0281727 0.0280509
0 0.976562 0.0382654 0.046875 0.0765308
0 0.0352891 0.0109375 0.0356718 0.0218751
0 0.054343 0.0109375 0.035064 0.021875
0 0.0659696 0.0109375 0.0368107 0.0218751
0 0.0786866 0.0109383 0.0363769 0.0218765
0 0.0911223 0.0109376 0.0365055 0.0218753
0 0.103791 0.010938 0.0361673 0.0218759
0 0.116282 0.0109376 0.0361865 0.0218753
0 0.128649 0.0109378 0.0364518 0.0218756
0 0.154349 0.0109375 0.0350514 0.021875
0 0.17904 0.0109375 0.0356705 0.021875
0 0.185857 0.0109375 0.034537 0.021875
0 0.196962 0.0109376 0.0373265 0.0218751
0 0.209399 0.0109377 0.0374512 0.0218754
0 0.222004 0.0109376 0.0372412 0.0218752
0 0.234558 0.0109376 0.0371333 0.0218751
0 0.241088 0.0109376 0.0365739 0.0218752
0 0.247663 0.0109376 0.0359248 0.0218751
0 0.25965 0.0109375 0.0369501 0.0218751
0 0.272674 0.0109375 0.0359017 0.0218751
0 0.2844 0.0109375 0.0374495 0.021875
0 0.290968 0.0109375 0.0368135 0.021875
0 0.303209 0.0109375 0.0373327 0.021875
0 0.310322 0.0109375 0.0356063 0.021875
0 0.321876 0.0109375 0.0374976 0.021875
0 0.334376 0.0109375 0.0374984 0.021875
0 0.347086 0.0109375 0.0370771 0.021875
0 0.360984 0.0109375 0.0342829 0.021875
0 0.372124 0.0109375 0.0370023 0.021875
0 0.384604 0.0109375 0.0370422 0.021875
0 0.397145 0.0109375 0.0369602 0.021875
0 0.409572 0.0109375 0.037106 0.021875
0 0.421907 0.0109375 0.0374354 0.021875
0 0.43442 0.0109375 0.0374096 0.021875
0 0.44693 0.0109375 0.0373894 0.021875
0 0.459462 0.0109375 0.0373262 0.021875
0 0.472072 0.0109375 0.0371059 0.021875
0 0.484807 0.0109375 0.0366364 0.021875
0 0.497447 0.0109375 0.0363552 0.021875
0 0.5044 0.0109375 0.0349493 0.021875
0 0.515694 0.0109375 0.0373627 0.021875
0 0.528136 0.0109375 0.0374783 0.0218751
0 0.540703 0.0109375 0.0373437 0.0218751
0 0.547217 0.0109375 0.0368153 0.021875
0 0.55966 0.0109375 0.0369297 0.021875
0 0.57191 0.0109375 0.0374296 0.021875
0 0.584395 0.0109375 0.0374603 0.021875
0 0.596879 0.0109375 0.0374918 0.021875
0 0.609382 0.0109375 0.0374864 0.021875
0 0.621876 0.0109375 0.0374981 0.021875
0 0.634375 0.0109375 0.0375 0.021875
0 0.646875 0.0109375 0.0375 0.021875
0 0.659375 0.0109375 0.0375 0.021875
0 0.671875 0.0109375 0.0375 0.021875
0 0.684375 0.0109375 0.0375 0.021875
0 0.696875 0.0109375 0.0374998 0.021875
0 0.709378 0.0109375 0.0374933 0.021875
0 0.721875 0.0109375 0.0375 0.021875
0 0.734375 0.0109375 0.0375 0.021875
0 0.746875 0.0109375 0.0375 0.021875
0 0.759375 0.0109375 0.0375 0.021875
0 0.771875 0.0109375 0.0375 0.021875
0 0.784375 0.0109375 0.0375 0.021875
0 0.796878 0.0109375 0.0374931 0.021875
0 0.809384 0.0109375 0.0374813 0.021875
0 0.821914 0.0109375 0.0374218 0.021875
0 0.834417 0.0109375 0.0374159 0.021875
0 0.847101 0.0109375 0.0370488 0.021875
0 0.860058 0.0109375 0.0361338 0.021875
0 0.871924 0.0109375 0.0374017 0.021875
0 0.884415 0.0109375 0.0374208 0.021875
0 0.896922 0.0109375 0.0374066 0.021875
0 0.909389 0.0109375 0.0374718 0.021875
0 0.921948 0.0109375 0.0373532 0.021875
0 0.928737 0.0109375 0.0362751 0.021875
0 0.940656 0.0109375 0.037439 0.021875
0 0.953278 0.0109409 0.0371954 0.0218818
0 0.965648 0.0109376 0.0374531 0.0218751
0 0.979221 0.0109952 0.0354565 0.0219905
0 0.98836 0.0109375 0.0204662 0.021875
0 0.0109375 0.0140628 0.021875 0.0281256
0 0.01875 0.0140669 0.0312501 0.0281339
0 0.025 0.0140629 0.0312501 0.0281259
0 0.0312498 0.0140628 0.0312504 0.0281256
0 0.05625 0.0140626 0.03125 0.0281251
0 0.06875 0.0140627 0.03125 0.0281254
0 0.15625 0.0140627 0.03125 0.0281254
0 0.18125 0.0140626 0.03125 0.0281252
0 0.19375 0.0140626 0.03125 0.0281252
0 0.23125 0.0140625 0.03125 0.028125
0 0.25625 0.0140625 0.03125 0.028125
0 0.28125 0.0140625 0.03125 0.028125
0 0.30625 0.0140625 0.03125 0.028125
0 0.31875 0.0140625 0.03125 0.028125
0 0.325 0.0140625 0.03125 0.028125
0 0.51875 0.0140646 0.03125 0.0281292
0 0.55625 0.0140625 0.03125 0.028125
0 0.6375 0.0140625 0.0312502 0.028125
0 0.643744 0.0140625 0.0312622 0.028125
0 0.649981 0.0140625 0.0312874 0.028125
0 0.659385 0.0140625 0.03748 0.028125
0 0.671876 0.0140625 0.0374977 0.028125
0 0.687288 0.0140625 0.0316749 0.028125
0 0.73125 0.0140625 0.03125 0.028125
0 0.737494 0.0140625 0.0312618 0.028125
0 0.743543 0.0140625 0.0316643 0.028125
0 0.74963 0.0140625 0.0319902 0.028125
0 0.759376 0.0140625 0.0374988 0.028125
0 0.771884 0.0140625 0.0374829 0.028125
0 0.780052 0.0140625 0.0336464 0.028125
0 0.787481 0.0140625 0.0312872 0.028125
0 0.989063 0.0141222 0.021875 0.0282444
0 0.0140626 0.0171893 0.0281252 0.0343785
0 0.075 0.0171875 0.03125 0.034375
0 0.08125 0.0171876 0.0312501 0.0343751
0 0.0875 0.0171876 0.0312501 0.0343751
0 0.0937499 0.0171876 0.0312501 0.0343752
0 0.0999999 0.0171877 0.0312503 0.0343753
0 0.2 0.0171875 0.0312501 0.034375
0 0.2125 0.0171875 0.0312502 0.034375
0 0.33125 0.0171875 0.0312503 0.034375
0 0.3375 0.0171875 0.0312501 0.034375
0 0.34375 0.0171875 0.03125 0.034375
0 0.35 0.0171875 0.03125 0.034375
0 0.36875 0.0171875 0.03125 0.034375
0 0.375 0.0171875 0.03125 0.034375
0 0.38125 0.0171875 0.03125 0.034375
0 0.3875 0.0171875 0.03125 0.034375
0 0.39375 0.0171875 0.03125 0.034375
0 0.4 0.0171875 0.03125 0.034375
0 0.40625 0.0171875 0.03125 0.034375
0 0.4125 0.0171875 0.03125 0.034375
0 0.41875 0.0171875 0.03125 0.034375
0 0.425 0.0171875 0.03125 0.034375
0 0.43125 0.0171875 0.03125 0.034375
0 0.4375 0.0171875 0.03125 0.034375
0 0.44375 0.0171875 0.03125 0.034375
0 0.45 0.0171875 0.03125 0.034375
0 0.45625 0.0171875 0.03125 0.034375
0 0.4625 0.0171875 0.03125 0.034375
0 0.46875 0.0171875 0.03125 0.034375
0 0.475 0.0171875 0.03125 0.034375
0 0.48125 0.0171875 0.03125 0.0343751
0 0.4875 0.0171875 0.03125 0.034375
0 0.49375 0.0171875 0.03125 0.0343751
0 0.5 0.0171875 0.03125 0.0343751
0 0.50625 0.0171876 0.03125 0.0343753
0 0.525 0.0171878 0.0312501 0.0343756
0 0.53125 0.0171878 0.0312504 0.0343756
0 0.5375 0.0171877 0.0312509 0.0343754
