0 0.00781251 0.0109348 0.015625 0.0218696
0 0.0124999 0.0078125 0.0187498 0.015625
0 0.0186899 0.0109143 0.0311298 0.0218286
0 0.0281462 0.0109545 0.0250425 0.0219089
0 0.03461 0.0125624 0.02547 0.0251247
0 0.0432982 0.0138691 0.0303463 0.0277383
0 0.0484193 0.0131129 0.0280887 0.0262258
0 0.0531644 0.0122806 0.0250788 0.0245613
0 0.0596064 0.0135402 0.0254629 0.0270804
0 0.0663382 0.0139393 0.0264264 0.0278786
0 0.0723231 0.0139406 0.0258962 0.0278812
0 0.078367 0.013922 0.0254839 0.0278441
0 0.0846979 0.0139764 0.0256459 0.0279529
0 0.0912767 0.0140009 0.0263035 0.0280019
0 0.0972299 0.0139981 0.0257099 0.0279962
0 0.103286 0.0139867 0.0253218 0.0279734
0 0.109753 0.0139863 0.0257556 0.0279726
0 0.115703 0.0139842 0.0251563 0.0279683
0 0.122012 0.0140184 0.0252739 0.0280369
0 0.12883 0.0140395 0.0264094 0.028079
0 0.134777 0.01401 0.0258047 0.02802
0 0.140694 0.0139273 0.025139 0.0278546
0 0.146973 0.0139701 0.0251963 0.0279403
0 0.154391 0.0140252 0.027532 0.0280504
0 0.159939 0.0140311 0.0261284 0.0280622
0 0.165821 0.0140301 0.0253928 0.0280602
0 0.174259 0.014038 0.0297689 0.028076
0 0.180345 0.0139559 0.0294391 0.0279119
0 0.190695 0.0137434 0.0251405 0.0274868
0 0.197208 0.0139936 0.0256671 0.0279873
0 0.203765 0.014028 0.0262807 0.028056
0 0.209804 0.0140376 0.0258599 0.0280753
0 0.215667 0.0140334 0.0250843 0.0280667
0 0.222 0.0140221 0.025251 0.0280442
0 0.228343 0.0140172 0.0254377 0.0280343
0 0.234522 0.0140027 0.0252945 0.0280053
0 0.240635 0.0139939 0.0250195 0.0279877
0 0.246886 0.0140089 0.0250213 0.0280178
0 0.253152 0.0138057 0.0250533 0.0276114
0 0.259381 0.0135504 0.0250116 0.0271008
0 0.265631 0.0139501 0.0250128 0.0279003
0 0.271901 0.0139648 0.025052 0.0279296
0 0.27815 0.0139824 0.0250491 0.0279648
0 0.284404 0.013978 0.0250579 0.027956
0 0.291971 0.0138089 0.0276929 0.0276177
0 0.297384 0.0136044 0.0260183 0.0272087
0 0.303219 0.0139493 0.0251873 0.0278986
0 0.309603 0.0139156 0.0254555 0.0278312
0 0.315644 0.0139127 0.0250386 0.0278254
0 0.321901 0.0139704 0.0250514 0.0279408
0 0.328219 0.0139966 0.0251874 0.0279932
0 0.334449 0.0140051 0.025148 0.0280103
0 0.343646 0.0140138 0.0310417 0.0280277
0 0.349101 0.0137527 0.0294523 0.0275054
0 0.359735 0.0138375 0.0257197 0.027675
0 0.366514 0.0140302 0.0267772 0.0280604
0 0.372292 0.0140322 0.0258337 0.0280644
0 0.378392 0.0140323 0.0255349 0.0280645
0 0.385005 0.0140377 0.0262602 0.0280754
0 0.391511 0.0140383 0.0267726 0.0280766
0 0.398188 0.0140383 0.0276253 0.0280765
0 0.403517 0.014036 0.0257834 0.0280721
0 0.409869 0.0140417 0.0259872 0.0280834
0 0.416266 0.0140482 0.0262826 0.0280964
0 0.422665 0.0140481 0.0265799 0.0280962
0 0.428942 0.0140536 0.0266354 0.0281071
0 0.435265 0.0140537 0.0267812 0.0281074
0 0.442992 0.0140573 0.0297334 0.0281146
0 0.449304 0.0140454 0.0298588 0.0280907
0 0.460834 0.0140536 0.0279185 0.0281073
0 0.468464 0.0140607 0.0306791 0.0281215
0 0.474532 0.0140591 0.0303133 0.0281181
0 0.48508 0.0140549 0.0264091 0.0281098
0 0.493656 0.0140599 0.0310629 0.0281197
0 0.499891 0.0140555 0.0310324 0.0281109
0 0.505263 0.0140412 0.0292763 0.0280823
0 0.511931 0.0140546 0.0301113 0.0281092
0 0.523365 0.0140597 0.0279813 0.0281193
0 0.529067 0.0140606 0.0268842 0.0281212
0 0.534646 0.0140615 0.0255433 0.0281231
0 0.543731 0.0140612 0.031212 0.0281224
0 0.549725 0.0140612 0.0306997 0.0281223
0 0.561184 0.0140618 0.0286174 0.0281236
0 0.568517 0.0140623 0.0307867 0.0281246
0 0.5737 0.0140623 0.0286508 0.0281245
0 0.579253 0.0140622 0.0272557 0.0281243
0 0.585623 0.0140623 0.0274957 0.0281245
0 0.593574 0.0140623 0.0308973 0.0281246
0 0.599682 0.0140622 0.030615 0.0281245
0 0.611315 0.0140623 0.0288798 0.0281247
0 0.618673 0.0140624 0.0310965 0.0281249
0 0.624944 0.0140624 0.0311379 0.0281248
0 0.636997 0.0140621 0.0302436 0.0281242
0 0.642491 0.0140622 0.028733 0.0281243
0 0.648689 0.0140622 0.0286274 0.0281245
0 0.656002 0.0140624 0.0307539 0.0281247
0 0.661983 0.0140624 0.030216 0.0281247
0 0.672814 0.0140624 0.0268816 0.0281248
0 0.680868 0.0140625 0.0304909 0.0281249
0 0.686027 0.0140625 0.0283098 0.0281249
0 0.692375 0.0140624 0.0285006 0.0281249
0 0.698803 0.0140624 0.0288576 0.0281249
0 0.70533 0.0140624 0.0294135 0.0281249
0 0.711987 0.0140624 0.0302261 0.0281248
0 0.722948 0.0140623 0.0271616 0.0281247
0 0.730529 0.0140624 0.0299311 0.0281249
0 0.736407 0.0140624 0.0292158 0.0281249
0 0.741234 0.0140624 0.0262478 0.0281249
0 0.747737 0.0140624 0.0267922 0.0281248
0 0.755232 0.0140624 0.0293093 0.0281248
0 0.760796 0.0140624 0.0278798 0.0281247
0 0.765894 0.0140623 0.0255417 0.0281246
0 0.772188 0.0140623 0.0256363 0.0281246
0 0.779432 0.0140623 0.0276303 0.0281246
0 0.785194 0.014062 0.0266523 0.0281241
0 0.790847 0.014062 0.0254501 0.0281239
0 0.797378 0.0140615 0.0260269 0.0281229
0 0.804213 0.0140609 0.027202 0.0281218
0 0.809952 0.0140604 0.0261696 0.0281208
0 0.816653 0.0140608 0.0270694 0.0281217
0 0.822794 0.0140606 0.0268463 0.0281211
0 0.828687 0.0140604 0.026131 0.0281208
0 0.834966 0.014061 0.026194 0.0281219
0 0.842836 0.0140614 0.0294731 0.0281227
0 0.849151 0.0140618 0.0295563 0.0281236
0 0.859736 0.0140613 0.0257214 0.0281225
0 0.865675 0.0140608 0.0250995 0.0281216
0 0.871978 0.0140586 0.0252064 0.0281171
0 0.878465 0.0140562 0.0256805 0.0281124
0 0.884647 0.0140546 0.0255451 0.0281093
0 0.890636 0.0140567 0.0250217 0.0281134
0 0.896891 0.0140573 0.0250389 0.0281146
0 0.90508 0.0140594 0.0292221 0.0281188
0 0.917649 0.0140588 0.029134 0.0281176
0 0.922639 0.0140615 0.0265598 0.028123
0 0.929418 0.0140617 0.0276075 0.0281233
0 0.936855 0.0140605 0.0299827 0.0281209
0 0.946865 0.0140376 0.025021 0.0280753
0 0.954618 0.014033 0.0342048 0.0280659
0 0.965723 0.0140568 0.0259907 0.0281136
0 0.971634 0.0140511 0.0270237 0.0281022
0 0.98009 0.0140371 0.033622 0.0280743
0 0.985909 0.0140073 0.0281819 0.0280145
0 0.976562 0.0421177 0.046875 0.0842355
0 0.0281437 0.0109375 0.0374626 0.021875
0 0.040987 0.0109375 0.0367759 0.021875
0 0.0474994 0.0109375 0.0362513 0.021875
0 0.059544 0.0109375 0.037162 0.021875
0 0.0719815 0.0109375 0.037287 0.021875
0 0.0844734 0.0109375 0.0373031 0.021875
0 0.0969799 0.0109375 0.0372902 0.021875
0 0.109523 0.0109375 0.0372044 0.021875
0 0.121886 0.0109375 0.037479 0.021875
0 0.134386 0.0109375 0.0374772 0.021875
0 0.146879 0.0109375 0.0374926 0.021875
0 0.159383 0.0109376 0.0374847 0.0218751
0 0.171971 0.0109375 0.0373089 0.0218751
0 0.18438 0.0109375 0.0374909 0.021875
0 0.196878 0.0109377 0.0374938 0.0218754
0 0.209378 0.0109376 0.0374947 0.0218752
0 0.221875 0.0109376 0.0374993 0.0218752
0 0.234375 0.0109377 0.0374999 0.0218753
0 0.246875 0.0109377 0.0375003 0.0218755
0 0.259375 0.0109378 0.0375 0.0218755
0 0.271875 0.0109378 0.0375 0.0218756
0 0.284375 0.0109377 0.0375 0.0218755
0 0.296876 0.0109375 0.0374989 0.0218751
0 0.309396 0.0109375 0.0374587 0.021875
0 0.321875 0.0109376 0.0374994 0.0218751
0 0.334375 0.0109377 0.0375 0.0218753
0 0.346916 0.0109375 0.0374177 0.0218751
0 0.359404 0.0109375 0.0374428 0.021875
0 0.371882 0.0109375 0.0374852 0.021875
0 0.384403 0.0109375 0.0374447 0.021875
0 0.396942 0.0109375 0.0373661 0.021875
0 0.409401 0.0109375 0.0374475 0.021875
0 0.4219 0.0109375 0.03745 0.021875
0 0.43439 0.0109375 0.03747 0.021875
0 0.447123 0.0109375 0.0370041 0.021875
0 0.459551 0.0109375 0.0371483 0.021875
0 0.472588 0.0109375 0.0360743 0.021875
0 0.484592 0.0109375 0.0370658 0.021875
0 0.503994 0.0109375 0.0357617 0.021875
0 0.515843 0.0109375 0.037064 0.021875
0 0.52818 0.0109375 0.0373898 0.021875
0 0.553321 0.0109375 0.0371075 0.021875
0 0.56022 0.0109375 0.0358105 0.021875
0 0.572499 0.0109375 0.0362519 0.021875
0 0.58512 0.0109375 0.0360094 0.021875
0 0.604037 0.0109375 0.035676 0.021875
0 0.610862 0.0109375 0.0345251 0.021875
0 0.630515 0.0109375 0.0327193 0.021875
0 0.648133 0.0109375 0.0349842 0.021875
0 0.660223 0.0109375 0.0358034 0.021875
0 0.671964 0.0109375 0.037322 0.021875
0 0.684508 0.0109375 0.0372334 0.021875
0 0.691059 0.0109375 0.0366327 0.021875
0 0.703794 0.0109375 0.0361624 0.021875
0 0.710435 0.0109375 0.0353804 0.021875
0 0.721973 0.0109375 0.0373031 0.021875
0 0.734409 0.0109375 0.0374325 0.021875
0 0.746891 0.0109375 0.0374685 0.021875
0 0.759387 0.0109375 0.037475 0.021875
0 0.771878 0.0109375 0.0374933 0.021875
0 0.784376 0.0109375 0.0374977 0.021875
0 0.796877 0.0109375 0.037496 0.021875
0 0.809376 0.0109375 0.0374988 0.021875
0 0.821877 0.0109375 0.0374954 0.021875
0 0.834376 0.0109375 0.0374973 0.021875
0 0.846882 0.0109375 0.0374855 0.021875
0 0.859383 0.0109375 0.0374843 0.021875
0 0.871875 0.0109375 0.0374994 0.021875
0 0.884375 0.0109375 0.0374998 0.021875
0 0.896875 0.0109375 0.0375 0.021875
0 0.909375 0.0109375 0.0375 0.021875
0 0.921876 0.0109375 0.0374983 0.021875
0 0.934461 0.0109375 0.0373278 0.021875
0 0.9462 0.0109375 0.0362904 0.021875
0 0.953117 0.0110517 0.0375181 0.0221034
0 0.959375 0.0109381 0.0375013 0.0218761
0 0.965648 0.0109384 0.0374552 0.0218768
0 0.979664 0.0109547 0.0347782 0.0219095
0 0.988063 0.0109375 0.0198626 0.021875
0 0.0109375 0.0140628 0.021875 0.0281256
0 0.01875 0.0140629 0.03125 0.0281258
0 0.0249994 0.0140625 0.0312512 0.028125
0 0.0312495 0.0140625 0.031251 0.028125
0 0.0374999 0.0140625 0.0312501 0.0281251
0 0.05625 0.0140625 0.03125 0.028125
0 0.0625 0.0140625 0.03125 0.028125
0 0.06875 0.0140625 0.03125 0.028125
0 0.075 0.0140625 0.03125 0.028125
0 0.08125 0.0140625 0.03125 0.028125
0 0.0875 0.0140625 0.03125 0.028125
0 0.09375 0.0140625 0.03125 0.028125
0 0.1 0.0140625 0.03125 0.028125
0 0.10625 0.0140625 0.03125 0.028125
0 0.1125 0.0140625 0.03125 0.028125
0 0.11875 0.0140625 0.03125 0.028125
0 0.125 0.0140625 0.03125 0.0281251
0 0.1375 0.0140625 0.03125 0.0281251
0 0.14375 0.0140626 0.0312501 0.0281251
0 0.15 0.0140627 0.0312501 0.0281254
0 0.1625 0.0140628 0.0312501 0.0281256
0 0.16875 0.0140628 0.0312501 0.0281255
0 0.1875 0.014063 0.0312506 0.0281259
0 0.19375 0.0140641 0.0312503 0.0281282
0 0.2 0.0140633 0.03125 0.0281266
0 0.20625 0.014063 0.03125 0.028126
0 0.2125 0.0140628 0.0312501 0.0281256
0 0.218749 0.0140627 0.0312514 0.0281254
0 0.224999 0.0140635 0.0312511 0.0281271
0 0.23125 0.0140628 0.0312503 0.0281257
0 0.2375 0.0140627 0.0312508 0.0281254
0 0.243747 0.0140625 0.0312565 0.028125
0 0.249984 0.0140626 0.0312819 0.0281252
0 0.256219 0.0140626 0.0313116 0.0281251
0 0.262121 0.0140626 0.0320087 0.0281252
0 0.267966 0.014063 0.0328189 0.028126
0 0.274719 0.0140626 0.0318115 0.0281253
0 0.281168 0.0140628 0.0314136 0.0281256
0 0.287468 0.0140628 0.0313134 0.0281255
0 0.299998 0.0140625 0.0312547 0.028125
0 0.306248 0.0140625 0.0312535 0.0281251
0 0.3125 0.0140625 0.0312502 0.0281251
0 0.31875 0.0140625 0.0312504 0.0281251
0 0.325 0.0140626 0.0312505 0.0281252
0 0.331249 0.0140628 0.0312518 0.0281256
0 0.337497 0.0140631 0.0312552 0.0281263
0 0.35625 0.0140625 0.0312505 0.028125
0 0.3625 0.0140626 0.0312501 0.0281253
0 0.375 0.0140626 0.03125 0.0281252
0 0.38125 0.0140626 0.03125 0.0281251
0 0.3875 0.0140625 0.03125 0.0281251
0 0.40625 0.0140626 0.03125 0.0281251
0 0.4125 0.0140625 0.03125 0.0281251
0 0.45625 0.0140626 0.03125 0.0281251
0 0.48125 0.0140625 0.03125 0.0281251
0 0.51875 0.0140626 0.03125 0.0281251
0 0.5375 0.0140628 0.03125 0.0281256
0 0.55625 0.0140625 0.03125 0.028125
0 0.60625 0.0140625 0.03125 0.028125
0 0.63125 0.0140625 0.03125 0.028125
0 0.66875 0.0140625 0.03125 0.028125
0 0.85625 0.0140625 0.03125 0.028125
0 0.8625 0.0140625 0.03125 0.028125
0 0.86875 0.0140625 0.03125 0.028125
0 0.875 0.0140625 0.03125 0.028125
0 0.88125 0.0140625 0.03125 0.028125
0 0.8875 0.0140625 0.03125 0.028125
0 0.89375 0.0140625 0.0312506 0.028125
0 0.9 0.0140625 0.031251 0.028125
0 0.9125 0.0140625 0.03125 0.028125
0 0.94375 0.0140625 0.0312506 0.028125
0 0.949979 0.0140625 0.031291 0.0281251
0 0.974998 0.0140674 0.0312548 0.0281348
0 0.989063 0.0140731 0.021875 0.0281461
0 0.0140625 0.0171881 0.028125 0.0343762
0 0.236724 0.0171875 0.0328029 0.034375
0 0.247155 0.0171875 0.03694 0.034375
