0 0.00781498 0.0109127 0.01563 0.0218255
0 0.0124959 0.00781261 0.0187571 0.0156252
0 0.0186227 0.0110499 0.0309955 0.0220997
0 0.0245484 0.0109203 0.0303474 0.0218406
0 0.035291 0.0131279 0.0268334 0.0262558
0 0.0437509 0.0137784 0.0312551 0.0275568
0 0.0499762 0.0119806 0.0312025 0.0239612
0 0.0611683 0.0129692 0.0285868 0.0259383
0 0.0680415 0.0138584 0.0298358 0.0277167
0 0.0735458 0.0137728 0.0283428 0.0275456
0 0.0801635 0.0137395 0.0290786 0.0274791
0 0.0857469 0.0138543 0.0277456 0.0277086
0 0.0919394 0.013883 0.027633 0.0277661
0 0.0980489 0.0139265 0.0273567 0.027853
0 0.104063 0.0139798 0.0269001 0.0279596
0 0.110854 0.0140379 0.0281667 0.0280758
0 0.118229 0.0140445 0.0314344 0.028089
0 0.124594 0.0140511 0.0304912 0.0281023
0 0.136232 0.014047 0.0287224 0.028094
0 0.141896 0.0140519 0.0275797 0.0281037
0 0.147885 0.0140513 0.0270483 0.0281025
0 0.154086 0.0140499 0.0269567 0.0280998
0 0.160386 0.014051 0.027077 0.028102
0 0.166121 0.0140477 0.0260111 0.0280954
0 0.172289 0.0140194 0.0258424 0.0280388
0 0.178484 0.0140066 0.0257295 0.0280131
0 0.185046 0.0140224 0.0263636 0.0280449
0 0.191045 0.0140243 0.0258472 0.0280486
0 0.19746 0.013996 0.0261724 0.027992
0 0.203457 0.0140077 0.0256676 0.0280154
0 0.209675 0.0140143 0.025601 0.0280287
0 0.215664 0.0140069 0.0250782 0.0280138
0 0.221917 0.0140462 0.0250852 0.0280924
0 0.229105 0.0140508 0.0269864 0.0281016
0 0.234918 0.0140514 0.0261442 0.0281027
0 0.242487 0.0140475 0.0290121 0.028095
0 0.247872 0.0140563 0.0271176 0.0281126
0 0.253549 0.0140559 0.0258676 0.0281119
0 0.259972 0.0140532 0.0262013 0.0281064
0 0.266535 0.014029 0.0268245 0.028058
0 0.27207 0.0140136 0.0254032 0.0280272
0 0.27946 0.0140193 0.0277763 0.0280386
0 0.285651 0.0140526 0.0277421 0.0281052
0 0.293726 0.0140488 0.0313042 0.0280977
0 0.3 0.0140147 0.0312497 0.0280294
0 0.311816 0.013535 0.0298822 0.0270701
0 0.322957 0.0140441 0.0271887 0.0280882
0 0.330504 0.014059 0.0298147 0.0281179
0 0.336275 0.0140572 0.0288255 0.0281144
0 0.34114 0.0140546 0.0260347 0.0281093
0 0.347676 0.0140529 0.026612 0.0281058
0 0.354254 0.0140573 0.0272706 0.0281145
0 0.361571 0.0140549 0.0294042 0.0281098
0 0.367234 0.0140361 0.0282215 0.0280723
0 0.37235 0.0139544 0.0259525 0.0279088
0 0.3784 0.0139797 0.0255519 0.0279594
0 0.384914 0.0140476 0.0260822 0.0280953
0 0.393723 0.014053 0.0312067 0.028106
0 0.39962 0.0140404 0.0304893 0.0280808
0 0.411549 0.0140574 0.0293495 0.0281149
0 0.418497 0.0140617 0.0308677 0.0281234
0 0.424624 0.0140618 0.0305132 0.0281236
0 0.429447 0.0140616 0.0276501 0.0281232
0 0.436231 0.014062 0.0287193 0.028124
0 0.443736 0.0140621 0.0312505 0.0281242
0 0.449987 0.0140621 0.0312243 0.0281241
0 0.462186 0.01406 0.0306219 0.0281201
0 0.473618 0.0140619 0.0284889 0.0281238
0 0.481073 0.0140624 0.0309019 0.0281247
0 0.487267 0.0140623 0.0307884 0.0281245
0 0.497966 0.0140621 0.0271898 0.0281242
0 0.50566 0.0140624 0.030088 0.0281247
0 0.511445 0.0140624 0.0291818 0.0281247
0 0.517158 0.0140623 0.028095 0.0281246
0 0.523661 0.0140623 0.0286176 0.0281245
0 0.5307 0.0140623 0.0302091 0.0281245
0 0.53714 0.0140621 0.0305805 0.0281242
0 0.540688 0.0140618 0.0251417 0.0281235
0 0.547262 0.0140598 0.0259998 0.0281197
0 0.555325 0.0140613 0.0298451 0.0281226
0 0.568226 0.0140606 0.0302405 0.0281213
0 0.574541 0.0140592 0.0303403 0.0281185
0 0.586431 0.0140616 0.0292069 0.0281232
0 0.592998 0.014062 0.0323715 0.028124
0 0.599627 0.0140623 0.030779 0.0281246
0 0.610901 0.0140623 0.0280689 0.0281246
0 0.616468 0.0140621 0.0267107 0.0281243
0 0.623012 0.0140619 0.0273076 0.0281238
0 0.629192 0.0140619 0.0271729 0.0281238
0 0.635483 0.0140621 0.0272556 0.0281242
0 0.643642 0.0140621 0.0310662 0.0281242
0 0.649449 0.0140616 0.0301476 0.0281231
0 0.660875 0.0140616 0.0279995 0.0281232
0 0.666327 0.0140621 0.0264127 0.0281243
0 0.672875 0.0140623 0.0270216 0.0281246
0 0.680373 0.0140624 0.0295469 0.0281248
0 0.685652 0.0140624 0.0275749 0.0281247
0 0.691069 0.0140624 0.0259023 0.0281247
0 0.697656 0.0140623 0.0266454 0.0281247
0 0.705213 0.0140624 0.0293895 0.0281248
0 0.710792 0.0140623 0.0279331 0.0281247
0 0.716049 0.0140623 0.025871 0.0281246
0 0.722386 0.0140622 0.026122 0.0281245
0 0.730486 0.0140621 0.0298809 0.0281243
0 0.736562 0.0140616 0.0293927 0.0281232
0 0.740625 0.0140585 0.0250003 0.028117
0 0.746874 0.0140263 0.0250036 0.0280525
0 0.753198 0.0139831 0.0251647 0.0279662
0 0.759391 0.0137363 0.025034 0.0274727
0 0.765678 0.013753 0.0251057 0.027506
0 0.771935 0.011792 0.0251191 0.023584
0 0.778127 0.0135348 0.025005 0.0270697
0 0.784395 0.013713 0.0250395 0.027426
0 0.793698 0.0124473 0.0312605 0.0248946
0 0.799153 0.0130067 0.0295584 0.0260134
0 0.803254 0.0140488 0.0252586 0.0280977
0 0.809679 0.0140548 0.0256073 0.0281096
0 0.815833 0.0140574 0.0254169 0.0281149
0 0.822333 0.0140606 0.0259293 0.0281212
0 0.830389 0.0140617 0.029669 0.0281234
0 0.835535 0.0140616 0.0273865 0.0281232
0 0.840855 0.0140617 0.0254814 0.0281233
0 0.847342 0.0140615 0.0260761 0.0281231
0 0.854984 0.0140618 0.0288711 0.0281237
0 0.860279 0.0140613 0.026835 0.0281225
0 0.865788 0.0140607 0.02533 0.0281214
0 0.872122 0.0140601 0.0255053 0.0281201
0 0.880436 0.0140595 0.0296427 0.0281191
0 0.886942 0.0140497 0.0301361 0.0280993
0 0.896882 0.0137642 0.0250242 0.0275283
0 0.903251 0.0139122 0.0252651 0.0278245
0 0.909383 0.0139921 0.0250172 0.0279842
0 0.917858 0.0140149 0.0294719 0.0280297
0 0.923413 0.0140173 0.0280777 0.0280347
0 0.92829 0.0140484 0.0253305 0.0280967
0 0.934944 0.0140566 0.0261394 0.0281132
0 0.942491 0.0140557 0.0288109 0.0281115
0 0.947857 0.0140603 0.0269918 0.0281206
0 0.954643 0.0140611 0.0280411 0.0281222
0 0.96081 0.0140599 0.027871 0.0281198
0 0.965693 0.0140506 0.0251369 0.0281012
0 0.972079 0.0140508 0.0254303 0.0281016
0 0.981147 0.0140532 0.0314558 0.0281064
0 0.985933 0.014039 0.0281339 0.0280781
0 0.976562 0.0478722 0.046875 0.0957443
0 0.0350755 0.0109381 0.0360988 0.0218763
0 0.0851963 0.0109378 0.0358574 0.0218757
0 0.0973347 0.010938 0.0365807 0.0218761
0 0.109525 0.0109383 0.0372002 0.0218765
0 0.116195 0.0109386 0.0363605 0.0218773
0 0.12912 0.0109375 0.0355102 0.0218751
0 0.141236 0.0109377 0.0362787 0.0218754
0 0.153352 0.0109379 0.037046 0.0218757
0 0.165651 0.0109377 0.0374484 0.0218754
0 0.178132 0.0109378 0.0374853 0.0218756
0 0.190625 0.0109376 0.0374991 0.0218753
0 0.203126 0.0109376 0.0374987 0.0218751
0 0.215625 0.0109376 0.0374999 0.0218751
0 0.228125 0.0109381 0.0374999 0.0218762
0 0.240631 0.0109379 0.0374889 0.0218758
0 0.25313 0.0109376 0.0374902 0.0218751
0 0.265633 0.010938 0.0374836 0.0218759
0 0.278128 0.0109377 0.0374949 0.0218754
0 0.292119 0.0109376 0.0345124 0.0218752
0 0.30421 0.0109375 0.0353293 0.021875
0 0.315854 0.0109375 0.0370418 0.021875
0 0.328345 0.0109376 0.0370595 0.0218752
0 0.34078 0.0109375 0.0371901 0.021875
0 0.353235 0.0109376 0.0372806 0.0218752
0 0.365647 0.0109376 0.0374565 0.0218751
0 0.378127 0.0109375 0.0374952 0.021875
0 0.390698 0.0109376 0.0373545 0.0218752
0 0.403305 0.0109375 0.0371395 0.021875
0 0.410422 0.0109375 0.0354061 0.021875
0 0.422778 0.0109375 0.0356935 0.021875
0 0.435273 0.0109375 0.035704 0.021875
0 0.443273 0.0109375 0.0322031 0.021875
0 0.455617 0.0109375 0.0325167 0.021875
0 0.467044 0.0109375 0.0346614 0.021875
0 0.491527 0.0109375 0.0356951 0.021875
0 0.503877 0.0109375 0.0359951 0.021875
0 0.51608 0.0109375 0.0365896 0.021875
0 0.528933 0.0109375 0.0358831 0.021875
0 0.535255 0.0109375 0.0357394 0.021875
0 0.546899 0.0109375 0.0374514 0.021875
0 0.559375 0.0109375 0.0374996 0.0218751
0 0.571894 0.0109375 0.0374622 0.0218751
0 0.584427 0.0109375 0.0373953 0.021875
0 0.597 0.0109375 0.03725 0.021875
0 0.609792 0.0109375 0.0366666 0.021875
0 0.621902 0.0109375 0.0374467 0.021875
0 0.634377 0.0109375 0.037495 0.021875
0 0.647137 0.0109375 0.0369763 0.021875
0 0.659525 0.0109375 0.0372007 0.021875
0 0.671877 0.0109375 0.0374953 0.021875
0 0.684381 0.0109375 0.0374878 0.021875
0 0.696883 0.0109375 0.0374836 0.021875
0 0.709382 0.0109375 0.0374869 0.021875
0 0.721881 0.0109375 0.0374882 0.021875
0 0.73441 0.0109375 0.0374308 0.021875
0 0.746868 0.0109375 0.0374896 0.021875
0 0.759375 0.0109376 0.0375007 0.0218752
0 0.771875 0.0109375 0.0375 0.021875
0 0.784375 0.0109375 0.0375 0.021875
0 0.803129 0.0109375 0.0374928 0.021875
0 0.815628 0.0109375 0.0374947 0.021875
0 0.82813 0.0109375 0.0374908 0.021875
0 0.840631 0.0109375 0.0374889 0.021875
0 0.853132 0.0109375 0.0374863 0.0218751
0 0.86563 0.0109375 0.0374894 0.021875
0 0.87814 0.0109376 0.0374699 0.0218752
0 0.890621 0.0109375 0.0374928 0.021875
0 0.903125 0.0109392 0.0375002 0.0218783
0 0.915625 0.0109377 0.0375 0.0218754
0 0.928125 0.0109375 0.0374997 0.021875
0 0.940627 0.0109375 0.0374966 0.0218751
0 0.953129 0.0109375 0.0374924 0.021875
0 0.965628 0.0109375 0.0374942 0.021875
0 0.978907 0.0109381 0.035944 0.0218761
0 0.987972 0.0109375 0.0196953 0.021875
0 0.0109375 0.0140683 0.021875 0.0281365
0 0.0187525 0.0141024 0.0312552 0.0282048
0 0.0249922 0.0140656 0.031266 0.0281313
0 0.0312158 0.0140648 0.0313185 0.0281296
0 0.037495 0.0140719 0.0312601 0.0281438
0 0.056249 0.0140638 0.0312521 0.0281277
0 0.13125 0.0140628 0.0312501 0.0281256
0 0.16875 0.0140628 0.0312502 0.0281256
0 0.175 0.014063 0.0312502 0.0281261
0 0.18125 0.0140625 0.0312502 0.028125
0 0.193748 0.0140625 0.0312549 0.028125
0 0.199999 0.0140625 0.0312527 0.028125
0 0.206248 0.0140625 0.0312542 0.028125
0 0.212499 0.0140625 0.031253 0.028125
0 0.218703 0.0140625 0.031344 0.028125
0 0.224937 0.0140625 0.0313767 0.028125
0 0.237494 0.0140627 0.0312614 0.0281255
0 0.256247 0.0140648 0.0312553 0.0281297
0 0.2625 0.0140706 0.0312506 0.0281412
0 0.274998 0.01407 0.0312544 0.02814
0 0.30625 0.0140626 0.03125 0.0281253
0 0.31875 0.0140634 0.03125 0.0281268
0 0.34375 0.0140631 0.03125 0.0281262
0 0.375 0.014063 0.03125 0.028126
0 0.38125 0.0140627 0.03125 0.0281254
0 0.3875 0.0140627 0.0312501 0.0281254
0 0.40625 0.0140625 0.03125 0.028125
0 0.45625 0.0140625 0.03125 0.028125
0 0.46875 0.0140626 0.03125 0.0281252
0 0.49375 0.0140631 0.03125 0.0281261
0 0.5625 0.0140648 0.03125 0.0281297
0 0.58125 0.0140626 0.03125 0.0281251
0 0.60625 0.0140625 0.03125 0.028125
0 0.65625 0.0140625 0.03125 0.028125
0 0.74375 0.0140625 0.03125 0.028125
0 0.749999 0.0140625 0.0312511 0.028125
0 0.75625 0.0140628 0.0312506 0.0281255
0 0.762164 0.0140625 0.0319223 0.0281251
0 0.77475 0.0140625 0.0317509 0.028125
0 0.780568 0.0140625 0.0326136 0.028125
0 0.787224 0.0140625 0.0318028 0.028125
0 0.80625 0.0140625 0.03125 0.028125
0 0.8125 0.0140625 0.03125 0.028125
0 0.81875 0.0140625 0.03125 0.028125
0 0.86875 0.0140629 0.03125 0.0281257
0 0.875 0.0140632 0.0312502 0.0281264
0 0.893732 0.0140626 0.0312866 0.0281252
0 0.899975 0.0140638 0.0313004 0.0281276
0 0.90618 0.0140946 0.0313892 0.0281891
0 0.931239 0.0140643 0.0312722 0.0281286
0 0.96875 0.0140646 0.0312508 0.0281293
0 0.974999 0.0140658 0.0312523 0.0281316
0 0.989063 0.0140667 0.021875 0.0281334
0 0.0140634 0.0171898 0.0281269 0.0343795
0 0.112494 0.0171883 0.0312623 0.0343765
0 0.118749 0.0171883 0.031253 0.0343766
0 0.180849 0.0171875 0.0320529 0.034375
0 0.190663 0.0171875 0.0374236 0.034375
0 0.203203 0.0171875 0.0373448 0.034375
0 0.215643 0.0171875 0.0374645 0.034375
0 0.228293 0.0171917 0.0371645 0.0343834
0 0.235512 0.0171877 0.0352252 0.0343753
0 0.243538 0.0171885 0.0316746 0.0343771
0 0.249881 0.017188 0.0314877 0.0343761
0 0.287409 0.0171934 0.031433 0.0343868
0 0.41875 0.0171875 0.03125 0.034375
0 0.44375 0.0171875 0.03125 0.034375
0 0.5125 0.0171875 0.03125 0.034375
0 0.51875 0.0171875 0.03125 0.034375
0 0.525 0.0171875 0.03125 0.034375
0 0.53125 0.0171875 0.03125 0.034375
0 0.5375 0.0171875 0.03125 0.034375
0 0.54375 0.0171875 0.03125 0.034375
0 0.55 0.0171875 0.0312502 0.034375
0 0.55625 0.0171878 0.0312508 0.0343756
0 0.5875 0.0171875 0.0312502 0.034375
0 0.59375 0.0171875 0.03125 0.034375
0 0.6 0.0171875 0.03125 0.034375
0 0.6125 0.0171875 0.03125 0.034375
0 0.61875 0.0171875 0.03125 0.034375
