0 0.00781263 0.0109329 0.0156253 0.0218658
0 0.0122682 0.0078251 0.0184872 0.0156502
0 0.0187373 0.0121822 0.0312262 0.0243644
0 0.0248326 0.0109265 0.0309153 0.0218529
0 0.0281253 0.00846662 0.0250005 0.0169332
0 0.0343755 0.00993618 0.025001 0.0198724
0 0.0437286 0.0109087 0.0312138 0.0218173
0 0.0498709 0.0109303 0.0309919 0.0218606
0 0.0531551 0.00936513 0.0250602 0.0187303
0 0.0609071 0.0134673 0.0280642 0.0269346
0 0.0656355 0.0139587 0.0250222 0.0279173
0 0.0718791 0.0140224 0.0250116 0.0280448
0 0.0802599 0.0139455 0.0293865 0.027891
0 0.0847883 0.0138122 0.0258368 0.0276244
0 0.0906269 0.011674 0.0250038 0.0233481
0 0.0968768 0.0109763 0.0250035 0.0219526
0 0.103125 0.010942 0.0250004 0.021884
0 0.109375 0.0109396 0.0250003 0.0218793
0 0.11567 0.0109476 0.0250988 0.0218952
0 0.121913 0.0109668 0.0250799 0.0219336
0 0.128194 0.0131801 0.025139 0.0263602
0 0.134928 0.0137756 0.0261099 0.0275513
0 0.141241 0.0137534 0.0262579 0.0275068
0 0.146944 0.0140331 0.0251898 0.0280662
0 0.155218 0.014055 0.0300497 0.0281099
0 0.160543 0.0140558 0.0280328 0.0281115
0 0.166622 0.0140568 0.0280571 0.0281137
0 0.172608 0.014059 0.0298429 0.0281179
0 0.179897 0.0140605 0.0306898 0.0281209
0 0.185742 0.0140602 0.0287123 0.0281204
0 0.192464 0.0140594 0.0294835 0.0281189
0 0.198177 0.0140584 0.0280721 0.0281168
0 0.204636 0.0140562 0.0284562 0.0281124
0 0.212202 0.0140533 0.0311124 0.0281066
0 0.215624 0.0140456 0.0250378 0.0280912
0 0.221816 0.0140138 0.0251843 0.0280277
0 0.229653 0.014028 0.0301536 0.0280559
0 0.234581 0.0140192 0.0263286 0.0280384
0 0.241525 0.0140234 0.0270012 0.0280468
0 0.247908 0.0140073 0.027165 0.0280146
0 0.253437 0.0139679 0.025663 0.0279357
0 0.260363 0.0139504 0.0271466 0.0279007
0 0.265647 0.0139299 0.0250908 0.0278597
0 0.271892 0.0138759 0.0251245 0.0277519
0 0.278217 0.0115298 0.0252289 0.0230596
0 0.284393 0.011238 0.0250393 0.0224761
0 0.290911 0.0110569 0.0255726 0.0221138
0 0.297057 0.0109091 0.0253641 0.0218182
0 0.303134 0.010803 0.0250174 0.021606
0 0.309422 0.0116059 0.0251023 0.0232119
0 0.317696 0.0113118 0.0293732 0.0226235
0 0.322448 0.012495 0.0261694 0.0249899
0 0.328616 0.0139993 0.0259889 0.0279986
0 0.335015 0.0139905 0.0262871 0.027981
0 0.340775 0.0139871 0.0253174 0.0279743
0 0.347233 0.0139888 0.0258635 0.0279777
0 0.354584 0.0139993 0.0283675 0.0279985
0 0.359787 0.0140026 0.0259246 0.0280051
0 0.365818 0.0140104 0.0254169 0.0280207
0 0.372309 0.0139813 0.0259317 0.0279625
0 0.378687 0.0139778 0.0262666 0.0279556
0 0.384973 0.0140021 0.0263757 0.0280043
0 0.393715 0.013967 0.0313511 0.0279339
0 0.399996 0.0136829 0.0312421 0.0273659
0 0.403298 0.0118458 0.0253456 0.0236916
0 0.411304 0.012637 0.0288574 0.025274
0 0.418394 0.0137915 0.0305372 0.027583
0 0.424469 0.0135944 0.0301874 0.0271889
0 0.434871 0.0139175 0.0259922 0.0278349
0 0.44375 0.0140097 0.0312508 0.0280193
0 0.45 0.0115816 0.0312495 0.0231632
0 0.46123 0.0119003 0.0287105 0.0238006
0 0.468036 0.0139356 0.0298219 0.0278711
0 0.474062 0.0139529 0.0293745 0.0279058
0 0.484747 0.01401 0.0257436 0.02802
0 0.49375 0.0140448 0.03125 0.0280895
0 0.499999 0.0113489 0.0312483 0.0226977
0 0.511426 0.0119179 0.0291013 0.0238357
0 0.518703 0.0139783 0.0311564 0.0279567
0 0.524916 0.0139151 0.0310822 0.0278302
0 0.535966 0.0138997 0.0281814 0.0277994
0 0.543731 0.0140392 0.0312113 0.0280784
0 0.549817 0.0139964 0.0308849 0.0279928
0 0.560608 0.014046 0.0274668 0.0280919
0 0.568678 0.0140609 0.0311064 0.0281217
0 0.574874 0.0140579 0.0309975 0.0281157
0 0.58513 0.0140529 0.0265104 0.0281058
0 0.593068 0.0140607 0.0298861 0.0281214
0 0.599378 0.0140607 0.0300069 0.0281214
0 0.610435 0.0140621 0.0271204 0.0281242
0 0.61858 0.0140624 0.0309091 0.0281249
0 0.624537 0.0140623 0.0303234 0.0281247
0 0.635415 0.0140623 0.0270805 0.0281247
0 0.643119 0.0140624 0.0299873 0.0281249
0 0.64932 0.0140624 0.0298893 0.0281249
0 0.655461 0.0140624 0.0296715 0.0281249
0 0.661915 0.0140625 0.03008 0.0281249
0 0.6731 0.0140625 0.0274501 0.028125
0 0.680881 0.0140625 0.0305131 0.028125
0 0.687412 0.0140625 0.0310755 0.0281249
0 0.697106 0.0140623 0.0254636 0.0281247
0 0.705656 0.0140625 0.0300701 0.0281249
0 0.711405 0.0140625 0.0290644 0.0281249
0 0.716752 0.0140624 0.0272535 0.0281248
0 0.722225 0.014062 0.0256997 0.028124
0 0.728486 0.0140622 0.0257227 0.0281244
0 0.735581 0.0140625 0.0274174 0.0281249
0 0.743682 0.0140625 0.031154 0.0281249
0 0.749833 0.0140625 0.0309167 0.028125
0 0.760684 0.0140625 0.0276181 0.0281249
0 0.766697 0.0140625 0.0271448 0.028125
0 0.773775 0.0140625 0.028804 0.028125
0 0.7798 0.0140625 0.0283595 0.028125
0 0.78601 0.0140625 0.0282826 0.028125
0 0.79368 0.0140625 0.0311611 0.028125
0 0.799964 0.0140625 0.0311799 0.028125
0 0.80465 0.0140625 0.0280508 0.028125
0 0.811913 0.0140625 0.0300758 0.0281249
0 0.822685 0.0140625 0.0266197 0.028125
0 0.830932 0.0140625 0.0306164 0.028125
0 0.836461 0.0140625 0.029174 0.028125
0 0.84166 0.0140625 0.0270702 0.028125
0 0.848253 0.0140625 0.0277596 0.028125
0 0.855542 0.0140625 0.0298359 0.028125
0 0.861139 0.0140625 0.0285286 0.028125
0 0.86743 0.0140625 0.0286102 0.028125
0 0.873854 0.0140625 0.0289574 0.028125
0 0.880289 0.0140625 0.0293289 0.028125
0 0.886372 0.0140625 0.0289947 0.028125
0 0.892728 0.0140625 0.0292061 0.028125
0 0.898946 0.0140625 0.029142 0.028125
0 0.905139 0.0140625 0.0290278 0.0281249
0 0.91125 0.0140625 0.028751 0.0281249
0 0.918528 0.0140625 0.0308056 0.0281249
0 0.924778 0.0140624 0.0308059 0.0281249
0 0.930459 0.0140623 0.0296684 0.0281246
0 0.937024 0.0140623 0.0302977 0.0281246
0 0.947604 0.0140624 0.0264585 0.0281249
0 0.955862 0.0140625 0.0304762 0.028125
0 0.961788 0.0140625 0.0298277 0.0281249
0 0.972034 0.0140623 0.0253531 0.0281247
0 0.981112 0.0140623 0.0315254 0.0281247
0 0.985937 0.0140615 0.0281253 0.028123
0 0.976562 0.0484232 0.046875 0.0968465
0 0.0140625 0.0109316 0.028125 0.0218632
0 0.034317 0.0109375 0.0373773 0.021875
0 0.0656264 0.0109375 0.0374963 0.021875
0 0.0781258 0.0109376 0.0374984 0.0218751
0 0.090625 0.0109375 0.0374998 0.021875
0 0.103125 0.0109375 0.0375 0.021875
0 0.115625 0.0109375 0.0375 0.021875
0 0.128125 0.0109375 0.0375 0.021875
0 0.140629 0.0109375 0.0374924 0.021875
0 0.153127 0.0109376 0.0374959 0.0218751
0 0.159376 0.0109376 0.0374979 0.0218751
0 0.165692 0.010938 0.0373663 0.0218759
0 0.178234 0.0109382 0.037283 0.0218763
0 0.191226 0.0109381 0.0362985 0.0218762
0 0.203805 0.0109379 0.0361408 0.0218757
0 0.211274 0.0109378 0.0337019 0.0218757
0 0.221846 0.0109378 0.0375037 0.0218756
0 0.234372 0.0109411 0.0375054 0.0218822
0 0.246887 0.0109396 0.0374767 0.0218791
0 0.259429 0.010938 0.0373921 0.021876
0 0.271858 0.0109381 0.0374883 0.0218761
0 0.284374 0.0109385 0.0375015 0.0218769
0 0.296876 0.0109376 0.0374983 0.0218752
0 0.309376 0.0109375 0.037497 0.021875
0 0.328134 0.0109375 0.0374826 0.021875
0 0.340637 0.0109381 0.0374768 0.0218762
0 0.353144 0.0109409 0.037462 0.0218819
0 0.365629 0.010939 0.0374909 0.021878
0 0.378128 0.0109413 0.0374948 0.0218826
0 0.39133 0.0109387 0.0360954 0.0218774
0 0.428144 0.0109375 0.0374612 0.021875
0 0.466579 0.0109375 0.0355921 0.021875
0 0.478307 0.0109375 0.0371367 0.021875
0 0.528164 0.0109375 0.0374225 0.021875
0 0.547315 0.0109375 0.0366192 0.021875
0 0.559478 0.0109375 0.0372936 0.021875
0 0.578295 0.0109375 0.0371611 0.021875
0 0.59076 0.0109375 0.0372295 0.021875
0 0.603168 0.0109375 0.0374134 0.021875
0 0.616056 0.0109375 0.0366372 0.021875
0 0.628275 0.0109375 0.0372006 0.021875
0 0.640898 0.0109375 0.0369532 0.021875
0 0.64748 0.0109375 0.0362895 0.021875
0 0.660311 0.0109375 0.0356291 0.021875
0 0.671993 0.0109375 0.0372647 0.021875
0 0.684684 0.0109375 0.0368819 0.021875
0 0.696877 0.0109375 0.0374967 0.021875
0 0.709375 0.0109375 0.0374997 0.021875
0 0.721875 0.0109375 0.0374997 0.021875
0 0.734375 0.0109375 0.0374999 0.021875
0 0.746889 0.0109375 0.037473 0.021875
0 0.759455 0.0109375 0.0373392 0.021875
0 0.77188 0.0109375 0.0374908 0.021875
0 0.784377 0.0109375 0.0374961 0.021875
0 0.797053 0.0109375 0.037145 0.021875
0 0.810161 0.0109375 0.0359275 0.021875
0 0.821887 0.0109375 0.0374752 0.021875
0 0.834388 0.0109375 0.0374746 0.021875
0 0.846897 0.0109375 0.0374557 0.021875
0 0.859424 0.0109375 0.0374016 0.021875
0 0.871976 0.0109375 0.0372978 0.021875
0 0.884483 0.0109375 0.0372837 0.021875
0 0.897011 0.0109375 0.0372275 0.021875
0 0.9095 0.0109375 0.0372505 0.021875
0 0.916048 0.0109375 0.0366542 0.021875
0 0.928392 0.0109375 0.0369669 0.021875
0 0.940658 0.0109375 0.0374336 0.021875
0 0.953214 0.0109375 0.0373211 0.021875
0 0.965629 0.0109375 0.0374916 0.021875
0 0.980783 0.0109375 0.0321852 0.021875
0 0.987666 0.0109375 0.0190824 0.021875
0 0.0109375 0.0140782 0.021875 0.0281564
0 0.0140625 0.0140967 0.028125 0.0281933
0 0.025 0.0140625 0.0312501 0.0281251
0 0.0346035 0.0140625 0.037043 0.028125
0 0.0434715 0.0140625 0.0318846 0.028125
0 0.0499999 0.0140625 0.0312501 0.028125
0 0.05625 0.0140625 0.03125 0.028125
0 0.06875 0.0140625 0.0312501 0.028125
0 0.0749988 0.0140625 0.0312525 0.028125
0 0.0874998 0.0140625 0.0312504 0.028125
0 0.0937295 0.0140625 0.0312911 0.028125
0 0.0993618 0.0140625 0.0325263 0.028125
0 0.109375 0.0140625 0.0374997 0.028125
0 0.121919 0.0140625 0.0374115 0.028125
0 0.131088 0.0140625 0.0315739 0.028125
0 0.137496 0.0140625 0.0312586 0.028125
0 0.218749 0.0140626 0.0312529 0.0281253
0 0.224991 0.014065 0.031269 0.0281299
0 0.256239 0.0140652 0.0312719 0.0281304
0 0.268565 0.0140628 0.0316195 0.0281255
0 0.279949 0.0140663 0.0338528 0.0281326
0 0.291157 0.0140629 0.0364362 0.0281259
0 0.298889 0.0140626 0.0334723 0.0281252
0 0.31087 0.0140625 0.0345097 0.0281251
0 0.318681 0.0140627 0.0313889 0.0281253
0 0.324964 0.0140625 0.031323 0.028125
0 0.331242 0.0140626 0.0312656 0.0281251
0 0.337499 0.0140631 0.0312519 0.0281262
0 0.343748 0.0140637 0.0312544 0.0281275
0 0.349998 0.0140652 0.0312544 0.0281303
0 0.368746 0.0140726 0.031258 0.0281451
0 0.374997 0.0140756 0.0312555 0.0281512
0 0.406249 0.014063 0.0312528 0.028126
0 0.4125 0.0140654 0.0312507 0.0281308
0 0.431249 0.0140671 0.0312518 0.0281343
0 0.437499 0.0140791 0.0312527 0.0281581
0 0.45625 0.0140625 0.03125 0.028125
0 0.4625 0.0140627 0.03125 0.0281254
0 0.48125 0.0140626 0.03125 0.0281251
0 0.4875 0.0140627 0.03125 0.0281253
0 0.5 0.0140625 0.03125 0.028125
0 0.50625 0.0140625 0.03125 0.028125
0 0.5125 0.0140625 0.03125 0.028125
0 0.53125 0.0140625 0.03125 0.028125
0 0.55625 0.0140625 0.03125 0.028125
0 0.58125 0.0140625 0.03125 0.028125
0 0.60625 0.0140625 0.03125 0.028125
0 0.63125 0.0140625 0.03125 0.028125
0 0.66875 0.0140625 0.03125 0.028125
0 0.69375 0.0140625 0.03125 0.028125
0 0.7 0.0140625 0.03125 0.0281251
0 0.725 0.0140635 0.03125 0.0281269
0 0.75625 0.0140625 0.03125 0.028125
0 0.81875 0.0140625 0.03125 0.028125
0 0.94375 0.0140625 0.03125 0.028125
0 0.989063 0.0140625 0.021875 0.028125
0 0.0109375 0.0187137 0.021875 0.0313231
0 0.0291582 0.0171875 0.0354336 0.034375
0 0.0424084 0.0171875 0.0339357 0.034375
0 0.0984794 0.0171875 0.0342913 0.034375
0 0.115642 0.0171875 0.037467 0.034375
0 0.14373 0.0171875 0.0312903 0.034375
0 0.149537 0.0171875 0.0321758 0.034375
0 0.156076 0.0171879 0.0315984 0.0343758
0 0.162479 0.0171876 0.0312916 0.0343752
0 0.168745 0.0171884 0.0312604 0.0343767
0 0.174991 0.017189 0.0312682 0.034378
0 0.181241 0.0171947 0.0312682 0.0343894
0 0.187496 0.0171918 0.0312574 0.0343835
0 0.19375 0.0171906 0.0312507 0.0343811
0 0.2 0.0171891 0.0312505 0.0343781
0 0.20625 0.017188 0.0312503 0.0343759
0 0.2125 0.0171877 0.0312502 0.0343753
0 0.231016 0.017294 0.0317175 0.0345879
0 0.242702 0.0173767 0.0333467 0.0347534
0 0.262204 0.0171898 0.0318412 0.0343797
0 0.272222 0.0171882 0.0368059 0.0343765
0 0.284402 0.017188 0.037447 0.034376
0 0.303726 0.0171875 0.0362976 0.0343751
0 0.318218 0.0171875 0.0323138 0.034375
0 0.32446 0.0171875 0.0323293 0.034375
0 0.356115 0.0171905 0.0315192 0.0343811
0 0.362337 0.0171883 0.031576 0.0343766
0 0.380792 0.0171906 0.0321655 0.0343811
0 0.386672 0.0172015 0.0329056 0.034403
