0 0.00781544 0.0109304 0.0156309 0.0218608
0 0.0125014 0.00781251 0.0187684 0.015625
0 0.0183328 0.0109439 0.0304155 0.0218879
0 0.0289978 0.0122206 0.0267461 0.0244413
0 0.0356417 0.0136316 0.0275377 0.0272633
0 0.043702 0.013917 0.0311702 0.027834
0 0.0498217 0.0138272 0.0308961 0.0276545
0 0.0609358 0.0137374 0.0281246 0.0274748
0 0.0682382 0.0139744 0.0302355 0.0279487
0 0.07465 0.0139585 0.0305539 0.0279171
0 0.0860002 0.0139378 0.0282544 0.0278755
0 0.0936027 0.014007 0.03096 0.028014
0 0.0997899 0.013945 0.0308309 0.02789
0 0.105348 0.0137026 0.0294473 0.0274051
0 0.111877 0.0137597 0.0300056 0.0275194
0 0.117377 0.0139158 0.0285065 0.0278315
0 0.124169 0.0139358 0.0295941 0.0278715
0 0.130529 0.0139931 0.0298125 0.0279863
0 0.136687 0.0140078 0.02963 0.0280157
0 0.142917 0.0140203 0.0295849 0.0280406
0 0.149275 0.0140152 0.0298014 0.0280303
0 0.155394 0.0140098 0.0295393 0.0280196
0 0.161665 0.0140143 0.0295816 0.0280286
0 0.166922 0.0140167 0.0275961 0.0280334
0 0.173244 0.0140292 0.027743 0.0280585
0 0.179782 0.0140432 0.0283298 0.0280864
0 0.186143 0.0140474 0.0285731 0.0280948
0 0.191847 0.0140478 0.0274752 0.0280956
0 0.197962 0.0140464 0.027216 0.0280928
0 0.204453 0.0140462 0.027694 0.0280924
0 0.210734 0.0140445 0.0277512 0.028089
0 0.215971 0.0140416 0.0257086 0.0280832
0 0.222441 0.0140294 0.0261641 0.0280587
0 0.229438 0.0140352 0.0277939 0.0280705
0 0.235547 0.0140481 0.0276264 0.0280962
0 0.242244 0.0140524 0.0284508 0.0281048
0 0.248307 0.0140551 0.0280377 0.0281101
0 0.254381 0.0140548 0.027565 0.0281096
0 0.260571 0.0140495 0.0274125 0.028099
0 0.267418 0.0140415 0.0285994 0.028083
0 0.273415 0.014042 0.0280845 0.028084
0 0.279067 0.0140367 0.0268978 0.0280734
0 0.285603 0.0140441 0.0274785 0.0280883
0 0.292151 0.0140461 0.0280917 0.0280922
0 0.298343 0.0140403 0.027956 0.0280806
0 0.304437 0.0140351 0.0276348 0.0280703
0 0.31163 0.0140384 0.0295159 0.0280769
0 0.318109 0.0140174 0.0299742 0.0280348
0 0.323613 0.0139664 0.0284902 0.0279328
0 0.330082 0.0139894 0.0289585 0.0279787
0 0.335862 0.0140298 0.0280225 0.0280596
0 0.343738 0.0140474 0.0312341 0.0280948
0 0.349974 0.0140135 0.0311976 0.028027
0 0.361659 0.0139154 0.0295686 0.0278307
0 0.368569 0.0140383 0.0308922 0.0280767
0 0.374678 0.0140348 0.0306071 0.0280696
0 0.380066 0.0140223 0.0288826 0.0280447
0 0.387082 0.0140443 0.0304169 0.0280886
0 0.39285 0.0140505 0.0294558 0.028101
0 0.398866 0.0140476 0.0289866 0.0280952
0 0.405217 0.014051 0.0291853 0.0281021
0 0.411621 0.0140474 0.0294929 0.0280949
0 0.422107 0.0140495 0.0254709 0.028099
0 0.429186 0.0140588 0.0271633 0.0281175
0 0.435622 0.0140588 0.0276701 0.0281175
0 0.442098 0.0140579 0.0279682 0.0281159
0 0.44727 0.0140556 0.0258056 0.0281112
0 0.455145 0.01405 0.0291127 0.0281001
0 0.46129 0.014058 0.0291062 0.0281159
0 0.46601 0.0140565 0.0260374 0.028113
0 0.472474 0.0140573 0.0263643 0.0281147
0 0.47907 0.0140577 0.0274059 0.0281154
0 0.484939 0.0140596 0.0266647 0.0281192
0 0.493438 0.0140527 0.0318312 0.0281055
0 0.499954 0.0140513 0.031161 0.0281026
0 0.511542 0.0140525 0.0293352 0.0281051
0 0.516294 0.0140604 0.0263821 0.0281208
0 0.522673 0.0140597 0.0266563 0.0281194
0 0.529124 0.0140604 0.027061 0.0281207
0 0.535283 0.0140608 0.0268447 0.0281215
0 0.542056 0.0140604 0.0279057 0.0281208
0 0.547547 0.0140598 0.0263509 0.0281196
0 0.553464 0.0140578 0.0256844 0.0281156
0 0.559835 0.0140587 0.0259268 0.0281173
0 0.566106 0.0140602 0.0259796 0.0281204
0 0.573247 0.0140587 0.027788 0.0281174
0 0.578367 0.0140592 0.025515 0.0281184
0 0.584517 0.0140614 0.0253017 0.0281228
0 0.593749 0.0140558 0.0312531 0.0281117
0 0.6 0.0128519 0.03125 0.0257039
0 0.612087 0.014036 0.0304242 0.028072
0 0.618665 0.0140624 0.0311242 0.0281249
0 0.624876 0.0140625 0.0310038 0.028125
0 0.629483 0.0140625 0.0277163 0.0281249
0 0.636967 0.0140625 0.0301834 0.0281249
0 0.647061 0.0140624 0.0253747 0.0281247
0 0.655856 0.0140625 0.0307153 0.028125
0 0.665679 0.0140624 0.0251142 0.0281249
0 0.671986 0.0140624 0.0253673 0.0281248
0 0.680575 0.0140624 0.0309269 0.0281248
0 0.690708 0.0140623 0.0251896 0.0281247
0 0.697064 0.014062 0.0255343 0.0281241
0 0.704179 0.0140621 0.0272292 0.0281242
0 0.710268 0.0140612 0.0268326 0.0281224
0 0.715626 0.0140599 0.025003 0.0281197
0 0.721883 0.0140509 0.0250185 0.0281018
0 0.728203 0.0140193 0.0251562 0.0280386
0 0.734379 0.0139019 0.0250076 0.0278038
0 0.740629 0.0138105 0.0250074 0.0276211
0 0.746939 0.0112909 0.0251287 0.0225818
0 0.753126 0.0109645 0.0250028 0.0219289
0 0.759377 0.0109403 0.0250031 0.0218807
0 0.765629 0.0109516 0.0250082 0.0219032
0 0.771877 0.0113266 0.0250049 0.0226532
0 0.778169 0.0137609 0.0250883 0.0275217
0 0.784457 0.0140119 0.0251644 0.0280238
0 0.793511 0.0138989 0.0307791 0.0277979
0 0.803223 0.01406 0.0251968 0.0281201
0 0.809669 0.0140607 0.0255888 0.0281213
0 0.818473 0.0140608 0.0306963 0.0281215
0 0.82438 0.0140608 0.0300102 0.0281216
0 0.835733 0.0140601 0.0277168 0.0281202
0 0.841052 0.0140614 0.0258545 0.0281229
0 0.847602 0.0140619 0.0264542 0.0281239
0 0.854872 0.0140623 0.0284973 0.0281246
0 0.860868 0.0140622 0.0279934 0.0281244
0 0.865934 0.0140621 0.0256206 0.0281242
0 0.872557 0.0140622 0.0263802 0.0281243
0 0.880313 0.0140622 0.0294163 0.0281245
0 0.88555 0.0140622 0.0273617 0.0281243
0 0.890718 0.014062 0.0251884 0.028124
0 0.89707 0.0140616 0.0253971 0.0281232
0 0.904411 0.0140608 0.0275924 0.0281216
0 0.909826 0.0140588 0.0259087 0.0281175
0 0.915628 0.0140584 0.0250072 0.0281168
0 0.921938 0.0140501 0.025128 0.0281003
0 0.928971 0.0140495 0.0267025 0.0280989
0 0.934444 0.0140487 0.0251389 0.0280973
0 0.940645 0.0140514 0.0250404 0.0281027
0 0.946956 0.0140095 0.0251625 0.0280189
0 0.953129 0.0139486 0.0250072 0.0278972
0 0.959385 0.0139955 0.0250206 0.027991
0 0.968555 0.013754 0.0308685 0.027508
0 0.979383 0.0140529 0.0275181 0.0281057
0 0.985937 0.0140512 0.028125 0.0281024
0 0.976562 0.0484352 0.046875 0.0968703
0 0.0282291 0.0109376 0.0372918 0.0218753
0 0.0533376 0.0109375 0.0370747 0.0218751
0 0.0599133 0.0109376 0.0364233 0.0218752
0 0.0785555 0.0109376 0.036639 0.0218752
0 0.103677 0.0109375 0.0363964 0.021875
0 0.115958 0.0109376 0.0368346 0.0218752
0 0.128602 0.0109376 0.036547 0.0218752
0 0.141188 0.0109376 0.0363746 0.0218752
0 0.153839 0.0109375 0.0360723 0.0218751
0 0.160441 0.0109375 0.0353672 0.0218751
0 0.17228 0.0109376 0.0366892 0.0218751
0 0.184814 0.0109377 0.0366229 0.0218753
0 0.197118 0.0109377 0.0370145 0.0218754
0 0.209581 0.0109378 0.0370889 0.0218755
0 0.221925 0.0109378 0.0373992 0.0218757
0 0.234386 0.010938 0.0374779 0.021876
0 0.246897 0.0109378 0.037456 0.0218757
0 0.259602 0.0109377 0.0370462 0.0218753
0 0.27225 0.0109377 0.0367499 0.0218753
0 0.284634 0.0109377 0.0369819 0.0218753
0 0.297126 0.0109377 0.0369975 0.0218754
0 0.309816 0.0109376 0.0366175 0.0218752
0 0.321985 0.0109376 0.0372805 0.0218752
0 0.334422 0.0109376 0.037407 0.0218753
0 0.353763 0.0109375 0.0362235 0.021875
0 0.379415 0.0109375 0.0349199 0.021875
0 0.391245 0.0109375 0.0362609 0.021875
0 0.403875 0.0109375 0.0359998 0.0218751
0 0.415666 0.0109375 0.0374171 0.021875
0 0.428137 0.0109379 0.0374764 0.0218759
0 0.440639 0.0109376 0.0374728 0.0218753
0 0.45317 0.0109376 0.037409 0.0218752
0 0.465642 0.0109376 0.0374658 0.0218751
0 0.478128 0.0109379 0.0374938 0.0218759
0 0.490716 0.0109376 0.0373175 0.0218753
0 0.50333 0.0109375 0.0370907 0.021875
0 0.515649 0.0109375 0.0374522 0.021875
0 0.52813 0.0109375 0.0374899 0.0218751
0 0.540628 0.0109375 0.0374941 0.021875
0 0.553127 0.0109375 0.037496 0.021875
0 0.565626 0.0109375 0.0374989 0.021875
0 0.578125 0.0109375 0.0374998 0.021875
0 0.616021 0.0109375 0.0367087 0.021875
0 0.623419 0.0109375 0.0344126 0.021875
0 0.640681 0.0109375 0.0373877 0.021875
0 0.65315 0.0109375 0.0374502 0.021875
0 0.665628 0.0109375 0.0374944 0.021875
0 0.678132 0.0109375 0.037486 0.021875
0 0.690627 0.0109375 0.0374961 0.021875
0 0.703127 0.0109376 0.0374956 0.0218751
0 0.715625 0.0109375 0.0375 0.021875
0 0.728125 0.0109376 0.0375 0.0218751
0 0.740625 0.0109375 0.0375 0.021875
0 0.753125 0.0109375 0.0375 0.021875
0 0.765625 0.0109375 0.0375 0.021875
0 0.778125 0.0109375 0.0375 0.021875
0 0.790625 0.0109375 0.0374995 0.021875
0 0.803125 0.0109375 0.0374998 0.021875
0 0.815635 0.0109375 0.0374792 0.021875
0 0.828181 0.0109375 0.0373878 0.021875
0 0.83487 0.0109375 0.0365105 0.021875
0 0.846891 0.0109375 0.0374674 0.021875
0 0.859434 0.0109375 0.0373829 0.021875
0 0.871894 0.0109375 0.0374621 0.021875
0 0.88439 0.0109375 0.0374699 0.021875
0 0.89688 0.0109375 0.0374903 0.021875
0 0.909376 0.0109375 0.0374989 0.021875
0 0.921875 0.0109375 0.0375 0.021875
0 0.934375 0.0109375 0.0375 0.021875
0 0.946875 0.0109375 0.0375 0.021875
0 0.959375 0.0109375 0.0375 0.021875
0 0.971875 0.0109375 0.0374996 0.021875
0 0.988009 0.0109375 0.0197769 0.021875
0 0.0109375 0.0140632 0.021875 0.0281264
0 0.01875 0.0140856 0.0312501 0.0281711
0 0.0249918 0.0140642 0.0312664 0.0281283
0 0.0312495 0.0140637 0.0312509 0.0281275
0 0.0562495 0.0140642 0.031251 0.0281285
0 0.0812498 0.0140645 0.0312504 0.028129
0 0.21875 0.0140635 0.0312502 0.0281269
0 0.225 0.0140649 0.0312501 0.0281298
0 0.35625 0.0140631 0.0312501 0.0281261
0 0.41875 0.0140631 0.0312501 0.0281262
0 0.425 0.0140645 0.0312501 0.028129
0 0.45 0.0140647 0.0312502 0.0281294
0 0.50625 0.0140626 0.03125 0.0281251
0 0.55625 0.0140625 0.03125 0.028125
0 0.5625 0.0140627 0.03125 0.0281254
0 0.60625 0.0140625 0.03125 0.028125
0 0.71875 0.0140625 0.0312505 0.028125
0 0.724999 0.0140626 0.0312513 0.0281252
0 0.731249 0.0140625 0.0312513 0.0281251
0 0.737365 0.0140625 0.0315193 0.028125
0 0.749812 0.0140625 0.0316267 0.028125
0 0.759748 0.0140625 0.0367534 0.028125
0 0.771904 0.0140625 0.037442 0.028125
0 0.778643 0.0140625 0.036463 0.028125
0 0.787235 0.0140625 0.0317793 0.028125
0 0.8 0.0140625 0.03125 0.028125
0 0.80625 0.0140625 0.0312502 0.028125
0 0.8125 0.0140625 0.03125 0.028125
0 0.83125 0.0140625 0.03125 0.028125
0 0.84375 0.0140625 0.03125 0.028125
0 0.89375 0.0140625 0.03125 0.028125
0 0.9 0.0140625 0.03125 0.028125
0 0.91875 0.0140625 0.03125 0.028125
0 0.925 0.0140625 0.03125 0.0281251
0 0.9375 0.0140625 0.03125 0.028125
0 0.943749 0.0140625 0.0312519 0.028125
0 0.95 0.0140625 0.0312507 0.028125
0 0.956244 0.0140625 0.0312622 0.028125
0 0.962448 0.0140625 0.0313534 0.028125
0 0.975 0.0140625 0.03125 0.028125
0 0.989063 0.0140629 0.021875 0.0281257
0 0.014063 0.0171906 0.0281261 0.0343813
0 0.231246 0.0171875 0.0312585 0.034375
0 0.237485 0.0171875 0.0312807 0.034375
0 0.243742 0.0171875 0.0312661 0.0343751
0 0.249996 0.0171875 0.0312574 0.0343751
0 0.437465 0.0171878 0.0313195 0.0343756
0 0.4625 0.0171876 0.0312506 0.0343751
0 0.468749 0.0171878 0.0312527 0.0343756
0 0.474998 0.0171877 0.031253 0.0343755
0 0.48124 0.0171881 0.031271 0.0343761
0 0.487431 0.0171882 0.0313885 0.0343763
0 0.493748 0.017191 0.0312539 0.034382
0 0.51875 0.0171875 0.03125 0.034375
0 0.525 0.0171875 0.0312502 0.034375
0 0.53125 0.0171875 0.0312505 0.034375
0 0.5375 0.0171875 0.0312508 0.034375
0 0.54375 0.0171875 0.0312507 0.034375
0 0.55 0.0171875 0.0312502 0.034375
0 0.568728 0.0171894 0.031294 0.0343788
0 0.57499 0.0171886 0.0312702 0.0343773
0 0.581162 0.0171881 0.0314263 0.0343763
0 0.587193 0.017189 0.0318642 0.0343781
0 0.61875 0.0171875 0.03125 0.034375
0 0.625 0.0171875 0.03125 0.034375
0 0.64375 0.0171875 0.03125 0.034375
0 0.65 0.0171875 0.03125 0.034375
0 0.65625 0.0171875 0.03125 0.034375
0 0.6625 0.0171875 0.03125 0.034375
0 0.66875 0.0171875 0.03125 0.034375
0 0.675 0.0171875 0.0312501 0.034375
0 0.68125 0.0171875 0.03125 0.0343751
0 0.6875 0.0171875 0.0312501 0.034375
0 0.69375 0.0171875 0.0312501 0.034375
0 0.699999 0.0171875 0.0312513 0.034375
0 0.706249 0.0171875 0.0312511 0.034375
0 0.712496 0.0171875 0.0312576 0.034375
0 0.72381 0.0171875 0.03363 0.034375
0 0.73439 0.0171875 0.0374691 0.034375
0 0.746898 0.0171875 0.037455 0.034375
0 0.765626 0.0171875 0.0374987 0.034375
