0 0.00781252 0.0109319 0.015625 0.0218639
0 0.0124998 0.0078125 0.0187497 0.015625
0 0.0187485 0.0109566 0.031247 0.0219131
0 0.0248462 0.0109317 0.0309425 0.0218635
0 0.0351855 0.013339 0.026621 0.0266781
0 0.0434987 0.0140412 0.0307475 0.0280825
0 0.0488783 0.0139626 0.0290066 0.0279251
0 0.0602898 0.0139847 0.0268295 0.0279693
0 0.0656312 0.0140463 0.0250124 0.0280927
0 0.0719438 0.0140482 0.0251378 0.0280963
0 0.0789005 0.0140564 0.0265543 0.0281128
0 0.0846411 0.014057 0.0255335 0.0281139
0 0.0908857 0.014055 0.0255216 0.0281099
0 0.0970671 0.0140483 0.0253842 0.0280966
0 0.10316 0.0140575 0.0250703 0.028115
0 0.10958 0.0140606 0.0254107 0.0281212
0 0.11871 0.0140531 0.0312835 0.0281062
0 0.124989 0.0140605 0.0312281 0.028121
0 0.135151 0.0140202 0.0265515 0.0280405
0 0.140858 0.0140552 0.0254668 0.0281103
0 0.14741 0.0140584 0.0260707 0.0281168
0 0.154413 0.0140608 0.0275753 0.0281215
0 0.160398 0.0140611 0.027047 0.0281222
0 0.165989 0.0140611 0.0257294 0.0281222
0 0.172417 0.0140615 0.0260849 0.0281231
0 0.179594 0.014062 0.0279388 0.028124
0 0.185382 0.0140613 0.0270151 0.0281226
0 0.193748 0.0140608 0.0312469 0.0281216
0 0.199992 0.0140516 0.0312349 0.0281031
0 0.212163 0.0140613 0.0305764 0.0281226
0 0.218653 0.0140625 0.0310749 0.028125
0 0.224795 0.0140625 0.0308431 0.0281249
0 0.230711 0.0140624 0.0301727 0.0281248
0 0.237405 0.0140624 0.031061 0.0281248
0 0.247993 0.0140623 0.0272447 0.0281247
0 0.255473 0.0140625 0.0297689 0.0281249
0 0.261467 0.0140625 0.0292864 0.0281249
0 0.266391 0.0140625 0.0265603 0.0281249
0 0.273012 0.0140624 0.0272958 0.0281249
0 0.278707 0.0140624 0.0261773 0.0281247
0 0.285341 0.0140623 0.0269509 0.0281246
0 0.2907 0.0140622 0.02515 0.0281244
0 0.297088 0.0140609 0.0254267 0.0281219
0 0.30329 0.0140606 0.0253322 0.0281212
0 0.309967 0.0140605 0.0261909 0.0281211
0 0.316805 0.0140616 0.0273654 0.0281231
0 0.322212 0.0140618 0.0256759 0.0281235
0 0.328608 0.0140622 0.0259705 0.0281243
0 0.33563 0.0140623 0.0275391 0.0281245
0 0.343492 0.0140622 0.0312486 0.0281245
0 0.349618 0.0140625 0.0306221 0.0281249
0 0.360564 0.0140625 0.0273848 0.0281249
0 0.367787 0.0140624 0.0293382 0.0281249
0 0.374142 0.0140625 0.0295864 0.0281249
0 0.380453 0.0140625 0.0297352 0.028125
0 0.38658 0.0140625 0.0294729 0.028125
0 0.398545 0.0140625 0.0284828 0.0281249
0 0.40569 0.0140625 0.0305215 0.028125
0 0.412129 0.0140625 0.0306622 0.028125
0 0.421856 0.0140619 0.0254206 0.0281239
0 0.430111 0.0140622 0.0300651 0.0281245
0 0.440645 0.0140622 0.0250443 0.0281244
0 0.447045 0.0140603 0.0253825 0.0281206
0 0.453264 0.0140594 0.025313 0.0281187
0 0.459592 0.0140593 0.0254635 0.0281185
0 0.468698 0.0140551 0.0313335 0.0281102
0 0.474703 0.0140609 0.030657 0.0281217
0 0.486115 0.0140624 0.0284797 0.0281248
0 0.49357 0.0140624 0.0311717 0.0281248
0 0.499695 0.0140625 0.0306668 0.028125
0 0.5039 0.0140625 0.0265515 0.028125
0 0.511286 0.0140625 0.0288248 0.028125
0 0.515753 0.0140625 0.025257 0.0281249
0 0.522048 0.0140624 0.0253559 0.0281249
0 0.530442 0.0140625 0.0296971 0.0281249
0 0.535541 0.0140625 0.0273594 0.0281249
0 0.541196 0.0140624 0.0261484 0.0281249
0 0.547423 0.0140624 0.0261143 0.0281249
0 0.555589 0.0140624 0.029935 0.0281249
0 0.560448 0.0140621 0.027146 0.0281243
0 0.565713 0.0140617 0.0251757 0.0281235
0 0.572445 0.0140619 0.0261467 0.0281237
0 0.58055 0.0140623 0.0299206 0.0281246
0 0.585763 0.0140622 0.0278071 0.0281245
0 0.591143 0.0140622 0.0260434 0.0281245
0 0.597727 0.0140622 0.0267327 0.0281244
0 0.605354 0.0140622 0.0294703 0.0281244
0 0.61129 0.0140615 0.0288317 0.028123
0 0.62226 0.0140587 0.0257721 0.0281175
0 0.630211 0.0140614 0.0292234 0.0281228
0 0.636792 0.0140606 0.0298813 0.0281212
0 0.640626 0.0140575 0.0250038 0.028115
0 0.64687 0.0140481 0.0250252 0.0280963
0 0.655895 0.0140559 0.0308702 0.0281118
0 0.665754 0.0140493 0.0252613 0.0280987
0 0.672135 0.0140504 0.0255431 0.0281008
0 0.679161 0.0140493 0.0271332 0.0280987
0 0.684867 0.0140339 0.0260057 0.0280678
0 0.690798 0.0140214 0.0253577 0.0280428
0 0.697355 0.0140186 0.0260019 0.0280372
0 0.704908 0.0140305 0.0286497 0.0280609
0 0.710137 0.0140294 0.0265654 0.0280588
0 0.718327 0.0140368 0.0304209 0.0280737
0 0.724531 0.0140306 0.0303162 0.0280612
0 0.735521 0.0140144 0.0272965 0.0280287
0 0.743199 0.0140438 0.0301531 0.0280877
0 0.749279 0.0140313 0.02981 0.0280626
0 0.754454 0.0139637 0.0276579 0.0279274
0 0.761525 0.0139782 0.0293008 0.0279565
0 0.772059 0.0139572 0.025377 0.0279144
0 0.78004 0.014026 0.0288849 0.028052
0 0.785369 0.0140069 0.0270504 0.0280138
0 0.790693 0.0139756 0.0251492 0.0279512
0 0.797011 0.0139467 0.0252975 0.0278935
0 0.803753 0.0139641 0.0263245 0.0279282
0 0.809855 0.0139855 0.0260168 0.0279709
0 0.817464 0.0140032 0.0287855 0.0280064
0 0.823089 0.0140322 0.0274654 0.0280643
0 0.828707 0.0140359 0.0261704 0.0280717
0 0.83491 0.0140297 0.026078 0.0280595
0 0.842031 0.0140258 0.0278332 0.0280517
0 0.848839 0.0140455 0.0289484 0.028091
0 0.854014 0.0140417 0.0267868 0.0280835
0 0.860446 0.0140232 0.0271454 0.0280463
0 0.865909 0.0140075 0.0255714 0.0280149
0 0.872421 0.0140196 0.0261139 0.0280392
0 0.879782 0.0140399 0.0283783 0.0280797
0 0.885675 0.0140298 0.0276329 0.0280596
0 0.891879 0.014022 0.0275214 0.0280441
0 0.898171 0.0140068 0.0276012 0.0280136
0 0.904873 0.0139656 0.0284984 0.0279311
0 0.909737 0.0139029 0.0257248 0.0278058
0 0.916065 0.0138748 0.025881 0.0277496
0 0.922604 0.0139534 0.0264587 0.0279069
0 0.929149 0.013964 0.02705 0.027928
0 0.935892 0.0139509 0.0280356 0.0279018
0 0.94069 0.0138403 0.0251318 0.0276805
0 0.947059 0.0139304 0.0253979 0.0278608
0 0.955096 0.0140327 0.0290565 0.0280653
0 0.960019 0.0140158 0.0263407 0.0280316
0 0.966299 0.0140132 0.0263737 0.0280264
0 0.972692 0.0140078 0.0266743 0.0280157
0 0.98124 0.0139851 0.0312607 0.0279702
0 0.985937 0.0137083 0.0281256 0.0274166
0 0.976562 0.0463054 0.046875 0.0926109
0 0.0349342 0.0109375 0.0363817 0.021875
0 0.0475171 0.0109375 0.0362159 0.021875
0 0.0595664 0.0109375 0.0371171 0.021875
0 0.0718753 0.0109375 0.0374995 0.021875
0 0.0843751 0.0109376 0.0374999 0.0218751
0 0.0968751 0.0109375 0.0374998 0.021875
0 0.109375 0.0109375 0.0374998 0.021875
0 0.128231 0.0109375 0.0372883 0.021875
0 0.13632 0.0109375 0.0336102 0.021875
0 0.146913 0.0109375 0.0374247 0.021875
0 0.159407 0.0109375 0.0374366 0.021875
0 0.171883 0.0109375 0.0374843 0.021875
0 0.184379 0.0109375 0.0374926 0.021875
0 0.203327 0.0109375 0.0370957 0.021875
0 0.216671 0.0109375 0.0354089 0.021875
0 0.223145 0.0109375 0.0349609 0.021875
0 0.240856 0.0109375 0.0370375 0.021875
0 0.253227 0.0109375 0.037296 0.021875
0 0.265645 0.0109375 0.0374591 0.021875
0 0.278129 0.0109375 0.0374928 0.021875
0 0.290625 0.0109375 0.0374999 0.021875
0 0.303125 0.0109375 0.0375 0.021875
0 0.315625 0.0109375 0.0375 0.021875
0 0.328125 0.0109375 0.0375 0.021875
0 0.340627 0.0109375 0.0374961 0.021875
0 0.353128 0.0109375 0.0374937 0.021875
0 0.365666 0.0109375 0.0374175 0.021875
0 0.378174 0.0109375 0.0374029 0.021875
0 0.390667 0.0109375 0.0374154 0.021875
0 0.403197 0.0109375 0.0373566 0.021875
0 0.415626 0.0109375 0.0374972 0.021875
0 0.428126 0.0109375 0.0374981 0.0218751
0 0.440625 0.0109375 0.0375 0.021875
0 0.453125 0.0109375 0.0375 0.021875
0 0.465626 0.0109375 0.0374981 0.021875
0 0.478126 0.0109375 0.0374975 0.021875
0 0.490636 0.0109375 0.037479 0.021875
0 0.503149 0.0109375 0.0374512 0.021875
0 0.50971 0.0109375 0.03683 0.021875
0 0.521877 0.0109375 0.0374962 0.021875
0 0.534376 0.0109375 0.0374983 0.021875
0 0.546882 0.0109375 0.0374869 0.021875
0 0.559417 0.0109375 0.0374162 0.021875
0 0.571896 0.0109375 0.0374588 0.021875
0 0.584387 0.0109375 0.037476 0.021875
0 0.59691 0.0109375 0.0374293 0.021875
0 0.609562 0.0109375 0.0371267 0.021875
0 0.62189 0.0109375 0.0374707 0.021875
0 0.63441 0.0109375 0.0374299 0.021875
0 0.646874 0.0109375 0.0375004 0.021875
0 0.659375 0.0109376 0.0374999 0.0218752
0 0.67188 0.0109377 0.0374899 0.0218754
0 0.684379 0.0109379 0.0374928 0.0218757
0 0.696878 0.0109378 0.0374942 0.0218756
0 0.709381 0.0109378 0.0374884 0.0218756
0 0.722314 0.0109377 0.0366226 0.0218754
0 0.7347 0.0109376 0.0368506 0.0218751
0 0.741302 0.0109376 0.0361469 0.0218753
0 0.747858 0.0109376 0.0355346 0.0218752
0 0.760726 0.0109375 0.0347984 0.021875
0 0.771898 0.0109375 0.0374547 0.0218751
0 0.784379 0.0109381 0.0374919 0.0218763
0 0.796876 0.0109377 0.0374988 0.0218754
0 0.809375 0.0109381 0.0374992 0.0218763
0 0.821879 0.0109377 0.037492 0.0218755
0 0.834401 0.0109376 0.0374478 0.0218752
0 0.847026 0.0109377 0.0371988 0.0218754
0 0.859806 0.0109376 0.0366377 0.0218752
0 0.871938 0.0109376 0.0373749 0.0218752
0 0.884437 0.0109379 0.037376 0.0218758
0 0.896993 0.0109378 0.0372646 0.0218756
0 0.909466 0.0109377 0.0373186 0.0218753
0 0.921995 0.0109377 0.0372602 0.0218755
0 0.934708 0.0109377 0.0368347 0.0218753
0 0.946885 0.0109377 0.037479 0.0218754
0 0.959383 0.0109386 0.0374843 0.0218773
0 0.971987 0.0109391 0.0372769 0.0218783
0 0.987763 0.0109375 0.0193081 0.0218751
0 0.0109375 0.0140634 0.021875 0.0281269
0 0.018751 0.0140662 0.0312521 0.0281323
0 0.0249998 0.0140626 0.0312503 0.0281251
0 0.0312492 0.0140625 0.0312515 0.028125
0 0.0375 0.0140626 0.03125 0.0281252
0 0.05625 0.0140625 0.03125 0.028125
0 0.06875 0.0140625 0.0312501 0.028125
0 0.075 0.0140626 0.03125 0.0281251
0 0.0875 0.0140625 0.0312501 0.028125
0 0.0937499 0.0140625 0.0312501 0.0281251
0 0.0999999 0.0140625 0.0312502 0.0281251
0 0.106249 0.0140626 0.0312512 0.0281251
0 0.1125 0.0140633 0.0312503 0.0281266
0 0.13125 0.0140625 0.03125 0.028125
0 0.14375 0.0140625 0.03125 0.028125
0 0.15 0.0140625 0.03125 0.028125
0 0.16875 0.0140625 0.03125 0.028125
0 0.175 0.0140625 0.03125 0.028125
0 0.20625 0.0140626 0.03125 0.0281252
0 0.24375 0.0140625 0.03125 0.0281251
0 0.29375 0.0140625 0.03125 0.028125
0 0.3 0.0140625 0.03125 0.028125
0 0.30625 0.0140625 0.03125 0.028125
0 0.325 0.0140625 0.03125 0.028125
0 0.39375 0.0140625 0.03125 0.028125
0 0.4375 0.0140632 0.03125 0.0281263
0 0.48125 0.0140625 0.03125 0.028125
0 0.56875 0.0140625 0.03125 0.028125
0 0.61875 0.0140625 0.03125 0.028125
0 0.625 0.0140626 0.03125 0.0281252
0 0.64375 0.0140625 0.03125 0.028125
0 0.65 0.0140625 0.0312504 0.028125
0 0.6625 0.0140628 0.03125 0.0281257
0 0.66875 0.0140629 0.0312502 0.0281258
0 0.675 0.0140635 0.0312502 0.028127
0 0.6875 0.014063 0.0312502 0.0281261
0 0.69375 0.0140635 0.0312506 0.028127
0 0.7 0.0140651 0.031251 0.0281301
0 0.73125 0.0140634 0.0312504 0.0281269
0 0.76875 0.0140627 0.0312501 0.0281255
0 0.775 0.0140632 0.0312502 0.0281265
0 0.793748 0.0140631 0.0312536 0.0281262
0 0.799999 0.0140677 0.0312519 0.0281355
0 0.806249 0.0140674 0.0312514 0.0281348
0 0.812497 0.0140631 0.0312551 0.0281262
0 0.831248 0.0140628 0.0312532 0.0281256
0 0.8375 0.0140641 0.0312506 0.0281283
0 0.86875 0.0140637 0.0312504 0.0281273
0 0.875 0.0140654 0.0312508 0.0281309
0 0.9125 0.0140641 0.0312504 0.0281281
0 0.91875 0.0140642 0.0312505 0.0281285
0 0.943748 0.0140634 0.0312535 0.0281269
0 0.949996 0.014067 0.031257 0.028134
0 0.962498 0.0140813 0.0312542 0.0281626
0 0.985937 0.0171875 0.0281253 0.034375
0 0.989063 0.0140636 0.021875 0.0281273
0 0.0140625 0.0171884 0.028125 0.0343767
0 0.21875 0.0171875 0.03125 0.034375
0 0.25 0.0171875 0.03125 0.034375
0 0.25625 0.0171875 0.03125 0.034375
0 0.2625 0.0171875 0.03125 0.034375
0 0.26875 0.0171875 0.03125 0.034375
0 0.275 0.0171875 0.03125 0.034375
0 0.28125 0.0171875 0.03125 0.034375
0 0.2875 0.0171875 0.0312501 0.034375
0 0.312427 0.0171875 0.031395 0.034375
0 0.318485 0.0171875 0.0317799 0.034375
0 0.331247 0.0171875 0.0312558 0.034375
0 0.3375 0.0171875 0.0312504 0.034375
0 0.34375 0.0171875 0.03125 0.034375
0 0.35 0.0171875 0.03125 0.034375
0 0.35625 0.0171875 0.03125 0.034375
0 0.3625 0.0171875 0.03125 0.034375
0 0.36875 0.0171875 0.03125 0.034375
0 0.375 0.0171875 0.03125 0.034375
0 0.38125 0.0171875 0.03125 0.034375
0 0.3875 0.0171875 0.03125 0.034375
