0 0.0078125 0.0109375 0.015625 0.0218749
0 0.0124992 0.0078125 0.0187516 0.015625
0 0.0187497 0.0124376 0.0312494 0.0248752
0 0.0249692 0.0109546 0.0311884 0.0219091
0 0.0360639 0.0139382 0.0283779 0.0278764
0 0.0415464 0.0140593 0.0268459 0.0281185
0 0.0475983 0.0140553 0.026449 0.0281107
0 0.0537857 0.0140546 0.0263247 0.0281092
0 0.0603737 0.0140582 0.0270187 0.0281163
0 0.0660671 0.0140591 0.0259105 0.0281182
0 0.0723557 0.0140606 0.0260097 0.0281211
0 0.0793317 0.0140614 0.0275058 0.0281228
0 0.0853088 0.0140615 0.0269703 0.0281229
0 0.0927136 0.0140617 0.0295784 0.0281234
0 0.099007 0.014062 0.0295866 0.028124
0 0.103999 0.0140621 0.0268417 0.0281241
0 0.11086 0.0140622 0.028177 0.0281243
0 0.118428 0.0140622 0.0310729 0.0281244
0 0.124401 0.0140624 0.0300985 0.0281248
0 0.130238 0.0140623 0.02924 0.0281247
0 0.136535 0.014062 0.0293306 0.0281241
0 0.140975 0.0140614 0.0257225 0.0281228
0 0.148369 0.0140613 0.0280162 0.0281225
0 0.15374 0.014062 0.0262479 0.028124
0 0.159919 0.0140621 0.0261003 0.0281243
0 0.168678 0.0140621 0.0311233 0.0281242
0 0.174532 0.0140614 0.0303137 0.0281228
0 0.186525 0.0140612 0.0293012 0.0281224
0 0.191354 0.0140623 0.0264705 0.0281246
0 0.197576 0.0140623 0.0264152 0.0281246
0 0.20485 0.0140623 0.0285251 0.0281246
0 0.210952 0.0140623 0.0282891 0.0281246
0 0.216746 0.0140624 0.0273352 0.0281247
0 0.223096 0.0140623 0.0276299 0.0281247
0 0.230209 0.0140623 0.0292996 0.0281245
0 0.236107 0.014062 0.0285102 0.028124
0 0.240625 0.0140614 0.0250002 0.0281229
0 0.246875 0.0140562 0.0250017 0.0281124
0 0.253225 0.0138063 0.0252132 0.0276125
0 0.259379 0.0115722 0.0250076 0.0231444
0 0.265665 0.011254 0.0250799 0.0225079
0 0.272161 0.0109465 0.0255714 0.021893
0 0.278127 0.0115318 0.0250038 0.0230636
0 0.284386 0.0113058 0.0250221 0.0226117
0 0.291527 0.0111784 0.026807 0.0223568
0 0.296894 0.0136759 0.0250389 0.0273519
0 0.303654 0.0140606 0.0260594 0.0281212
0 0.309938 0.0140612 0.0261267 0.0281223
0 0.315897 0.0140609 0.0255454 0.0281218
0 0.32216 0.0140601 0.0255724 0.0281202
0 0.328244 0.0140597 0.0252404 0.0281194
0 0.334842 0.0140594 0.0259511 0.0281188
0 0.342997 0.0140604 0.0298156 0.0281207
0 0.34798 0.0140616 0.0272242 0.0281233
0 0.353804 0.0140621 0.0263645 0.0281241
0 0.360114 0.0140618 0.0264832 0.0281237
0 0.366054 0.0140613 0.0258785 0.0281226
0 0.372604 0.0140617 0.0266063 0.0281235
0 0.380547 0.0140621 0.0301742 0.0281241
0 0.385748 0.0140619 0.0278415 0.0281237
0 0.390669 0.0140614 0.0251031 0.0281228
0 0.396939 0.014061 0.0254367 0.028122
0 0.405163 0.0140617 0.0322974 0.0281234
0 0.410764 0.0140618 0.0289687 0.0281236
0 0.41757 0.014062 0.0294126 0.0281241
0 0.423957 0.014062 0.0294537 0.028124
0 0.430785 0.0140614 0.030411 0.0281228
0 0.436456 0.0140595 0.0291836 0.0281191
0 0.447488 0.0140477 0.0262909 0.0280955
0 0.454014 0.0140497 0.0269108 0.0280994
0 0.460011 0.0140464 0.0264069 0.0280927
0 0.465897 0.0140547 0.0255662 0.0281094
0 0.472655 0.0140429 0.0265858 0.0280858
0 0.478403 0.0140413 0.0255688 0.0280827
0 0.48501 0.0140395 0.0262999 0.028079
0 0.491829 0.0140481 0.0274853 0.0280962
0 0.497321 0.0140566 0.0259231 0.0281133
0 0.503804 0.0140589 0.026401 0.0281178
0 0.510118 0.0140582 0.0265963 0.0281165
0 0.517872 0.0140583 0.0312729 0.0281167
0 0.524471 0.0140613 0.031032 0.0281225
0 0.535691 0.0140618 0.0276924 0.0281236
0 0.542539 0.0140617 0.0291843 0.0281233
0 0.548651 0.014062 0.028841 0.0281239
0 0.554444 0.0140619 0.0276569 0.0281238
0 0.560839 0.0140609 0.0279404 0.0281218
0 0.566092 0.0140592 0.0259453 0.0281185
0 0.57303 0.0140583 0.0274262 0.0281167
0 0.581065 0.0140604 0.0309753 0.0281207
0 0.586815 0.0140553 0.0298891 0.0281107
0 0.597022 0.0139998 0.0254845 0.0279997
0 0.604058 0.0140527 0.0283703 0.0281054
0 0.60963 0.0140528 0.0262341 0.0281055
0 0.61859 0.0140521 0.0315509 0.0281041
0 0.624987 0.014057 0.0312271 0.028114
0 0.636555 0.0140512 0.0293877 0.0281023
0 0.642037 0.0140611 0.0283114 0.0281222
0 0.648298 0.0140614 0.0284714 0.0281227
0 0.655675 0.0140614 0.0302408 0.0281228
0 0.661449 0.0140588 0.029166 0.0281177
0 0.67239 0.0140501 0.0261114 0.0281001
0 0.680716 0.0140583 0.0304803 0.0281166
0 0.686659 0.0140544 0.0296827 0.0281088
0 0.690761 0.0140475 0.0253036 0.028095
0 0.697253 0.0140424 0.0259748 0.0280847
0 0.705169 0.0140555 0.0297683 0.028111
0 0.710619 0.0140501 0.0278187 0.0281002
0 0.716206 0.0140456 0.0262613 0.0280913
0 0.722512 0.0140445 0.0264459 0.0280889
0 0.730896 0.0140467 0.0306801 0.0280935
0 0.736953 0.0140232 0.0302218 0.0280463
0 0.747081 0.0139368 0.0255346 0.0278736
0 0.755158 0.0139967 0.0291083 0.0279934
0 0.76075 0.0138293 0.0277582 0.0276587
0 0.765703 0.0133663 0.025161 0.0267326
0 0.772082 0.0136092 0.025439 0.0272184
0 0.779656 0.0139324 0.028097 0.0278649
0 0.7855 0.0138517 0.0272644 0.0277034
0 0.790754 0.0137667 0.025264 0.0275334
0 0.797117 0.013777 0.0254954 0.0275541
0 0.803829 0.0139211 0.0264165 0.0278421
0 0.810005 0.0137833 0.0262669 0.0275666
0 0.815844 0.0135988 0.0254453 0.0271975
0 0.822286 0.0136673 0.0258428 0.0273347
0 0.828575 0.0137953 0.0259148 0.0275907
0 0.834759 0.0137641 0.0257793 0.0275282
0 0.84074 0.0136188 0.0252354 0.0272376
0 0.846993 0.0136667 0.0252506 0.0273334
0 0.854183 0.0138168 0.0271309 0.0276336
0 0.860035 0.0134445 0.0263255 0.026889
0 0.865671 0.0125486 0.0250955 0.0250972
0 0.871992 0.0129596 0.0252503 0.0259191
0 0.878396 0.0132435 0.0255787 0.0264869
0 0.884606 0.0135678 0.0255001 0.0271356
0 0.892484 0.0138128 0.0287403 0.0276256
0 0.898665 0.0137573 0.0285824 0.0275146
0 0.903311 0.0130095 0.0253733 0.0260191
0 0.909608 0.0129231 0.0254665 0.0258462
0 0.918646 0.0134374 0.031041 0.0268749
0 0.924721 0.0115994 0.0306911 0.0231989
0 0.937003 0.0112607 0.0302551 0.0225215
0 0.946871 0.0119024 0.0250227 0.0238049
0 0.953963 0.0136455 0.0271177 0.0272911
0 0.959818 0.0136424 0.02609 0.0272849
0 0.967067 0.0137568 0.0279274 0.0275135
0 0.973552 0.0136686 0.0283678 0.0273371
0 0.981107 0.0131716 0.0309718 0.0263432
0 0.985937 0.0118042 0.0281253 0.0236083
0 0.976562 0.0466519 0.046875 0.0933037
0 0.0346719 0.0109375 0.0369062 0.021875
0 0.0468768 0.0109375 0.0374965 0.021875
0 0.0593762 0.0109375 0.0374977 0.021875
0 0.0718751 0.0109375 0.0374999 0.021875
0 0.0843751 0.0109375 0.0374998 0.021875
0 0.0968793 0.0109375 0.0374914 0.021875
0 0.109384 0.0109375 0.0374829 0.021875
0 0.121914 0.0109375 0.0374224 0.021875
0 0.134448 0.0109375 0.0373547 0.021875
0 0.146885 0.0109375 0.0374808 0.021875
0 0.159375 0.0109375 0.0374994 0.021875
0 0.172104 0.0109375 0.037041 0.021875
0 0.184868 0.0109375 0.0365133 0.021875
0 0.196887 0.0109375 0.0374751 0.021875
0 0.209388 0.0109375 0.0374736 0.021875
0 0.221889 0.0109375 0.0374712 0.021875
0 0.234424 0.0109375 0.0374026 0.021875
0 0.246874 0.0109375 0.0374995 0.021875
0 0.259375 0.0109375 0.0375001 0.021875
0 0.271875 0.0109375 0.0375 0.021875
0 0.284375 0.0109375 0.0374992 0.021875
0 0.303125 0.0109375 0.0375 0.021875
0 0.315625 0.0109375 0.0374993 0.021875
0 0.328125 0.0109375 0.0374999 0.021875
0 0.340625 0.0109375 0.0374992 0.021875
0 0.353126 0.0109375 0.0374974 0.021875
0 0.365628 0.0109375 0.0374945 0.021875
0 0.378134 0.0109375 0.0374812 0.021875
0 0.390633 0.0109375 0.0374846 0.021875
0 0.403138 0.010938 0.0374734 0.021876
0 0.415858 0.0109376 0.0370339 0.0218752
0 0.42883 0.0109375 0.0360902 0.0218751
0 0.440663 0.0109375 0.0374236 0.021875
0 0.453137 0.0109378 0.037476 0.0218756
0 0.465625 0.0109375 0.0374992 0.0218751
0 0.478126 0.0109376 0.0374983 0.0218751
0 0.490626 0.0109375 0.0374988 0.021875
0 0.503125 0.0109375 0.0374995 0.0218751
0 0.515646 0.0109377 0.0374578 0.0218755
0 0.528169 0.0109375 0.0374128 0.021875
0 0.540767 0.0109376 0.0372155 0.0218752
0 0.553253 0.0109375 0.0372448 0.0218751
0 0.565745 0.0109375 0.0372607 0.0218751
0 0.578495 0.0109376 0.0367593 0.0218752
0 0.590627 0.0109375 0.0374963 0.0218751
0 0.603126 0.010941 0.037499 0.021882
0 0.615683 0.010938 0.0373836 0.021876
0 0.628212 0.0109375 0.037326 0.021875
0 0.635816 0.0109375 0.034618 0.021875
0 0.646989 0.0109375 0.0372717 0.0218751
0 0.659749 0.0109375 0.0367527 0.021875
0 0.671937 0.0109375 0.0373764 0.021875
0 0.684463 0.0109376 0.0373234 0.0218752
0 0.696901 0.0109376 0.0374475 0.0218752
0 0.709393 0.0109379 0.0374645 0.0218758
0 0.721911 0.0109379 0.0374272 0.0218757
0 0.73448 0.0109381 0.0372904 0.0218762
0 0.746885 0.0109378 0.0374802 0.0218756
0 0.759386 0.0109387 0.0374783 0.0218774
0 0.771876 0.010938 0.0374972 0.0218761
0 0.784381 0.0109395 0.0374876 0.021879
0 0.796877 0.010939 0.0374953 0.0218781
0 0.809377 0.0109419 0.0374951 0.0218837
0 0.821877 0.0109394 0.0374966 0.0218787
0 0.83438 0.0109405 0.0374902 0.0218809
0 0.846874 0.0109409 0.0374937 0.0218818
0 0.859378 0.0109424 0.0374948 0.0218847
0 0.87187 0.0109441 0.0374997 0.0218883
0 0.884373 0.0109522 0.0374991 0.0219043
0 0.896904 0.0109445 0.0374432 0.0218891
0 0.90945 0.0109388 0.0373505 0.0218776
0 0.943419 0.0109381 0.0348904 0.0218763
0 0.953116 0.0112344 0.0375204 0.0224689
0 0.96568 0.0109588 0.0373955 0.0219177
0 0.987734 0.0109376 0.0192478 0.0218752
0 0.0109375 0.0140625 0.021875 0.028125
0 0.025 0.0140625 0.03125 0.028125
0 0.03125 0.0140625 0.03125 0.028125
0 0.18125 0.0140625 0.03125 0.028125
0 0.24375 0.0140625 0.03125 0.028125
0 0.25 0.0140625 0.0312507 0.028125
0 0.25625 0.0140625 0.0312507 0.028125
0 0.266062 0.0140625 0.0366257 0.028125
0 0.274891 0.0140625 0.0314685 0.028125
0 0.281193 0.0140625 0.0313645 0.028125
0 0.287464 0.0140625 0.0313211 0.028125
0 0.293745 0.0140625 0.03126 0.028125
0 0.299978 0.0140625 0.0312941 0.028125
0 0.306247 0.0140625 0.0312558 0.028125
0 0.3125 0.0140625 0.03125 0.028125
0 0.31875 0.0140625 0.03125 0.028125
0 0.325 0.0140625 0.03125 0.028125
0 0.33125 0.0140625 0.03125 0.028125
0 0.44375 0.0140628 0.03125 0.0281256
0 0.46875 0.0140625 0.0312502 0.0281251
0 0.48125 0.0140625 0.0312501 0.028125
0 0.593749 0.014063 0.0312515 0.0281261
0 0.599999 0.0140691 0.0312515 0.0281381
0 0.63125 0.014063 0.03125 0.028126
0 0.66875 0.014063 0.03125 0.028126
0 0.743747 0.0140654 0.031256 0.0281307
0 0.749997 0.0140695 0.0312557 0.0281389
0 0.768735 0.0140652 0.0312796 0.0281303
0 0.774983 0.0140725 0.0312836 0.028145
0 0.793733 0.01407 0.0312846 0.02814
0 0.799977 0.0140789 0.031296 0.0281577
0 0.806238 0.0140771 0.0312737 0.0281542
0 0.812479 0.0140721 0.0312915 0.0281443
0 0.818684 0.0140784 0.0313812 0.0281568
0 0.824946 0.0140962 0.0313589 0.0281924
0 0.831219 0.0140977 0.0313118 0.0281954
0 0.837466 0.0140814 0.0313175 0.0281628
0 0.843683 0.0140732 0.0313843 0.0281463
0 0.849861 0.0140799 0.0315281 0.0281598
0 0.862454 0.0140847 0.031342 0.0281694
0 0.868547 0.0140768 0.0316563 0.0281536
0 0.874728 0.0141017 0.0317945 0.0282034
0 0.88107 0.0141015 0.0316097 0.0282031
0 0.887017 0.0140961 0.0322155 0.0281922
0 0.906198 0.0140712 0.0313543 0.0281424
0 0.912481 0.0140839 0.031288 0.0281678
0 0.925 0.0140661 0.0312508 0.0281321
0 0.931249 0.014064 0.0312523 0.0281279
0 0.9375 0.0140677 0.0312507 0.0281355
0 0.943289 0.0140638 0.032173 0.0281276
0 0.956267 0.0145782 0.031341 0.0291564
0 0.96242 0.0140867 0.0314094 0.0281734
0 0.985936 0.0171875 0.0281273 0.034375
0 0.989063 0.0140676 0.021875 0.0281351
0 0.0140625 0.0171875 0.028125 0.034375
0 0.0624898 0.0171875 0.0312704 0.034375
0 0.0748003 0.0171875 0.0316493 0.034375
0 0.0811037 0.0171875 0.0315427 0.034375
0 0.0874717 0.0171875 0.0313066 0.034375
0 0.0937468 0.0171875 0.0312563 0.034375
0 0.0999995 0.0171875 0.0312509 0.034375
0 0.10625 0.0171875 0.0312509 0.034375
0 0.1125 0.0171875 0.0312504 0.0343751
0 0.11875 0.0171875 0.0312501 0.0343751
0 0.125 0.0171875 0.03125 0.034375
0 0.13125 0.0171875 0.0312501 0.034375
0 0.14375 0.0171875 0.03125 0.034375
0 0.15 0.0171875 0.03125 0.034375
0 0.15625 0.0171875 0.0312501 0.034375
0 0.162499 0.0171875 0.0312511 0.034375
0 0.19375 0.0171875 0.03125 0.034375
0 0.2 0.0171875 0.03125 0.034375
0 0.20625 0.0171875 0.03125 0.034375
0 0.2125 0.0171875 0.03125 0.034375
0 0.21875 0.0171875 0.03125 0.034375
0 0.225 0.0171875 0.03125 0.034375
