0 0.0078125 0.0109373 0.015625 0.0218746
0 0.0124998 0.0078125 0.0187499 0.015625
0 0.0186577 0.0112683 0.0310655 0.0225367
0 0.0240328 0.010979 0.0293156 0.021958
0 0.0282597 0.012513 0.0252693 0.0250261
0 0.0358432 0.0140109 0.0279365 0.0280218
0 0.0424502 0.0140547 0.0286783 0.0281093
0 0.0485463 0.0140582 0.0283525 0.0281164
0 0.0538018 0.0140577 0.0263568 0.0281154
0 0.0602003 0.0140567 0.0266524 0.0281134
0 0.0658002 0.0140533 0.0253519 0.0281066
0 0.0721879 0.0140526 0.0256297 0.0281053
0 0.0789852 0.0140525 0.0267344 0.0281051
0 0.0849854 0.0140515 0.0262353 0.028103
0 0.0909257 0.0140529 0.0256082 0.0281058
0 0.0972916 0.0140508 0.025845 0.0281017
0 0.103671 0.0140507 0.0261065 0.0281015
0 0.109658 0.0140488 0.0255735 0.0280977
0 0.11744 0.0140528 0.0286392 0.0281055
0 0.123471 0.0140511 0.0281923 0.0281021
0 0.128395 0.0140405 0.0255406 0.0280809
0 0.135103 0.0140519 0.0264568 0.0281038
0 0.141189 0.0140552 0.026135 0.0281103
0 0.1474 0.014059 0.026058 0.028118
0 0.154434 0.01406 0.0276216 0.0281201
0 0.15961 0.0140603 0.0254713 0.0281205
0 0.167063 0.0140595 0.0278769 0.0281191
0 0.173811 0.0140584 0.0288721 0.0281169
0 0.184783 0.0140552 0.0258152 0.0281104
0 0.192125 0.0140552 0.0280004 0.0281104
0 0.198834 0.0140558 0.0289192 0.0281117
0 0.20548 0.0140551 0.0297115 0.0281102
0 0.211671 0.0140591 0.0296265 0.0281182
0 0.218704 0.0140597 0.0313044 0.0281193
0 0.224995 0.0140585 0.0312422 0.0281169
0 0.237375 0.0140579 0.0310012 0.0281159
0 0.247695 0.0140601 0.0266483 0.0281202
0 0.254351 0.0140615 0.0274603 0.028123
0 0.259887 0.0140618 0.0260465 0.0281235
0 0.268749 0.0140614 0.0312519 0.0281228
0 0.275 0.0140567 0.0312496 0.0281133
0 0.287295 0.0140582 0.0308397 0.0281164
0 0.290752 0.0140624 0.0252615 0.0281248
0 0.297171 0.0140624 0.0257032 0.0281248
0 0.305826 0.0140624 0.0310806 0.0281248
0 0.311555 0.0140623 0.0294686 0.0281247
0 0.315628 0.014062 0.0250089 0.0281241
0 0.321883 0.0140595 0.0251097 0.0281189
0 0.330028 0.0140609 0.0297495 0.0281218
0 0.340903 0.0140612 0.0255616 0.0281225
0 0.34719 0.0140553 0.0256326 0.0281106
0 0.353197 0.0140541 0.0251479 0.0281082
0 0.360137 0.0140578 0.0265691 0.0281156
0 0.368204 0.0140552 0.0322583 0.0281103
0 0.374603 0.0140619 0.0305114 0.0281237
0 0.378611 0.0140622 0.0259751 0.0281244
0 0.385756 0.0140623 0.0277668 0.0281246
0 0.391316 0.0140622 0.0263958 0.0281244
0 0.397866 0.0140623 0.0270317 0.0281246
0 0.404914 0.0140624 0.0286106 0.0281248
0 0.410343 0.0140623 0.0269485 0.0281246
0 0.418114 0.0140622 0.0299831 0.0281244
0 0.424214 0.0140619 0.029678 0.0281238
0 0.435531 0.0140608 0.0273128 0.0281217
0 0.441188 0.0140616 0.0261255 0.0281233
0 0.44812 0.014062 0.0274934 0.028124
0 0.455089 0.0140623 0.0289637 0.0281246
0 0.461199 0.0140623 0.0286842 0.0281246
0 0.46618 0.0140623 0.0261264 0.0281247
0 0.47269 0.0140623 0.0266973 0.0281246
0 0.480575 0.0140623 0.0302167 0.0281245
0 0.486267 0.0140623 0.0289937 0.0281245
0 0.490785 0.0140623 0.0253438 0.0281245
0 0.497318 0.0140621 0.0260334 0.0281241
0 0.504752 0.0140622 0.0283597 0.0281244
0 0.509764 0.0140618 0.0257881 0.0281235
0 0.515694 0.0140612 0.025139 0.0281224
0 0.522095 0.0140583 0.0254429 0.0281165
0 0.528304 0.0140526 0.0253599 0.0281051
0 0.534737 0.0140523 0.0257299 0.0281047
0 0.540983 0.0140579 0.0257185 0.0281157
0 0.547085 0.0140566 0.0254199 0.0281132
0 0.553382 0.0140551 0.0255162 0.0281103
0 0.559635 0.0140565 0.0255236 0.028113
0 0.568265 0.0140559 0.0303524 0.0281117
0 0.573828 0.0140611 0.0289291 0.0281222
0 0.579236 0.0140618 0.0272373 0.0281236
0 0.585553 0.014062 0.0273657 0.0281241
0 0.592777 0.014062 0.0293368 0.0281241
0 0.599373 0.0140622 0.0300097 0.0281244
0 0.604186 0.0140622 0.0271269 0.0281244
0 0.610969 0.014062 0.0281903 0.028124
0 0.615952 0.0140617 0.0256581 0.0281234
0 0.622662 0.0140618 0.0265959 0.0281236
0 0.630676 0.0140622 0.0301186 0.0281244
0 0.635649 0.0140616 0.0275509 0.0281231
0 0.640909 0.014061 0.0255701 0.028122
0 0.647721 0.0140612 0.0267033 0.0281224
0 0.655499 0.014062 0.0297654 0.028124
0 0.667332 0.0140601 0.0284141 0.0281203
0 0.673923 0.0140591 0.0290967 0.0281182
0 0.679067 0.0140548 0.0268854 0.0281096
0 0.68573 0.0140561 0.0277096 0.0281122
0 0.693609 0.014057 0.0309677 0.028114
0 0.698909 0.0140146 0.0290678 0.0280291
0 0.711059 0.0140471 0.0283689 0.0280942
0 0.715832 0.0140595 0.0254156 0.028119
0 0.722245 0.0140603 0.0257475 0.0281205
0 0.730434 0.0140611 0.029628 0.0281221
0 0.743232 0.0140588 0.0302135 0.0281176
0 0.74929 0.0140581 0.0298308 0.0281162
0 0.76139 0.0140596 0.0290318 0.0281191
0 0.766451 0.0140612 0.0266594 0.0281225
0 0.773196 0.0140617 0.027659 0.0281234
0 0.780987 0.014062 0.0307373 0.0281241
0 0.786588 0.0140608 0.0294279 0.0281216
0 0.797483 0.0140576 0.0262403 0.0281151
0 0.805908 0.0140615 0.0306318 0.0281231
0 0.811195 0.0140597 0.0286581 0.0281194
0 0.816128 0.0140562 0.0260103 0.0281124
0 0.82277 0.0140574 0.0268322 0.0281147
0 0.831083 0.0140604 0.0309498 0.0281209
0 0.837035 0.0140572 0.0303324 0.0281143
0 0.847215 0.0140525 0.0257921 0.028105
0 0.855319 0.0140608 0.0299587 0.0281215
0 0.861746 0.0140599 0.0300338 0.0281198
0 0.865868 0.0140527 0.0255318 0.0281053
0 0.872022 0.0140472 0.0254663 0.0280943
0 0.880936 0.0140502 0.0308552 0.0281005
0 0.887335 0.0140485 0.0310906 0.028097
0 0.896791 0.0139225 0.0252014 0.0278449
0 0.903842 0.013986 0.0339024 0.0279719
0 0.916771 0.0140453 0.0326159 0.0280905
0 0.924146 0.0140548 0.0312809 0.0281095
0 0.931099 0.0140538 0.0311806 0.0281077
0 0.937036 0.0140036 0.0304244 0.0280071
0 0.947146 0.0139373 0.0263203 0.0278745
0 0.953855 0.0140412 0.0271256 0.0280825
0 0.959659 0.0140354 0.0260322 0.0280707
0 0.968436 0.014016 0.0318134 0.0280321
0 0.974976 0.0140338 0.0312276 0.0280675
0 0.981202 0.0137614 0.0311669 0.0275227
0 0.985937 0.0134026 0.0281251 0.0268052
0 0.976562 0.0479646 0.046875 0.0959292
0 0.0345928 0.0109375 0.0370645 0.021875
0 0.0469121 0.0109375 0.0374259 0.021875
0 0.0594461 0.0109375 0.0373578 0.021875
0 0.0718806 0.0109375 0.0374889 0.021875
0 0.0843762 0.0109375 0.0374976 0.021875
0 0.0968761 0.0109375 0.0374978 0.021875
0 0.109375 0.0109376 0.0374993 0.0218751
0 0.121884 0.0109375 0.0374817 0.0218751
0 0.134399 0.0109375 0.0374515 0.021875
0 0.146879 0.0109375 0.0374929 0.021875
0 0.159378 0.0109375 0.0374947 0.021875
0 0.171932 0.0109375 0.0373853 0.021875
0 0.184433 0.0109375 0.037384 0.021875
0 0.196984 0.0109375 0.0372825 0.021875
0 0.209409 0.0109375 0.0374328 0.021875
0 0.228305 0.0109375 0.03714 0.021875
0 0.240711 0.0109375 0.0373277 0.021875
0 0.25314 0.0109375 0.0374705 0.021875
0 0.279094 0.0109375 0.0355619 0.021875
0 0.290668 0.0109375 0.0374134 0.021875
0 0.303201 0.0109375 0.0373488 0.021875
0 0.315626 0.0109375 0.0374976 0.021875
0 0.328125 0.0109378 0.037499 0.0218755
0 0.340625 0.0109375 0.0374998 0.021875
0 0.353125 0.0109375 0.0374999 0.021875
0 0.365627 0.0109375 0.0374967 0.021875
0 0.378131 0.0109375 0.0374883 0.021875
0 0.390635 0.0109375 0.0374807 0.021875
0 0.403131 0.0109375 0.0374874 0.021875
0 0.415758 0.0109375 0.0372334 0.021875
0 0.428419 0.0109375 0.036912 0.021875
0 0.435163 0.0109375 0.0359245 0.021875
0 0.446951 0.0109375 0.0373478 0.021875
0 0.459451 0.0109375 0.0373478 0.021875
0 0.471906 0.0109375 0.0374382 0.021875
0 0.484423 0.0109375 0.0374041 0.021875
0 0.496885 0.0109375 0.0374808 0.021875
0 0.509375 0.0109375 0.0374993 0.021875
0 0.521875 0.0109375 0.0374994 0.021875
0 0.534375 0.0109375 0.0374999 0.021875
0 0.546875 0.0109375 0.0375 0.021875
0 0.559375 0.0109375 0.0374998 0.021875
0 0.57188 0.0109375 0.037491 0.021875
0 0.58441 0.0109375 0.0374296 0.021875
0 0.597007 0.0109375 0.0372357 0.021875
0 0.609805 0.0109375 0.036639 0.021875
0 0.621921 0.0109375 0.0374084 0.021875
0 0.63446 0.0109375 0.0373291 0.021875
0 0.646958 0.0109375 0.0373347 0.021875
0 0.659411 0.0109375 0.0374289 0.021875
0 0.672137 0.0109375 0.0369757 0.021875
0 0.684635 0.0109375 0.0369795 0.021875
0 0.698339 0.0109375 0.0345713 0.021875
0 0.710262 0.0109375 0.0357268 0.021875
0 0.721881 0.0109375 0.0374888 0.021875
0 0.734381 0.0109375 0.0374879 0.021875
0 0.747297 0.0109375 0.0366556 0.021875
0 0.760347 0.0109375 0.0355561 0.021875
0 0.772082 0.0109375 0.0370863 0.021875
0 0.779007 0.0109375 0.0357369 0.021875
0 0.785518 0.0109375 0.0352136 0.021875
0 0.796997 0.0109375 0.0372551 0.021875
0 0.803576 0.0109376 0.0365977 0.0218751
0 0.81591 0.0109375 0.0369307 0.021875
0 0.829056 0.0109376 0.0356377 0.0218751
0 0.840675 0.0109375 0.0374002 0.021875
0 0.853162 0.0109388 0.037426 0.0218775
0 0.865641 0.0109377 0.0374684 0.0218755
0 0.878195 0.0109388 0.0373597 0.0218776
0 0.890621 0.0109377 0.0374905 0.0218753
0 0.903109 0.0109962 0.0375326 0.0219924
0 0.909368 0.0109421 0.0375145 0.0218843
0 0.915655 0.0109399 0.0374411 0.0218797
0 0.921979 0.0109388 0.037294 0.0218776
0 0.928691 0.010938 0.0363696 0.021876
0 0.935062 0.0109381 0.036126 0.0218763
0 0.946883 0.0109386 0.0374826 0.0218772
0 0.959371 0.0109439 0.037508 0.0218878
0 0.965766 0.0109436 0.0372273 0.0218871
0 0.987733 0.0109375 0.019208 0.021875
0 0.0109375 0.0140626 0.021875 0.0281251
0 0.01875 0.0140626 0.03125 0.0281252
0 0.025 0.0140625 0.03125 0.028125
0 0.03125 0.0140625 0.03125 0.028125
0 0.06875 0.0140625 0.03125 0.0281251
0 0.075 0.0140626 0.03125 0.0281252
0 0.09375 0.0140626 0.0312501 0.0281253
0 0.1 0.0140627 0.03125 0.0281254
0 0.10625 0.0140626 0.03125 0.0281252
0 0.1125 0.0140626 0.0312501 0.0281252
0 0.13125 0.0140625 0.03125 0.028125
0 0.14375 0.0140625 0.03125 0.028125
0 0.15 0.0140625 0.03125 0.028125
0 0.1625 0.0140626 0.03125 0.0281252
0 0.18125 0.0140625 0.03125 0.0281251
0 0.1875 0.0140626 0.03125 0.0281251
0 0.23125 0.0140628 0.03125 0.0281256
0 0.24375 0.0140629 0.03125 0.0281258
0 0.28125 0.0140625 0.03125 0.028125
0 0.3375 0.0140628 0.0312501 0.0281255
0 0.34375 0.0140626 0.0312501 0.0281253
0 0.35 0.0140626 0.03125 0.0281251
0 0.35625 0.0140625 0.0312501 0.028125
0 0.43125 0.0140625 0.03125 0.028125
0 0.44375 0.0140625 0.03125 0.028125
0 0.51875 0.0140625 0.03125 0.0281251
0 0.525 0.0140626 0.03125 0.0281252
0 0.53125 0.0140625 0.03125 0.028125
0 0.5375 0.0140625 0.03125 0.028125
0 0.54375 0.0140625 0.03125 0.028125
0 0.55 0.0140625 0.03125 0.028125
0 0.55625 0.0140625 0.03125 0.028125
0 0.5625 0.0140625 0.03125 0.028125
0 0.64375 0.0140626 0.03125 0.0281252
0 0.6625 0.0140631 0.03125 0.0281262
0 0.70625 0.0140625 0.03125 0.028125
0 0.71875 0.0140625 0.03125 0.028125
0 0.725 0.0140625 0.03125 0.028125
0 0.7375 0.0140625 0.03125 0.028125
0 0.75625 0.0140625 0.03125 0.028125
0 0.79375 0.0140626 0.03125 0.0281251
0 0.81875 0.014063 0.03125 0.028126
0 0.893732 0.014064 0.0312851 0.0281279
0 0.899904 0.0140734 0.0314419 0.0281469
0 0.906244 0.0158526 0.0312629 0.0317052
0 0.912482 0.0143383 0.031287 0.0286766
0 0.985937 0.0171875 0.028125 0.034375
0 0.989063 0.0141032 0.021875 0.0282063
0 0.0140625 0.0171875 0.028125 0.034375
0 0.0874972 0.0171875 0.0312556 0.034375
0 0.21875 0.0171879 0.0312501 0.0343758
0 0.2625 0.0171881 0.0312504 0.0343763
0 0.29375 0.0171875 0.03125 0.034375
0 0.3 0.0171875 0.03125 0.034375
0 0.30625 0.0171875 0.03125 0.034375
0 0.3125 0.0171875 0.03125 0.034375
0 0.31875 0.0171875 0.03125 0.034375
0 0.324999 0.0171875 0.0312515 0.034375
0 0.331246 0.0171875 0.0312572 0.034375
0 0.362461 0.0171875 0.0313284 0.034375
0 0.368748 0.0171875 0.0312539 0.034375
0 0.375 0.0171875 0.0312501 0.034375
0 0.38125 0.0171875 0.03125 0.034375
0 0.39375 0.0171875 0.03125 0.034375
0 0.4 0.0171875 0.0312501 0.034375
0 0.40625 0.0171875 0.03125 0.034375
0 0.4125 0.0171875 0.03125 0.034375
0 0.45625 0.0171875 0.03125 0.034375
0 0.4625 0.0171875 0.03125 0.034375
0 0.46875 0.0171875 0.03125 0.034375
0 0.475 0.0171875 0.03125 0.034375
0 0.48125 0.0171875 0.03125 0.034375
0 0.4875 0.0171875 0.03125 0.034375
0 0.49375 0.0171875 0.03125 0.034375
0 0.5 0.0171875 0.0312502 0.034375
0 0.50625 0.0171875 0.0312502 0.034375
