0 0.00782345 0.0106746 0.0156469 0.0213493
0 0.0124757 0.00781244 0.0187168 0.0156249
0 0.0187434 0.0106005 0.0312368 0.021201
0 0.0249235 0.00984836 0.0310971 0.0196967
0 0.0344948 0.0114199 0.0252398 0.0228397
0 0.0437621 0.0131241 0.0312744 0.0262483
0 0.0499981 0.0108748 0.0312462 0.0217496
0 0.0531486 0.0080523 0.0250471 0.0161046
0 0.0597578 0.010619 0.0257656 0.0212379
0 0.0667349 0.0132913 0.0272198 0.0265827
0 0.0728422 0.0133783 0.0269343 0.0267565
0 0.0785844 0.0135966 0.0259188 0.0271933
0 0.0853997 0.0137676 0.0270495 0.0275353
0 0.0906736 0.0138014 0.0250977 0.0276029
0 0.0970334 0.0139321 0.0253203 0.0278643
0 0.104539 0.0139971 0.0278516 0.0279942
0 0.109902 0.0139561 0.0260634 0.0279122
0 0.115731 0.0139081 0.0252148 0.0278162
0 0.122063 0.0139041 0.0253809 0.0278082
0 0.129564 0.0138728 0.0278801 0.0277456
0 0.135074 0.0135129 0.0263994 0.0270258
0 0.140697 0.0125883 0.0251448 0.0251766
0 0.146974 0.0127794 0.0251992 0.0255588
0 0.154047 0.013374 0.026844 0.026748
0 0.159813 0.0128071 0.0258761 0.0256143
0 0.166203 0.012593 0.0261564 0.025186
0 0.172265 0.0121491 0.0257804 0.0242981
0 0.178378 0.0119384 0.0255078 0.0238768
0 0.184455 0.0120663 0.0251617 0.0241327
0 0.193686 0.0133401 0.0311231 0.0266802
0 0.199824 0.0119398 0.0308986 0.0238795
0 0.209641 0.0124699 0.0255314 0.0249398
0 0.218535 0.0137158 0.0308202 0.0274316
0 0.224573 0.0133146 0.0303964 0.0266292
0 0.234811 0.0132103 0.0258712 0.0264205
0 0.243262 0.0138799 0.0302734 0.0277598
0 0.24866 0.013655 0.0285693 0.02731
0 0.253277 0.0129883 0.0253048 0.0259766
0 0.259953 0.0136283 0.0261569 0.0272565
0 0.266277 0.0139008 0.0263047 0.0278016
0 0.272483 0.0138652 0.026216 0.0277303
0 0.278359 0.0138676 0.0254678 0.0277352
0 0.284772 0.0139351 0.0257949 0.0278702
0 0.293707 0.0139487 0.0311632 0.0278975
0 0.299532 0.0126162 0.0303132 0.0252324
0 0.30981 0.0129508 0.0258702 0.0259015
0 0.315947 0.0138531 0.0256445 0.0277063
0 0.322235 0.0138883 0.0257201 0.0277765
0 0.328388 0.0139615 0.0255264 0.027923
0 0.33466 0.0140021 0.02557 0.0280041
0 0.343641 0.0140118 0.0310313 0.0280236
0 0.349087 0.0135899 0.0294244 0.0271799
0 0.35315 0.0123667 0.0250509 0.0247334
0 0.35973 0.0135952 0.0257091 0.0271904
0 0.365676 0.0139538 0.025102 0.0279076
0 0.371979 0.0140012 0.0252088 0.0280025
0 0.378571 0.0140187 0.0258927 0.0280374
0 0.38452 0.0139972 0.0252894 0.0279944
0 0.390763 0.013952 0.0252755 0.0279039
0 0.396986 0.0138161 0.0252218 0.0276321
0 0.403184 0.01368 0.0251182 0.02736
0 0.409528 0.0137872 0.0253068 0.0275744
0 0.41565 0.0137599 0.0250502 0.0275198
0 0.421902 0.0138362 0.0250532 0.0276723
0 0.428322 0.0138775 0.025393 0.0277551
0 0.434449 0.0137912 0.0251478 0.0275825
0 0.440651 0.0135531 0.0250528 0.0271063
0 0.446916 0.0135688 0.0250812 0.0271376
0 0.453184 0.0137205 0.0251173 0.0274409
0 0.459399 0.013866 0.0250484 0.0277321
0 0.466322 0.0139984 0.0263947 0.0279968
0 0.472202 0.0139424 0.0256546 0.0278847
0 0.478149 0.0137411 0.0250473 0.0274823
0 0.484421 0.0138033 0.0250925 0.0276067
0 0.493621 0.0139001 0.0309918 0.0278003
0 0.498905 0.012134 0.0290603 0.024268
0 0.503132 0.0114025 0.0250138 0.0228051
0 0.509421 0.0127518 0.0250923 0.0255037
0 0.516856 0.0137566 0.0274617 0.0275132
0 0.522883 0.0134826 0.0270159 0.0269651
0 0.528191 0.0125437 0.0251318 0.0250875
0 0.534446 0.0131939 0.0251411 0.0263878
0 0.541595 0.0138502 0.0269392 0.0277005
0 0.547508 0.0138046 0.0262664 0.0276093
0 0.553164 0.0134544 0.0250778 0.0269089
0 0.559497 0.0137305 0.0252445 0.027461
0 0.565691 0.0139016 0.0251317 0.0278033
0 0.571972 0.0139136 0.0251949 0.0278272
0 0.578227 0.01395 0.0252048 0.0279
0 0.584515 0.0139716 0.0252802 0.0279432
0 0.590658 0.0139816 0.0250657 0.0279633
0 0.596928 0.0140077 0.025106 0.0280154
0 0.603327 0.0140261 0.0254042 0.0280522
0 0.609464 0.0140205 0.0251787 0.0280411
0 0.615732 0.0140043 0.0252138 0.0280085
0 0.621958 0.0139967 0.0251662 0.0279934
0 0.628264 0.0139713 0.025278 0.0279426
0 0.634434 0.0139475 0.0251189 0.0278949
0 0.640724 0.0139276 0.0251988 0.0278551
0 0.646978 0.0139447 0.0252061 0.0278894
0 0.653262 0.0139916 0.0252748 0.0279832
0 0.659533 0.0140221 0.0253156 0.0280441
0 0.666015 0.0140312 0.0257804 0.0280624
0 0.672093 0.0140216 0.0254358 0.0280431
0 0.678242 0.0139857 0.025233 0.0279713
0 0.684515 0.0139768 0.0252795 0.0279536
0 0.690934 0.0139814 0.0256178 0.0279628
0 0.697201 0.0139791 0.0256523 0.0279582
0 0.703351 0.0139808 0.0254524 0.0279617
0 0.709577 0.0140189 0.0254047 0.0280378
0 0.716606 0.0140472 0.0269621 0.0280944
0 0.72252 0.014044 0.0262892 0.0280881
0 0.72825 0.0140375 0.0252497 0.028075
0 0.734662 0.0140498 0.0255737 0.0280996
0 0.741099 0.0140553 0.025947 0.0281107
0 0.747281 0.0140553 0.0258121 0.0281107
0 0.753404 0.0140554 0.0255585 0.0281108
0 0.759728 0.014057 0.0257053 0.028114
0 0.765913 0.014058 0.0255758 0.0281161
0 0.77218 0.0140585 0.0256102 0.028117
0 0.778571 0.0140584 0.0258929 0.0281167
0 0.784719 0.0140573 0.025687 0.0281146
0 0.790884 0.0140553 0.0255177 0.0281105
0 0.797197 0.0140551 0.0256447 0.0281102
0 0.80349 0.0140552 0.0257307 0.0281104
0 0.809632 0.0140551 0.0255138 0.0281103
0 0.8165 0.0140561 0.026749 0.0281123
0 0.82278 0.0140524 0.0268097 0.0281049
0 0.828319 0.0140392 0.0253872 0.0280784
0 0.834646 0.0140387 0.025542 0.0280774
0 0.840758 0.0140472 0.0252655 0.0280944
0 0.847102 0.0140532 0.0254536 0.0281065
0 0.853567 0.0140575 0.0258839 0.028115
0 0.859665 0.0140571 0.0255796 0.0281143
0 0.865944 0.0140569 0.0256378 0.0281139
0 0.872194 0.0140569 0.0256386 0.0281139
0 0.878403 0.0140565 0.025555 0.028113
0 0.884707 0.014056 0.0256638 0.028112
0 0.890786 0.0140554 0.0253214 0.0281108
0 0.897074 0.0140565 0.0253977 0.0281131
0 0.90359 0.0140581 0.0259304 0.0281161
0 0.909685 0.0140578 0.0256206 0.0281155
0 0.915915 0.0140559 0.0255799 0.0281118
0 0.922122 0.0140549 0.0254933 0.0281099
0 0.928458 0.0140516 0.0256656 0.0281032
0 0.934737 0.0140464 0.0257236 0.0280928
0 0.940642 0.0140373 0.0250347 0.0280745
0 0.94694 0.0140475 0.0251293 0.0280951
0 0.95383 0.0140554 0.0264112 0.0281107
0 0.959641 0.0140482 0.0255331 0.0280963
0 0.965642 0.0140338 0.0250334 0.0280676
0 0.971919 0.0140436 0.0250875 0.0280873
0 0.981249 0.014037 0.0312498 0.028074
0 0.985937 0.0139172 0.028125 0.0278344
0 0.976562 0.0483927 0.046875 0.0967854
0 0.0349496 0.0109384 0.0363197 0.0218768
0 0.0668931 0.0109376 0.0349639 0.0218752
0 0.0735548 0.0109376 0.0341405 0.0218751
0 0.0856111 0.0109376 0.0350279 0.0218752
0 0.0969093 0.0109378 0.0374311 0.0218756
0 0.109388 0.010939 0.0374733 0.021878
0 0.121891 0.0109389 0.0374669 0.0218779
0 0.1344 0.0109395 0.0374494 0.021879
0 0.146879 0.0109387 0.0374871 0.0218774
0 0.159378 0.0109407 0.0374935 0.0218814
0 0.171879 0.0109402 0.0374916 0.0218804
0 0.184375 0.0109409 0.0374956 0.0218818
0 0.209452 0.0109378 0.0373462 0.0218756
0 0.228349 0.0109376 0.0370525 0.0218751
0 0.234932 0.0109376 0.0363857 0.0218753
0 0.253663 0.0109375 0.0364237 0.0218751
0 0.260373 0.0109376 0.0355038 0.0218751
0 0.272395 0.0109376 0.0364602 0.0218752
0 0.284562 0.0109376 0.0371259 0.0218752
0 0.304045 0.0109375 0.0356598 0.021875
0 0.311454 0.0109375 0.0333417 0.021875
0 0.322129 0.0109375 0.036993 0.021875
0 0.33444 0.0109375 0.037371 0.0218751
0 0.353535 0.0109375 0.0366797 0.021875
0 0.360633 0.0109375 0.0349837 0.021875
0 0.371889 0.0109375 0.0374716 0.021875
0 0.384382 0.0109375 0.0374868 0.021875
0 0.396891 0.0109375 0.0374675 0.021875
0 0.409382 0.0109375 0.0374864 0.021875
0 0.421876 0.0109375 0.037499 0.021875
0 0.434376 0.0109375 0.0374989 0.0218751
0 0.446875 0.0109375 0.0374994 0.021875
0 0.459375 0.0109375 0.0374999 0.0218751
0 0.471876 0.0109375 0.0374974 0.021875
0 0.484378 0.0109375 0.0374939 0.021875
0 0.50948 0.0109375 0.0372907 0.021875
0 0.521945 0.0109375 0.03736 0.021875
0 0.534393 0.0109375 0.0374641 0.021875
0 0.546959 0.0109375 0.0373313 0.021875
0 0.559441 0.0109375 0.037368 0.021875
0 0.571896 0.0109375 0.0374584 0.021875
0 0.584391 0.0109375 0.0374678 0.021875
0 0.596878 0.0109375 0.0374941 0.021875
0 0.609377 0.0109375 0.0374961 0.021875
0 0.621879 0.0109375 0.0374929 0.021875
0 0.634379 0.0109375 0.037492 0.021875
0 0.64688 0.0109375 0.0374894 0.021875
0 0.65938 0.0109375 0.0374908 0.021875
0 0.671889 0.0109375 0.0374727 0.021875
0 0.684391 0.0109375 0.0374677 0.021875
0 0.696887 0.0109375 0.0374763 0.021875
0 0.709379 0.0109375 0.0374914 0.021875
0 0.721897 0.0109375 0.0374556 0.021875
0 0.734396 0.0109375 0.0374573 0.021875
0 0.746894 0.0109375 0.0374621 0.021875
0 0.759396 0.0109375 0.0374584 0.021875
0 0.771888 0.0109375 0.0374746 0.021875
0 0.784391 0.0109375 0.0374686 0.021875
0 0.79689 0.0109375 0.03747 0.021875
0 0.809384 0.0109375 0.0374817 0.021875
0 0.821916 0.0109375 0.0374172 0.021875
0 0.834419 0.0109375 0.0374131 0.021875
0 0.846884 0.0109375 0.037483 0.021875
0 0.859381 0.0109375 0.0374882 0.021875
0 0.871885 0.0109375 0.0374809 0.021875
0 0.884389 0.0109375 0.0374729 0.021875
0 0.896881 0.0109375 0.0374876 0.021875
0 0.909383 0.0109375 0.0374848 0.021875
0 0.921883 0.0109375 0.0374836 0.021875
0 0.934389 0.0109375 0.037472 0.021875
0 0.946876 0.0109375 0.0374988 0.021875
0 0.959376 0.0109375 0.0374991 0.021875
0 0.971875 0.0109375 0.0374996 0.021875
0 0.987607 0.0109375 0.0189716 0.021875
0 0.0109375 0.0141462 0.021875 0.0282925
0 0.0191907 0.0142754 0.0321369 0.0285508
0 0.0249715 0.014125 0.0313191 0.0282501
0 0.0369306 0.0142529 0.032389 0.0285057
0 0.0500001 0.0140675 0.0312502 0.028135
0 0.0561336 0.0140632 0.0314829 0.0281264
0 0.0624906 0.0140676 0.0312688 0.0281353
0 0.0687495 0.0140658 0.031251 0.0281317
0 0.0749997 0.0140646 0.0312506 0.0281291
0 0.0812497 0.0140643 0.0312506 0.0281285
0 0.0937475 0.0140645 0.0312549 0.028129
0 0.0999952 0.0140711 0.0312597 0.0281421
0 0.112496 0.0140854 0.0312571 0.0281708
0 0.118738 0.0140754 0.0312748 0.0281507
0 0.124986 0.0140875 0.031278 0.028175
0 0.137492 0.0140759 0.0312653 0.0281518
0 0.143714 0.0140717 0.0313222 0.0281435
0 0.149944 0.014081 0.0313618 0.0281619
0 0.156232 0.0140893 0.0312865 0.0281785
0 0.162454 0.0140768 0.0313427 0.0281536
0 0.168665 0.0140782 0.0314199 0.0281564
0 0.174874 0.0140792 0.0315011 0.0281585
0 0.18101 0.014091 0.0317301 0.028182
0 0.187173 0.0140945 0.031904 0.0281891
0 0.206023 0.0140725 0.0317037 0.0281451
0 0.212442 0.0141114 0.031366 0.0282229
0 0.231242 0.0140691 0.031266 0.0281382
0 0.237496 0.0140916 0.031259 0.0281832
0 0.256249 0.0140643 0.0312524 0.0281286
0 0.262499 0.0140665 0.0312512 0.028133
0 0.26875 0.0140653 0.031251 0.0281306
0 0.275 0.0140646 0.0312507 0.0281292
0 0.281249 0.0140643 0.0312512 0.0281287
0 0.287499 0.0140668 0.0312514 0.0281335
0 0.30625 0.0140626 0.0312501 0.0281251
0 0.3125 0.0140628 0.0312501 0.0281256
0 0.31875 0.0140628 0.0312501 0.0281256
0 0.325 0.0140628 0.0312501 0.0281256
0 0.33125 0.014063 0.0312502 0.028126
0 0.3375 0.0140634 0.0312503 0.0281268
0 0.35625 0.0140625 0.0312501 0.028125
0 0.3625 0.0140626 0.03125 0.0281252
0 0.36875 0.0140626 0.0312501 0.0281252
0 0.375 0.0140627 0.0312501 0.0281254
0 0.38125 0.014063 0.03125 0.0281261
0 0.3875 0.0140628 0.0312501 0.0281256
0 0.39375 0.0140627 0.0312501 0.0281253
0 0.4 0.0140627 0.0312501 0.0281253
0 0.40625 0.0140626 0.03125 0.0281252
0 0.4125 0.0140626 0.0312501 0.0281251
0 0.41875 0.0140625 0.0312504 0.0281251
0 0.425 0.0140626 0.0312504 0.0281252
0 0.43125 0.0140626 0.0312502 0.0281252
0 0.4375 0.0140626 0.0312503 0.0281251
0 0.443749 0.0140626 0.031251 0.0281251
0 0.449999 0.0140626 0.0312513 0.0281252
0 0.456249 0.0140627 0.0312521 0.0281255
0 0.462497 0.0140628 0.0312561 0.0281256
0 0.475 0.0140626 0.0312505 0.0281252
0 0.481249 0.0140625 0.0312512 0.0281251
0 0.4875 0.0140626 0.0312506 0.0281253
0 0.5 0.0140625 0.03125 0.028125
0 0.50625 0.0140625 0.0312501 0.028125
0 0.5125 0.0140625 0.03125 0.028125
0 0.525 0.0140625 0.03125 0.028125
0 0.53125 0.0140625 0.03125 0.028125
0 0.5375 0.0140625 0.03125 0.028125
0 0.55 0.0140625 0.03125 0.028125
0 0.55625 0.0140625 0.03125 0.028125
0 0.5625 0.0140625 0.03125 0.028125
0 0.56875 0.0140625 0.03125 0.028125
