0 0.19989 0.00990983 0.0317075 0.0198197
0 0.204148 0.00906281 0.0298612 0.0181256
0 0.210824 0.0104625 0.0320981 0.0209249
0 0.216246 0.0114149 0.0354495 0.0228297
0 0.222956 0.0114641 0.0327661 0.0229282
0 0.23444 0.0120258 0.0308246 0.0240517
0 0.244521 0.0124227 0.0349999 0.0248454
0 0.249864 0.0108114 0.031338 0.0216228
0 0.253627 0.00920022 0.0265918 0.0184004
0 0.260315 0.0106934 0.0273926 0.0213868
0 0.26743 0.0126572 0.0298082 0.0253144
0 0.273519 0.0125287 0.0291004 0.0250574
0 0.279392 0.01254 0.028348 0.0250799
0 0.285856 0.0128809 0.0288359 0.0257619
0 0.292619 0.0130107 0.0299973 0.0260214
0 0.298652 0.0125675 0.0290218 0.0251349
0 0.305114 0.0121931 0.0293666 0.0243861
0 0.311415 0.0119928 0.0294136 0.0239856
0 0.315815 0.0111263 0.0261513 0.0222526
0 0.322099 0.011668 0.027236 0.023336
0 0.328495 0.0119291 0.0286213 0.0238581
0 0.334462 0.0119073 0.0283771 0.0238145
0 0.340662 0.0121047 0.0277108 0.0242094
0 0.346623 0.0124242 0.0284885 0.0248485
0 0.354717 0.0126104 0.0306139 0.0252208
0 0.359798 0.012055 0.0280858 0.0241101
0 0.369292 0.012274 0.0329044 0.0245479
0 0.374891 0.0115599 0.031332 0.0231197
0 0.378637 0.0102443 0.0266714 0.0204887
0 0.385531 0.0116535 0.0279511 0.0233071
0 0.392981 0.0131626 0.0306935 0.0263253
0 0.398778 0.0129484 0.0292865 0.0258968
0 0.405323 0.0128692 0.029897 0.0257383
0 0.411853 0.0130758 0.0304254 0.0261517
0 0.421517 0.0125966 0.0270473 0.0251933
0 0.428242 0.0131575 0.0347891 0.0263149
0 0.434566 0.0131452 0.0313608 0.0262904
0 0.440687 0.0130774 0.0302105 0.0261549
0 0.447059 0.0129168 0.0319872 0.0258337
0 0.45409 0.0128814 0.0342244 0.0257629
0 0.46021 0.0125745 0.0333153 0.0251491
0 0.466005 0.0121137 0.0343279 0.0242274
0 0.472173 0.0118988 0.0339432 0.0237975
0 0.478837 0.011462 0.0334572 0.0229241
0 0.485826 0.0112384 0.0315672 0.0224769
0 0.492428 0.0107907 0.0310318 0.0215815
0 0.498006 0.0100193 0.0278611 0.0200385
0 0.503073 0.00994487 0.0256266 0.0198897
0 0.509715 0.0114713 0.0267145 0.0229427
0 0.515608 0.0115805 0.027554 0.0231611
0 0.521779 0.0120235 0.0265356 0.024047
0 0.528654 0.0121215 0.0291206 0.0242429
0 0.534873 0.0112112 0.0276062 0.0224224
0 0.541918 0.0111462 0.0285788 0.0222925
0 0.548382 0.010684 0.0283102 0.021368
0 0.553154 0.00982251 0.0253077 0.019645
0 0.559447 0.0111508 0.0253948 0.0223015
0 0.565378 0.0110587 0.0262527 0.0221174
0 0.571306 0.0106579 0.0265612 0.0213157
0 0.578143 0.0107519 0.0293707 0.0215038
0 0.584587 0.0102113 0.0270657 0.0204227
0 0.59077 0.00982519 0.0258968 0.0196504
0 0.597422 0.0106741 0.027573 0.0213482
0 0.603176 0.0106288 0.0268915 0.0212575
0 0.609172 0.0106753 0.0267835 0.0213507
0 0.615418 0.0109321 0.0274063 0.0218641
0 0.621387 0.0111581 0.027652 0.0223162
0 0.628049 0.0115915 0.0279018 0.023183
0 0.63467 0.0115263 0.0279272 0.0230526
0 0.641026 0.0115678 0.0276344 0.0231355
0 0.647264 0.0116291 0.0282302 0.0232581
0 0.653457 0.0118026 0.0289127 0.0236053
0 0.659336 0.0119798 0.0293709 0.0239597
0 0.666947 0.0121824 0.0337276 0.0243648
0 0.673953 0.0123666 0.0318232 0.0247332
0 0.678917 0.0124825 0.0276015 0.0249649
0 0.685403 0.012646 0.0288884 0.0252921
0 0.691653 0.0130231 0.0300562 0.0260461
0 0.698234 0.0128374 0.0301796 0.0256748
0 0.704013 0.0126206 0.0278825 0.0252412
0 0.710646 0.0126171 0.0279304 0.0252342
0 0.716786 0.0120064 0.0275146 0.0240128
0 0.722965 0.0105659 0.0272231 0.0211317
0 0.728208 0.0103151 0.0252676 0.0206302
0 0.734496 0.0107582 0.0253397 0.0215164
0 0.741535 0.010621 0.0274952 0.0212419
0 0.747796 0.0105908 0.0271185 0.0211817
0 0.753206 0.00884156 0.0252025 0.0176831
0 0.759571 0.0108106 0.0255384 0.0216213
0 0.767452 0.0113634 0.0310553 0.0227269
0 0.773266 0.0117116 0.0288592 0.0234232
0 0.779099 0.0133871 0.0272617 0.0267742
0 0.785673 0.0135649 0.0278388 0.0271297
0 0.791502 0.0136548 0.0270839 0.0273097
0 0.798129 0.0135506 0.028142 0.0271011
0 0.803931 0.0135115 0.027302 0.0270229
0 0.810265 0.0136114 0.0277597 0.0272227
0 0.816971 0.0135677 0.028788 0.0271353
0 0.823208 0.0133437 0.0281526 0.0266875
0 0.828345 0.0133183 0.0254982 0.0266365
0 0.834714 0.013485 0.0257624 0.02697
0 0.841087 0.0136624 0.026231 0.0273247
0 0.84723 0.0136687 0.0266275 0.0273374
0 0.853977 0.0137057 0.0293819 0.0274115
0 0.859981 0.0136514 0.0289289 0.0273027
0 0.866261 0.0137068 0.0287588 0.0274137
0 0.872102 0.0137268 0.0284657 0.0274535
0 0.879562 0.0137447 0.0313202 0.0274894
0 0.885756 0.0135317 0.0295776 0.0270634
0 0.890604 0.0131798 0.0251641 0.0263597
0 0.896591 0.0126081 0.0257408 0.0252161
0 0.902901 0.0111297 0.0291516 0.0222594
0 0.909365 0.0109999 0.0261161 0.0219997
0 0.915812 0.010759 0.0258072 0.0215179
0 0.922206 0.0109313 0.0261046 0.0218625
0 0.928142 0.0106306 0.0252773 0.0212612
0 0.934374 0.0109179 0.0251999 0.0218359
0 0.940691 0.0115384 0.0265568 0.0230768
0 0.946749 0.0118598 0.0263157 0.0237196
0 0.953306 0.0133893 0.026486 0.0267787
0 0.959703 0.0135164 0.0268043 0.0270328
0 0.969496 0.0131311 0.0338852 0.0262621
0 0.975002 0.0111909 0.0312932 0.0223818
0 0.980285 0.0105733 0.0297378 0.0211465
0 0.98593 0.0111174 0.0281402 0.0222349
0 0.988907 0.0140219 0.0221851 0.0280439
0 0.976562 0.0358002 0.046875 0.0716004
0 0.196645 0.0118182 0.0341939 0.0236364
0 0.203631 0.011627 0.0367022 0.023254
0 0.210126 0.0121901 0.0367285 0.0243803
0 0.32051 0.0112264 0.0381434 0.0224529
0 0.340141 0.0114299 0.0371923 0.0228598
0 0.434755 0.0114336 0.0374363 0.0228673
0 0.44137 0.011318 0.0360237 0.0226359
0 0.44759 0.0113243 0.0362867 0.0226487
0 0.502255 0.0110581 0.0367518 0.0221162
0 0.509107 0.0112082 0.0370108 0.0224164
0 0.520916 0.0111402 0.0370466 0.0222805
0 0.558935 0.0109964 0.036594 0.0219928
0 0.569398 0.0109999 0.0363873 0.0219999
0 0.577942 0.0111953 0.0379276 0.0223907
0 0.584215 0.0110903 0.0374035 0.0221807
0 0.596882 0.0111948 0.0373796 0.0223896
0 0.608997 0.0110517 0.0371723 0.0221033
0 0.615376 0.0111168 0.0374088 0.0222335
0 0.627852 0.011248 0.0377083 0.022496
0 0.634178 0.0111565 0.0377691 0.022313
0 0.640586 0.0112086 0.0373557 0.0224173
0 0.710042 0.0111547 0.0360683 0.0223094
0 0.728035 0.0109575 0.0371031 0.0219149
0 0.740621 0.0109639 0.0375109 0.0219278
0 0.759467 0.0109442 0.0372058 0.0218884
0 0.77854 0.0109413 0.0367048 0.0218826
0 0.785418 0.0109502 0.0354632 0.0219004
0 0.797534 0.0109642 0.0362381 0.0219284
0 0.809721 0.0109655 0.0368238 0.0219309
0 0.822303 0.0109534 0.0366657 0.0219068
0 0.834442 0.010944 0.0373284 0.021888
0 0.846886 0.0109496 0.0374561 0.0218992
0 0.85326 0.0109956 0.0373749 0.0219911
0 0.866039 0.0109749 0.036747 0.0219499
0 0.879004 0.0109977 0.0362909 0.0219954
0 0.885264 0.0109799 0.0359442 0.0219598
0 0.909214 0.0111104 0.0375175 0.0222208
0 0.915592 0.0109949 0.0375263 0.0219899
0 0.928057 0.0109655 0.0374256 0.0219311
0 0.940557 0.0110241 0.0376228 0.0220482
0 0.946768 0.0109616 0.037455 0.0219232
0 0.953031 0.010991 0.0374489 0.021982
0 0.985856 0.016949 0.0282881 0.033898
0 0.988421 0.0109406 0.0203335 0.0218811
0 0.187246 0.0148296 0.0335735 0.0296593
0 0.195743 0.014909 0.0360553 0.0298181
0 0.204263 0.0148831 0.0361317 0.0297662
0 0.211427 0.0154765 0.0361904 0.030953
0 0.223245 0.0152962 0.0365275 0.0305924
0 0.235784 0.0149648 0.0359226 0.0299296
0 0.246013 0.0147045 0.0361312 0.0294091
0 0.255328 0.0143447 0.0331734 0.0286894
0 0.261946 0.0144286 0.0327209 0.0288571
0 0.268751 0.0144419 0.0317082 0.0288839
0 0.274935 0.0143496 0.0316207 0.0286992
0 0.281138 0.0143614 0.031622 0.0287228
0 0.287392 0.0144564 0.03164 0.0289128
0 0.299978 0.0143974 0.0314932 0.0287947
0 0.306254 0.0144281 0.0314457 0.0288562
0 0.312461 0.0146992 0.0315372 0.0293985
0 0.322931 0.0154543 0.0354965 0.0309087
0 0.334604 0.0151709 0.0370534 0.0303417
0 0.340721 0.0146024 0.0373537 0.0292047
0 0.347092 0.0142851 0.0370779 0.0285703
0 0.354527 0.0152707 0.0356765 0.0305414
0 0.360692 0.0145784 0.0351017 0.0291568
0 0.370147 0.0148807 0.0344497 0.0297615
0 0.380645 0.0143299 0.0324776 0.0286599
0 0.38713 0.0144976 0.0321236 0.0289951
0 0.41852 0.0141451 0.0317107 0.0282903
0 0.468251 0.0146469 0.0325885 0.0292937
0 0.474521 0.014685 0.0326107 0.0293701
0 0.480406 0.0146666 0.0331351 0.0293333
0 0.492723 0.0152063 0.0344473 0.0304126
0 0.503294 0.0142565 0.0371708 0.028513
0 0.509932 0.014561 0.0364369 0.0291221
0 0.52228 0.0142567 0.0367481 0.0285134
0 0.529593 0.0145909 0.0355406 0.0291819
0 0.535839 0.0143057 0.0347424 0.0286115
0 0.542791 0.0142249 0.0336809 0.0284499
0 0.549096 0.0142656 0.0332007 0.0285312
0 0.560041 0.0141886 0.0362015 0.0283771
0 0.571991 0.0145119 0.0372528 0.0290237
0 0.578395 0.0148477 0.0370424 0.0296954
0 0.584735 0.0143635 0.0367922 0.0287271
0 0.597105 0.0144339 0.0370662 0.0288679
0 0.609449 0.014368 0.0373577 0.0287361
0 0.621965 0.014245 0.0373224 0.0284901
0 0.634856 0.0142908 0.0366147 0.0285816
0 0.641701 0.0143364 0.0355451 0.0286728
0 0.648037 0.0143814 0.0353765 0.0287627
0 0.654497 0.0144543 0.0349588 0.0289085
0 0.660913 0.0143943 0.0346891 0.0287885
0 0.680736 0.0142551 0.0323217 0.0285103
0 0.687173 0.0143624 0.0320492 0.0287248
0 0.705998 0.014147 0.0317802 0.0282939
0 0.712146 0.0142419 0.0319969 0.0284839
0 0.718173 0.0141838 0.0324421 0.0283677
0 0.724268 0.0142328 0.0327446 0.0284656
0 0.73452 0.0141747 0.0372099 0.0283494
0 0.747238 0.0141059 0.0367767 0.0282118
0 0.759852 0.0140761 0.0365482 0.0281521
0 0.768396 0.0140757 0.0320581 0.0281514
0 0.774809 0.0140644 0.0316405 0.0281289
0 0.781184 0.0140687 0.0313864 0.0281374
0 0.831193 0.0140634 0.0313641 0.0281268
0 0.837413 0.014065 0.0314247 0.02813
0 0.843653 0.0140668 0.0314491 0.0281337
0 0.893635 0.0140661 0.0314746 0.0281322
0 0.905741 0.0142034 0.0323114 0.0284068
0 0.915811 0.0140975 0.0371357 0.028195
0 0.928278 0.0140898 0.0371937 0.0281797
0 0.94081 0.0141177 0.0371414 0.0282354
0 0.95397 0.0142031 0.0358574 0.0284062
0 0.960832 0.0144505 0.0347199 0.0289009
0 0.975013 0.0140954 0.0312843 0.0281907
0 0.981228 0.0142209 0.0312967 0.0284418
0 0.180532 0.0173334 0.0336413 0.0346669
0 0.186591 0.0178771 0.0345075 0.0357542
0 0.195184 0.018014 0.0361693 0.0360279
0 0.216301 0.0180985 0.0370381 0.036197
0 0.228813 0.0180691 0.0366952 0.0361382
0 0.250159 0.0173735 0.0324039 0.034747
0 0.317104 0.0172012 0.0345609 0.0344025
0 0.328161 0.0172363 0.0374289 0.0344725
0 0.353561 0.0189503 0.0377878 0.0379007
0 0.359627 0.0178255 0.0371754 0.0356509
0 0.375031 0.0172891 0.0319044 0.0345781
0 0.424364 0.0172408 0.0325317 0.0344816
0 0.431025 0.0178721 0.03249 0.0357443
0 0.436727 0.0173931 0.0329666 0.0347862
0 0.442948 0.0174758 0.0329309 0.0349516
0 0.448906 0.0175416 0.0335793 0.0350832
0 0.455416 0.0179168 0.0332392 0.0358336
0 0.461408 0.0178453 0.0336113 0.0356906
0 0.467677 0.0178872 0.0335314 0.0357744
0 0.473942 0.017883 0.0335266 0.0357661
0 0.485408 0.0178134 0.0355047 0.0356268
0 0.497557 0.0179551 0.0361992 0.0359102
0 0.515735 0.0174901 0.0373773 0.0349803
0 0.528883 0.0182668 0.036671 0.0365337
0 0.535327 0.0177162 0.0357793 0.0354324
0 0.554186 0.0173172 0.0353816 0.0346345
0 0.565999 0.0172733 0.0367637 0.0345467
0 0.590675 0.0176386 0.0374191 0.0352773
0 0.603171 0.0177001 0.0374152 0.0354002
0 0.615664 0.0174931 0.0374357 0.0349862
0 0.628248 0.01765 0.0374076 0.0353
0 0.64101 0.0177398 0.0369362 0.0354797
0 0.647453 0.0175843 0.0364916 0.0351686
0 0.660185 0.0174561 0.0360605 0.0349123
0 0.667476 0.017421 0.0342108 0.034842
0 0.67412 0.017324 0.0332296 0.0346479
0 0.693167 0.0172203 0.032486 0.0344406
0 0.699342 0.0172219 0.0326601 0.0344438
0 0.710961 0.0172561 0.034347 0.0345122
0 0.722813 0.0173376 0.0356417 0.0346752
0 0.74064 0.0174272 0.0374724 0.0348544
0 0.753186 0.0171918 0.0373789 0.0343835
0 0.766441 0.017192 0.0358922 0.0343841
0 0.773571 0.0171885 0.0341119 0.0343771
0 0.793721 0.0171934 0.0313084 0.0343868
0 0.806193 0.0171909 0.0313656 0.0343817
0 0.812422 0.0171916 0.0314074 0.0343832
0 0.818707 0.017188 0.031337 0.0343759
0 0.824946 0.0171882 0.0313587 0.0343763
0 0.836882 0.0171875 0.0324867 0.0343751
0 0.849081 0.0171876 0.033089 0.0343751
0 0.856098 0.0171879 0.0315586 0.0343758
0 0.86243 0.0171877 0.0313935 0.0343754
0 0.868661 0.0171879 0.0314291 0.0343758
0 0.874819 0.0171882 0.0316124 0.0343764
0 0.881182 0.017195 0.0314571 0.0343899
