0 0.00781251 0.0109374 0.015625 0.0218748
0 0.0124994 0.0078125 0.0187512 0.015625
0 0.01875 0.0119954 0.03125 0.0239907
0 0.0249988 0.0109645 0.0312477 0.021929
0 0.0365545 0.0139484 0.029359 0.0278968
0 0.0437501 0.0140557 0.0312502 0.0281114
0 0.05 0.0119868 0.03125 0.0239737
0 0.0623056 0.0132594 0.0308612 0.0265189
0 0.0682117 0.0140553 0.0301734 0.0281106
0 0.0737951 0.0140551 0.0288402 0.0281103
0 0.0786939 0.0140586 0.0261377 0.0281172
0 0.0857465 0.0140614 0.027743 0.0281227
0 0.0914559 0.014062 0.0266618 0.028124
0 0.0978928 0.0140621 0.0270358 0.0281242
0 0.104948 0.0140623 0.028649 0.0281247
0 0.111308 0.0140624 0.0288788 0.0281249
0 0.118246 0.0140625 0.0302674 0.0281249
0 0.124284 0.0140625 0.0298278 0.0281249
0 0.129564 0.0140625 0.0278848 0.0281249
0 0.136334 0.0140625 0.0289257 0.028125
0 0.143494 0.0140625 0.0307501 0.028125
0 0.149481 0.0140625 0.0302123 0.0281249
0 0.154405 0.0140624 0.0275598 0.0281249
0 0.161557 0.0140624 0.0293635 0.0281249
0 0.166735 0.0140624 0.0272216 0.0281249
0 0.174543 0.0140625 0.0303379 0.0281249
0 0.181178 0.0140625 0.0311089 0.0281249
0 0.187222 0.0140623 0.0306972 0.0281247
0 0.197909 0.0140623 0.0270901 0.0281245
0 0.205281 0.0140625 0.0293312 0.0281249
0 0.21875 0.0140624 0.0312503 0.0281248
0 0.225 0.0140622 0.0312497 0.0281245
0 0.237033 0.0140612 0.0303159 0.0281224
0 0.248725 0.0140625 0.0287006 0.028125
0 0.255957 0.0140625 0.0306669 0.028125
0 0.26231 0.0140625 0.030871 0.028125
0 0.271903 0.0140622 0.0250737 0.0281243
0 0.280352 0.0140624 0.0309009 0.0281248
0 0.293172 0.0140625 0.0307555 0.0281249
0 0.299385 0.0140625 0.0301739 0.028125
0 0.310958 0.0140625 0.0282043 0.028125
0 0.318369 0.0140625 0.0307583 0.0281249
0 0.324664 0.0140625 0.0306755 0.028125
0 0.330135 0.0140625 0.0290363 0.028125
0 0.336243 0.0140625 0.0287443 0.028125
0 0.342692 0.0140625 0.0291519 0.028125
0 0.348956 0.0140625 0.0292013 0.028125
0 0.35492 0.0140625 0.0286185 0.028125
0 0.361367 0.0140625 0.0290123 0.028125
0 0.366592 0.0140625 0.0269439 0.028125
0 0.372846 0.0140625 0.0269684 0.028125
0 0.380993 0.0140625 0.0307588 0.028125
0 0.386987 0.0140624 0.0302292 0.0281249
0 0.3907 0.0140623 0.0251516 0.0281245
0 0.39715 0.0140621 0.0255622 0.0281243
0 0.405604 0.0140624 0.0302798 0.0281247
0 0.411118 0.0140624 0.0287946 0.0281248
0 0.417931 0.0140624 0.0296791 0.0281249
0 0.424115 0.0140624 0.0295017 0.0281249
0 0.429399 0.0140624 0.0275558 0.0281249
0 0.436061 0.0140624 0.0283809 0.0281248
0 0.443255 0.0140624 0.03027 0.0281249
0 0.448538 0.0140624 0.0283316 0.0281248
0 0.455384 0.0140623 0.0295195 0.0281247
0 0.462353 0.0140623 0.0309633 0.0281246
0 0.47188 0.0140578 0.0250268 0.0281156
0 0.479119 0.0140606 0.0270562 0.0281213
0 0.484449 0.0140555 0.0251509 0.0281111
0 0.490627 0.014049 0.025003 0.028098
0 0.496955 0.0121396 0.0251601 0.0242793
0 0.503125 0.0109438 0.0250004 0.0218877
0 0.509375 0.0109379 0.0250003 0.0218759
0 0.515667 0.0109384 0.0250837 0.0218768
0 0.521903 0.010938 0.0250553 0.0218761
0 0.528125 0.0114622 0.0250008 0.0229244
0 0.534379 0.0130236 0.0250087 0.0260471
0 0.54131 0.0130226 0.0263708 0.0260453
0 0.547043 0.0139402 0.0253359 0.0278805
0 0.553424 0.0140587 0.0255987 0.0281173
0 0.559555 0.0140609 0.0253603 0.0281218
0 0.565629 0.0140599 0.0250076 0.0281198
0 0.571879 0.014061 0.0250078 0.0281221
0 0.578552 0.0140608 0.0258551 0.0281216
0 0.584495 0.014061 0.0252414 0.028122
0 0.591054 0.01406 0.0258594 0.02812
0 0.596982 0.0140613 0.0252146 0.0281226
0 0.603487 0.0140623 0.025724 0.0281246
0 0.609512 0.0140623 0.0252751 0.0281245
0 0.617978 0.0140619 0.0297176 0.0281239
0 0.622903 0.0140623 0.0270594 0.0281247
0 0.629324 0.0140623 0.0273975 0.0281247
0 0.634745 0.0140622 0.0257395 0.0281244
0 0.643734 0.0140618 0.0312182 0.0281236
0 0.649989 0.0140622 0.0312288 0.0281244
0 0.662293 0.014062 0.0308365 0.0281239
0 0.672793 0.0140623 0.026857 0.0281247
0 0.681113 0.0140625 0.0310763 0.0281249
0 0.687401 0.0140624 0.0310833 0.0281248
0 0.690633 0.0140617 0.0250223 0.0281234
0 0.696911 0.0140599 0.025207 0.0281199
0 0.704522 0.0140617 0.0279215 0.0281235
0 0.709489 0.0140612 0.0252565 0.0281223
0 0.718604 0.0140609 0.030966 0.0281218
0 0.724344 0.0140615 0.0299385 0.028123
0 0.734748 0.0140613 0.0257466 0.0281226
0 0.743745 0.0140616 0.0312401 0.0281232
0 0.749986 0.0140592 0.031222 0.0281184
0 0.762146 0.0140561 0.030543 0.0281121
0 0.768748 0.0140623 0.0312473 0.0281245
0 0.774996 0.014062 0.0312421 0.0281241
0 0.787325 0.0140612 0.0309 0.0281223
0 0.797898 0.0140622 0.0270464 0.0281244
0 0.804698 0.0140624 0.028146 0.0281248
0 0.811352 0.0140625 0.0289581 0.028125
0 0.818738 0.0140625 0.0312275 0.028125
0 0.824854 0.0140624 0.0309586 0.0281249
0 0.837424 0.0140624 0.031099 0.0281248
0 0.846996 0.0140623 0.0254383 0.0281247
0 0.855493 0.0140625 0.0318102 0.0281249
0 0.867355 0.0140625 0.0285799 0.0281249
0 0.873992 0.0140625 0.0293266 0.0281249
0 0.879251 0.0140625 0.0272965 0.028125
0 0.88552 0.0140625 0.0273353 0.028125
0 0.893544 0.0140625 0.0312813 0.0281249
0 0.899911 0.0140625 0.0310848 0.028125
0 0.904357 0.0140625 0.027465 0.0281249
0 0.911546 0.0140624 0.0293415 0.0281249
0 0.916735 0.0140624 0.0272194 0.0281249
0 0.923349 0.0140624 0.0279484 0.0281248
0 0.930215 0.0140624 0.0291802 0.0281249
0 0.936157 0.0140624 0.0285662 0.0281249
0 0.940974 0.0140624 0.0257034 0.0281249
0 0.94772 0.0140624 0.0267273 0.0281249
0 0.95614 0.0140625 0.0310768 0.0281249
0 0.96182 0.0140624 0.0298967 0.0281248
0 0.965629 0.0140619 0.0250088 0.0281238
0 0.971888 0.0140616 0.0250813 0.0281231
0 0.980212 0.0140613 0.0333265 0.0281225
0 0.985936 0.0140599 0.0281275 0.0281197
0 0.976562 0.0475429 0.046875 0.0950858
0 0.0788453 0.0109375 0.0360595 0.021875
0 0.0907356 0.0109375 0.0372788 0.021875
0 0.103173 0.0109375 0.0374047 0.021875
0 0.115743 0.0109375 0.0372632 0.021875
0 0.128293 0.0109375 0.0371634 0.021875
0 0.141216 0.0109375 0.0363173 0.021875
0 0.147992 0.0109375 0.0352652 0.021875
0 0.160702 0.0109375 0.0348451 0.021875
0 0.172275 0.0109375 0.0366994 0.021875
0 0.184585 0.0109375 0.0370795 0.021875
0 0.196884 0.0109375 0.0374818 0.021875
0 0.209375 0.0109375 0.0374995 0.021875
0 0.230476 0.0109375 0.0327975 0.021875
0 0.241667 0.0109375 0.0354153 0.021875
0 0.247921 0.0109375 0.0354075 0.021875
0 0.254452 0.0109375 0.0348455 0.021875
0 0.261095 0.0109375 0.0340593 0.021875
0 0.271876 0.0109375 0.0374985 0.021875
0 0.284375 0.0109375 0.0375 0.021875
0 0.296878 0.0109375 0.0374938 0.021875
0 0.309391 0.0109375 0.037467 0.021875
0 0.321951 0.0109375 0.0373477 0.021875
0 0.334617 0.0109375 0.0370153 0.021875
0 0.347073 0.0109375 0.0371035 0.021875
0 0.359566 0.0109375 0.0371171 0.021875
0 0.37192 0.0109375 0.0374095 0.021875
0 0.384721 0.0109375 0.0368088 0.021875
0 0.396892 0.0109375 0.0374667 0.021875
0 0.409377 0.0109375 0.0374953 0.021875
0 0.421951 0.0109375 0.0373476 0.021875
0 0.434468 0.0109375 0.037314 0.021875
0 0.44717 0.0109375 0.0369107 0.021875
0 0.46012 0.0109375 0.0360108 0.021875
0 0.471875 0.0109375 0.0374999 0.021875
0 0.484375 0.0109375 0.0375 0.0218751
0 0.496875 0.0109375 0.0375 0.021875
0 0.509375 0.0109375 0.0375 0.021875
0 0.521875 0.0109375 0.0375 0.021875
0 0.534375 0.0109375 0.0375 0.021875
0 0.546875 0.0109375 0.0375 0.021875
0 0.559375 0.0109375 0.0375 0.021875
0 0.571875 0.0109375 0.0375 0.021875
0 0.584375 0.0109375 0.0375 0.021875
0 0.596875 0.0109375 0.0375 0.021875
0 0.609375 0.0109375 0.0375 0.021875
0 0.621876 0.0109375 0.0374977 0.021875
0 0.634393 0.0109375 0.0374632 0.021875
0 0.653712 0.0109375 0.036326 0.021875
0 0.665679 0.0109375 0.037392 0.021875
0 0.678281 0.0109375 0.0371888 0.021875
0 0.690626 0.0109375 0.0374975 0.021875
0 0.703125 0.0109376 0.0374991 0.0218752
0 0.715627 0.0109375 0.0374951 0.021875
0 0.728128 0.0109375 0.0374939 0.021875
0 0.740939 0.0109375 0.0368713 0.021875
0 0.753183 0.0109375 0.0373842 0.021875
0 0.760082 0.0109375 0.0360863 0.021875
0 0.780409 0.0109375 0.0329311 0.021875
0 0.791539 0.0109375 0.035671 0.021875
0 0.803325 0.0109375 0.0370991 0.021875
0 0.829291 0.0109375 0.0351685 0.021875
0 0.840629 0.0109375 0.0374916 0.021875
0 0.853132 0.0109375 0.0374863 0.021875
0 0.86563 0.0109375 0.0374892 0.021875
0 0.878127 0.0109375 0.0374958 0.021875
0 0.890665 0.0109375 0.0374195 0.021875
0 0.90328 0.0109375 0.0371898 0.021875
0 0.910369 0.0109375 0.0355121 0.021875
0 0.922005 0.0109375 0.0372391 0.021875
0 0.93448 0.0109375 0.0372902 0.021875
0 0.946886 0.0109375 0.0374782 0.021875
0 0.959493 0.0109375 0.0372648 0.021875
0 0.971878 0.0109375 0.0374947 0.021875
0 0.980162 0.0109379 0.0334328 0.0218758
0 0.987709 0.0109375 0.0191684 0.021875
0 0.0109375 0.0140625 0.021875 0.028125
0 0.025 0.0140625 0.03125 0.028125
0 0.03125 0.0140625 0.03125 0.028125
0 0.05625 0.0140625 0.03125 0.028125
0 0.08125 0.0140625 0.03125 0.028125
0 0.2125 0.0140635 0.03125 0.028127
0 0.23125 0.0140625 0.03125 0.028125
0 0.24375 0.0140625 0.03125 0.028125
0 0.2875 0.0140628 0.03125 0.0281255
0 0.30625 0.0140626 0.03125 0.0281252
0 0.46875 0.0140625 0.03125 0.028125
0 0.475 0.0140626 0.03125 0.0281251
0 0.4875 0.0140626 0.0312502 0.0281252
0 0.493742 0.0140625 0.031267 0.028125
0 0.499998 0.0140625 0.0312548 0.028125
0 0.509402 0.0140625 0.0374464 0.028125
0 0.522751 0.0140625 0.0357473 0.028125
0 0.530532 0.0140625 0.0326861 0.028125
0 0.537379 0.0140625 0.0314913 0.028125
0 0.54375 0.0140625 0.0312504 0.028125
0 0.55 0.0140625 0.0312502 0.028125
0 0.55625 0.0140625 0.03125 0.028125
0 0.5625 0.0140625 0.03125 0.028125
0 0.56875 0.0140625 0.0312502 0.028125
0 0.574999 0.0140625 0.0312513 0.028125
0 0.58125 0.0140625 0.0312502 0.028125
0 0.5875 0.0140625 0.0312506 0.028125
0 0.59375 0.0140625 0.03125 0.028125
0 0.6 0.0140625 0.0312502 0.028125
0 0.60625 0.0140625 0.03125 0.028125
0 0.6125 0.0140625 0.03125 0.028125
0 0.6375 0.0140625 0.03125 0.0281251
0 0.65625 0.0140625 0.03125 0.028125
0 0.73125 0.0140627 0.03125 0.0281253
0 0.7375 0.0140628 0.03125 0.0281256
0 0.75625 0.0140626 0.03125 0.0281252
0 0.78125 0.0140625 0.03125 0.028125
0 0.79375 0.0140625 0.03125 0.0281251
0 0.83125 0.0140625 0.03125 0.028125
0 0.8625 0.0140625 0.03125 0.0281251
0 0.989063 0.0140625 0.021875 0.0281251
0 0.0140625 0.0171876 0.028125 0.0343752
0 0.1125 0.0171875 0.03125 0.034375
0 0.11875 0.0171875 0.03125 0.034375
0 0.125 0.0171875 0.03125 0.034375
0 0.13125 0.0171875 0.03125 0.034375
0 0.1375 0.0171875 0.03125 0.034375
0 0.14375 0.0171875 0.03125 0.034375
0 0.19375 0.0171875 0.03125 0.034375
0 0.2 0.0171875 0.03125 0.034375
0 0.20625 0.0171875 0.03125 0.034375
0 0.25625 0.0171875 0.03125 0.034375
0 0.26875 0.0171875 0.03125 0.034375
0 0.275 0.0171875 0.03125 0.034375
0 0.28125 0.0171875 0.03125 0.034375
0 0.29375 0.0171875 0.0312502 0.034375
0 0.3 0.0171875 0.0312501 0.034375
0 0.3125 0.0171875 0.03125 0.034375
0 0.31875 0.0171875 0.03125 0.034375
0 0.325 0.0171875 0.03125 0.034375
0 0.33125 0.0171875 0.03125 0.034375
0 0.3375 0.0171875 0.03125 0.034375
0 0.34375 0.0171875 0.03125 0.034375
0 0.35 0.0171875 0.03125 0.034375
0 0.35625 0.0171875 0.03125 0.034375
0 0.3625 0.0171875 0.03125 0.034375
0 0.36875 0.0171875 0.03125 0.034375
0 0.375 0.0171875 0.03125 0.034375
0 0.38125 0.0171875 0.03125 0.034375
0 0.39375 0.0171875 0.03125 0.034375
0 0.4 0.0171875 0.03125 0.034375
0 0.40625 0.0171875 0.03125 0.034375
0 0.4125 0.0171875 0.03125 0.034375
0 0.41875 0.0171875 0.03125 0.034375
0 0.425 0.0171875 0.03125 0.034375
0 0.43125 0.0171875 0.03125 0.034375
0 0.4375 0.0171875 0.03125 0.034375
0 0.44375 0.0171875 0.03125 0.034375
0 0.481248 0.0171875 0.031255 0.034375
0 0.487093 0.0171875 0.0320634 0.034375
0 0.499003 0.0171875 0.0332432 0.034375
0 0.515625 0.0171875 0.037499 0.034375
0 0.528248 0.0171875 0.0372534 0.034375
0 0.535836 0.0171875 0.0345785 0.034375
0 0.574563 0.0171875 0.0321247 0.034375
