0 0.00781251 0.0109372 0.015625 0.0218744
0 0.012499 0.0078125 0.0187516 0.015625
0 0.0187499 0.0121723 0.0312498 0.0243447
0 0.0249934 0.0109734 0.0312368 0.0219468
0 0.0374429 0.0136123 0.0311359 0.0272247
0 0.0470076 0.0139534 0.0252671 0.0279068
0 0.053253 0.0140373 0.0252611 0.0280745
0 0.0596162 0.0140537 0.0255215 0.0281075
0 0.0683143 0.0140338 0.0321172 0.0280676
0 0.0749774 0.0140479 0.0312049 0.0280959
0 0.0860651 0.0140571 0.0283801 0.0281141
0 0.097192 0.0140579 0.0256359 0.0281158
0 0.103449 0.0140551 0.0256534 0.0281101
0 0.109622 0.0140578 0.0255003 0.0281156
0 0.116155 0.0140605 0.0260675 0.028121
0 0.122563 0.0140602 0.0263874 0.0281204
0 0.129136 0.0140611 0.027096 0.0281221
0 0.135568 0.0140615 0.0275855 0.028123
0 0.143034 0.0140617 0.0307226 0.0281233
0 0.148783 0.0140623 0.0291309 0.0281245
0 0.15431 0.0140624 0.0274105 0.0281248
0 0.160529 0.0140623 0.027323 0.0281247
0 0.167087 0.0140622 0.0279356 0.0281245
0 0.17319 0.0140616 0.0276337 0.0281231
0 0.178424 0.0140604 0.0255998 0.0281209
0 0.18501 0.0140612 0.0262718 0.0281223
0 0.190709 0.0140611 0.0251687 0.0281223
0 0.197117 0.0140554 0.0254844 0.0281108
0 0.203176 0.0140534 0.0251021 0.0281068
0 0.209771 0.0140552 0.0257924 0.0281103
0 0.21671 0.0140578 0.027172 0.0281156
0 0.222141 0.014061 0.0255325 0.0281221
0 0.22947 0.0140622 0.0276966 0.0281244
0 0.23519 0.0140623 0.0266355 0.0281246
0 0.243129 0.0140623 0.0300588 0.0281246
0 0.249294 0.0140624 0.0298636 0.0281248
0 0.260852 0.0140625 0.0279721 0.0281249
0 0.266729 0.0140625 0.0272765 0.0281249
0 0.272993 0.0140624 0.0274951 0.0281249
0 0.280481 0.0140624 0.0299954 0.0281249
0 0.285857 0.0140623 0.0280007 0.0281246
0 0.290626 0.0140618 0.0250018 0.0281235
0 0.296881 0.0140587 0.0250193 0.0281174
0 0.303629 0.0140568 0.0260854 0.0281135
0 0.309477 0.0140582 0.0252916 0.0281163
0 0.318201 0.0140576 0.0321602 0.0281152
0 0.324576 0.0140621 0.0306662 0.0281243
0 0.336254 0.0140624 0.0287846 0.0281248
0 0.341255 0.0140623 0.0263004 0.0281247
0 0.347967 0.0140624 0.0274918 0.0281248
0 0.35571 0.0140625 0.0306101 0.0281249
0 0.360978 0.0140624 0.0282779 0.0281248
0 0.365942 0.0140623 0.0256515 0.0281246
0 0.372519 0.0140623 0.0265016 0.0281246
0 0.38076 0.0140623 0.0311464 0.0281247
0 0.386474 0.0140622 0.0294524 0.0281245
0 0.390716 0.014062 0.0252119 0.028124
0 0.39707 0.0140615 0.025875 0.028123
0 0.405614 0.014062 0.0319923 0.028124
0 0.412236 0.0140614 0.0310239 0.0281228
0 0.415731 0.0140595 0.0252562 0.028119
0 0.422205 0.0140561 0.0262848 0.0281123
0 0.429892 0.0140607 0.0317591 0.0281213
0 0.435522 0.0140604 0.0296799 0.0281208
0 0.441811 0.0140606 0.0278834 0.0281213
0 0.447767 0.0140598 0.0270821 0.0281196
0 0.453905 0.0140576 0.0266583 0.0281153
0 0.460266 0.0140548 0.026854 0.0281096
0 0.467441 0.0140545 0.028661 0.0281091
0 0.47334 0.0140529 0.0279387 0.0281058
0 0.478832 0.0140525 0.0264177 0.0281051
0 0.485513 0.0140566 0.0272856 0.0281133
0 0.493527 0.0140589 0.0308326 0.0281177
0 0.499517 0.0140584 0.0302863 0.0281168
0 0.510901 0.0140562 0.028053 0.0281123
0 0.516386 0.0140589 0.026526 0.0281177
0 0.52303 0.0140603 0.0273262 0.0281206
0 0.530183 0.0140612 0.0291556 0.0281224
0 0.53592 0.0140609 0.0281243 0.0281218
0 0.540911 0.0140607 0.025584 0.0281214
0 0.547461 0.0140605 0.0262175 0.028121
0 0.555171 0.0140601 0.0291373 0.0281202
0 0.560264 0.0140559 0.0267885 0.0281118
0 0.56677 0.014051 0.0272929 0.0281021
0 0.573579 0.0140495 0.0284117 0.0280991
0 0.579539 0.0140417 0.0278319 0.0280834
0 0.585592 0.0140394 0.0274377 0.0280789
0 0.591618 0.0140484 0.0269917 0.0280968
0 0.598066 0.0140526 0.0273892 0.0281052
0 0.60442 0.014054 0.0275962 0.028108
0 0.610914 0.0140501 0.0280823 0.0281001
0 0.615807 0.0140377 0.0253652 0.0280754
0 0.622177 0.0140398 0.0256132 0.0280796
0 0.631148 0.0140452 0.0310779 0.0280903
0 0.637421 0.0139974 0.0311019 0.0279948
0 0.646844 0.0134042 0.025066 0.0268085
0 0.654382 0.0139497 0.0339425 0.0278994
0 0.659395 0.0140261 0.0305817 0.0280521
0 0.665763 0.0140442 0.0263851 0.0280884
0 0.671628 0.0140234 0.0272471 0.0280467
0 0.679454 0.014004 0.0323223 0.0280081
0 0.686354 0.0139536 0.0308937 0.0279073
0 0.690594 0.0137844 0.025152 0.0275688
0 0.696074 0.0135493 0.026718 0.0270986
0 0.703056 0.0135327 0.0361476 0.0270653
0 0.709192 0.013814 0.0327892 0.027628
0 0.71524 0.0138532 0.0287927 0.0277064
0 0.721129 0.0137357 0.0295624 0.0274715
0 0.728475 0.0136025 0.0340911 0.027205
0 0.734802 0.0135556 0.0328628 0.0271112
0 0.740381 0.0135253 0.0293455 0.0270506
0 0.74622 0.0132874 0.0314802 0.0265749
0 0.753939 0.0132141 0.0342388 0.0264282
0 0.760164 0.0129764 0.0336817 0.0259528
0 0.764783 0.0125393 0.0286249 0.0250785
0 0.777359 0.0124172 0.0314546 0.0248344
0 0.783524 0.0122886 0.0316455 0.0245773
0 0.790136 0.0125203 0.0312063 0.0250405
0 0.796522 0.0126435 0.0306206 0.025287
0 0.803291 0.012637 0.0297474 0.0252741
0 0.80975 0.0125059 0.0290852 0.0250119
0 0.816685 0.0122664 0.030175 0.0245329
0 0.823178 0.0118007 0.0293927 0.0236014
0 0.829749 0.0115153 0.0295151 0.0230306
0 0.836575 0.0113059 0.0303032 0.0226119
0 0.845696 0.0115909 0.0304459 0.0231819
0 0.852842 0.0124396 0.030304 0.0248792
0 0.859027 0.012656 0.0296577 0.0253119
0 0.866601 0.0126376 0.0333393 0.0252752
0 0.873999 0.0126244 0.0308479 0.0252488
0 0.879179 0.0123141 0.0277907 0.0246282
0 0.885984 0.011915 0.0285681 0.0238301
0 0.89196 0.0120143 0.0280545 0.0240285
0 0.898056 0.0120981 0.0279545 0.0241962
0 0.906101 0.0125785 0.0315502 0.0251569
0 0.912154 0.0118878 0.031028 0.0237755
0 0.920996 0.0113549 0.0287561 0.0227098
0 0.927782 0.0120714 0.0303215 0.0241427
0 0.934052 0.0120594 0.030315 0.0241189
0 0.939765 0.0116625 0.0276031 0.0233249
0 0.944748 0.011376 0.0299923 0.0227519
0 0.951675 0.0110776 0.0336218 0.0221553
0 0.958492 0.0105896 0.0302853 0.0211791
0 0.964141 0.0102918 0.0300314 0.0205836
0 0.969819 0.0104524 0.0309971 0.0209049
0 0.986005 0.0123328 0.0279894 0.0246655
0 0.046877 0.0109375 0.0374961 0.021875
0 0.059375 0.0109376 0.0375 0.0218753
0 0.0784276 0.0109375 0.0368948 0.021875
0 0.0906299 0.0109375 0.0374902 0.021875
0 0.103126 0.0109375 0.0374983 0.021875
0 0.115625 0.0109375 0.0374999 0.021875
0 0.128125 0.0109375 0.0374993 0.021875
0 0.14063 0.0109375 0.0374896 0.021875
0 0.153129 0.0109375 0.0374928 0.021875
0 0.16566 0.0109375 0.03743 0.021875
0 0.178135 0.0109375 0.0374792 0.021875
0 0.190625 0.0109375 0.0374999 0.021875
0 0.203125 0.0109375 0.0374999 0.021875
0 0.215625 0.0109375 0.0374999 0.021875
0 0.228125 0.0109375 0.0374999 0.021875
0 0.240629 0.0109375 0.0374917 0.021875
0 0.253129 0.0109375 0.0374915 0.021875
0 0.265633 0.0109375 0.0374842 0.021875
0 0.278156 0.0109375 0.0374371 0.021875
0 0.290625 0.0109375 0.0374998 0.021875
0 0.303125 0.0109375 0.0375 0.021875
0 0.315625 0.0109375 0.0374997 0.021875
0 0.321876 0.0109375 0.0374987 0.021875
0 0.334453 0.0109375 0.0373432 0.021875
0 0.346884 0.0109375 0.0374811 0.021875
0 0.359395 0.0109375 0.0374606 0.021875
0 0.371906 0.0109375 0.0374384 0.021875
0 0.38443 0.0109375 0.0373899 0.021875
0 0.396893 0.0109375 0.0374634 0.021875
0 0.409408 0.0109375 0.0374338 0.021875
0 0.421884 0.0109375 0.0374821 0.021875
0 0.434383 0.0109377 0.0374834 0.0218753
0 0.446912 0.0109376 0.037426 0.0218753
0 0.459389 0.0109376 0.0374716 0.0218753
0 0.47194 0.0109376 0.0373709 0.0218752
0 0.484464 0.0109376 0.0373219 0.0218751
0 0.491115 0.0109376 0.0365202 0.0218752
0 0.503987 0.0109375 0.035776 0.021875
0 0.511284 0.0109375 0.0336827 0.021875
0 0.522235 0.0109375 0.0367804 0.021875
0 0.534829 0.0109375 0.0365914 0.0218751
0 0.547012 0.0109375 0.0372254 0.0218751
0 0.55951 0.0109376 0.0372308 0.0218751
0 0.56618 0.0109375 0.0363901 0.021875
0 0.578637 0.0109375 0.036475 0.0218751
0 0.591127 0.0109375 0.0364952 0.0218751
0 0.60387 0.0109376 0.0360096 0.0218751
0 0.610406 0.0109375 0.0354372 0.0218751
0 0.622023 0.0109375 0.0372036 0.0218751
0 0.643906 0.0109375 0.0328771 0.0218751
0 0.659367 0.0109448 0.0375335 0.0218895
0 0.665781 0.0109528 0.0371967 0.0219056
0 0.671926 0.0109472 0.0374087 0.0218944
0 0.678815 0.0110158 0.0362432 0.0220316
0 0.684982 0.0109507 0.0363727 0.0219013
0 0.694007 0.0109456 0.0335382 0.0218911
0 0.709465 0.0110951 0.0378836 0.0221903
0 0.716212 0.0110573 0.0364658 0.0221146
0 0.729173 0.0113508 0.0360503 0.0227016
0 0.73525 0.0111512 0.0363588 0.0223025
0 0.741327 0.0111426 0.0360219 0.0222852
0 0.753834 0.0113694 0.0363397 0.0227388
0 0.769271 0.0112049 0.0401098 0.0224097
0 0.977828 0.0141453 0.0402206 0.0282906
0 0.983011 0.016269 0.0339773 0.032538
0 0.0109375 0.0140626 0.021875 0.0281253
0 0.025 0.0140625 0.03125 0.0281251
0 0.03125 0.0140625 0.03125 0.028125
0 0.04375 0.0140629 0.03125 0.0281257
0 0.05 0.0140641 0.0312501 0.0281282
0 0.0562498 0.0140631 0.0312504 0.0281262
0 0.0624987 0.014066 0.0312526 0.028132
0 0.08125 0.0140625 0.03125 0.028125
0 0.09375 0.0140625 0.03125 0.028125
0 0.1 0.0140625 0.03125 0.028125
0 0.10625 0.0140625 0.03125 0.028125
0 0.1125 0.0140625 0.03125 0.028125
0 0.18125 0.0140625 0.03125 0.028125
0 0.19375 0.0140625 0.03125 0.028125
0 0.2 0.0140625 0.03125 0.028125
0 0.20625 0.0140625 0.03125 0.028125
0 0.2125 0.0140625 0.03125 0.028125
0 0.225 0.0140625 0.0312501 0.028125
0 0.25625 0.0140625 0.03125 0.028125
0 0.29375 0.0140625 0.03125 0.028125
0 0.3 0.0140625 0.03125 0.028125
0 0.33125 0.0140625 0.03125 0.028125
0 0.50625 0.0140626 0.03125 0.0281251
0 0.54375 0.0140629 0.03125 0.0281258
0 0.61875 0.0140627 0.03125 0.0281254
0 0.625 0.0140631 0.0312501 0.0281262
0 0.643747 0.0140625 0.0312559 0.028125
0 0.706582 0.016404 0.0320158 0.032808
0 0.724764 0.0143868 0.0317271 0.0287736
0 0.731201 0.0153178 0.031462 0.0306357
0 0.767383 0.0144664 0.0339849 0.0289329
0 0.780173 0.0149176 0.0335087 0.0298352
0 0.804494 0.0147068 0.0349373 0.0294135
0 0.810902 0.0145251 0.0345756 0.0290503
0 0.817685 0.0143916 0.0335373 0.0287832
0 0.824015 0.0143099 0.0333259 0.0286197
0 0.83021 0.0142795 0.0334768 0.0285591
0 0.836379 0.0142777 0.033614 0.0285554
0 0.848058 0.0144386 0.0354029 0.0288773
0 0.854817 0.0147242 0.0343929 0.0294483
0 0.880888 0.0143409 0.0320915 0.0286817
0 0.887389 0.0143123 0.0318058 0.0286247
0 0.893609 0.0143033 0.0316402 0.0286066
0 0.899821 0.0142792 0.0317179 0.0285584
0 0.91249 0.0142949 0.0315703 0.0285897
0 0.923979 0.0143872 0.0333786 0.0287744
0 0.930827 0.0149129 0.032501 0.0298258
0 0.940892 0.0146141 0.0352211 0.0292283
0 0.953618 0.0156669 0.0373325 0.0313338
0 0.959659 0.0148542 0.0369686 0.0297084
0 0.971045 0.0149064 0.0357094 0.0298129
0 0.0140625 0.0171879 0.028125 0.0343757
0 0.0620208 0.0171876 0.0322085 0.0343752
0 0.0687477 0.0171876 0.0312546 0.0343752
0 0.118745 0.0171875 0.0312609 0.034375
0 0.124999 0.0171875 0.0312526 0.034375
0 0.13125 0.0171875 0.0312505 0.034375
0 0.1375 0.0171875 0.0312502 0.034375
0 0.14375 0.0171875 0.0312503 0.034375
0 0.15 0.0171875 0.0312504 0.034375
0 0.15625 0.0171875 0.0312503 0.034375
0 0.1625 0.0171875 0.0312501 0.034375
0 0.16875 0.0171875 0.03125 0.034375
0 0.1875 0.0171875 0.0312504 0.034375
0 0.216188 0.0171875 0.0363747 0.034375
0 0.223566 0.0171875 0.0341181 0.034375
0 0.231153 0.0171875 0.031444 0.034375
0 0.237498 0.0171875 0.0312546 0.034375
0 0.24375 0.0171875 0.0312501 0.034375
0 0.25 0.0171875 0.03125 0.034375
0 0.2625 0.0171875 0.03125 0.034375
0 0.26875 0.0171875 0.03125 0.034375
0 0.275 0.0171875 0.03125 0.034375
0 0.28125 0.0171875 0.03125 0.034375
0 0.2875 0.0171875 0.03125 0.034375
0 0.306179 0.0171875 0.031392 0.034375
0 0.318545 0.0171875 0.0316608 0.034375
0 0.324994 0.0171875 0.0312626 0.034375
0 0.3375 0.0171875 0.03125 0.034375
0 0.34375 0.0171875 0.03125 0.034375
0 0.35 0.0171875 0.0312501 0.034375
0 0.35625 0.0171875 0.0312501 0.034375
0 0.3625 0.0171875 0.03125 0.034375
0 0.36875 0.0171875 0.03125 0.034375
0 0.375 0.0171875 0.0312501 0.034375
0 0.38125 0.0171878 0.03125 0.0343755
0 0.3875 0.0171875 0.03125 0.034375
0 0.39375 0.0171875 0.03125 0.034375
0 0.4 0.0171875 0.0312503 0.0343751
