0 0.0078125 0.0109291 0.015625 0.0218582
0 0.0124987 0.0078125 0.0187474 0.015625
0 0.0186468 0.0108241 0.0310437 0.0216482
0 0.0281342 0.0106996 0.0250184 0.0213993
0 0.0344053 0.0125816 0.0250605 0.0251631
0 0.0437501 0.0136472 0.0312501 0.0272944
0 0.0499999 0.0109329 0.0312498 0.0218658
0 0.0531253 0.00805283 0.0250007 0.0161057
0 0.0594003 0.0108801 0.0250505 0.0217603
0 0.0659826 0.0128007 0.0257152 0.0256014
0 0.0720447 0.0126249 0.0253393 0.0252498
0 0.0781449 0.0131848 0.0250397 0.0263696
0 0.0844117 0.0137732 0.0250735 0.0275463
0 0.09136 0.0139645 0.02647 0.0279289
0 0.0972765 0.0139027 0.0258031 0.0278055
0 0.10316 0.013853 0.0250703 0.027706
0 0.109555 0.0140089 0.0253605 0.0280179
0 0.1161 0.0140459 0.0259495 0.0280918
0 0.122166 0.0140346 0.0255823 0.0280691
0 0.128174 0.0140126 0.0250974 0.0280251
0 0.13452 0.0140272 0.0252903 0.0280544
0 0.141241 0.0140358 0.0262323 0.0280716
0 0.14737 0.0140299 0.0259902 0.0280598
0 0.153373 0.0140307 0.0254954 0.0280614
0 0.159675 0.0140502 0.0256009 0.0281004
0 0.166534 0.0140583 0.0268181 0.0281165
0 0.172682 0.0140539 0.026614 0.0281077
0 0.178254 0.0140461 0.0252586 0.0280922
0 0.1846 0.0140548 0.0254491 0.0281096
0 0.193702 0.0140594 0.0311546 0.0281188
0 0.199783 0.014051 0.0308168 0.028102
0 0.210621 0.0140589 0.0274923 0.0281178
0 0.21874 0.0140622 0.0312299 0.0281244
0 0.224947 0.0140613 0.0311446 0.0281226
0 0.235298 0.0140609 0.0268454 0.0281217
0 0.243749 0.0140622 0.031248 0.0281245
0 0.249996 0.0140617 0.0312411 0.0281234
0 0.262194 0.0140621 0.0306374 0.0281243
0 0.2687 0.0140625 0.0311501 0.028125
0 0.274863 0.0140625 0.0309763 0.0281249
0 0.287008 0.0140625 0.0302656 0.028125
0 0.293264 0.0140625 0.0302784 0.028125
0 0.299221 0.0140625 0.0296923 0.028125
0 0.305181 0.0140625 0.0291126 0.0281249
0 0.312349 0.0140625 0.0309485 0.0281249
0 0.321883 0.0140616 0.0250196 0.0281231
0 0.328754 0.0140622 0.026268 0.0281244
0 0.334416 0.0140617 0.0250831 0.0281234
0 0.340665 0.0140623 0.0250809 0.0281247
0 0.347111 0.014061 0.0254712 0.028122
0 0.353127 0.0140489 0.0250039 0.0280978
0 0.359388 0.0140199 0.0250254 0.0280398
0 0.365663 0.0140226 0.0250767 0.0280452
0 0.371904 0.0139926 0.0250579 0.0279852
0 0.378128 0.0140486 0.0250053 0.0280972
0 0.38438 0.0140493 0.0250099 0.0280986
0 0.39064 0.0140472 0.0250298 0.0280945
0 0.39689 0.0140376 0.0250295 0.0280751
0 0.403128 0.0140552 0.0250069 0.0281104
0 0.40938 0.0140557 0.0250108 0.0281114
0 0.415631 0.0140562 0.0250111 0.0281124
0 0.42188 0.0140561 0.0250108 0.0281121
0 0.428129 0.0140574 0.0250085 0.0281148
0 0.43438 0.0140576 0.0250092 0.0281152
0 0.44063 0.0140576 0.0250103 0.0281152
0 0.44688 0.0140575 0.0250101 0.028115
0 0.453129 0.0140583 0.0250089 0.0281165
0 0.45938 0.0140584 0.0250093 0.0281168
0 0.46563 0.0140584 0.0250094 0.0281169
0 0.47188 0.0140584 0.0250094 0.0281169
0 0.47813 0.0140585 0.0250092 0.028117
0 0.48438 0.0140585 0.0250092 0.0281171
0 0.49063 0.0140585 0.0250104 0.0281169
0 0.49688 0.0140584 0.0250101 0.0281167
0 0.503129 0.0140588 0.0250087 0.0281177
0 0.50938 0.0140589 0.0250091 0.0281178
0 0.51563 0.0140589 0.0250092 0.0281179
0 0.52188 0.0140589 0.0250092 0.0281179
0 0.528129 0.014059 0.025009 0.028118
0 0.534379 0.014059 0.025009 0.028118
0 0.54063 0.014059 0.0250094 0.0281179
0 0.54688 0.0140589 0.0250093 0.0281179
0 0.553129 0.014059 0.0250086 0.0281181
0 0.559379 0.0140591 0.0250088 0.0281181
0 0.565629 0.0140591 0.0250087 0.0281181
0 0.571879 0.0140591 0.0250088 0.0281181
0 0.578129 0.0140591 0.0250088 0.0281181
0 0.584379 0.0140591 0.0250087 0.0281181
0 0.590629 0.0140591 0.0250083 0.0281182
0 0.596879 0.0140591 0.0250084 0.0281183
0 0.60313 0.0140589 0.025009 0.0281179
0 0.609379 0.0140589 0.0250088 0.0281178
0 0.615629 0.0140589 0.0250087 0.0281178
0 0.621879 0.0140589 0.0250088 0.0281178
0 0.628129 0.0140589 0.0250087 0.0281178
0 0.634379 0.0140589 0.0250088 0.0281178
0 0.64063 0.0140589 0.025009 0.0281178
0 0.646879 0.0140589 0.0250089 0.0281178
0 0.653129 0.0140589 0.0250088 0.0281178
0 0.659379 0.0140589 0.0250089 0.0281179
0 0.66563 0.0140589 0.025009 0.0281179
0 0.67188 0.0140589 0.025009 0.0281179
0 0.678129 0.014059 0.0250089 0.0281179
0 0.684379 0.014059 0.0250089 0.0281179
0 0.690629 0.014059 0.025009 0.028118
0 0.69688 0.014059 0.025009 0.028118
0 0.70313 0.014059 0.0250092 0.0281181
0 0.70938 0.014059 0.0250092 0.0281181
0 0.71563 0.014059 0.0250093 0.0281181
0 0.72188 0.0140591 0.0250092 0.0281181
0 0.72813 0.0140592 0.0250092 0.0281183
0 0.73438 0.0140592 0.0250092 0.0281184
0 0.74063 0.0140592 0.0250097 0.0281184
0 0.74688 0.0140592 0.0250096 0.0281185
0 0.75313 0.0140595 0.0250093 0.028119
0 0.75938 0.0140596 0.0250095 0.0281192
0 0.76563 0.0140596 0.0250103 0.0281192
0 0.77188 0.0140596 0.0250101 0.0281192
0 0.77813 0.0140599 0.0250093 0.0281198
0 0.78438 0.0140599 0.0250095 0.0281199
0 0.790631 0.0140599 0.0250121 0.0281198
0 0.796881 0.0140598 0.0250121 0.0281197
0 0.80313 0.0140604 0.0250097 0.0281208
0 0.809381 0.0140606 0.025011 0.0281212
0 0.815633 0.0140607 0.0250164 0.0281214
0 0.821882 0.0140609 0.0250145 0.0281218
0 0.828132 0.0140612 0.0250141 0.0281224
0 0.834383 0.0140613 0.0250152 0.0281225
0 0.840634 0.0140612 0.0250189 0.0281225
0 0.846884 0.0140613 0.0250177 0.0281226
0 0.853133 0.0140615 0.0250161 0.028123
0 0.859384 0.0140615 0.0250183 0.0281231
0 0.865637 0.0140616 0.0250238 0.0281231
0 0.871886 0.0140616 0.0250214 0.0281233
0 0.878136 0.0140618 0.0250225 0.0281235
0 0.884387 0.0140618 0.0250244 0.0281235
0 0.890635 0.0140618 0.0250195 0.0281236
0 0.896886 0.0140618 0.0250217 0.0281237
0 0.903141 0.0140619 0.0250322 0.0281237
0 0.909391 0.0140619 0.025032 0.0281237
0 0.915636 0.0140619 0.0250223 0.0281238
0 0.921886 0.014062 0.0250219 0.0281239
0 0.928155 0.014062 0.0250595 0.028124
0 0.934402 0.014062 0.0250544 0.0281239
0 0.940626 0.0140621 0.0250023 0.0281241
0 0.946877 0.0140621 0.0250034 0.0281242
0 0.953207 0.0140619 0.0251644 0.0281238
0 0.95941 0.0140615 0.0250694 0.028123
0 0.965625 0.0140589 0.0250008 0.0281179
0 0.971875 0.0140617 0.025 0.0281233
0 0.979687 0.0140602 0.0281277 0.0281205
0 0.985929 0.0140445 0.0281429 0.028089
0 0.976563 0.0140625 0.0468746 0.028125
0 0.976562 0.0484373 0.046875 0.0968745
0 0.0281333 0.0109375 0.037483 0.021875
0 0.0601061 0.0109375 0.0360378 0.021875
0 0.0719416 0.0109375 0.0373668 0.021875
0 0.0843826 0.0109375 0.0374848 0.021875
0 0.0969167 0.0109375 0.0374166 0.021875
0 0.10939 0.0109375 0.0374704 0.021875
0 0.12189 0.0109375 0.03747 0.021875
0 0.134384 0.0109375 0.0374819 0.021875
0 0.146892 0.0109375 0.0374664 0.021875
0 0.159381 0.0109375 0.0374884 0.021875
0 0.171884 0.0109375 0.0374812 0.021875
0 0.184377 0.0109375 0.0374957 0.021875
0 0.19709 0.0109375 0.0370699 0.021875
0 0.209436 0.0109375 0.0373785 0.021875
0 0.228191 0.0109375 0.0373682 0.021875
0 0.254032 0.0109375 0.0356861 0.021875
0 0.279515 0.0109375 0.0347196 0.021875
0 0.291585 0.0109375 0.0355809 0.021875
0 0.297967 0.0109375 0.0353161 0.021875
0 0.315625 0.0109375 0.0374997 0.021875
0 0.328125 0.0109375 0.0375 0.021875
0 0.340625 0.0109375 0.0375 0.021875
0 0.353125 0.0109375 0.0375 0.021875
0 0.365625 0.0109375 0.0375 0.021875
0 0.378125 0.0109375 0.0375 0.021875
0 0.390625 0.0109375 0.0375 0.021875
0 0.403125 0.0109375 0.0375 0.021875
0 0.415625 0.0109375 0.0375 0.021875
0 0.428125 0.0109375 0.0375 0.021875
0 0.440625 0.0109375 0.0375 0.021875
0 0.453125 0.0109375 0.0375 0.021875
0 0.465625 0.0109375 0.0375 0.021875
0 0.478125 0.0109375 0.0375 0.021875
0 0.490625 0.0109375 0.0375 0.021875
0 0.503125 0.0109375 0.0375 0.021875
0 0.515625 0.0109375 0.0375 0.021875
0 0.528125 0.0109375 0.0375 0.021875
0 0.540625 0.0109375 0.0375 0.021875
0 0.553125 0.0109375 0.0375 0.021875
0 0.565625 0.0109375 0.0375 0.021875
0 0.578125 0.0109375 0.0375 0.021875
0 0.590625 0.0109375 0.0375 0.021875
0 0.603125 0.0109375 0.0375 0.021875
0 0.615625 0.0109375 0.0375 0.021875
0 0.628125 0.0109375 0.0375 0.021875
0 0.640625 0.0109375 0.0375 0.021875
0 0.653125 0.0109375 0.0375 0.021875
0 0.665625 0.0109375 0.0375 0.021875
0 0.678125 0.0109375 0.0375 0.021875
0 0.690625 0.0109375 0.0375 0.021875
0 0.703125 0.0109375 0.0375 0.021875
0 0.715625 0.0109375 0.0375 0.021875
0 0.728125 0.0109375 0.0375 0.021875
0 0.740625 0.0109375 0.0375 0.021875
0 0.753125 0.0109375 0.0375 0.021875
0 0.765625 0.0109375 0.0375 0.021875
0 0.778125 0.0109375 0.0375 0.021875
0 0.790625 0.0109375 0.0375 0.021875
0 0.803125 0.0109375 0.0375 0.021875
0 0.815625 0.0109375 0.0375 0.021875
0 0.828125 0.0109375 0.0375 0.021875
0 0.840625 0.0109375 0.0375 0.021875
0 0.853125 0.0109375 0.0375 0.021875
0 0.865625 0.0109375 0.0375 0.021875
0 0.878125 0.0109375 0.0375 0.021875
0 0.890625 0.0109375 0.0375 0.021875
0 0.903125 0.0109375 0.0375 0.021875
0 0.915625 0.0109375 0.0375 0.021875
0 0.928125 0.0109375 0.0375 0.021875
0 0.940625 0.0109375 0.0375 0.021875
0 0.953125 0.0109375 0.0375 0.021875
0 0.965625 0.0109375 0.0375 0.021875
0 0.978125 0.0109375 0.0375 0.021875
0 0.976568 0.0109383 0.0468636 0.0218765
0 0.0109375 0.0140641 0.021875 0.0281283
0 0.0140625 0.0140695 0.028125 0.028139
0 0.01875 0.0140632 0.0312501 0.0281265
0 0.0249983 0.0140626 0.0312534 0.0281251
0 0.0312457 0.0140625 0.0312586 0.028125
0 0.0374997 0.014063 0.0312506 0.0281261
0 0.05 0.0140625 0.03125 0.028125
0 0.0562493 0.0140625 0.0312514 0.028125
0 0.0625 0.0140625 0.0312501 0.028125
0 0.06875 0.0140625 0.03125 0.028125
0 0.075 0.0140625 0.03125 0.028125
0 0.08125 0.0140625 0.03125 0.028125
0 0.0875 0.0140625 0.03125 0.028125
0 0.1 0.0140625 0.03125 0.028125
0 0.10625 0.0140625 0.03125 0.028125
0 0.1125 0.0140625 0.03125 0.028125
0 0.11875 0.0140625 0.03125 0.028125
0 0.125 0.0140625 0.03125 0.028125
0 0.13125 0.0140625 0.03125 0.028125
0 0.1375 0.0140625 0.03125 0.028125
0 0.14375 0.0140625 0.03125 0.028125
0 0.15 0.0140625 0.03125 0.028125
0 0.15625 0.0140625 0.03125 0.028125
0 0.1625 0.0140625 0.03125 0.028125
0 0.18125 0.0140625 0.03125 0.028125
0 0.1875 0.0140625 0.03125 0.028125
0 0.20625 0.0140625 0.03125 0.028125
0 0.23125 0.0140625 0.03125 0.028125
0 0.25625 0.0140625 0.03125 0.028125
0 0.28125 0.0140625 0.03125 0.028125
0 0.31875 0.0140625 0.03125 0.028125
0 0.3375 0.0140625 0.03125 0.028125
0 0.34375 0.0140625 0.03125 0.028125
0 0.35 0.0140625 0.03125 0.028125
0 0.35625 0.0140625 0.03125 0.028125
0 0.3625 0.0140625 0.0312501 0.028125
0 0.36875 0.0140625 0.0312501 0.028125
0 0.375 0.0140625 0.03125 0.028125
0 0.38125 0.0140625 0.0312501 0.028125
0 0.3875 0.0140625 0.0312501 0.028125
0 0.39375 0.0140625 0.0312501 0.028125
0 0.4 0.0140625 0.03125 0.028125
0 0.40625 0.0140625 0.0312501 0.028125
0 0.4125 0.0140625 0.0312501 0.028125
0 0.41875 0.0140625 0.0312501 0.028125
0 0.425 0.0140625 0.03125 0.028125
0 0.43125 0.0140625 0.0312501 0.028125
0 0.4375 0.0140625 0.0312501 0.028125
0 0.44375 0.0140625 0.0312501 0.028125
0 0.45 0.0140625 0.03125 0.028125
0 0.45625 0.0140625 0.0312501 0.028125
0 0.4625 0.0140625 0.0312501 0.028125
0 0.46875 0.0140625 0.03125 0.028125
0 0.475 0.0140625 0.03125 0.028125
0 0.48125 0.0140625 0.03125 0.028125
0 0.4875 0.0140625 0.0312501 0.028125
0 0.49375 0.0140625 0.03125 0.028125
0 0.5 0.0140625 0.03125 0.028125
0 0.50625 0.0140625 0.03125 0.028125
0 0.5125 0.0140625 0.03125 0.028125
0 0.51875 0.0140625 0.03125 0.028125
0 0.525 0.0140625 0.03125 0.028125
0 0.53125 0.0140625 0.03125 0.028125
0 0.5375 0.0140625 0.03125 0.028125
0 0.54375 0.0140625 0.03125 0.028125
0 0.55 0.0140625 0.03125 0.028125
0 0.55625 0.0140625 0.03125 0.028125
0 0.5625 0.0140625 0.03125 0.028125
0 0.56875 0.0140625 0.03125 0.028125
0 0.575 0.0140625 0.03125 0.028125
0 0.58125 0.0140625 0.03125 0.028125
0 0.5875 0.0140625 0.03125 0.028125
