0 0.156123 0.00856816 0.0242612 0.0171363
0 0.161682 0.00875225 0.0279274 0.0175045
0 0.168291 0.0109252 0.0337077 0.0218505
0 0.174251 0.0104384 0.0315189 0.0208769
0 0.184489 0.0115084 0.0265366 0.0230169
0 0.195915 0.0122425 0.0356236 0.024485
0 0.2 0.0100536 0.0312492 0.0201071
0 0.203254 0.00783252 0.0252605 0.015665
0 0.210214 0.00816414 0.0266791 0.0163283
0 0.218145 0.0110663 0.0300605 0.0221326
0 0.223983 0.010717 0.0292249 0.021434
0 0.228814 0.0109097 0.026386 0.0218195
0 0.235475 0.0117924 0.0272119 0.0235848
0 0.243104 0.0126965 0.02997 0.025393
0 0.249132 0.0119891 0.0295193 0.0239782
0 0.253552 0.0114584 0.025861 0.0229169
0 0.260311 0.0123081 0.0268819 0.0246162
0 0.26639 0.0128548 0.0265439 0.0257096
0 0.272649 0.0128593 0.0265636 0.0257186
0 0.27886 0.0129776 0.0264862 0.0259552
0 0.285241 0.0130061 0.0267506 0.0260121
0 0.291099 0.0129695 0.0259683 0.0259391
0 0.297446 0.0131767 0.0261824 0.0263534
0 0.304264 0.0133355 0.0273345 0.026671
0 0.310298 0.0132717 0.0268993 0.0265434
0 0.316063 0.0130489 0.0259066 0.0260978
0 0.322343 0.0132385 0.0259935 0.026477
0 0.329072 0.0133432 0.0269436 0.0266864
0 0.335001 0.0130788 0.0262843 0.0261576
0 0.341142 0.0128969 0.0260501 0.0257939
0 0.347486 0.0129333 0.0262431 0.0258667
0 0.353657 0.0130792 0.0260943 0.0261584
0 0.360026 0.0131777 0.026336 0.0263554
0 0.366408 0.0130465 0.0265919 0.026093
0 0.372521 0.0128256 0.026312 0.0256511
0 0.37901 0.0127217 0.0267834 0.0254434
0 0.385089 0.0124411 0.0264384 0.0248822
0 0.392955 0.0125485 0.0296658 0.025097
0 0.398691 0.0116203 0.0286354 0.0232406
0 0.404346 0.0115261 0.0274485 0.0230521
0 0.410475 0.0115824 0.0272096 0.0231647
0 0.418462 0.0122261 0.0306812 0.0244521
0 0.424644 0.0113966 0.0305418 0.0227933
0 0.435262 0.0118121 0.0267853 0.0236241
0 0.44276 0.0129233 0.0292822 0.0258467
0 0.448584 0.0127151 0.028423 0.0254301
0 0.453617 0.0125837 0.0259897 0.0251674
0 0.46038 0.0131621 0.0270183 0.0263243
0 0.466139 0.0135383 0.0260522 0.0270766
0 0.472588 0.0136714 0.0264728 0.0273428
0 0.47921 0.0137489 0.0272627 0.0274978
0 0.48522 0.0136964 0.0267636 0.0273928
0 0.491027 0.0136404 0.0258529 0.0272807
0 0.497431 0.0136942 0.0261973 0.0273883
0 0.504245 0.0137156 0.0273747 0.0274311
0 0.510135 0.0136174 0.0266054 0.0272348
0 0.516126 0.0134821 0.0260468 0.0269641
0 0.522443 0.0135039 0.0262074 0.0270079
0 0.529263 0.0135413 0.0273443 0.0270827
0 0.535269 0.013393 0.0268445 0.026786
0 0.541883 0.0130916 0.0275413 0.0261833
0 0.548081 0.0127967 0.0274339 0.0255934
0 0.554251 0.0125333 0.0272737 0.0250666
0 0.560449 0.0124864 0.0271729 0.0249728
0 0.566937 0.012586 0.0276489 0.0251719
0 0.573164 0.0125312 0.0276022 0.0250623
0 0.57877 0.0126144 0.0263202 0.0252288
0 0.585286 0.0129476 0.0268644 0.0258952
0 0.591737 0.0131843 0.0272586 0.0263686
0 0.597999 0.0132041 0.0272753 0.0264081
0 0.604863 0.0130495 0.02849 0.026099
0 0.611218 0.0127275 0.0286958 0.0254551
0 0.618245 0.0124418 0.0302489 0.0248837
0 0.624528 0.0119255 0.0303177 0.023851
0 0.630613 0.0116352 0.0299938 0.0232705
0 0.636109 0.0113893 0.0285049 0.0227785
0 0.643593 0.0119706 0.0309607 0.0239411
0 0.649725 0.011289 0.0307067 0.0225779
0 0.660529 0.0119142 0.0273137 0.0238283
0 0.66641 0.0125326 0.0265825 0.0250652
0 0.672754 0.0127329 0.0267689 0.0254659
0 0.679751 0.0129512 0.0282595 0.0259025
0 0.686026 0.0126353 0.0283083 0.0252705
0 0.691103 0.0119275 0.0259643 0.0238551
0 0.697596 0.0124115 0.0264586 0.0248231
0 0.705339 0.0129596 0.0294436 0.0259193
0 0.711821 0.0124445 0.0299006 0.0248891
0 0.715642 0.0110856 0.0250777 0.0221713
0 0.721879 0.0119025 0.0252283 0.0238051
0 0.728524 0.0125405 0.0261065 0.025081
0 0.734607 0.0125069 0.0255712 0.0250138
0 0.740959 0.013049 0.0256948 0.026098
0 0.747603 0.012762 0.0264753 0.025524
0 0.753285 0.011834 0.0253385 0.0236679
0 0.760058 0.012889 0.0263761 0.025778
0 0.766448 0.0118659 0.0266706 0.0237317
0 0.772208 0.0114158 0.0257163 0.0228317
0 0.779014 0.0119373 0.0268465 0.0238746
0 0.786258 0.012183 0.0288246 0.024366
0 0.790896 0.0114026 0.0256485 0.0228051
0 0.797243 0.012352 0.0258297 0.024704
0 0.803455 0.012732 0.0257633 0.0254639
0 0.809551 0.0130108 0.0256683 0.0260216
0 0.818672 0.0134012 0.031152 0.0268024
0 0.824678 0.0118849 0.0306227 0.0237697
0 0.837119 0.0118598 0.0304936 0.0237196
0 0.84175 0.0111993 0.0272629 0.0223985
0 0.847436 0.0115522 0.0261301 0.0231044
0 0.854439 0.0123535 0.027648 0.0247071
0 0.860711 0.0124944 0.0277214 0.0249887
0 0.866815 0.0123326 0.0274715 0.0246653
0 0.872999 0.011961 0.0273089 0.023922
0 0.878368 0.0117663 0.0255276 0.0235326
0 0.884789 0.0127926 0.025886 0.0255851
0 0.891758 0.0131981 0.0273068 0.0263962
0 0.89796 0.0130632 0.0271984 0.0261264
0 0.904224 0.0127339 0.0272076 0.0254678
0 0.91 0.0121567 0.0262581 0.0243134
0 0.918432 0.0126828 0.0306187 0.0253657
0 0.924399 0.0113037 0.030051 0.0226075
0 0.935705 0.0115251 0.0276631 0.0230502
0 0.941217 0.0119408 0.0262001 0.0238817
0 0.947729 0.012678 0.026729 0.025356
0 0.95438 0.0130204 0.0275288 0.0260407
0 0.960562 0.0129348 0.0273884 0.0258696
0 0.965727 0.0125195 0.0252197 0.025039
0 0.972015 0.0130422 0.0253578 0.0260844
0 0.981133 0.0132786 0.0313206 0.0265573
0 0.985927 0.0124382 0.0281463 0.0248764
0 0.976562 0.0386586 0.046875 0.0773173
0 0.15903 0.01091 0.0220473 0.02182
0 0.211076 0.0109383 0.034041 0.0218765
0 0.253882 0.0109427 0.0359723 0.0218855
0 0.266423 0.0109509 0.0359045 0.0219019
0 0.27885 0.0109507 0.0360535 0.0219015
0 0.291116 0.010955 0.0365077 0.0219099
0 0.303617 0.0109811 0.0365244 0.0219621
0 0.315842 0.0109676 0.0370249 0.0219352
0 0.328393 0.0109957 0.0369696 0.0219913
0 0.340879 0.010969 0.0369748 0.0219379
0 0.353352 0.0109785 0.0370264 0.0219569
0 0.365885 0.0109865 0.0369759 0.021973
0 0.378421 0.0109649 0.0369003 0.0219298
0 0.454159 0.0109408 0.035431 0.0218816
0 0.460853 0.0109426 0.0345471 0.0218852
0 0.472364 0.0109521 0.0365271 0.0219041
0 0.484814 0.0109587 0.0366348 0.0219175
0 0.497124 0.0109605 0.0370019 0.0219209
0 0.509606 0.0109724 0.0370474 0.0219448
0 0.522067 0.0109666 0.0371115 0.0219333
0 0.534584 0.0109748 0.037084 0.0219497
0 0.547184 0.0109687 0.0368823 0.0219374
0 0.559527 0.0109573 0.0371874 0.0219145
0 0.572235 0.0109558 0.0367807 0.0219115
0 0.584756 0.0109574 0.0367359 0.0219148
0 0.597378 0.0109627 0.0364974 0.0219255
0 0.603854 0.0109547 0.0360464 0.0219095
0 0.665961 0.0109456 0.0368261 0.0218913
0 0.678735 0.0109437 0.0362819 0.0218873
0 0.690794 0.0109439 0.0371523 0.0218877
0 0.721066 0.0109528 0.0379489 0.0219056
0 0.728109 0.011074 0.0375244 0.022148
0 0.74062 0.0109832 0.0374864 0.0219664
0 0.753116 0.0109808 0.0374754 0.0219615
0 0.765636 0.0110001 0.0374746 0.0220003
0 0.778141 0.0109673 0.0374569 0.0219345
0 0.796867 0.0109611 0.0374809 0.0219222
0 0.809328 0.0109945 0.0375333 0.0219889
0 0.853184 0.0109584 0.0373775 0.0219168
0 0.865663 0.0109554 0.0374166 0.0219107
0 0.878133 0.0109615 0.0374474 0.0219231
0 0.890693 0.0109816 0.0373611 0.0219632
0 0.903274 0.0109516 0.0371994 0.0219032
0 0.947017 0.010947 0.0372127 0.021894
0 0.959673 0.0109515 0.0369053 0.021903
0 0.971802 0.0109545 0.0372814 0.021909
0 0.988093 0.0109406 0.0199754 0.0218813
0 0.158032 0.0145081 0.0278287 0.0290162
0 0.169226 0.0154031 0.0353624 0.0308062
0 0.178822 0.0151973 0.0362178 0.0303947
0 0.185389 0.0158572 0.035764 0.0317144
0 0.196872 0.0145391 0.0374968 0.0290782
0 0.203684 0.0140849 0.036383 0.0281699
0 0.211069 0.0141909 0.0341278 0.0283818
0 0.218657 0.0141568 0.031471 0.0283136
0 0.224942 0.0141219 0.0313787 0.0282439
0 0.231159 0.0141093 0.0314332 0.0282186
0 0.237419 0.0141486 0.0314153 0.0282973
0 0.249977 0.0141272 0.0313008 0.0282543
0 0.256193 0.0140956 0.0313652 0.0281913
0 0.262463 0.0141062 0.0313254 0.0282124
0 0.268721 0.0140966 0.0313106 0.0281933
0 0.274966 0.0140943 0.0313199 0.0281886
0 0.281219 0.014099 0.0313132 0.0281981
0 0.287469 0.0140962 0.0313149 0.0281924
0 0.293706 0.0140957 0.0313392 0.0281914
0 0.299958 0.0141031 0.0313376 0.0282062
0 0.306227 0.0141099 0.0313029 0.0282198
0 0.312473 0.0141005 0.0313098 0.028201
0 0.318687 0.014098 0.0313785 0.028196
0 0.324941 0.0141223 0.0313732 0.0282447
0 0.331213 0.0141204 0.0313342 0.0282407
0 0.337446 0.014102 0.0313637 0.0282039
0 0.343687 0.0141102 0.0313813 0.0282203
0 0.349942 0.014115 0.0313727 0.0282299
0 0.356184 0.0141077 0.0313881 0.0282154
0 0.36244 0.0141101 0.0313768 0.0282201
0 0.368706 0.0141009 0.0313457 0.0282019
0 0.374946 0.0140986 0.0313651 0.0281971
0 0.381196 0.0140997 0.0313637 0.0281994
0 0.387437 0.0141031 0.0313815 0.0282062
0 0.399959 0.0140978 0.0313362 0.0281956
0 0.406155 0.0141081 0.0314412 0.0282163
0 0.412425 0.0141185 0.0314018 0.0282369
0 0.424988 0.0140921 0.0312782 0.0281843
0 0.431213 0.01408 0.0313234 0.0281599
0 0.437469 0.0140984 0.0313127 0.0281967
0 0.449992 0.014089 0.0312683 0.028178
0 0.456235 0.0140796 0.0312806 0.0281592
0 0.46249 0.0140851 0.0312697 0.0281702
0 0.468737 0.014085 0.0312773 0.02817
0 0.474985 0.0140901 0.0312811 0.0281803
0 0.487487 0.0140901 0.0312769 0.0281803
0 0.493723 0.0140942 0.031304 0.0281884
0 0.499969 0.01411 0.0313137 0.0282199
0 0.512472 0.0141085 0.0313079 0.0282171
0 0.518708 0.014114 0.0313357 0.028228
0 0.524952 0.0141385 0.0313471 0.028277
0 0.531209 0.014169 0.0313354 0.0283381
0 0.537446 0.0141534 0.0313602 0.0283067
0 0.543696 0.0141628 0.0313624 0.0283255
0 0.549943 0.0143136 0.0313691 0.0286271
0 0.556052 0.0142463 0.0316471 0.0284926
0 0.562239 0.0141913 0.0317753 0.0283825
0 0.568657 0.0141687 0.0314425 0.0283373
0 0.574934 0.0141277 0.0313867 0.0282553
0 0.581184 0.0141265 0.0313837 0.028253
0 0.587447 0.0141452 0.0313602 0.0282904
0 0.593708 0.0141512 0.0313384 0.0283024
0 0.599955 0.0141413 0.0313427 0.0282826
0 0.612459 0.0141279 0.0313345 0.0282558
0 0.624961 0.0142327 0.031332 0.0284653
0 0.63108 0.0142043 0.0315909 0.0284085
0 0.637315 0.0142412 0.0316231 0.0284824
0 0.649981 0.0142092 0.031294 0.0284184
0 0.656175 0.0140943 0.0314001 0.0281887
0 0.662458 0.014119 0.0313355 0.0282381
0 0.668719 0.0140993 0.0313129 0.0281987
0 0.674972 0.0140952 0.0313061 0.0281905
0 0.681231 0.0140938 0.0312881 0.0281875
0 0.687482 0.0140886 0.0312865 0.0281772
0 0.693693 0.0140904 0.0313635 0.0281808
0 0.699948 0.0141093 0.0313555 0.0282185
0 0.717436 0.0140823 0.0338774 0.0281646
0 0.723549 0.014144 0.0341547 0.028288
0 0.730748 0.0142301 0.0322597 0.0284603
0 0.742563 0.0141681 0.0336246 0.0283362
0 0.748957 0.0141143 0.0333378 0.0282287
0 0.761603 0.0141051 0.0330496 0.0282101
0 0.768374 0.0140991 0.0320079 0.0281983
0 0.774448 0.0140929 0.0323579 0.0281858
0 0.780976 0.0141058 0.0318053 0.0282115
0 0.787332 0.0141093 0.0315945 0.0282185
0 0.793162 0.0141057 0.0324262 0.0282115
0 0.799266 0.0141512 0.0327209 0.0283025
0 0.805543 0.014157 0.0326678 0.028314
0 0.811705 0.0141567 0.0328445 0.0283134
0 0.824954 0.0141041 0.031349 0.0282082
0 0.831062 0.0140957 0.0316263 0.0281914
0 0.837441 0.0141327 0.0313709 0.0282653
0 0.843686 0.0141123 0.0313786 0.0282245
0 0.849861 0.0141352 0.0315292 0.0282705
0 0.856188 0.0141315 0.0313785 0.028263
0 0.862435 0.0141184 0.0313841 0.0282369
0 0.868566 0.0141311 0.0316193 0.0282623
0 0.87472 0.0141383 0.0318115 0.0282765
0 0.880764 0.0141855 0.0322232 0.0283711
0 0.887153 0.0141759 0.0319471 0.0283518
0 0.893654 0.0141433 0.0314515 0.0282865
0 0.899888 0.0141264 0.0314774 0.0282527
0 0.906142 0.0141251 0.0314678 0.0282502
0 0.912382 0.0141199 0.0314886 0.0282398
0 0.92498 0.0140875 0.0312914 0.028175
0 0.931187 0.0140782 0.0313763 0.0281564
0 0.937455 0.0140954 0.0313408 0.0281909
0 0.943711 0.014106 0.0313298 0.028212
0 0.949954 0.0141212 0.0313427 0.0282424
0 0.95622 0.0141222 0.0313114 0.0282444
0 0.962476 0.0141241 0.0313007 0.0282482
0 0.968525 0.014098 0.0317013 0.0281959
0 0.974595 0.0141154 0.0320616 0.0282307
0 0.985931 0.0171878 0.0281376 0.0343756
0 0.989063 0.0142527 0.0218735 0.0285054
0 0.162616 0.0183206 0.0314538 0.0366412
0 0.17416 0.0182573 0.0343502 0.0365146
0 0.200104 0.0172771 0.0314953 0.0345543
0 0.374521 0.017201 0.0322104 0.0344021
0 0.380744 0.0172006 0.032263 0.0344012
0 0.386991 0.0172037 0.0322686 0.0344074
0 0.393278 0.0172104 0.0321957 0.0344208
