0 0.153097 0.00900127 0.0250276 0.0180025
0 0.159251 0.0101108 0.0248898 0.0202215
0 0.164903 0.010028 0.0238238 0.0200561
0 0.2277 0.011389 0.0256857 0.0227779
0 0.264576 0.0111146 0.0286087 0.0222293
0 0.271443 0.0112882 0.0291322 0.0225764
0 0.277865 0.0109386 0.0270193 0.0218772
0 0.283711 0.0110777 0.025911 0.0221554
0 0.290382 0.01179 0.0314003 0.0235799
0 0.297373 0.0111602 0.030262 0.0223204
0 0.302658 0.010839 0.0271046 0.021678
0 0.30879 0.0114788 0.0281351 0.0229577
0 0.31808 0.0120694 0.0348375 0.0241388
0 0.324405 0.0113063 0.0323088 0.0226127
0 0.328531 0.0103448 0.0277907 0.0206896
0 0.334909 0.011254 0.0285845 0.022508
0 0.344069 0.012349 0.0332243 0.024698
0 0.349551 0.0109678 0.0307814 0.0219355
0 0.353671 0.00978424 0.0266801 0.0195685
0 0.360324 0.0111419 0.0274996 0.0222838
0 0.367418 0.0123475 0.0294847 0.0246949
0 0.373515 0.0120205 0.028811 0.024041
0 0.379049 0.0117188 0.0272922 0.0234376
0 0.385391 0.0122209 0.0275166 0.0244417
0 0.393613 0.0126874 0.031335 0.0253749
0 0.399322 0.0113865 0.0300224 0.0227731
0 0.404036 0.0106582 0.0269913 0.0213163
0 0.410821 0.0119455 0.0281537 0.0238909
0 0.418272 0.0128134 0.03074 0.0256268
0 0.424179 0.0121819 0.0297893 0.0243638
0 0.428836 0.0117173 0.0265799 0.0234346
0 0.43519 0.012659 0.0268461 0.025318
0 0.44458 0.012771 0.0329443 0.0255421
0 0.449998 0.0107581 0.031247 0.0215161
0 0.453246 0.00808642 0.0252438 0.0161728
0 0.46053 0.0101573 0.0273111 0.0203145
0 0.468422 0.0128638 0.0306084 0.0257275
0 0.474442 0.0125266 0.0301377 0.0250532
0 0.485456 0.0133301 0.0271814 0.0266602
0 0.493686 0.0137607 0.031142 0.0275213
0 0.499815 0.0132092 0.0308813 0.0264185
0 0.511011 0.0134107 0.0282786 0.0268214
0 0.5184 0.0139011 0.0305668 0.0278022
0 0.524133 0.013765 0.0295206 0.02753
0 0.52909 0.0134539 0.0269355 0.0269078
0 0.53609 0.0137595 0.0284352 0.027519
0 0.543701 0.0138941 0.0311556 0.0277881
0 0.549831 0.0134478 0.0309128 0.0268955
0 0.553944 0.01227 0.0266379 0.02454
0 0.561362 0.0132466 0.0289751 0.0264931
0 0.568611 0.013838 0.0309737 0.0276759
0 0.574717 0.0135375 0.0306841 0.027075
0 0.579546 0.012856 0.0278423 0.0257119
0 0.586567 0.0133614 0.0293846 0.0267227
0 0.597768 0.0138511 0.0268646 0.0277023
0 0.605526 0.0139929 0.0298575 0.0279859
0 0.617788 0.0139357 0.0293312 0.0278714
0 0.623848 0.0139355 0.0289545 0.027871
0 0.629827 0.0138925 0.028414 0.0277851
0 0.635683 0.0139385 0.0276279 0.0278769
0 0.64376 0.0139402 0.0312704 0.0278804
0 0.65 0.0116023 0.0312492 0.0232046
0 0.662248 0.0123971 0.0307456 0.0247942
0 0.672645 0.0140167 0.0266749 0.0280334
0 0.680597 0.014057 0.030426 0.0281139
0 0.685943 0.0140563 0.0284337 0.0281127
0 0.691844 0.0140578 0.0275888 0.0281156
0 0.698332 0.0140578 0.0282419 0.0281156
0 0.704984 0.0140576 0.0291085 0.0281152
0 0.710963 0.0140564 0.0285279 0.0281128
0 0.716958 0.0140551 0.0279539 0.0281101
0 0.723274 0.0140552 0.0282009 0.0281104
0 0.73031 0.014053 0.0296369 0.0281061
0 0.735965 0.014044 0.0282674 0.028088
0 0.742093 0.0140224 0.0279735 0.0280448
0 0.748666 0.0140178 0.0286382 0.0280356
0 0.755779 0.0140156 0.0303984 0.0280311
0 0.761824 0.0139829 0.0299706 0.0279658
0 0.768269 0.0139472 0.0303522 0.0278945
0 0.774646 0.0139744 0.0305975 0.0279488
0 0.780323 0.0139792 0.0294485 0.0279585
0 0.786409 0.0140051 0.0291464 0.0280102
0 0.793403 0.0140354 0.0306164 0.0280708
0 0.799609 0.0140349 0.0305166 0.0280697
0 0.805581 0.0140171 0.0299572 0.0280342
0 0.811924 0.0140254 0.0301273 0.0280508
0 0.823386 0.0140402 0.0282261 0.0280803
0 0.83096 0.0140506 0.0309046 0.0281013
0 0.837122 0.0140378 0.030606 0.0280756
0 0.847448 0.01398 0.0272126 0.0279601
0 0.855439 0.0140416 0.031851 0.0280832
0 0.861602 0.0140264 0.0304432 0.0280528
0 0.865832 0.0139878 0.0257368 0.0279757
0 0.871941 0.0139777 0.0271763 0.0279553
0 0.880023 0.0140182 0.0322042 0.0280363
0 0.886474 0.0139847 0.0306048 0.0279694
0 0.890839 0.0138869 0.0258562 0.0277738
0 0.896947 0.0138256 0.0266308 0.0276513
0 0.904765 0.0139312 0.0292992 0.0278624
0 0.910305 0.0137834 0.027364 0.0275669
0 0.915996 0.0137049 0.0259708 0.0274097
0 0.922464 0.0137312 0.0265732 0.0274624
0 0.929716 0.0138433 0.0285645 0.0276866
0 0.935607 0.0137535 0.0277847 0.0275069
0 0.941167 0.0136207 0.0263084 0.0272413
0 0.947482 0.0136841 0.0265774 0.0273682
0 0.955454 0.0137567 0.0298554 0.0275133
0 0.96124 0.0134521 0.0288234 0.0269042
0 0.965825 0.0126435 0.0255104 0.0252871
0 0.973029 0.0129107 0.0277565 0.0258214
0 0.981184 0.0131099 0.0318165 0.0262198
0 0.985852 0.0115086 0.0282964 0.0230172
0 0.976562 0.0237533 0.046875 0.0475066
0 0.146782 0.0131732 0.0370686 0.0263463
0 0.156125 0.0124187 0.0350859 0.0248374
0 0.165146 0.0139447 0.0383932 0.0278893
0 0.220833 0.0145862 0.038336 0.0291725
0 0.229734 0.0137635 0.0370827 0.027527
0 0.237593 0.0147351 0.0397109 0.0294703
0 0.251558 0.014352 0.0396898 0.028704
0 0.257334 0.0132001 0.0365731 0.0264002
0 0.263515 0.0129866 0.038765 0.0259732
0 0.271097 0.0131932 0.0384707 0.0263863
0 0.276439 0.0121354 0.0371746 0.0242709
0 0.290001 0.01326 0.0400608 0.0265201
0 0.296878 0.0122605 0.037854 0.024521
0 0.434803 0.0110364 0.0363171 0.0220728
0 0.478966 0.0109397 0.0358163 0.0218793
0 0.485541 0.010942 0.0351689 0.0218841
0 0.504663 0.0109379 0.0344248 0.0218757
0 0.530131 0.010938 0.0334892 0.0218761
0 0.590994 0.0109379 0.036761 0.0218758
0 0.604099 0.0109394 0.0355526 0.0218789
0 0.629656 0.0109383 0.0344381 0.0218766
0 0.672189 0.0109376 0.0368713 0.0218752
0 0.679119 0.0109417 0.0355139 0.0218834
0 0.691699 0.0109383 0.0353537 0.0218767
0 0.697944 0.0109387 0.035365 0.0218773
0 0.704439 0.0109394 0.0348772 0.0218788
0 0.716664 0.0109384 0.0354239 0.0218769
0 0.72945 0.0109389 0.0348516 0.0218779
0 0.735734 0.0109383 0.0347834 0.0218765
0 0.741916 0.0109378 0.0349186 0.0218756
0 0.760097 0.0109381 0.0360567 0.0218761
0 0.779141 0.0109378 0.0354673 0.0218756
0 0.816854 0.0109378 0.0350428 0.0218757
0 0.823068 0.010938 0.0351151 0.0218759
0 0.830206 0.0109385 0.03334 0.0218771
0 0.840985 0.0109378 0.0367799 0.0218757
0 0.854029 0.0109467 0.0356973 0.0218933
0 0.865797 0.0109393 0.0371552 0.0218786
0 0.878528 0.0109733 0.0367119 0.0219466
0 0.890732 0.0109435 0.0372815 0.021887
0 0.903209 0.0109797 0.0373367 0.0219593
0 0.915659 0.0109503 0.0374305 0.0219006
0 0.928266 0.0109818 0.0372254 0.0219636
0 0.940718 0.0109572 0.0373112 0.0219144
0 0.953449 0.0109721 0.0368637 0.0219442
0 0.965648 0.010952 0.0373512 0.021904
0 0.988047 0.010941 0.0198753 0.0218821
0 0.153126 0.0143111 0.0371185 0.0286221
0 0.159371 0.0147688 0.0371264 0.0295376
0 0.283642 0.0146254 0.0358118 0.0292508
0 0.303411 0.0147384 0.0367125 0.0294768
0 0.319158 0.0152436 0.0367015 0.0304873
0 0.324838 0.0147994 0.0342896 0.0295988
0 0.336742 0.0148803 0.0339421 0.0297606
0 0.345276 0.0147286 0.0346363 0.0294573
0 0.355245 0.0143713 0.0334065 0.0287426
0 0.361979 0.0144018 0.0327777 0.0288035
0 0.368852 0.0144417 0.0321502 0.0288835
0 0.374941 0.0144324 0.0319138 0.0288648
0 0.380825 0.0143906 0.0322623 0.0287812
0 0.387184 0.0144864 0.0321231 0.0289729
0 0.394404 0.0146713 0.0327556 0.0293427
0 0.400062 0.0145158 0.0316547 0.0290315
0 0.412024 0.0144695 0.0322776 0.0289391
0 0.424889 0.0145856 0.0315577 0.0291712
0 0.430553 0.0143553 0.0326523 0.0287105
0 0.436965 0.0148417 0.0323452 0.0296835
0 0.446672 0.0142629 0.0370955 0.0285258
0 0.45543 0.0140825 0.0328908 0.0281649
0 0.462277 0.0141341 0.0316974 0.0282681
0 0.481228 0.0141046 0.0312948 0.0282092
0 0.487482 0.0141625 0.0312863 0.0283249
0 0.506247 0.0140793 0.0312555 0.0281585
0 0.531249 0.0140745 0.0312511 0.0281489
0 0.55625 0.0140645 0.0312502 0.028129
0 0.58125 0.0140628 0.03125 0.0281256
0 0.59375 0.0140629 0.0312502 0.0281257
0 0.6125 0.0140646 0.0312502 0.0281292
0 0.65625 0.0140629 0.0312502 0.0281258
0 0.66875 0.0140633 0.03125 0.0281266
0 0.81875 0.0141247 0.0312508 0.0282494
0 0.918658 0.0141788 0.0314333 0.0283577
0 0.924941 0.0141699 0.0313675 0.0283398
0 0.943701 0.0141125 0.0313476 0.028225
0 0.94995 0.0141376 0.0313496 0.0282752
0 0.968589 0.0140927 0.0315716 0.0281855
0 0.974864 0.0141227 0.0315237 0.0282455
0 0.985936 0.0140993 0.028128 0.0281986
0 0.159433 0.019104 0.0373667 0.0382081
0 0.168147 0.0181885 0.0338181 0.0363769
0 0.265469 0.0192896 0.0380065 0.0385792
0 0.272064 0.019164 0.0373755 0.0383281
0 0.27816 0.0183156 0.0371552 0.0366312
0 0.290922 0.0195656 0.0379402 0.0391311
0 0.2971 0.0187496 0.0372469 0.0374992
0 0.309514 0.0182315 0.0371008 0.036463
0 0.317063 0.0189925 0.0385563 0.0379849
0 0.323314 0.0180321 0.0358415 0.0360641
0 0.329497 0.0177013 0.0351949 0.0354027
0 0.350043 0.017371 0.0323796 0.0347419
0 0.405258 0.0172902 0.0332555 0.0345804
0 0.450007 0.0171987 0.031278 0.0343973
0 0.455844 0.0171912 0.0320617 0.0343825
0 0.68125 0.0171876 0.0312502 0.0343753
0 0.6875 0.0171877 0.0312502 0.0343754
0 0.69375 0.0171878 0.0312504 0.0343756
0 0.7 0.0171882 0.0312505 0.0343763
0 0.70625 0.017188 0.0312504 0.034376
0 0.7125 0.017188 0.0312506 0.0343761
0 0.718749 0.0171881 0.0312511 0.0343762
0 0.724999 0.0171884 0.0312515 0.0343769
0 0.731249 0.01719 0.0312513 0.03438
0 0.843748 0.0171957 0.0312534 0.0343913
0 0.849992 0.0172081 0.0312668 0.0344162
0 0.856244 0.0173661 0.0312616 0.0347321
0 0.862492 0.0172236 0.0312664 0.0344473
0 0.868738 0.0172027 0.0312741 0.0344054
0 0.87494 0.0172187 0.0313707 0.0344373
0 0.881207 0.0174618 0.0313357 0.0349236
0 0.887442 0.0172185 0.0313652 0.034437
0 0.893681 0.0171965 0.0313889 0.0343929
0 0.899595 0.0172073 0.0320601 0.0344145
0 0.905546 0.0173358 0.0326578 0.0346715
0 0.918082 0.0172309 0.0325866 0.0344618
0 0.924296 0.0172272 0.032658 0.0344543
0 0.974056 0.0172123 0.0331383 0.0344247
0 0.985936 0.0203126 0.0281273 0.0406252
0 0.989063 0.0175828 0.0218744 0.0351656
0 0.028671 0.0269864 0.0382802 0.0389412
0 0.0397469 0.0276587 0.0401212 0.0370019
0 0.0522584 0.0276607 0.0402738 0.0372052
0 0.0633529 0.0275278 0.0424806 0.0377806
0 0.153139 0.0236023 0.0373143 0.0408418
0 0.164362 0.023956 0.035743 0.040846
0 0.2492 0.0262337 0.041388 0.0420381
0 0.255849 0.0264107 0.0394943 0.0406176
0 0.264141 0.0260516 0.0401807 0.0408803
0 0.271558 0.025189 0.0382772 0.0414065
0 0.282808 0.0248187 0.0356048 0.0428428
0 0.290305 0.0252547 0.0386097 0.0425796
0 0.296843 0.0248252 0.0376182 0.0425888
0 0.303033 0.0241277 0.0371648 0.0419338
0 0.316265 0.0241777 0.0381825 0.0417298
0 0.322478 0.0227077 0.036681 0.0390436
0 0.336008 0.0223115 0.0346844 0.0383643
0 0.343616 0.0221194 0.0330119 0.0379831
0 0.355452 0.021937 0.0328937 0.037624
0 0.362034 0.0220185 0.0322805 0.0377869
0 0.368417 0.0220046 0.0320805 0.037759
0 0.374722 0.0219907 0.0319182 0.0377314
0 0.380754 0.0220155 0.032282 0.037781
0 0.386988 0.0221382 0.0323299 0.0380264
0 0.393682 0.0221551 0.0319605 0.0380601
0 0.399897 0.0220628 0.0315733 0.0378755
0 0.411986 0.0222665 0.0322931 0.038283
0 0.418464 0.0222236 0.0318848 0.0381971
0 0.424806 0.0220912 0.0316609 0.0379325
0 0.43051 0.0221976 0.0327308 0.0381453
0 0.436587 0.0229631 0.0330819 0.0396761
0 0.445949 0.0221319 0.0356657 0.0380138
0 0.462343 0.0219731 0.0315632 0.0376963
0 0.468739 0.0219232 0.0312715 0.0375964
0 0.474996 0.0218977 0.0312586 0.0375455
0 0.481235 0.0219068 0.0312794 0.0375636
0 0.487482 0.0219653 0.0312867 0.0376806
0 0.493746 0.0219047 0.031258 0.0375593
0 0.499999 0.0218802 0.0312515 0.0375105
0 0.506249 0.021879 0.0312517 0.0375081
0 0.512499 0.0218831 0.031251 0.0375161
0 0.51875 0.021879 0.0312506 0.037508
0 0.525 0.0218767 0.0312503 0.0375034
0 0.53125 0.0218766 0.0312505 0.0375032
0 0.5375 0.0218778 0.0312507 0.0375057
0 0.54375 0.0218756 0.0312502 0.0375012
0 0.55 0.0218751 0.03125 0.0375002
0 0.55625 0.021875 0.03125 0.0375001
0 0.5625 0.0218751 0.0312501 0.0375002
0 0.56875 0.021875 0.03125 0.0375001
0 0.575 0.021875 0.03125 0.0375
0 0.58125 0.021875 0.03125 0.0375
0 0.5875 0.021875 0.03125 0.0375
0 0.59375 0.021875 0.0312502 0.0375
0 0.599999 0.0218752 0.0312511 0.0375003
0 0.606249 0.0218754 0.0312511 0.0375009
0 0.6125 0.0218755 0.031251 0.0375009
0 0.61875 0.021876 0.0312508 0.0375021
0 0.625 0.0218766 0.031251 0.0375031
