0 0.00781825 0.0108749 0.0156365 0.0217499
0 0.012456 0.00781377 0.0187998 0.0156275
0 0.0185944 0.0115289 0.0309393 0.0230579
0 0.0244059 0.0110726 0.0300687 0.0221452
0 0.028723 0.0120504 0.0262106 0.0241008
0 0.0361639 0.0135459 0.0286451 0.0270917
0 0.0435468 0.0139453 0.0310521 0.0278906
0 0.0497338 0.0138524 0.0307326 0.0277047
0 0.0616628 0.0135715 0.0296157 0.027143
0 0.0666333 0.0137729 0.027133 0.0275459
0 0.0730425 0.0137278 0.0275269 0.0274556
0 0.0790995 0.0138894 0.0270966 0.0277789
0 0.0854718 0.013902 0.0273911 0.0278041
0 0.0933002 0.0139342 0.0305444 0.0278684
0 0.0992774 0.0139103 0.0298431 0.0278205
0 0.110642 0.0138648 0.0275563 0.0277296
0 0.117829 0.0139551 0.0294529 0.0279101
0 0.123919 0.0139429 0.0291034 0.0278857
0 0.12907 0.0138833 0.0269039 0.0277666
0 0.135796 0.0139152 0.0278622 0.0278305
0 0.141744 0.0139646 0.0272764 0.0279293
0 0.148109 0.0139771 0.0275256 0.0279542
0 0.154732 0.0139836 0.0282859 0.0279672
0 0.16059 0.013978 0.0274869 0.0279561
0 0.168417 0.0139627 0.0306181 0.0279254
0 0.174272 0.0139192 0.02981 0.0278383
0 0.179895 0.0138209 0.0285602 0.0276417
0 0.186342 0.0139394 0.028968 0.0278787
0 0.193696 0.0139848 0.0311705 0.0279696
0 0.19984 0.0139223 0.0309358 0.0278446
0 0.211161 0.0139047 0.0285806 0.0278093
0 0.218724 0.0140087 0.0312071 0.0280175
0 0.224929 0.0139454 0.0311079 0.0278908
0 0.236691 0.0139154 0.0296336 0.0278308
0 0.243733 0.0140249 0.0312227 0.0280497
0 0.249937 0.0139465 0.0311245 0.027893
0 0.255354 0.0136098 0.0294583 0.0272195
0 0.262443 0.0138871 0.0311379 0.0277742
0 0.272199 0.0139785 0.0259718 0.0279571
0 0.280455 0.014043 0.0316687 0.0280861
0 0.286933 0.0140319 0.0314106 0.0280638
0 0.29062 0.0139919 0.0250143 0.0279838
0 0.296375 0.0138781 0.0260029 0.0277561
0 0.303262 0.0138986 0.0262305 0.0277972
0 0.309408 0.013733 0.0252171 0.0274659
0 0.315664 0.0137661 0.0250874 0.0275323
0 0.321913 0.0130431 0.0250845 0.0260861
0 0.328141 0.0113788 0.0250396 0.0227575
0 0.334396 0.0110093 0.0250511 0.0220186
0 0.340988 0.0109353 0.0257428 0.0218706
0 0.347186 0.0108713 0.0256256 0.0217426
0 0.353226 0.0125029 0.025203 0.0250058
0 0.359615 0.0131308 0.0254853 0.0262617
0 0.366352 0.0129527 0.0264892 0.0259054
0 0.372163 0.0136945 0.0255966 0.0273889
0 0.378971 0.0139351 0.0267382 0.0278703
0 0.384879 0.0139072 0.0260455 0.0278144
0 0.390655 0.0138079 0.0250735 0.0276158
0 0.396875 0.0138125 0.025113 0.027625
0 0.403738 0.0138635 0.0305546 0.027727
0 0.409173 0.0139704 0.0316592 0.0279408
0 0.418069 0.0139276 0.0336822 0.0278551
0 0.425 0.013556 0.0312597 0.0271121
0 0.436928 0.0129151 0.0301081 0.0258302
0 0.441174 0.0139101 0.0261333 0.0278201
0 0.448166 0.0139801 0.0278976 0.0279601
0 0.45533 0.0140473 0.0299565 0.0280945
0 0.460732 0.0140331 0.0279608 0.0280662
0 0.466016 0.0140195 0.0258844 0.0280389
0 0.472778 0.0140163 0.0272965 0.0280325
0 0.480274 0.0140324 0.0297518 0.0280649
0 0.485482 0.0140021 0.0272936 0.0280042
0 0.492087 0.0139553 0.0279408 0.0279105
0 0.497988 0.0138362 0.0272338 0.0276724
0 0.503811 0.0137435 0.0263861 0.027487
0 0.510818 0.0138713 0.0279168 0.0277426
0 0.518622 0.0139207 0.0310143 0.0278415
0 0.524198 0.0137655 0.0296472 0.027531
0 0.534621 0.0138063 0.0254921 0.0276126
0 0.543948 0.0132943 0.0316462 0.0265887
0 0.55 0.0109345 0.03125 0.0218689
0 0.553126 0.00781596 0.0250025 0.0156319
0 0.561673 0.0104133 0.0295961 0.0208265
0 0.565657 0.0123454 0.0250648 0.0246909
0 0.572041 0.0135971 0.0253323 0.0271942
0 0.579574 0.0140469 0.0278988 0.0280937
0 0.584716 0.0140495 0.0256826 0.028099
0 0.593723 0.0140453 0.0311953 0.0280906
0 0.59935 0.0135126 0.0299494 0.0270251
0 0.610047 0.0139317 0.026343 0.0278635
0 0.616519 0.014052 0.0267883 0.028104
0 0.622959 0.0140538 0.027169 0.0281076
0 0.628454 0.0140483 0.0256577 0.0280966
0 0.63472 0.0140347 0.0256899 0.0280694
0 0.640716 0.0140246 0.0251827 0.0280492
0 0.647015 0.0140364 0.0252804 0.0280728
0 0.65373 0.0140482 0.0262095 0.0280964
0 0.659916 0.0140426 0.026082 0.0280853
0 0.665774 0.014025 0.0252972 0.02805
0 0.672019 0.0140314 0.0252874 0.0280627
0 0.678416 0.0140481 0.0255825 0.0280961
0 0.684648 0.0140542 0.0255463 0.0281084
0 0.6935 0.0140571 0.0307498 0.0281142
0 0.699123 0.0140479 0.0294958 0.0280958
0 0.70995 0.0140351 0.0261501 0.0280702
0 0.716707 0.0140549 0.0271635 0.0281098
0 0.72287 0.0140501 0.0269895 0.0281002
0 0.728475 0.0140438 0.0256999 0.0280877
0 0.735255 0.0140511 0.026759 0.0281021
0 0.740968 0.0140551 0.0256852 0.0281102
0 0.747211 0.0140571 0.0256721 0.0281142
0 0.75382 0.0140587 0.0263899 0.0281174
0 0.76032 0.0140582 0.0268899 0.0281164
0 0.765796 0.0140547 0.025342 0.0281093
0 0.772032 0.0140517 0.0253136 0.0281033
0 0.779279 0.014056 0.0273075 0.0281119
0 0.785101 0.0140538 0.0264516 0.0281076
0 0.79195 0.0140478 0.0276503 0.0280956
0 0.798219 0.0140479 0.0276883 0.0280958
0 0.804092 0.0140477 0.026934 0.0280954
0 0.81019 0.0140564 0.0266304 0.0281128
0 0.818712 0.0140604 0.0311741 0.0281207
0 0.82489 0.014057 0.0310311 0.028114
0 0.835253 0.0140567 0.0267551 0.0281133
0 0.84375 0.0140613 0.0312496 0.0281227
0 0.849999 0.0140593 0.0312477 0.0281186
0 0.862319 0.0140568 0.0308872 0.0281137
0 0.868708 0.0140621 0.0311669 0.0281242
0 0.874943 0.0140618 0.0311352 0.0281236
0 0.880503 0.0140612 0.0297558 0.0281225
0 0.887243 0.014062 0.0307362 0.0281239
0 0.893431 0.0140623 0.0306128 0.0281246
0 0.899665 0.0140623 0.0305811 0.0281246
0 0.905678 0.0140623 0.0301071 0.0281246
0 0.911883 0.0140623 0.0300155 0.0281246
0 0.917937 0.0140624 0.0296234 0.0281247
0 0.924211 0.0140624 0.0296715 0.0281247
0 0.930563 0.0140623 0.0298767 0.0281247
0 0.937117 0.0140623 0.030484 0.0281246
0 0.947419 0.0140622 0.0260931 0.0281243
0 0.955262 0.0140624 0.0293129 0.0281247
0 0.961129 0.0140621 0.028533 0.0281243
0 0.965625 0.0140614 0.0250008 0.0281228
0 0.971877 0.0140516 0.0250106 0.0281032
0 0.981072 0.0140389 0.0313099 0.0280778
0 0.985937 0.0140328 0.0281259 0.0280655
0 0.976727 0.0140625 0.046545 0.028125
0 0.976562 0.0484355 0.046875 0.096871
0 0.0354851 0.0109403 0.03528 0.0218805
0 0.0534521 0.0109385 0.0368459 0.021877
0 0.0657939 0.0109417 0.0371626 0.0218833
0 0.0782697 0.0109427 0.0372112 0.0218855
0 0.0910734 0.0109427 0.0366055 0.0218855
0 0.0975158 0.0109413 0.0362193 0.0218825
0 0.110215 0.0109391 0.0358207 0.0218781
0 0.116603 0.0109403 0.0355458 0.0218805
0 0.123104 0.0109391 0.0350418 0.0218782
0 0.135696 0.0109383 0.0348595 0.0218766
0 0.147602 0.010939 0.0360469 0.021878
0 0.159986 0.0109391 0.036279 0.0218782
0 0.178872 0.0109379 0.0360065 0.0218759
0 0.185356 0.0109384 0.0355389 0.0218768
0 0.20456 0.0109376 0.0346309 0.0218751
0 0.230432 0.0109375 0.0328865 0.021875
0 0.265774 0.0109376 0.0372025 0.0218751
0 0.278494 0.0109437 0.0367624 0.0218875
0 0.28846 0.0109377 0.0331652 0.0218753
0 0.302885 0.0116232 0.0379804 0.0232464
0 0.309264 0.0109527 0.0377153 0.0219053
0 0.321871 0.0109454 0.0375061 0.0218907
0 0.334372 0.0109384 0.0375009 0.0218767
0 0.346876 0.0109375 0.0374984 0.0218751
0 0.359399 0.0109376 0.0374524 0.0218751
0 0.371882 0.0109377 0.0374851 0.0218753
0 0.384386 0.0109381 0.0374786 0.0218762
0 0.396619 0.0109398 0.0371658 0.0218796
0 0.403068 0.0110623 0.037622 0.0221247
0 0.409313 0.0109576 0.0376337 0.0219152
0 0.418122 0.0109466 0.0330338 0.0218933
0 0.429796 0.0109375 0.034159 0.021875
0 0.442035 0.0109385 0.0346808 0.021877
0 0.455013 0.010951 0.0337465 0.0219019
0 0.466665 0.0109425 0.0354265 0.0218851
0 0.47933 0.0109667 0.0351114 0.0219335
0 0.492344 0.0109431 0.0340669 0.0218862
0 0.498674 0.0109419 0.0339047 0.0218838
0 0.510437 0.0109415 0.0353773 0.021883
0 0.52903 0.0109376 0.0356903 0.0218752
0 0.57188 0.0109375 0.0374904 0.021875
0 0.58438 0.0109375 0.0374903 0.021875
0 0.603331 0.0109375 0.0370881 0.021875
0 0.610035 0.0109375 0.0361799 0.021875
0 0.621917 0.0109375 0.0374153 0.021875
0 0.634516 0.0109375 0.0372186 0.021875
0 0.646892 0.0109375 0.0374668 0.021875
0 0.659384 0.0109375 0.0374821 0.021875
0 0.671879 0.0109375 0.0374915 0.021875
0 0.684376 0.0109375 0.0374973 0.021875
0 0.697044 0.0109375 0.0371615 0.021875
0 0.709526 0.0109375 0.0371985 0.021875
0 0.72195 0.0109375 0.0373499 0.021875
0 0.734438 0.0109375 0.037375 0.021875
0 0.746887 0.0109375 0.0374756 0.021875
0 0.759397 0.0109375 0.0374566 0.021875
0 0.771877 0.0109375 0.0374962 0.021875
0 0.784376 0.0109375 0.0374973 0.021875
0 0.796878 0.0109375 0.0374945 0.021875
0 0.809376 0.0109375 0.0374988 0.021875
0 0.82195 0.0109375 0.0373502 0.021875
0 0.834399 0.0109375 0.0374531 0.021875
0 0.853515 0.0109375 0.0367191 0.021875
0 0.878911 0.0109375 0.0359287 0.021875
0 0.891297 0.0109375 0.0361553 0.021875
0 0.903912 0.0109375 0.0359257 0.021875
0 0.916357 0.0109375 0.0360368 0.021875
0 0.928701 0.0109375 0.0363483 0.021875
0 0.94066 0.0109375 0.037429 0.021875
0 0.953175 0.0109375 0.0374001 0.021875
0 0.965625 0.0109375 0.0374994 0.021875
0 0.978137 0.0109397 0.0374763 0.0218793
0 0.988167 0.0109375 0.0200882 0.021875
0 0.0109375 0.0140961 0.021875 0.0281921
0 0.0187513 0.0142269 0.0312598 0.0284539
0 0.0249755 0.0140852 0.0312998 0.0281704
0 0.0312336 0.0140749 0.0312829 0.0281497
0 0.0562434 0.0140834 0.0312631 0.0281668
0 0.106247 0.0140688 0.0312559 0.0281375
0 0.206249 0.0140773 0.031251 0.0281546
0 0.23125 0.0140691 0.0312501 0.0281381
0 0.26875 0.0140634 0.0312502 0.0281268
0 0.293732 0.0140626 0.0312864 0.0281251
0 0.299715 0.0140636 0.0318199 0.0281272
0 0.306199 0.0144914 0.0313589 0.0289828
0 0.316191 0.0140732 0.0363679 0.0281463
0 0.328336 0.0140638 0.0370772 0.0281277
0 0.340832 0.0140651 0.0370854 0.0281303
0 0.348203 0.0140632 0.0348448 0.0281263
0 0.355621 0.0140626 0.0325089 0.0281253
0 0.362389 0.0140626 0.0314723 0.0281253
0 0.368737 0.0140627 0.0312758 0.0281255
0 0.374946 0.0140627 0.0313579 0.0281253
0 0.387489 0.0140648 0.031272 0.0281296
0 0.393659 0.0140685 0.0314325 0.028137
0 0.412431 0.0143693 0.03139 0.0287387
0 0.43125 0.0140646 0.0312508 0.0281293
0 0.44375 0.0140655 0.0312502 0.0281309
0 0.506249 0.0140642 0.0312515 0.0281284
0 0.531249 0.0140673 0.0312527 0.0281346
0 0.537497 0.014104 0.0312552 0.0282081
0 0.546869 0.0140628 0.0374873 0.0281255
0 0.556249 0.0140625 0.031253 0.028125
0 0.5625 0.0140625 0.03125 0.028125
0 0.56875 0.0140625 0.03125 0.028125
0 0.575 0.0140625 0.03125 0.028125
0 0.5875 0.0140625 0.03125 0.028125
0 0.60625 0.0140625 0.03125 0.028125
0 0.6125 0.0140625 0.03125 0.028125
0 0.63125 0.0140625 0.03125 0.028125
0 0.6375 0.0140625 0.03125 0.028125
0 0.64375 0.0140625 0.03125 0.028125
0 0.65 0.0140625 0.03125 0.028125
0 0.65625 0.0140625 0.03125 0.028125
0 0.6625 0.0140625 0.03125 0.028125
0 0.66875 0.0140625 0.03125 0.0281251
0 0.675 0.0140626 0.03125 0.0281252
0 0.68125 0.0140627 0.03125 0.0281254
0 0.6875 0.0140628 0.03125 0.0281255
0 0.70625 0.0140625 0.03125 0.028125
0 0.7125 0.0140625 0.03125 0.0281251
0 0.73125 0.0140625 0.03125 0.028125
0 0.74375 0.0140625 0.03125 0.0281251
0 0.75 0.0140625 0.03125 0.0281251
0 0.76875 0.0140625 0.03125 0.0281251
0 0.775 0.0140626 0.03125 0.0281253
0 0.83125 0.0140629 0.03125 0.0281258
0 0.85625 0.0140627 0.03125 0.0281254
0 0.94375 0.0140625 0.03125 0.028125
0 0.96875 0.0140625 0.03125 0.028125
0 0.975 0.0140625 0.03125 0.028125
0 0.0140637 0.017256 0.0281275 0.0345119
0 0.274999 0.0171879 0.0312513 0.0343758
0 0.28125 0.0171906 0.031251 0.0343813
0 0.287499 0.0171878 0.0312512 0.0343757
0 0.298357 0.017188 0.034535 0.034376
0 0.309403 0.0172311 0.0374438 0.0344622
0 0.321997 0.01727 0.0372562 0.03454
0 0.334397 0.0171964 0.0374557 0.0343928
0 0.347779 0.0171877 0.0356919 0.0343755
0 0.374313 0.0171876 0.0326247 0.0343751
0 0.380651 0.0171901 0.0324484 0.0343801
0 0.393258 0.0171891 0.0322347 0.0343782
0 0.404597 0.0173699 0.0345568 0.0347398
0 0.410926 0.0172356 0.0343977 0.0344712
0 0.418746 0.0172213 0.0312773 0.0344427
0 0.46875 0.0171876 0.0312507 0.0343752
0 0.474998 0.0171877 0.0312534 0.0343753
0 0.55 0.0171875 0.03125 0.034375
0 0.95 0.0171875 0.03125 0.034375
0 0.95625 0.0171875 0.03125 0.034375
0 0.9625 0.0171875 0.03125 0.034375
