0 0.00905178 0.0101423 0.0181036 0.0202847
0 0.013279 0.00852971 0.0255638 0.0170594
0 0.0175776 0.0109003 0.0319711 0.0218006
0 0.0264281 0.0109105 0.0329236 0.0218211
0 0.0322548 0.0111486 0.0332093 0.0222973
0 0.0382855 0.0109484 0.0330638 0.0218969
0 0.0449578 0.0112071 0.0320886 0.0224142
0 0.0521456 0.0120555 0.029861 0.024111
0 0.0585527 0.0121565 0.0307222 0.0243129
0 0.0686865 0.0122937 0.0356907 0.0245874
0 0.074884 0.0112057 0.0318655 0.0224115
0 0.0785323 0.00983398 0.0265787 0.019668
0 0.0847609 0.0110717 0.026743 0.0221433
0 0.0940069 0.0127174 0.0326548 0.0254348
0 0.0997949 0.0113561 0.0310054 0.0227122
0 0.103724 0.00992326 0.0264253 0.0198465
0 0.110833 0.0119073 0.0281914 0.0238145
0 0.116981 0.0133526 0.0289248 0.0267052
0 0.123188 0.013446 0.0290115 0.0268921
0 0.129333 0.0135153 0.028507 0.0270306
0 0.135304 0.0135758 0.0276089 0.0271516
0 0.145252 0.0129735 0.0342949 0.0259471
0 0.149999 0.0105213 0.0312485 0.0210427
0 0.153332 0.00785029 0.0254143 0.0157006
0 0.161186 0.0088537 0.0286219 0.0177074
0 0.168082 0.0111315 0.0299147 0.022263
0 0.174026 0.0110196 0.0293033 0.0220392
0 0.178892 0.0112403 0.0265354 0.0224806
0 0.184673 0.01147 0.0255958 0.02294
0 0.193936 0.0122775 0.0316224 0.0245549
0 0.2 0.0109091 0.03125 0.0218182
0 0.203126 0.0078471 0.025002 0.0156942
0 0.209525 0.0106866 0.0252999 0.0213733
0 0.218748 0.0128652 0.0312457 0.0257304
0 0.224966 0.0110122 0.0311828 0.0220244
0 0.234441 0.0121087 0.0251328 0.0242175
0 0.24375 0.0137851 0.0312501 0.0275702
0 0.249999 0.0109461 0.0312484 0.0218923
0 0.259983 0.0112336 0.0262157 0.0224673
0 0.265783 0.0137765 0.0253164 0.0275529
0 0.272218 0.0139336 0.025686 0.0278673
0 0.278606 0.0140268 0.0259623 0.0280537
0 0.284796 0.0140352 0.0258421 0.0280704
0 0.290706 0.0140279 0.0251621 0.0280558
0 0.296998 0.0140434 0.0252467 0.0280867
0 0.305327 0.0140534 0.0294031 0.0281067
0 0.310646 0.0140421 0.0275418 0.0280842
0 0.315745 0.0139825 0.0252396 0.0279649
0 0.321969 0.0139595 0.0251871 0.0279189
0 0.328505 0.0140366 0.0257604 0.0280733
0 0.334536 0.0140505 0.0253221 0.028101
0 0.34375 0.0140516 0.03125 0.0281033
0 0.35 0.0136914 0.0312493 0.0273827
0 0.360623 0.0138628 0.0274962 0.0277255
0 0.36875 0.0140586 0.03125 0.0281172
0 0.375 0.0140176 0.0312499 0.0280352
0 0.38693 0.0140319 0.0301096 0.0280638
0 0.393746 0.0140623 0.0312419 0.0281245
0 0.399986 0.0140621 0.0312212 0.0281243
0 0.412192 0.0140625 0.0306334 0.0281249
0 0.416929 0.0140625 0.0276095 0.028125
0 0.423819 0.0140625 0.028892 0.028125
0 0.430977 0.0140625 0.0307124 0.028125
0 0.436702 0.0140625 0.029657 0.028125
0 0.442359 0.0140625 0.0284695 0.028125
0 0.448618 0.0140625 0.0284873 0.028125
0 0.455292 0.0140625 0.0293368 0.028125
0 0.461956 0.0140625 0.0301693 0.028125
0 0.467939 0.0140625 0.02963 0.028125
0 0.473731 0.0140625 0.0287128 0.028125
0 0.478664 0.0140625 0.0260774 0.0281249
0 0.486137 0.0140625 0.0285267 0.028125
0 0.493544 0.0140625 0.0308466 0.028125
0 0.499311 0.0140625 0.0298727 0.028125
0 0.503753 0.0140625 0.0262558 0.0281249
0 0.51106 0.0140625 0.0283712 0.028125
0 0.516344 0.0140625 0.0264429 0.028125
0 0.523037 0.0140625 0.02733 0.028125
0 0.529657 0.0140625 0.0280733 0.028125
0 0.535486 0.0140625 0.0272288 0.028125
0 0.542267 0.0140625 0.0283089 0.028125
0 0.5489 0.0140625 0.0291122 0.028125
0 0.555602 0.0140625 0.0300453 0.028125
0 0.561348 0.0140625 0.0289968 0.028125
0 0.568441 0.0140625 0.0308489 0.028125
0 0.574683 0.0140625 0.0309183 0.028125
0 0.580998 0.0140625 0.0308148 0.028125
0 0.587054 0.0140625 0.0303731 0.028125
0 0.599021 0.0140625 0.0294102 0.028125
0 0.606136 0.0140625 0.0311692 0.028125
0 0.612371 0.0140625 0.0310131 0.028125
0 0.615653 0.0140625 0.0250584 0.028125
0 0.622043 0.0140625 0.0256128 0.0281249
0 0.629733 0.0140625 0.0337915 0.028125
0 0.635822 0.0140625 0.0309677 0.028125
0 0.643305 0.0140625 0.0312197 0.028125
0 0.649726 0.0140625 0.0309969 0.028125
0 0.655758 0.0140625 0.0303335 0.028125
0 0.661982 0.0140625 0.0302248 0.028125
0 0.668482 0.0140625 0.030718 0.028125
0 0.674875 0.0140625 0.0310053 0.028125
0 0.681203 0.0140625 0.0311589 0.0281249
0 0.687425 0.0140624 0.0311024 0.0281248
0 0.698202 0.0140624 0.0277132 0.0281248
0 0.705445 0.0140625 0.0298413 0.028125
0 0.711008 0.0140625 0.0283548 0.0281249
0 0.71703 0.0140625 0.0278431 0.0281249
0 0.723215 0.0140625 0.0277225 0.0281249
0 0.730459 0.0140625 0.0296808 0.0281249
0 0.736683 0.0140624 0.0296181 0.0281249
0 0.743715 0.0140622 0.0311794 0.0281244
0 0.749706 0.014061 0.0306625 0.028122
0 0.762119 0.0140619 0.0304938 0.0281238
0 0.766266 0.0140623 0.0262936 0.0281246
0 0.772586 0.0140623 0.0264686 0.0281247
0 0.781132 0.0140624 0.0310591 0.0281249
0 0.787072 0.0140623 0.0304045 0.0281246
0 0.797079 0.0140619 0.0254931 0.0281238
0 0.80616 0.0140624 0.03116 0.0281247
0 0.811674 0.0140617 0.0296034 0.0281233
0 0.822154 0.014058 0.0255764 0.028116
0 0.828908 0.0140608 0.0266693 0.0281217
0 0.834937 0.0140616 0.026284 0.0281232
0 0.843698 0.0140613 0.0313492 0.0281226
0 0.849993 0.0140613 0.0312355 0.0281227
0 0.861669 0.0140592 0.0295883 0.0281183
0 0.872795 0.0140621 0.0268576 0.0281242
0 0.880666 0.0140621 0.030196 0.0281242
0 0.886934 0.0140615 0.0302041 0.0281231
0 0.890625 0.014059 0.0250004 0.0281179
0 0.896872 0.0140318 0.0250059 0.0280635
0 0.905285 0.0140083 0.0300939 0.0280165
0 0.909652 0.0140303 0.0261081 0.0280606
0 0.915936 0.0140497 0.0256492 0.0280994
0 0.922155 0.0140379 0.02558 0.0280759
0 0.928315 0.0140317 0.0253887 0.0280634
0 0.934656 0.0140277 0.0255699 0.0280555
0 0.942701 0.0140186 0.0292108 0.0280372
0 0.947971 0.0140404 0.0272221 0.0280809
0 0.954108 0.0140548 0.0270035 0.0281096
0 0.960863 0.0140542 0.0280495 0.0281084
0 0.965722 0.014052 0.0252458 0.0281041
0 0.971942 0.0140522 0.0255184 0.0281044
0 0.97972 0.0140432 0.0340622 0.0280863
0 0.985864 0.0140415 0.0282716 0.0280829
0 0.976562 0.0474715 0.046875 0.094943
0 0.0100035 0.012632 0.0200069 0.025264
0 0.0174446 0.0129957 0.0348892 0.0259914
0 0.0843623 0.0111368 0.0368387 0.0222736
0 0.129561 0.0111599 0.0349362 0.0223197
0 0.184407 0.0109418 0.037397 0.0218835
0 0.209437 0.0109375 0.037375 0.021875
0 0.234396 0.0109375 0.037457 0.021875
0 0.265802 0.0109375 0.0371458 0.021875
0 0.278252 0.0109375 0.0372462 0.021875
0 0.290648 0.0109375 0.0374541 0.021875
0 0.303153 0.0109375 0.0374433 0.021875
0 0.315632 0.0109375 0.0374851 0.021875
0 0.328126 0.0109375 0.0374988 0.021875
0 0.361097 0.0109375 0.0340553 0.021875
0 0.380625 0.0109375 0.0324993 0.021875
0 0.405894 0.0109375 0.0319611 0.021875
0 0.417348 0.0109375 0.0340547 0.021875
0 0.429841 0.0109375 0.0340687 0.021875
0 0.442328 0.0109375 0.0340944 0.021875
0 0.45433 0.0109375 0.0350895 0.021875
0 0.466636 0.0109375 0.0354771 0.021875
0 0.47297 0.0109375 0.0353103 0.021875
0 0.484452 0.0109375 0.037345 0.021875
0 0.497018 0.0109375 0.0372132 0.021875
0 0.509442 0.0109375 0.0373667 0.021875
0 0.521876 0.0109375 0.0374979 0.021875
0 0.534375 0.0109375 0.0374994 0.021875
0 0.546876 0.0109375 0.0374983 0.021875
0 0.559379 0.0109375 0.0374917 0.021875
0 0.571994 0.0109375 0.0372614 0.021875
0 0.585207 0.0109375 0.0358357 0.021875
0 0.597273 0.0109375 0.036704 0.021875
0 0.603985 0.0109375 0.0357797 0.021875
0 0.615643 0.0109375 0.0374641 0.021875
0 0.628134 0.0109375 0.0374821 0.021875
0 0.640683 0.0109375 0.0373847 0.021875
0 0.653315 0.0109375 0.03712 0.021875
0 0.666411 0.0109375 0.0359289 0.021875
0 0.673187 0.0109375 0.0348751 0.021875
0 0.690757 0.0109375 0.0372354 0.021875
0 0.70324 0.0109375 0.0372707 0.021875
0 0.715666 0.0109375 0.0374181 0.021875
0 0.728189 0.0109375 0.037371 0.021875
0 0.747365 0.0109375 0.0365196 0.021875
0 0.759845 0.0109375 0.0365598 0.021875
0 0.771896 0.0109375 0.0374575 0.021875
0 0.784529 0.0109375 0.0371928 0.021875
0 0.796884 0.0109375 0.0374826 0.021875
0 0.809379 0.0109375 0.0374931 0.021875
0 0.821876 0.0109375 0.0374979 0.021875
0 0.834375 0.0109375 0.0374998 0.021875
0 0.854006 0.0109375 0.0357376 0.021875
0 0.865857 0.0109375 0.0370354 0.021875
0 0.878794 0.0109375 0.036162 0.021875
0 0.890524 0.0109375 0.0372955 0.021875
0 0.903123 0.0109766 0.0375031 0.0219532
0 0.915625 0.0109376 0.0374992 0.0218751
0 0.928126 0.0109376 0.0374991 0.0218752
0 0.940628 0.0109377 0.0374932 0.0218754
0 0.953142 0.0109375 0.037467 0.0218751
0 0.965657 0.0109377 0.0374365 0.0218754
0 0.978473 0.0109444 0.0368255 0.0218888
0 0.98848 0.0109375 0.020628 0.021875
0 0.0109392 0.0147519 0.0218784 0.0295037
0 0.0153666 0.0158605 0.0307333 0.0317209
0 0.0222657 0.0164859 0.0371758 0.0329719
0 0.0343857 0.0165712 0.0375086 0.0331424
0 0.0406157 0.0159264 0.0375383 0.0318529
0 0.0468628 0.0151698 0.037522 0.0303397
0 0.053248 0.0154533 0.0373323 0.0309066
0 0.0596474 0.014907 0.0372219 0.029814
0 0.0750587 0.0142996 0.0324149 0.0285993
0 0.0866738 0.0146963 0.0332953 0.0293926
0 0.0954226 0.0145348 0.0346587 0.0290696
0 0.105789 0.0142029 0.0321858 0.0284058
0 0.112276 0.0143205 0.0317688 0.028641
0 0.137326 0.0148427 0.0316298 0.0296854
0 0.150004 0.0140887 0.0312593 0.0281773
0 0.155657 0.0140654 0.0324351 0.0281308
0 0.16234 0.0141012 0.0315717 0.0282025
0 0.168723 0.0140892 0.0313049 0.0281784
0 0.174977 0.0140779 0.0312977 0.0281558
0 0.181203 0.0140837 0.0313443 0.0281673
0 0.187378 0.0141599 0.0314946 0.0283197
0 0.196866 0.0140808 0.0374826 0.0281615
0 0.203957 0.0140626 0.0358363 0.0281251
0 0.212285 0.0140643 0.0316809 0.0281286
0 0.225 0.0140631 0.03125 0.0281262
0 0.231244 0.0140626 0.0312615 0.0281251
0 0.237499 0.0140647 0.0312517 0.0281294
0 0.25 0.0140625 0.03125 0.028125
0 0.25625 0.0140625 0.03125 0.028125
0 0.2625 0.0140625 0.03125 0.028125
0 0.26875 0.0140625 0.03125 0.028125
0 0.275 0.0140625 0.03125 0.028125
0 0.28125 0.0140625 0.03125 0.028125
0 0.2875 0.0140625 0.03125 0.028125
0 0.29375 0.0140625 0.03125 0.028125
0 0.3 0.0140626 0.03125 0.0281251
0 0.31875 0.0140626 0.03125 0.0281252
0 0.325 0.0140629 0.0312501 0.0281258
0 0.33125 0.0140642 0.0312501 0.0281285
0 0.3375 0.0140661 0.0312505 0.0281321
0 0.35625 0.0140625 0.03125 0.0281251
0 0.38125 0.0140625 0.03125 0.028125
0 0.40625 0.0140625 0.03125 0.028125
0 0.59375 0.0140625 0.03125 0.028125
0 0.69375 0.0140626 0.03125 0.0281253
0 0.75625 0.0140626 0.03125 0.0281252
0 0.81875 0.014063 0.03125 0.028126
0 0.85625 0.0140625 0.03125 0.028125
0 0.86875 0.0140625 0.03125 0.028125
0 0.89375 0.0140625 0.03125 0.028125
0 0.9 0.0140625 0.0312508 0.028125
0 0.91875 0.0140629 0.0312507 0.0281257
0 0.924999 0.0140632 0.0312511 0.0281264
0 0.931249 0.0140625 0.0312517 0.028125
0 0.937499 0.0140625 0.0312519 0.028125
0 0.0184077 0.0181205 0.0344481 0.0362411
0 0.0281593 0.0174756 0.03744 0.0349511
0 0.0675415 0.018106 0.0368186 0.0362119
0 0.0742016 0.0175178 0.0335551 0.0350357
0 0.100011 0.0172884 0.0315215 0.0345768
0 0.118694 0.0172801 0.0314483 0.0345601
0 0.124938 0.0172934 0.0314495 0.0345867
0 0.13111 0.0173214 0.0315523 0.0346427
0 0.186737 0.0172302 0.0327751 0.0344605
0 0.2 0.0171877 0.0312501 0.0343754
0 0.425 0.0171875 0.03125 0.034375
0 0.43125 0.0171875 0.03125 0.034375
0 0.4375 0.0171875 0.03125 0.034375
0 0.45625 0.0171875 0.03125 0.034375
0 0.4625 0.0171875 0.03125 0.034375
0 0.46875 0.0171875 0.03125 0.034375
0 0.48125 0.0171875 0.03125 0.034375
0 0.4875 0.0171875 0.03125 0.034375
0 0.49375 0.0171875 0.03125 0.034375
0 0.50625 0.0171875 0.03125 0.034375
0 0.5125 0.0171875 0.03125 0.034375
0 0.51875 0.0171875 0.03125 0.034375
0 0.525 0.0171875 0.03125 0.034375
0 0.53125 0.0171875 0.03125 0.034375
0 0.5375 0.0171875 0.03125 0.034375
0 0.54375 0.0171875 0.03125 0.034375
0 0.55 0.0171875 0.03125 0.034375
0 0.55625 0.0171875 0.03125 0.034375
0 0.5625 0.0171875 0.03125 0.034375
0 0.56875 0.0171875 0.03125 0.034375
0 0.575 0.0171875 0.03125 0.034375
0 0.58125 0.0171875 0.03125 0.034375
0 0.5875 0.0171875 0.03125 0.034375
0 0.6 0.0171875 0.03125 0.034375
0 0.60625 0.0171875 0.03125 0.034375
0 0.6125 0.0171875 0.03125 0.034375
