0 0.0723567 0.012208 0.0358841 0.0244159
0 0.152714 0.0125315 0.0354321 0.025063
0 0.158871 0.0126144 0.0365279 0.0252289
0 0.178056 0.0127703 0.0364321 0.0255406
0 0.190318 0.01287 0.0363829 0.02574
0 0.202918 0.012935 0.0368679 0.0258699
0 0.214983 0.0128642 0.0357006 0.0257285
0 0.0089723 0.0129925 0.0179446 0.0259849
0 0.0135937 0.0130951 0.0271873 0.0261903
0 0.029919 0.0118743 0.035714 0.0237485
0 0.036482 0.0119409 0.0370253 0.0238818
0 0.0426085 0.0123436 0.0375987 0.0246871
0 0.0492574 0.0121772 0.0370988 0.0243543
0 0.0558154 0.0122036 0.0366111 0.0244072
0 0.0686068 0.0119014 0.0362415 0.0238028
0 0.0800732 0.0120454 0.0360003 0.0240909
0 0.0921869 0.0124197 0.036761 0.0248393
0 0.098746 0.0124397 0.0364259 0.0248794
0 0.111177 0.0123958 0.0364809 0.0247917
0 0.117752 0.0122357 0.0366966 0.0244714
0 0.124137 0.0122938 0.0369239 0.0245875
0 0.136305 0.0126544 0.0371221 0.0253089
0 0.143129 0.012612 0.0372258 0.025224
0 0.168039 0.0124263 0.0371887 0.0248525
0 0.186919 0.0123101 0.0366528 0.0246203
0 0.199438 0.0124399 0.0369638 0.0248799
0 0.223771 0.0123316 0.0374923 0.0246632
0 0.230127 0.0126378 0.0376327 0.0252756
0 0.236521 0.0125344 0.0372894 0.0250687
0 0.243235 0.0124942 0.0368507 0.0249884
0 0.255554 0.0123287 0.0366235 0.0246573
0 0.268129 0.0123623 0.0368838 0.0247245
0 0.280855 0.0121994 0.036701 0.0243987
0 0.293234 0.0119824 0.0361961 0.0239648
0 0.305385 0.0117532 0.0359694 0.0235063
0 0.318459 0.0116187 0.0356741 0.0232374
0 0.324547 0.0116462 0.0352887 0.0232924
0 0.337113 0.0117127 0.0358821 0.0234254
0 0.348032 0.0115757 0.0354848 0.0231515
0 0.387841 0.0116832 0.0351431 0.0233664
0 0.0104012 0.0143728 0.0208024 0.0287456
0 0.0152978 0.0150592 0.0305955 0.0301185
0 0.0305039 0.0148878 0.0342422 0.0297757
0 0.0623442 0.0149101 0.0333181 0.0298203
0 0.087181 0.0148512 0.033515 0.0297025
0 0.106219 0.0149687 0.0337483 0.0299373
0 0.130613 0.0153038 0.0344511 0.0306076
0 0.149636 0.0148946 0.0341173 0.0297891
0 0.155619 0.0148594 0.0340533 0.0297188
0 0.162152 0.0147884 0.0340334 0.0295767
0 0.174935 0.0148547 0.0332604 0.0297094
0 0.181099 0.015003 0.0333356 0.030006
0 0.1935 0.0151292 0.0332942 0.0302583
0 0.20609 0.015167 0.0332766 0.0303341
0 0.212394 0.0151774 0.0332839 0.0303549
0 0.218285 0.0150643 0.0333447 0.0301286
0 0.249886 0.0151103 0.0336152 0.0302207
0 0.26229 0.0150677 0.0336291 0.0301355
0 0.274891 0.0153087 0.0338164 0.0306175
0 0.287172 0.015144 0.0339226 0.030288
0 0.299449 0.0151055 0.0337745 0.0302109
0 0.312135 0.0151029 0.0341444 0.0302058
0 0.330704 0.0150834 0.0339527 0.0301669
0 0.342955 0.0149375 0.0338853 0.029875
0 0.368274 0.0151166 0.0351182 0.0302331
0 0.37454 0.0150204 0.0348311 0.0300408
0 0.381242 0.0151784 0.0351037 0.0303569
0 0.389661 0.0161895 0.0325152 0.032379
0 0.0368114 0.0177132 0.0348681 0.0354265
0 0.0435051 0.0176884 0.0337823 0.0353769
0 0.0497805 0.0176719 0.0338078 0.0353439
0 0.0561029 0.0176277 0.0335436 0.0352555
0 0.0684473 0.017637 0.0334019 0.035274
0 0.0747206 0.0176748 0.0333791 0.0353497
0 0.0809131 0.0176304 0.033394 0.0352607
0 0.0933432 0.0174169 0.033556 0.0348338
0 0.0995702 0.0174742 0.0340252 0.0349485
0 0.111434 0.0183515 0.0350691 0.036703
0 0.123322 0.0182458 0.0371357 0.0364916
0 0.136213 0.0178339 0.0354002 0.0356679
0 0.14297 0.0181185 0.0363959 0.036237
0 0.154905 0.0179665 0.0358737 0.0359331
0 0.168622 0.0177211 0.0339009 0.0354422
0 0.187318 0.0177831 0.0335067 0.0355662
0 0.199832 0.0178711 0.0334569 0.0357422
0 0.224585 0.0178101 0.033801 0.0356203
0 0.231223 0.0179833 0.0339795 0.0359666
0 0.237368 0.0179222 0.0338946 0.0358444
0 0.243658 0.0178884 0.033751 0.0357768
0 0.256046 0.0177977 0.0337435 0.0355954
0 0.268847 0.0177276 0.0338851 0.0354551
0 0.2811 0.0177925 0.0339036 0.035585
0 0.293469 0.0179581 0.0338514 0.0359161
0 0.305734 0.0180827 0.0342993 0.0361654
0 0.318541 0.0182068 0.0345528 0.0364136
0 0.324739 0.018114 0.0342827 0.0362279
0 0.337308 0.0180761 0.0340617 0.0361522
0 0.349188 0.0178375 0.0344122 0.0356751
0 0.35608 0.0181616 0.0353005 0.0363231
0 0.387633 0.018203 0.0353304 0.036406
0 0.0307245 0.0222012 0.0334974 0.0381526
0 0.062173 0.0225274 0.033099 0.0387999
0 0.0868321 0.0225978 0.0336414 0.0389331
0 0.0988664 0.0227795 0.0343759 0.0392833
0 0.105037 0.0231307 0.0349422 0.0399569
0 0.116365 0.0228996 0.0364964 0.0394652
0 0.122771 0.0235735 0.0367244 0.0407908
0 0.135144 0.0235991 0.0366244 0.040884
0 0.141775 0.0235628 0.0366186 0.0408151
0 0.148037 0.0229931 0.035753 0.0396676
0 0.161356 0.0223783 0.0351529 0.0384444
0 0.168098 0.0225916 0.0339934 0.0388974
0 0.174361 0.0224488 0.0337121 0.038622
0 0.180813 0.0225802 0.0335387 0.0388959
0 0.193419 0.0226663 0.0329125 0.0390724
0 0.205959 0.022615 0.0329668 0.0389635
0 0.212217 0.0225912 0.032884 0.0389167
0 0.218211 0.0226873 0.0331069 0.0391208
0 0.249681 0.0226017 0.0331976 0.0389367
0 0.262167 0.0224584 0.0332271 0.0386422
0 0.274564 0.0228237 0.0335489 0.0393608
0 0.280593 0.0229429 0.0336457 0.0396223
0 0.286972 0.0231093 0.0337349 0.0399441
0 0.299264 0.0231488 0.0338203 0.0400205
0 0.305359 0.0232631 0.0341852 0.0402645
0 0.311669 0.023477 0.0345948 0.0406465
0 0.330634 0.0231991 0.0338741 0.0401148
0 0.342882 0.0231467 0.0339614 0.0400475
0 0.348899 0.0232508 0.0345592 0.0402572
0 0.355562 0.0235299 0.0349548 0.0406213
0 0.361671 0.0234051 0.034963 0.0404282
0 0.367729 0.0232292 0.0348082 0.0401961
0 0.374105 0.0230219 0.0348076 0.0397383
0 0.380927 0.0231586 0.0354282 0.0397447
0 0.390376 0.0233836 0.0331653 0.0411569
0 0.0559051 0.0284902 0.032994 0.038184
0 0.0682798 0.0285069 0.0332905 0.0382045
0 0.0745514 0.0285864 0.0335332 0.0383154
0 0.0807143 0.0285006 0.0334425 0.0380608
0 0.0927613 0.0285305 0.0342651 0.0380138
0 0.110959 0.0288302 0.035005 0.0373884
0 0.128895 0.0293627 0.036353 0.037911
0 0.154141 0.0288793 0.0366347 0.0385588
0 0.160763 0.0287384 0.0361442 0.0384288
0 0.187204 0.0287307 0.0334539 0.0386515
0 0.199668 0.0287063 0.0330155 0.0386281
0 0.224527 0.0289446 0.0336878 0.0390684
0 0.23086 0.0289764 0.0339334 0.039057
0 0.23706 0.0288219 0.0342247 0.038775
0 0.243362 0.0287525 0.0334993 0.0386877
0 0.255894 0.0287663 0.0333513 0.0387438
0 0.268574 0.0287136 0.0335123 0.0386032
0 0.293687 0.0287353 0.0335688 0.038548
0 0.319158 0.0289265 0.0342419 0.0386357
0 0.325281 0.0287959 0.0338949 0.0385057
0 0.337596 0.0288043 0.0336962 0.0386431
0 0.387449 0.0287717 0.0346346 0.038481
0 0.0620216 0.0350894 0.0331441 0.0389171
0 0.0801918 0.0347601 0.0338481 0.0382057
0 0.0862008 0.0349224 0.0344654 0.0385361
0 0.0980439 0.0351867 0.0357451 0.0390493
0 0.110198 0.0350881 0.0361105 0.0389058
0 0.12231 0.0350237 0.0370552 0.038707
0 0.134864 0.0349712 0.0367961 0.038571
0 0.147279 0.0348127 0.0368369 0.0383138
0 0.167452 0.0351009 0.0358422 0.0387998
0 0.17368 0.0349654 0.0349429 0.0386431
0 0.180327 0.0351393 0.0346207 0.0390175
0 0.193287 0.035068 0.0330154 0.0388704
0 0.205847 0.0350973 0.033177 0.0389295
0 0.212112 0.0350248 0.0329751 0.038788
0 0.218252 0.0351776 0.0330368 0.0390941
0 0.24926 0.0351866 0.0337134 0.0391019
0 0.261712 0.0353592 0.0341188 0.0394243
0 0.274742 0.0351192 0.0331991 0.0389645
0 0.280885 0.0350357 0.0328314 0.0388151
0 0.28716 0.0351285 0.0329215 0.0389935
0 0.299716 0.0349952 0.0327642 0.0387286
0 0.305828 0.0350349 0.0329311 0.0388104
0 0.312113 0.035115 0.0331241 0.0389571
0 0.330975 0.0350013 0.0327903 0.0387352
0 0.343328 0.0349444 0.0328546 0.0386278
0 0.349557 0.0350272 0.0331477 0.0387911
0 0.356029 0.034991 0.0331749 0.0386947
0 0.362267 0.0348781 0.0329767 0.0384724
0 0.368164 0.0348416 0.0332582 0.0384378
0 0.374264 0.0348799 0.033806 0.0385027
0 0.381074 0.0351238 0.0342849 0.0388352
0 0.390479 0.03541 0.0326829 0.0399983
0 0.0557578 0.041144 0.0329566 0.0385233
0 0.0678675 0.0411027 0.0337375 0.038417
0 0.0740243 0.0412367 0.0342383 0.0386601
0 0.0857571 0.0413756 0.0353483 0.0389127
0 0.103715 0.0412069 0.0364319 0.0385004
0 0.115887 0.0415885 0.0371042 0.0393285
0 0.128425 0.0419932 0.0371975 0.0401471
0 0.140946 0.0418248 0.03713 0.0398789
0 0.153666 0.0420808 0.0373306 0.0403193
0 0.160006 0.0416859 0.0372467 0.0393755
0 0.167138 0.0419254 0.0364207 0.0399368
0 0.186963 0.0414822 0.0338533 0.0391955
0 0.199508 0.0414825 0.0330841 0.0392064
0 0.224576 0.0413945 0.0333302 0.0390121
0 0.230563 0.0414759 0.03372 0.0391668
0 0.236947 0.0415676 0.03375 0.0393525
0 0.243089 0.0415993 0.0335279 0.0394539
0 0.255623 0.041763 0.0341105 0.0397117
0 0.268343 0.0415977 0.034191 0.0393849
0 0.293463 0.0412686 0.0328259 0.0387741
0 0.318507 0.0412368 0.0330053 0.0386948
0 0.324695 0.0411984 0.0328761 0.0386253
0 0.337186 0.0411115 0.0327739 0.0384546
0 0.387299 0.0412386 0.0339321 0.0386303
0 0.014776 0.0500287 0.029552 0.0406472
0 0.030427 0.0478411 0.0342301 0.0394497
0 0.0616411 0.047681 0.0337237 0.039096
0 0.0735527 0.0481737 0.0348184 0.0400702
0 0.0851331 0.0484086 0.036385 0.0405238
0 0.0973109 0.0489072 0.037136 0.0415155
0 0.109452 0.0496031 0.0374808 0.042903
0 0.121702 0.0496545 0.0374342 0.0428127
0 0.134326 0.0492388 0.0374457 0.0418929
0 0.146497 0.0487993 0.0368305 0.0410148
0 0.153126 0.0492919 0.0377188 0.0418062
0 0.159516 0.0487076 0.0375274 0.0405478
0 0.166632 0.0486193 0.0372506 0.0406509
0 0.172869 0.0479988 0.036374 0.0396036
0 0.180034 0.048258 0.0363251 0.0402072
0 0.186644 0.0480062 0.0347868 0.0397201
0 0.19315 0.0480679 0.0334219 0.0398588
0 0.205662 0.0480567 0.0335486 0.0398476
0 0.211954 0.0479151 0.033313 0.0395657
0 0.218248 0.0478872 0.0331549 0.0395104
0 0.249055 0.0480409 0.0340449 0.0398034
0 0.261466 0.0480089 0.0344964 0.0396705
0 0.274727 0.0479302 0.0336016 0.039561
0 0.280887 0.0476714 0.0329864 0.0390781
0 0.287195 0.0476484 0.0328908 0.0390324
0 0.299693 0.0475155 0.0328166 0.0387694
0 0.305876 0.047503 0.032867 0.0387467
0 0.312163 0.047564 0.0329133 0.0388668
0 0.331124 0.0472297 0.0326162 0.0381952
0 0.343421 0.0471893 0.0326289 0.0381243
0 0.349691 0.0472674 0.0328802 0.0382748
0 0.356004 0.0473119 0.0329936 0.0383517
0 0.362219 0.0472724 0.0329831 0.0382739
0 0.368229 0.0472996 0.0332425 0.0383504
0 0.374344 0.0474529 0.0337935 0.0386734
0 0.380944 0.0477484 0.0341222 0.0391859
0 0.390148 0.0483333 0.0326256 0.0408821
0 0.0558492 0.0533349 0.0330479 0.0378076
0 0.0679465 0.0534445 0.03394 0.0378893
0 0.0795937 0.0534874 0.0347051 0.0371467
0 0.0915622 0.0541838 0.0359479 0.0363206
0 0.103568 0.0549235 0.0365873 0.0347512
0 0.115662 0.0559872 0.0372021 0.0328645
0 0.12824 0.0562716 0.037407 0.0330443
0 0.14071 0.0549493 0.037227 0.0361001
0 0.159769 0.0555086 0.0370617 0.0340744
0 0.199592 0.0537082 0.0333605 0.0386065
0 0.224731 0.0538029 0.0331234 0.038819
0 0.230975 0.0538094 0.0330963 0.038832
0 0.237233 0.0538483 0.0332108 0.0388959
0 0.243183 0.0537018 0.0333617 0.0385822
0 0.256129 0.0538896 0.0341298 0.0388203
0 0.268384 0.0538487 0.0342275 0.0388324
0 0.29346 0.0538241 0.0329337 0.0388805
0 0.318405 0.053756 0.0328922 0.0387514
0 0.324667 0.0537103 0.0327044 0.0386673
0 0.337213 0.0535932 0.0324222 0.03844
0 0.387351 0.0539498 0.0341276 0.0390196
0 0.394657 0.0552728 0.0319665 0.0423859
0 0.061976 0.0597222 0.0328667 0.0381853
0 0.0743557 0.0595827 0.0331295 0.0378977
0 0.0857853 0.0596609 0.0350156 0.0380535
0 0.0983524 0.0596554 0.0349799 0.0380469
0 0.110086 0.0596172 0.0361746 0.0379761
0 0.122088 0.0596829 0.0371439 0.0381029
0 0.134654 0.0596372 0.0370198 0.0380042
0 0.147074 0.0595475 0.037072 0.0377819
0 0.15347 0.0600892 0.0372606 0.0387789
0 0.166371 0.0602342 0.0367177 0.0391609
0 0.172691 0.0600469 0.0364201 0.0388052
0 0.179997 0.0603575 0.036028 0.0394299
0 0.186865 0.0600236 0.0341772 0.0387652
0 0.193331 0.0600504 0.032788 0.0388327
0 0.205876 0.0600939 0.032853 0.0389268
0 0.212173 0.0601045 0.0327454 0.0389505
0 0.218439 0.0601129 0.0326247 0.0389686
0 0.249344 0.0600862 0.0331756 0.0389158
0 0.262054 0.0600366 0.0330981 0.0388078
0 0.268404 0.0602109 0.0331336 0.0391618
0 0.274753 0.0601099 0.0329723 0.0389487
0 0.28088 0.0600528 0.0328406 0.038842
0 0.287163 0.0601556 0.0329474 0.0390468
0 0.299673 0.0600073 0.0327972 0.0387535
0 0.305891 0.0600341 0.032871 0.0388077
0 0.312194 0.0600286 0.0328935 0.0387943
0 0.331033 0.0599345 0.0332114 0.0385878
0 0.343327 0.0599232 0.0331043 0.0385958
