0 0.0078125 0.0109375 0.015625 0.0218749
0 0.0124902 0.00781251 0.0187308 0.015625
0 0.0187489 0.0118714 0.0312479 0.0237427
0 0.0246186 0.0109358 0.0304871 0.0218716
0 0.0345404 0.0139852 0.0253307 0.0279704
0 0.0436397 0.0140415 0.031035 0.0280831
0 0.04935 0.014052 0.02995 0.0281039
0 0.0601141 0.0140619 0.0264783 0.0281238
0 0.0660117 0.014062 0.0257751 0.028124
0 0.0730474 0.0140618 0.0273498 0.0281237
0 0.0786863 0.014062 0.0261257 0.0281241
0 0.0846566 0.0140621 0.0255645 0.0281243
0 0.091723 0.014062 0.027201 0.0281239
0 0.0980945 0.0140617 0.0274439 0.0281234
0 0.103322 0.0140616 0.0253968 0.0281231
0 0.109803 0.014062 0.0258588 0.0281239
0 0.118556 0.0140618 0.030897 0.0281237
0 0.124496 0.0140622 0.0302427 0.0281244
0 0.135371 0.0140623 0.0269924 0.0281247
0 0.142457 0.0140624 0.0286665 0.0281249
0 0.148266 0.0140624 0.0277827 0.0281249
0 0.154444 0.0140624 0.0276402 0.0281249
0 0.161105 0.0140624 0.0284638 0.0281249
0 0.165633 0.0140624 0.0250154 0.0281249
0 0.171925 0.0140623 0.0251071 0.0281246
0 0.179278 0.0140624 0.0273495 0.0281247
0 0.184582 0.0140622 0.0254228 0.0281244
0 0.193065 0.0140623 0.0298895 0.0281246
0 0.198838 0.0140623 0.028926 0.0281246
0 0.209967 0.0140624 0.0261859 0.0281249
0 0.21863 0.0140624 0.0312189 0.0281248
0 0.22445 0.0140625 0.0301638 0.028125
0 0.228807 0.0140625 0.0263653 0.028125
0 0.235586 0.0140625 0.0274229 0.028125
0 0.240742 0.0140625 0.0252356 0.0281249
0 0.247167 0.0140625 0.0255944 0.0281249
0 0.254965 0.0140625 0.0286969 0.0281249
0 0.259902 0.0140624 0.0260707 0.0281249
0 0.268355 0.0140624 0.0305057 0.0281249
0 0.274348 0.0140625 0.0300153 0.028125
0 0.280038 0.0140625 0.0288508 0.028125
0 0.286264 0.0140625 0.0287951 0.028125
0 0.293283 0.0140625 0.0303282 0.028125
0 0.299374 0.0140625 0.030002 0.028125
0 0.305617 0.0140625 0.0299836 0.028125
0 0.311878 0.0140625 0.0300053 0.0281249
0 0.322959 0.0140624 0.0271719 0.0281249
0 0.32949 0.0140625 0.0277602 0.0281249
0 0.335872 0.0140625 0.0281188 0.028125
0 0.343743 0.0140625 0.0312637 0.028125
0 0.349997 0.0140625 0.0312442 0.0281249
0 0.36174 0.0140624 0.02973 0.0281248
0 0.368427 0.0140625 0.0306046 0.028125
0 0.374549 0.0140625 0.0303478 0.028125
0 0.37998 0.0140625 0.0287095 0.028125
0 0.386181 0.0140625 0.0286121 0.028125
0 0.392846 0.0140625 0.0294418 0.028125
0 0.399387 0.0140625 0.0300232 0.028125
0 0.405206 0.0140625 0.0291618 0.028125
0 0.411045 0.0140625 0.0283398 0.028125
0 0.418632 0.0140625 0.0310133 0.028125
0 0.424598 0.0140625 0.0304468 0.028125
0 0.437186 0.0140625 0.0306214 0.028125
0 0.442399 0.0140625 0.0285494 0.028125
0 0.448164 0.0140625 0.0275783 0.028125
0 0.455676 0.0140625 0.030106 0.028125
0 0.461681 0.0140625 0.0296282 0.028125
0 0.467844 0.0140625 0.0294638 0.028125
0 0.474012 0.0140625 0.0293222 0.028125
0 0.480843 0.0140625 0.0304882 0.028125
0 0.486906 0.0140625 0.0300866 0.028125
0 0.492473 0.0140625 0.0287087 0.028125
0 0.499068 0.0140625 0.0294156 0.028125
0 0.505976 0.0140625 0.0307112 0.028125
0 0.51157 0.0140625 0.0293908 0.028125
0 0.517825 0.0140625 0.0293994 0.028125
0 0.523718 0.0140625 0.0286854 0.028125
0 0.531086 0.0140625 0.0309229 0.028125
0 0.537372 0.0140625 0.030995 0.028125
0 0.547314 0.0140625 0.0258811 0.028125
0 0.555908 0.0140625 0.0306386 0.028125
0 0.566239 0.0140625 0.0262335 0.028125
0 0.573058 0.0140625 0.0273861 0.028125
0 0.58052 0.0140625 0.0298425 0.028125
0 0.586311 0.0140625 0.0289084 0.028125
0 0.5932 0.0140625 0.0301586 0.028125
0 0.598875 0.0140625 0.0290012 0.028125
0 0.603836 0.0140625 0.0264215 0.028125
0 0.611062 0.0140625 0.0283758 0.028125
0 0.61615 0.0140625 0.0260511 0.028125
0 0.622541 0.0140625 0.0263332 0.0281249
0 0.62861 0.0140624 0.0259712 0.0281248
0 0.635224 0.0140624 0.0267002 0.0281249
0 0.64064 0.0140624 0.0250296 0.0281248
0 0.646897 0.0140623 0.0250453 0.0281246
0 0.654049 0.014062 0.0268542 0.0281241
0 0.659917 0.014062 0.0260884 0.0281241
0 0.666376 0.0140623 0.0265041 0.0281245
0 0.672423 0.0140623 0.0260973 0.0281246
0 0.678278 0.0140623 0.0253067 0.0281245
0 0.684696 0.0140623 0.0256437 0.0281246
0 0.691817 0.0140623 0.0273884 0.0281246
0 0.697877 0.0140624 0.0270065 0.0281248
0 0.703905 0.0140624 0.0265625 0.0281247
0 0.709909 0.0140623 0.0260687 0.0281246
0 0.715627 0.0140619 0.0250048 0.0281238
0 0.721879 0.0140618 0.025009 0.0281237
0 0.729005 0.0140617 0.0267683 0.0281233
0 0.734525 0.0140609 0.0253035 0.0281218
0 0.740631 0.0140613 0.0250128 0.0281227
0 0.746887 0.0140599 0.0250252 0.0281198
0 0.75313 0.0140355 0.0250108 0.0280711
0 0.759376 0.0140376 0.0250012 0.0280752
0 0.7671 0.0139603 0.0279503 0.0279206
0 0.773726 0.0116909 0.0287012 0.0233817
0 0.778127 0.0140208 0.0250046 0.0280415
0 0.784407 0.0140562 0.0250642 0.0281124
0 0.793739 0.0140236 0.031229 0.0280472
0 0.799577 0.0140135 0.0304042 0.0280269
0 0.811167 0.0140625 0.0285835 0.0281249
0 0.815934 0.0140625 0.0256197 0.028125
0 0.82256 0.0140625 0.026409 0.028125
0 0.830987 0.0140625 0.0308498 0.028125
0 0.83632 0.0140625 0.0289097 0.028125
0 0.840625 0.0140625 0.025 0.0281249
0 0.846875 0.0140622 0.0250004 0.0281245
0 0.854739 0.0140615 0.0283324 0.0281229
0 0.85941 0.0140612 0.0250832 0.0281225
0 0.866404 0.0140618 0.0265595 0.0281236
0 0.872532 0.0140618 0.0263151 0.0281236
0 0.878177 0.014062 0.0251034 0.0281241
0 0.884564 0.0140624 0.0253789 0.0281247
0 0.893579 0.0140614 0.0315805 0.0281227
0 0.899906 0.0140624 0.0310639 0.0281249
0 0.903258 0.0140625 0.0252666 0.0281249
0 0.911558 0.0140625 0.0293655 0.028125
0 0.917267 0.0140625 0.0282852 0.028125
0 0.923545 0.0140625 0.028342 0.028125
0 0.930689 0.0140625 0.0301312 0.028125
0 0.936555 0.0140625 0.0293621 0.028125
0 0.940712 0.0140625 0.0251739 0.028125
0 0.94726 0.0140625 0.0258106 0.0281249
0 0.956038 0.0140625 0.0309902 0.028125
0 0.962193 0.0140624 0.0306681 0.0281249
0 0.965628 0.014062 0.0250069 0.0281239
0 0.971868 0.0140615 0.02505 0.028123
0 0.980684 0.0140615 0.0323811 0.028123
0 0.985936 0.0140595 0.0281277 0.0281189
0 0.976562 0.0482354 0.046875 0.0964709
0 0.0140625 0.0109375 0.028125 0.021875
0 0.0344789 0.0109375 0.0372921 0.021875
0 0.0468961 0.0109375 0.0374577 0.021875
0 0.0594293 0.0109375 0.0373913 0.021875
0 0.0718763 0.0109375 0.0374974 0.021875
0 0.0843752 0.0109375 0.0374996 0.021875
0 0.0968755 0.0109375 0.037499 0.021875
0 0.109375 0.0109375 0.0374998 0.021875
0 0.121878 0.0109375 0.0374947 0.021875
0 0.134386 0.0109375 0.0374784 0.021875
0 0.146878 0.0109375 0.0374933 0.021875
0 0.159411 0.0109375 0.0374279 0.021875
0 0.171875 0.0109375 0.0374998 0.021875
0 0.184375 0.0109375 0.0375 0.021875
0 0.196875 0.0109375 0.0374996 0.021875
0 0.209375 0.0109375 0.0374991 0.021875
0 0.221876 0.0109375 0.0374979 0.021875
0 0.234413 0.0109375 0.0374231 0.021875
0 0.246876 0.0109375 0.0374971 0.021875
0 0.259375 0.0109375 0.0374998 0.021875
0 0.271883 0.0109375 0.0374838 0.021875
0 0.284406 0.0109375 0.0374376 0.021875
0 0.296981 0.0109375 0.0372885 0.021875
0 0.309918 0.0109375 0.0364141 0.021875
0 0.321888 0.0109375 0.0374746 0.021875
0 0.334375 0.0109375 0.0374991 0.021875
0 0.341564 0.0109375 0.0356211 0.021875
0 0.353706 0.0109375 0.0363381 0.021875
0 0.379242 0.0109375 0.0352664 0.021875
0 0.385759 0.0109375 0.0347317 0.021875
0 0.403838 0.0109375 0.0360747 0.021875
0 0.428926 0.0109375 0.0358976 0.021875
0 0.440903 0.0109375 0.036943 0.021875
0 0.453226 0.0109375 0.0372971 0.021875
0 0.465687 0.0109375 0.0373754 0.021875
0 0.478195 0.0109375 0.0373604 0.021875
0 0.490733 0.0109375 0.0372834 0.021875
0 0.50344 0.0109375 0.0368693 0.021875
0 0.516451 0.0109375 0.0358475 0.021875
0 0.540697 0.0109375 0.0373567 0.021875
0 0.553214 0.0109375 0.0373228 0.021875
0 0.565654 0.0109375 0.0374417 0.021875
0 0.578171 0.0109375 0.0374076 0.021875
0 0.59081 0.0109375 0.0371309 0.021875
0 0.603282 0.0109375 0.0371867 0.021875
0 0.615638 0.0109375 0.0374749 0.021875
0 0.628129 0.0109375 0.0374914 0.021875
0 0.640625 0.0109375 0.0375 0.021875
0 0.653125 0.0109375 0.0375 0.021875
0 0.665625 0.0109375 0.0375 0.021875
0 0.678125 0.0109375 0.0375 0.021875
0 0.690625 0.0109375 0.0374998 0.021875
0 0.703125 0.0109375 0.0374996 0.021875
0 0.715625 0.0109375 0.0375 0.021875
0 0.728125 0.0109375 0.0375 0.021875
0 0.740625 0.0109375 0.0375 0.021875
0 0.753125 0.0109375 0.0375 0.021875
0 0.765625 0.0109375 0.0375 0.021875
0 0.784375 0.0109375 0.0374997 0.021875
0 0.796885 0.0109375 0.0374791 0.021875
0 0.80949 0.0109375 0.0372701 0.021875
0 0.821875 0.0109375 0.0374992 0.021875
0 0.834377 0.0109375 0.037496 0.021875
0 0.846875 0.0109375 0.0375 0.021875
0 0.859375 0.0109375 0.0375 0.021875
0 0.871875 0.0109375 0.0375 0.021875
0 0.884375 0.0109375 0.0375 0.021875
0 0.896901 0.0109375 0.0374487 0.021875
0 0.910018 0.0109375 0.0362143 0.021875
0 0.921897 0.0109375 0.0374557 0.021875
0 0.934623 0.0109375 0.0370033 0.021875
0 0.946888 0.0109375 0.0374737 0.021875
0 0.959411 0.0109375 0.0374279 0.021875
0 0.971875 0.0109375 0.0374992 0.021875
0 0.979171 0.0109377 0.0354111 0.0218753
0 0.987693 0.0109375 0.0191349 0.021875
0 0.0109375 0.0140628 0.021875 0.0281256
0 0.0140625 0.014063 0.028125 0.028126
0 0.025 0.0140625 0.03125 0.028125
0 0.0312493 0.0140625 0.0312514 0.028125
0 0.0375 0.0140625 0.03125 0.028125
0 0.05625 0.0140625 0.03125 0.028125
0 0.06875 0.0140625 0.03125 0.028125
0 0.0875 0.0140625 0.03125 0.028125
0 0.10625 0.0140625 0.03125 0.028125
0 0.13125 0.0140625 0.03125 0.028125
0 0.20625 0.0140625 0.03125 0.028125
0 0.35625 0.0140625 0.03125 0.028125
0 0.43125 0.0140625 0.03125 0.028125
0 0.5625 0.0140625 0.03125 0.0281251
0 0.63125 0.0140625 0.03125 0.028125
0 0.64375 0.0140625 0.03125 0.028125
0 0.65 0.0140625 0.03125 0.028125
0 0.675 0.0140625 0.03125 0.028125
0 0.68125 0.0140625 0.03125 0.028125
0 0.71875 0.0140625 0.03125 0.028125
0 0.725 0.0140625 0.03125 0.028125
0 0.7375 0.0140625 0.03125 0.028125
0 0.74375 0.0140625 0.03125 0.028125
0 0.75 0.0140625 0.0312502 0.028125
0 0.756249 0.0140625 0.0312517 0.028125
0 0.762263 0.0140625 0.0317247 0.028125
0 0.775 0.0140625 0.03125 0.028125
0 0.78125 0.0140625 0.0312502 0.028125
0 0.7875 0.0140625 0.0312501 0.028125
0 0.80625 0.0140625 0.03125 0.028125
0 0.84375 0.0140625 0.03125 0.028125
0 0.85 0.0140625 0.0312502 0.028125
0 0.88125 0.0140625 0.0312504 0.028125
0 0.8875 0.0140625 0.0312502 0.0281251
0 0.90625 0.0140625 0.03125 0.028125
0 0.94375 0.0140625 0.03125 0.028125
0 0.989063 0.014063 0.021875 0.028126
0 0.0109375 0.0184731 0.021875 0.0318059
0 0.08125 0.0171875 0.03125 0.034375
0 0.1125 0.0171875 0.0312503 0.034375
0 0.11875 0.0171875 0.03125 0.034375
0 0.1625 0.0171875 0.03125 0.034375
0 0.16875 0.0171875 0.03125 0.034375
0 0.175 0.0171875 0.03125 0.034375
0 0.18125 0.0171875 0.0312508 0.034375
0 0.187495 0.0171875 0.031259 0.034375
0 0.193748 0.0171875 0.031253 0.034375
0 0.2125 0.0171875 0.0312503 0.034375
0 0.21875 0.0171875 0.03125 0.034375
0 0.225 0.0171875 0.03125 0.034375
0 0.23125 0.0171875 0.03125 0.034375
0 0.24375 0.0171875 0.03125 0.034375
0 0.25 0.0171875 0.03125 0.034375
0 0.25625 0.0171875 0.03125 0.034375
0 0.2625 0.0171875 0.03125 0.034375
0 0.26875 0.0171875 0.03125 0.034375
0 0.275 0.0171875 0.03125 0.034375
0 0.28125 0.0171875 0.03125 0.034375
0 0.2875 0.0171875 0.03125 0.034375
0 0.29375 0.0171875 0.03125 0.034375
0 0.3 0.0171875 0.03125 0.034375
0 0.31875 0.0171875 0.03125 0.034375
0 0.325 0.0171875 0.03125 0.034375
0 0.33125 0.0171875 0.03125 0.034375
0 0.3375 0.0171875 0.03125 0.034375
0 0.34375 0.0171875 0.03125 0.034375
0 0.44375 0.0171875 0.03125 0.034375
0 0.45 0.0171875 0.03125 0.034375
0 0.45625 0.0171875 0.03125 0.034375
0 0.4625 0.0171875 0.03125 0.034375
0 0.46875 0.0171875 0.03125 0.034375
0 0.475 0.0171875 0.03125 0.034375
0 0.48125 0.0171875 0.03125 0.034375
0 0.4875 0.0171875 0.03125 0.034375
0 0.49375 0.0171875 0.03125 0.034375
