0 0.00781257 0.0109372 0.0156251 0.0218745
0 0.0124421 0.00781276 0.0188621 0.0156255
0 0.0184805 0.0131312 0.030711 0.0262623
0 0.0242476 0.0123096 0.0297454 0.0246192
0 0.028351 0.0135598 0.0254524 0.0271196
0 0.0360149 0.0140196 0.0282948 0.0280391
0 0.0427597 0.0140322 0.0294144 0.0280643
0 0.0488476 0.013946 0.0289531 0.0278921
0 0.0596577 0.0139552 0.0255658 0.0279103
0 0.0657351 0.013887 0.0252204 0.0277739
0 0.0720901 0.0133226 0.0254303 0.0266452
0 0.0781397 0.0126303 0.0250293 0.0252605
0 0.084396 0.0120505 0.0250421 0.0241011
0 0.0908829 0.0117625 0.025516 0.023525
0 0.0969997 0.0116518 0.0252495 0.0233037
0 0.103163 0.013967 0.025076 0.0279339
0 0.109558 0.0140322 0.0253655 0.0280645
0 0.117318 0.0140386 0.0283885 0.0280771
0 0.122476 0.0140546 0.0262044 0.0281092
0 0.129405 0.0140611 0.0275774 0.0281222
0 0.135458 0.0140614 0.0271889 0.0281228
0 0.142113 0.0140616 0.0281137 0.0281231
0 0.14849 0.0140622 0.0286232 0.0281243
0 0.155157 0.0140623 0.0293522 0.0281247
0 0.160936 0.0140623 0.0282039 0.0281247
0 0.166622 0.0140623 0.0270206 0.0281245
0 0.172852 0.0140621 0.0269775 0.0281241
0 0.179252 0.0140617 0.0272837 0.0281233
0 0.185423 0.0140615 0.0271261 0.028123
0 0.19115 0.0140614 0.0260618 0.0281228
0 0.197701 0.0140607 0.0266635 0.0281214
0 0.203793 0.0140604 0.0263458 0.0281208
0 0.210147 0.0140605 0.0265599 0.0281211
0 0.216954 0.014061 0.0276822 0.0281219
0 0.222879 0.0140611 0.0270207 0.0281222
0 0.228655 0.0140615 0.026069 0.028123
0 0.235216 0.0140617 0.0266978 0.0281234
0 0.242995 0.0140617 0.0298252 0.0281233
0 0.249091 0.0140621 0.029495 0.0281243
0 0.254644 0.0140623 0.028073 0.0281246
0 0.260976 0.0140623 0.028231 0.0281246
0 0.266963 0.0140622 0.0277266 0.0281245
0 0.273382 0.0140623 0.0281615 0.0281246
0 0.28028 0.0140624 0.0295341 0.0281248
0 0.286015 0.0140624 0.0284103 0.0281248
0 0.293543 0.0140624 0.0309279 0.0281248
0 0.299593 0.0140624 0.0304452 0.0281248
0 0.304494 0.0140623 0.027739 0.0281245
0 0.311244 0.0140623 0.028738 0.0281246
0 0.31869 0.0140623 0.0311316 0.0281246
0 0.324769 0.014062 0.0307884 0.028124
0 0.336557 0.0140621 0.0293636 0.0281243
0 0.343273 0.0140624 0.0302973 0.0281247
0 0.349172 0.0140622 0.0295935 0.0281244
0 0.354237 0.0140621 0.0272242 0.0281243
0 0.36183 0.0140623 0.0299108 0.0281247
0 0.365954 0.0140624 0.0256645 0.0281248
0 0.37268 0.0140624 0.0266509 0.0281248
0 0.38074 0.0140624 0.0304909 0.0281249
0 0.38608 0.0140624 0.0285456 0.0281248
0 0.392792 0.0140624 0.0294197 0.0281249
0 0.399108 0.0140624 0.0295528 0.0281249
0 0.405008 0.0140624 0.0288249 0.0281248
0 0.411441 0.0140624 0.0291956 0.0281249
0 0.416987 0.0140624 0.0277738 0.0281249
0 0.423523 0.0140624 0.0283558 0.0281248
0 0.430306 0.0140623 0.0294281 0.0281246
0 0.436059 0.0140622 0.0284074 0.0281244
0 0.44064 0.0140618 0.0250332 0.0281236
0 0.446939 0.0140597 0.0251602 0.0281194
0 0.45426 0.0140597 0.0275377 0.0281194
0 0.459905 0.0140596 0.0263007 0.0281192
0 0.467855 0.0140598 0.0303335 0.0281196
0 0.473584 0.0140619 0.0295927 0.0281238
0 0.479886 0.0140622 0.0293892 0.0281244
0 0.486014 0.0140622 0.0289311 0.0281245
0 0.49297 0.0140622 0.0314909 0.0281244
0 0.499254 0.0140624 0.0309401 0.0281248
0 0.505209 0.0140624 0.0293061 0.0281248
0 0.511307 0.0140623 0.0289072 0.0281247
0 0.516206 0.0140621 0.0261833 0.0281242
0 0.522944 0.0140621 0.0272831 0.0281243
0 0.530939 0.0140623 0.030962 0.0281246
0 0.536755 0.014062 0.0298311 0.028124
0 0.540809 0.014061 0.0253835 0.028122
0 0.547519 0.01406 0.0264127 0.0281201
0 0.555257 0.0140614 0.0294065 0.0281228
0 0.560376 0.0140594 0.0270485 0.0281188
0 0.566719 0.0140587 0.0271994 0.0281173
0 0.573214 0.0140576 0.0276951 0.0281153
0 0.579397 0.0140577 0.0275606 0.0281153
0 0.585798 0.0140578 0.0278696 0.0281156
0 0.591108 0.0140592 0.0259817 0.0281185
0 0.597654 0.0140592 0.0265928 0.0281184
0 0.604331 0.0140592 0.0274342 0.0281184
0 0.610235 0.0140559 0.0267308 0.0281117
0 0.615769 0.0140523 0.0252905 0.0281046
0 0.622145 0.0140546 0.0255585 0.0281092
0 0.630001 0.0140563 0.028856 0.0281126
0 0.635447 0.0140542 0.0272003 0.0281084
0 0.640749 0.014051 0.0252582 0.028102
0 0.647082 0.0140473 0.025445 0.0280945
0 0.654961 0.0140436 0.0286983 0.0280871
0 0.661039 0.0140062 0.0283354 0.0280124
0 0.665643 0.013856 0.0250368 0.027712
0 0.67196 0.0137786 0.0251964 0.0275571
0 0.6794 0.0139805 0.0276754 0.027961
0 0.684756 0.0139543 0.0258433 0.0279087
0 0.6908 0.0139917 0.0253687 0.0279835
0 0.697167 0.0139809 0.0256256 0.0279618
0 0.703654 0.0139636 0.0260811 0.0279272
0 0.70965 0.0138918 0.0255581 0.0277837
0 0.715952 0.0138354 0.0256572 0.0276707
0 0.722214 0.0137954 0.0256813 0.0275909
0 0.728651 0.0137396 0.0260543 0.0274792
0 0.734928 0.0136449 0.0261067 0.0272899
0 0.740692 0.013484 0.0251363 0.0269681
0 0.74702 0.0137338 0.0252941 0.0274676
0 0.753948 0.0138362 0.0266556 0.0276724
0 0.759647 0.0136402 0.0255463 0.0272804
0 0.765852 0.0135075 0.0254555 0.0270151
0 0.772337 0.0134331 0.0259256 0.0268661
0 0.778417 0.0131773 0.0255847 0.0263545
0 0.784542 0.0131579 0.0253355 0.0263157
0 0.79077 0.0132847 0.0252909 0.0265694
0 0.797038 0.0134553 0.0253296 0.0269106
0 0.803462 0.0136525 0.0256804 0.027305
0 0.8097 0.0135943 0.0256603 0.0271887
0 0.817412 0.0137143 0.0285786 0.0274286
0 0.823309 0.0131372 0.0278702 0.0262745
0 0.828251 0.0129739 0.025252 0.0259478
0 0.834786 0.0133778 0.0258229 0.0267557
0 0.842573 0.0136769 0.0288982 0.0273538
0 0.848152 0.0134443 0.0275536 0.0268887
0 0.853472 0.0129164 0.025695 0.0258327
0 0.860173 0.0129334 0.0265967 0.0258668
0 0.866844 0.0129962 0.0274377 0.0259924
0 0.872829 0.0125922 0.0269081 0.0251843
0 0.879981 0.0127626 0.0287123 0.0255252
0 0.886722 0.0124443 0.0296946 0.0248885
0 0.891059 0.01179 0.0258682 0.02358
0 0.897768 0.0124199 0.0267872 0.0248399
0 0.903485 0.0130798 0.0257214 0.0261595
0 0.909608 0.0135271 0.0254673 0.0270541
0 0.918743 0.0138239 0.0312359 0.0276479
0 0.924945 0.0125618 0.0311397 0.0251236
0 0.92862 0.0110928 0.0259895 0.0221857
0 0.936933 0.0117338 0.0301157 0.0234675
0 0.946892 0.0131015 0.0250406 0.026203
0 0.955588 0.0139633 0.0300595 0.0279266
0 0.96566 0.0136837 0.0250725 0.0273674
0 0.971976 0.0136334 0.025234 0.0272668
0 0.981219 0.0137903 0.0313535 0.0275806
0 0.985935 0.0132006 0.0281301 0.0264013
0 0.976562 0.0454055 0.046875 0.0908109
0 0.0148903 0.0109375 0.0264693 0.0218749
0 0.0292722 0.0109375 0.0352056 0.021875
0 0.040647 0.0109375 0.0374561 0.0218751
0 0.0531276 0.0109375 0.0374949 0.021875
0 0.065625 0.0109375 0.0375 0.021875
0 0.078125 0.0109375 0.0375 0.021875
0 0.090625 0.0109375 0.0375 0.021875
0 0.103125 0.0109375 0.0375 0.021875
0 0.115625 0.0109375 0.0375 0.021875
0 0.128125 0.0109375 0.0374996 0.021875
0 0.140631 0.0109375 0.0374882 0.021875
0 0.153138 0.0109375 0.0374742 0.021875
0 0.165674 0.0109375 0.0374014 0.021875
0 0.178173 0.0109375 0.0374048 0.021875
0 0.190631 0.0109375 0.0374882 0.021875
0 0.203129 0.0109375 0.0374916 0.021875
0 0.215627 0.0109375 0.0374957 0.021875
0 0.228126 0.0109375 0.0374979 0.021875
0 0.240633 0.0109375 0.0374842 0.021875
0 0.253162 0.0109375 0.0374265 0.021875
0 0.265699 0.0109375 0.0373521 0.021875
0 0.278188 0.0109375 0.0373748 0.021875
0 0.291525 0.0109375 0.0357002 0.021875
0 0.29845 0.0109375 0.0343506 0.021875
0 0.30454 0.0109375 0.0346696 0.021875
0 0.330656 0.0109375 0.032439 0.021875
0 0.35533 0.0109375 0.0330891 0.021875
0 0.365894 0.0109375 0.036962 0.021875
0 0.378391 0.0109375 0.0369671 0.021875
0 0.391014 0.0109375 0.0367215 0.021875
0 0.403566 0.0109375 0.0366186 0.021875
0 0.415834 0.0109375 0.0370812 0.021875
0 0.428473 0.0109375 0.0368031 0.021875
0 0.440629 0.0109375 0.037491 0.021875
0 0.453126 0.0109376 0.0374989 0.0218751
0 0.465626 0.0109375 0.037498 0.021875
0 0.47813 0.0109375 0.0374891 0.021875
0 0.490817 0.0109375 0.0371156 0.021875
0 0.503509 0.0109375 0.0367319 0.021875
0 0.510428 0.0109375 0.0353935 0.021875
0 0.522106 0.0109375 0.0370386 0.021875
0 0.52878 0.0109376 0.0361893 0.0218751
0 0.540848 0.0109375 0.0370547 0.021875
0 0.553312 0.0109377 0.0371265 0.0218754
0 0.565812 0.0109375 0.0371262 0.0218751
0 0.578283 0.0109376 0.0371836 0.0218751
0 0.590711 0.0109375 0.0373289 0.0218751
0 0.603246 0.0109376 0.0372572 0.0218753
0 0.615656 0.0109375 0.0374387 0.0218751
0 0.628173 0.0109381 0.0374045 0.0218763
0 0.640652 0.0109376 0.0374452 0.0218752
0 0.65318 0.0109386 0.0373892 0.0218771
0 0.665627 0.0109376 0.0374918 0.0218752
0 0.678129 0.0109461 0.0374922 0.0218923
0 0.690628 0.0109387 0.0374945 0.0218775
0 0.703129 0.0109409 0.0374913 0.0218819
0 0.715634 0.010939 0.0374829 0.0218781
0 0.728146 0.0109392 0.0374589 0.0218784
0 0.740628 0.0109385 0.0374894 0.021877
0 0.753133 0.0109438 0.0374832 0.0218877
0 0.765641 0.0109392 0.037468 0.0218784
0 0.778141 0.010939 0.037467 0.021878
0 0.79063 0.0109387 0.0374872 0.0218775
0 0.803129 0.0109427 0.0374924 0.0218854
0 0.815651 0.0109417 0.0374489 0.0218833
0 0.828157 0.010938 0.037434 0.0218761
0 0.840799 0.0109397 0.0371513 0.0218795
0 0.853238 0.0109378 0.0372745 0.0218755
0 0.865796 0.0109379 0.0371584 0.0218759
0 0.878366 0.0109377 0.0370188 0.0218754
0 0.896907 0.0109378 0.0374355 0.0218755
0 0.909381 0.0109383 0.0374874 0.0218766
0 0.946854 0.0109376 0.0374321 0.0218751
0 0.959386 0.0109388 0.0374794 0.0218775
0 0.971892 0.0109383 0.0374458 0.0218765
0 0.987857 0.0109375 0.019581 0.0218751
0 0.0109375 0.0140626 0.021875 0.0281252
0 0.03125 0.0140625 0.03125 0.028125
0 0.0562499 0.0140625 0.0312502 0.028125
0 0.0624995 0.0140625 0.031251 0.028125
0 0.0687367 0.0140625 0.0312767 0.028125
0 0.0749866 0.0140625 0.0312769 0.028125
0 0.0853356 0.0140625 0.0355789 0.028125
0 0.0984383 0.0140625 0.0343733 0.028125
0 0.104976 0.0140625 0.0337977 0.028125
0 0.112436 0.0140625 0.0313784 0.028125
0 0.124999 0.0140625 0.0312517 0.028125
0 0.33125 0.0140625 0.03125 0.028125
0 0.59375 0.0140626 0.03125 0.0281252
0 0.61875 0.0140627 0.0312501 0.0281254
0 0.625 0.0140632 0.0312502 0.0281264
0 0.64375 0.0140635 0.0312504 0.028127
0 0.65 0.0140651 0.0312506 0.0281301
0 0.668743 0.0140632 0.0312635 0.0281264
0 0.67499 0.0140682 0.03127 0.0281364
0 0.687494 0.0140701 0.0312614 0.0281402
0 0.693733 0.0140686 0.0312836 0.0281371
0 0.699986 0.0140734 0.0312774 0.0281468
0 0.706242 0.0140721 0.0312651 0.0281443
0 0.712488 0.0140677 0.0312738 0.0281354
0 0.718744 0.0140648 0.0312627 0.0281296
0 0.724995 0.0140642 0.0312592 0.0281284
0 0.731248 0.014064 0.0312535 0.028128
0 0.737498 0.0140634 0.0312538 0.0281267
0 0.743739 0.0140632 0.0312722 0.0281264
0 0.749987 0.0140646 0.0312758 0.0281292
0 0.762493 0.014064 0.0312645 0.0281281
0 0.768742 0.0140647 0.0312654 0.0281294
0 0.774994 0.0140649 0.0312611 0.0281298
0 0.781243 0.0140648 0.0312644 0.0281297
0 0.787486 0.0140655 0.0312783 0.028131
0 0.793708 0.0140664 0.0313331 0.0281329
0 0.799966 0.0140673 0.0313188 0.0281346
0 0.806216 0.0140703 0.0313179 0.0281407
0 0.812451 0.0140652 0.031349 0.0281305
0 0.824993 0.0140646 0.0312637 0.0281291
0 0.831235 0.0140649 0.0312802 0.0281297
0 0.837495 0.0140689 0.0312605 0.0281378
0 0.856246 0.0140658 0.0312574 0.0281317
0 0.862497 0.0140658 0.0312554 0.0281317
0 0.868748 0.014065 0.0312533 0.0281301
0 0.874998 0.0140649 0.0312534 0.0281298
0 0.893747 0.0140678 0.0312569 0.0281355
0 0.899995 0.0140723 0.0312594 0.0281446
0 0.906239 0.0140767 0.0312713 0.0281535
0 0.91248 0.0141011 0.0312893 0.0282022
0 0.93125 0.014063 0.031251 0.028126
0 0.9375 0.0140634 0.0312504 0.0281268
0 0.943746 0.0140627 0.0312588 0.0281254
0 0.949969 0.0140643 0.0313125 0.0281287
0 0.962498 0.0140671 0.031255 0.0281341
0 0.968739 0.014065 0.0312718 0.0281299
0 0.974957 0.0140723 0.0313358 0.0281446
0 0.985937 0.0171875 0.0281253 0.0343751
0 0.989063 0.0141449 0.021875 0.0282897
0 0.0140625 0.0171876 0.028125 0.0343753
0 0.0437481 0.0171875 0.0312538 0.034375
0 0.0603991 0.0171875 0.0354518 0.034375
0 0.0718757 0.0171875 0.0374986 0.034375
0 0.084375 0.0171875 0.0375 0.034375
0 0.096875 0.0171875 0.0375 0.034375
0 0.109375 0.0171875 0.0374999 0.034375
0 0.122087 0.0171875 0.0370759 0.034375
0 0.131049 0.0171875 0.0316524 0.034375
0 0.137496 0.0171875 0.0312584 0.034375
