0 0.467209 0.0108924 0.0343914 0.0217847
0 0.474044 0.0104595 0.0301661 0.0209191
0 0.477931 0.00905066 0.0255621 0.0181013
0 0.484114 0.0110304 0.0257455 0.0220608
0 0.488793 0.0118326 0.029493 0.0236651
0 0.494346 0.0116982 0.031731 0.0233965
0 0.500518 0.0119611 0.0316666 0.0239222
0 0.506222 0.011624 0.0319155 0.0232481
0 0.523272 0.0111932 0.031778 0.0223864
0 0.528657 0.0113733 0.0280974 0.0227467
0 0.535155 0.0113317 0.0275786 0.0226634
0 0.542722 0.0119716 0.0300362 0.0239432
0 0.548633 0.0119211 0.029529 0.0238422
0 0.554533 0.0120499 0.02952 0.0240998
0 0.561094 0.0127116 0.030917 0.0254233
0 0.566378 0.013018 0.0309695 0.0260361
0 0.572473 0.0130739 0.0320014 0.0261478
0 0.578369 0.0132537 0.0343057 0.0265074
0 0.584517 0.0131999 0.0346081 0.0263997
0 0.591162 0.0131291 0.0353453 0.0262581
0 0.597864 0.0130218 0.0333885 0.0260437
0 0.604192 0.0128986 0.032493 0.0257972
0 0.610872 0.0129156 0.0328522 0.0258313
0 0.621683 0.0129078 0.0320294 0.0258155
0 0.628054 0.0130729 0.0361103 0.0261458
0 0.634436 0.0129733 0.035215 0.0259465
0 0.640394 0.012732 0.0342676 0.025464
0 0.647105 0.012663 0.0352048 0.0253259
0 0.653625 0.0126214 0.0356528 0.0252428
0 0.665083 0.0124478 0.0363625 0.0248957
0 0.671828 0.0124608 0.0356482 0.0249217
0 0.677936 0.0125329 0.0341343 0.0250658
0 0.684487 0.012709 0.0339598 0.025418
0 0.693924 0.0127783 0.0358508 0.0255566
0 0.699262 0.0112215 0.0308027 0.0224431
0 0.704375 0.0100643 0.0278827 0.0201285
0 0.711741 0.0104458 0.0297844 0.0208916
0 0.718785 0.0108499 0.0313263 0.0216999
0 0.724252 0.00923781 0.0297553 0.0184756
0 0.728106 0.00829654 0.0249801 0.0165931
0 0.734377 0.0106728 0.0250162 0.0213456
0 0.740059 0.0110969 0.0273548 0.0221937
0 0.746748 0.0110306 0.0269583 0.0220612
0 0.753731 0.0123495 0.0273103 0.0246989
0 0.76007 0.0125774 0.0278805 0.0251548
0 0.766437 0.0124972 0.0283698 0.0249944
0 0.772193 0.0130498 0.0276185 0.0260997
0 0.779919 0.0134609 0.0310187 0.0269218
0 0.785423 0.0133699 0.0290332 0.0267399
0 0.791329 0.0133804 0.028123 0.0267609
0 0.797159 0.013543 0.0305184 0.027086
0 0.803488 0.0136096 0.0349939 0.0272192
0 0.810021 0.0136175 0.0335854 0.0272351
0 0.815742 0.0135958 0.0320053 0.0271917
0 0.821725 0.0135562 0.0325249 0.0271125
0 0.830675 0.0135389 0.0360567 0.0270777
0 0.836881 0.0131797 0.0331955 0.0263594
0 0.840937 0.0120819 0.02985 0.0241639
0 0.853166 0.0120519 0.0385422 0.0241039
0 0.859553 0.0114434 0.0366875 0.0228869
0 0.864532 0.0111917 0.036071 0.0223835
0 0.870253 0.0112075 0.0380893 0.022415
0 0.876648 0.0113645 0.0313345 0.022729
0 0.882217 0.0124402 0.0319614 0.0248803
0 0.895424 0.0126061 0.0362083 0.0252122
0 0.90001 0.0108092 0.0313034 0.0216184
0 0.904757 0.00817932 0.0283486 0.0163586
0 0.91216 0.0087481 0.0305811 0.0174962
0 0.916594 0.0111933 0.0270504 0.0223867
0 0.922922 0.0121921 0.0274032 0.0243842
0 0.929957 0.013508 0.0290684 0.0270161
0 0.935673 0.0136369 0.0283222 0.0272738
0 0.944193 0.0134968 0.0323876 0.0269936
0 0.949968 0.011661 0.0311979 0.023322
0 0.955227 0.0104317 0.0292446 0.0208634
0 0.962412 0.011491 0.031092 0.022982
0 0.970486 0.0114098 0.0279675 0.0228195
0 0.978521 0.0125536 0.0346979 0.0251071
0 0.98444 0.0126796 0.0311192 0.0253592
0 0.980418 0.0140379 0.0391645 0.0280759
0 0.0111527 0.0145401 0.0217776 0.0270912
0 0.0792785 0.015987 0.0375648 0.031974
0 0.107574 0.0140864 0.038555 0.0281727
0 0.113986 0.0126457 0.0387613 0.0252913
0 0.122546 0.0128923 0.0378869 0.0257847
0 0.128859 0.0145094 0.0390741 0.0290187
0 0.449278 0.0117629 0.0333286 0.0235258
0 0.460368 0.0125243 0.0355602 0.0250487
0 0.481114 0.0116358 0.0356975 0.0232717
0 0.487181 0.0121845 0.0377257 0.0243689
0 0.499289 0.0124315 0.0390193 0.0248629
0 0.515138 0.0123017 0.0404805 0.0246033
0 0.58053 0.0121306 0.0366333 0.0242612
0 0.593374 0.0118047 0.036002 0.0236094
0 0.617278 0.0120149 0.035751 0.0240297
0 0.660275 0.0120557 0.0378404 0.0241113
0 0.740398 0.0110133 0.037802 0.0220267
0 0.746762 0.0109638 0.0376127 0.0219276
0 0.753106 0.011025 0.0375754 0.02205
0 0.759461 0.0109794 0.0373651 0.0219589
0 0.76598 0.0110112 0.0367745 0.0220224
0 0.785276 0.0110543 0.0365356 0.0221086
0 0.791934 0.0112128 0.0351555 0.0224257
0 0.798225 0.0113013 0.0355691 0.0226026
0 0.805029 0.0116935 0.0359301 0.023387
0 0.811192 0.0113881 0.0360716 0.0227762
0 0.817425 0.0113445 0.0352324 0.022689
0 0.831134 0.0113537 0.0344925 0.0227074
0 0.846748 0.0113496 0.0374472 0.0226993
0 0.988996 0.0126767 0.0220082 0.0253533
0 0.048781 0.0164353 0.0390367 0.0328707
0 0.0618422 0.0166062 0.0396581 0.0332123
0 0.069368 0.0165608 0.0416754 0.0331215
0 0.0862104 0.0161198 0.0388931 0.0322396
0 0.0932982 0.016718 0.0421906 0.033436
0 0.100856 0.0161229 0.0401129 0.0322459
0 0.134678 0.016142 0.0417424 0.0322839
0 0.140835 0.0149821 0.0377667 0.0299642
0 0.354456 0.015641 0.0367647 0.0312819
0 0.361177 0.0160932 0.0371221 0.0321864
0 0.373378 0.0168052 0.0371569 0.0336104
0 0.38534 0.0161716 0.0373424 0.0323432
0 0.449949 0.0146776 0.033515 0.0293552
0 0.46833 0.0145892 0.0333647 0.0291784
0 0.478232 0.0141402 0.037251 0.0282803
0 0.484425 0.0147231 0.0372572 0.0294462
0 0.490554 0.0150026 0.0373049 0.0300051
0 0.508336 0.0148635 0.0362241 0.029727
0 0.522433 0.0147867 0.0365418 0.0295735
0 0.529573 0.0147348 0.0356774 0.0294696
0 0.536757 0.0145712 0.0337629 0.0291424
0 0.543963 0.0147301 0.0323864 0.0294601
0 0.54993 0.0146029 0.0320966 0.0292057
0 0.556039 0.0146791 0.0321088 0.0293581
0 0.58725 0.0149966 0.0324055 0.0299933
0 0.631345 0.0151933 0.032496 0.0303867
0 0.662081 0.014786 0.033169 0.0295719
0 0.668382 0.0148481 0.0329261 0.0296963
0 0.700091 0.0143056 0.0319445 0.0286112
0 0.705907 0.0143305 0.032029 0.0286611
0 0.712215 0.0146781 0.0320759 0.0293562
0 0.720438 0.0143921 0.0346788 0.0287841
0 0.72814 0.014069 0.03747 0.028138
0 0.734397 0.0146007 0.0374555 0.0292015
0 0.746897 0.0141933 0.0374572 0.0283865
0 0.753512 0.0142268 0.0368303 0.0284535
0 0.760855 0.0140894 0.0345656 0.0281789
0 0.76842 0.0141004 0.0319384 0.0282009
0 0.806096 0.0153755 0.0318201 0.0307509
0 0.82462 0.0151804 0.0320622 0.0303608
0 0.843176 0.014776 0.0324264 0.029552
0 0.866941 0.0149401 0.0350563 0.0298803
0 0.873489 0.0152357 0.0345879 0.0304713
0 0.885293 0.0154252 0.0358003 0.0308504
0 0.896635 0.0147269 0.0370981 0.0294538
0 0.906075 0.0141975 0.0316006 0.028395
0 0.912388 0.0142364 0.0315075 0.0284729
0 0.918712 0.0142103 0.0313286 0.0284207
0 0.924943 0.0142213 0.0313743 0.0284426
0 0.956244 0.0140931 0.0312653 0.0281862
0 0.962503 0.0141597 0.0312645 0.0283194
0 0.968209 0.0140835 0.0323296 0.028167
0 0.974 0.0141317 0.0332271 0.0282634
0 0.985945 0.0171868 0.0281091 0.0343735
0 0.0470058 0.021645 0.0378533 0.0310904
0 0.0530026 0.0228113 0.0384634 0.0304816
0 0.0593857 0.022814 0.0381486 0.0289019
0 0.066566 0.0212233 0.0402253 0.0335623
0 0.0739958 0.0200048 0.037206 0.0338734
0 0.0846158 0.0217976 0.0368366 0.0316776
0 0.0967268 0.0205767 0.039035 0.0333987
0 0.103434 0.0209339 0.0406505 0.0359384
0 0.110714 0.0200722 0.0411778 0.0346797
0 0.121732 0.0199508 0.0386467 0.0347228
0 0.133973 0.02091 0.0396318 0.0356367
0 0.140263 0.0204572 0.0379859 0.0318847
0 0.344436 0.0180851 0.0357087 0.0361701
0 0.360944 0.019455 0.0379341 0.03891
0 0.371818 0.0213448 0.0397962 0.0426895
0 0.384158 0.0203418 0.0387198 0.0406837
0 0.443129 0.0176721 0.0338938 0.0353443
0 0.454559 0.0183321 0.0346992 0.0366642
0 0.460629 0.0186859 0.0355932 0.0373719
0 0.46738 0.0180085 0.0346657 0.036017
0 0.473659 0.0179636 0.0343175 0.0359272
0 0.484445 0.0187471 0.0373683 0.0374941
0 0.49684 0.0182386 0.037492 0.0364772
0 0.502861 0.0178569 0.0370985 0.0357138
0 0.515674 0.0194631 0.0378259 0.0389262
0 0.521949 0.0186387 0.0374185 0.0372774
0 0.529131 0.0182995 0.0374249 0.0365991
0 0.53569 0.0176431 0.0358338 0.0352861
0 0.562362 0.0175418 0.0321023 0.0350835
0 0.568414 0.0176336 0.0323203 0.0352672
0 0.574645 0.0176937 0.032486 0.0353874
0 0.581038 0.0178438 0.0326794 0.0356877
0 0.593526 0.0178181 0.0325247 0.0356361
0 0.599791 0.0178213 0.0323378 0.0356426
0 0.606124 0.0177277 0.0321936 0.0354553
0 0.612326 0.017681 0.0322399 0.035362
0 0.618371 0.0174657 0.032308 0.0349315
0 0.624408 0.0175039 0.0328929 0.0350078
0 0.63716 0.0177533 0.0330541 0.0355067
0 0.649201 0.017465 0.0338625 0.0349301
0 0.655428 0.0174999 0.0338253 0.0349999
0 0.674242 0.0174783 0.0338146 0.0349567
0 0.680422 0.0174052 0.0333107 0.0348104
0 0.686551 0.017514 0.0336567 0.035028
0 0.693654 0.0175885 0.0336438 0.0351771
0 0.724921 0.0172777 0.0314522 0.0345555
0 0.740626 0.0172279 0.0374977 0.0344558
0 0.759509 0.0172091 0.0372408 0.0344183
0 0.766504 0.0172063 0.035758 0.0344126
0 0.779973 0.0174027 0.0341215 0.0348055
0 0.78707 0.0174487 0.0323974 0.0348973
0 0.793406 0.0177352 0.031984 0.0354705
0 0.79952 0.0176875 0.0322874 0.0353749
0 0.812209 0.0178546 0.0320858 0.0357091
0 0.818366 0.0179179 0.0320897 0.0358359
0 0.83085 0.0184144 0.0324737 0.0368288
0 0.849016 0.018106 0.0332667 0.036212
0 0.855213 0.019099 0.0334767 0.0381979
0 0.861091 0.0186927 0.0341598 0.0373854
0 0.879228 0.0188696 0.0354084 0.0377393
0 0.900058 0.0172428 0.0314289 0.0344856
0 0.973272 0.0171884 0.0347072 0.0343768
0 0.981328 0.0171952 0.0314987 0.0343904
0 0.989267 0.0172209 0.0214661 0.0344418
0 0.00793329 0.0277831 0.0158666 0.0370771
0 0.0112851 0.0336242 0.0225701 0.0239112
0 0.0146474 0.028158 0.0292948 0.0373465
0 0.0178528 0.0282435 0.0357056 0.0381314
0 0.028333 0.027682 0.0375451 0.0367828
0 0.0412078 0.0279574 0.0388718 0.0379641
0 0.0478721 0.027722 0.0372633 0.0375552
0 0.0660888 0.0275969 0.0387168 0.0386699
0 0.0729027 0.0271342 0.0370484 0.0388737
0 0.0841659 0.0278273 0.0382756 0.0381
0 0.0968223 0.0279008 0.0383347 0.0372049
0 0.103393 0.0280768 0.0393048 0.0378914
0 0.110758 0.0278278 0.0391771 0.0379492
0 0.118009 0.0273905 0.0390163 0.0388575
0 0.127877 0.0273459 0.0382166 0.0379237
0 0.139812 0.0264854 0.0389978 0.0327335
0 0.146588 0.0287994 0.0409604 0.037247
0 0.153423 0.0281662 0.037777 0.0346487
0 0.159675 0.0273474 0.0375865 0.03592
0 0.166554 0.0279471 0.0382802 0.0380154
0 0.178473 0.0278951 0.0374179 0.0357263
0 0.183088 0.0304184 0.0395034 0.0366388
0 0.188871 0.0311593 0.0408813 0.021855
0 0.21348 0.0260501 0.0383946 0.043063
0 0.220332 0.0257713 0.0388167 0.040703
0 0.226645 0.0264621 0.0386624 0.0384352
0 0.335713 0.0237791 0.0359117 0.0412173
0 0.342246 0.0236263 0.0369478 0.0407577
0 0.353586 0.0238294 0.037876 0.0411536
0 0.365435 0.0246878 0.0379275 0.0425155
0 0.377073 0.0248219 0.0376445 0.0424383
0 0.390075 0.025064 0.0393368 0.0424413
0 0.396618 0.024147 0.0378838 0.0408362
0 0.404923 0.0241302 0.0388687 0.0414115
0 0.411491 0.0232969 0.0366305 0.0400965
0 0.436572 0.0229537 0.0343049 0.0396491
0 0.448576 0.023444 0.0353794 0.0405678
0 0.45951 0.0243468 0.0373871 0.0422848
0 0.466211 0.0244398 0.0374459 0.0419062
0 0.478136 0.0234956 0.0374426 0.0407321
0 0.484417 0.0246661 0.0374066 0.0430775
0 0.49686 0.0245148 0.0374953 0.0427087
0 0.508922 0.0248621 0.0367958 0.0433511
0 0.528639 0.0234781 0.0379462 0.0404506
0 0.534834 0.0222216 0.0369636 0.0381248
0 0.543152 0.0225524 0.0335522 0.0388458
0 0.549408 0.0221962 0.0328546 0.0381403
0 0.555807 0.0223327 0.0324008 0.0384153
0 0.587096 0.0225777 0.0324528 0.0389039
0 0.630767 0.0223992 0.0325773 0.0385453
0 0.642401 0.0222976 0.0341116 0.0383426
0 0.648391 0.0225976 0.0347378 0.0389411
0 0.654809 0.0224701 0.03438 0.0386872
0 0.660995 0.0225132 0.0345176 0.0387737
0 0.673441 0.0226204 0.0346722 0.0389865
0 0.685383 0.0229453 0.0356638 0.0396367
0 0.692487 0.0224899 0.0344334 0.0387259
0 0.699359 0.0221143 0.0328722 0.0379778
0 0.705541 0.0220171 0.0327265 0.0377841
0 0.711721 0.0222251 0.0328994 0.0381999
0 0.718993 0.021931 0.0322124 0.0376109
0 0.729175 0.0218753 0.0354002 0.0375005
0 0.746877 0.0221147 0.0374968 0.0379795
0 0.765753 0.0221205 0.0372618 0.037991
0 0.778836 0.0228027 0.036153 0.0393554
0 0.786465 0.0231274 0.0334299 0.0400047
0 0.793335 0.0233059 0.032102 0.0403618
0 0.799359 0.0234372 0.0325521 0.0406245
0 0.805806 0.0238602 0.0321991 0.0414703
0 0.812115 0.0236958 0.0320593 0.0411416
0 0.818252 0.0234287 0.0322586 0.0406073
0 0.824283 0.0235917 0.0327053 0.0409335
