0 0.00781304 0.0108179 0.0156261 0.0216358
0 0.0124341 0.00781174 0.0186199 0.0156235
0 0.0178206 0.0102868 0.0293912 0.0205736
0 0.0226748 0.00987715 0.0265997 0.0197543
0 0.0282334 0.0106477 0.0252169 0.0212953
0 0.0346467 0.0129099 0.0255435 0.0258198
0 0.0410791 0.0135254 0.0259088 0.0270508
0 0.0472811 0.0134956 0.0258127 0.0269912
0 0.0535254 0.0135756 0.0258015 0.0271513
0 0.0598403 0.0136838 0.0259317 0.0273676
0 0.0660396 0.0137195 0.0258307 0.027439
0 0.0722922 0.0137165 0.0258361 0.027433
0 0.0785854 0.0137019 0.0259224 0.0274039
0 0.0848077 0.013683 0.0258669 0.027366
0 0.0909613 0.0136204 0.0256738 0.0272407
0 0.0972156 0.0136745 0.0256841 0.0273491
0 0.104109 0.0136959 0.0269725 0.0273919
0 0.10997 0.0136839 0.026194 0.0273677
0 0.116587 0.0136425 0.0269263 0.0272849
0 0.123113 0.0134306 0.0274768 0.0268611
0 0.128464 0.0129697 0.0256792 0.0259395
0 0.13472 0.0130932 0.0256902 0.0261864
0 0.141606 0.013505 0.0269627 0.02701
0 0.147743 0.0134372 0.0267375 0.0268744
0 0.153636 0.0132785 0.0260231 0.026557
0 0.160123 0.0133302 0.0264957 0.0266603
0 0.165954 0.0132479 0.0256595 0.0264958
0 0.172272 0.0133607 0.0257956 0.0267215
0 0.18008 0.0136269 0.0289122 0.0272538
0 0.185923 0.0134186 0.0280977 0.0268372
0 0.190735 0.0128893 0.0252242 0.0257786
0 0.197101 0.0134186 0.0254723 0.0268372
0 0.205424 0.0138359 0.0296162 0.0276717
0 0.211233 0.0136213 0.0287264 0.0272426
0 0.216023 0.0129652 0.025804 0.0259304
0 0.222481 0.0131113 0.0262402 0.0262226
0 0.228974 0.0135889 0.0267512 0.0271777
0 0.234806 0.0136849 0.0259367 0.0273699
0 0.243712 0.0137648 0.0311891 0.0275295
0 0.249912 0.0127864 0.0310754 0.0255728
0 0.253371 0.011143 0.0254928 0.022286
0 0.260274 0.0120438 0.0267985 0.0240877
0 0.266082 0.0129962 0.0259156 0.0259924
0 0.272735 0.0133118 0.0267249 0.0266235
0 0.280058 0.0135836 0.0288704 0.0271672
0 0.285554 0.0132068 0.0273585 0.0264137
0 0.291388 0.012886 0.0265278 0.0257721
0 0.297749 0.0129906 0.0267515 0.0259812
0 0.305052 0.0131685 0.0288573 0.026337
0 0.311162 0.0130121 0.028576 0.0260242
0 0.315862 0.0122597 0.0254769 0.0245194
0 0.322117 0.0128622 0.0254882 0.0257244
0 0.328388 0.0132521 0.0255318 0.0265041
0 0.334754 0.0135556 0.0257725 0.0271112
0 0.343358 0.0137292 0.0304734 0.0274584
0 0.349171 0.0131401 0.029593 0.0262803
0 0.353693 0.0120961 0.0261352 0.0241922
0 0.360536 0.0123252 0.0273225 0.0246504
0 0.367476 0.0128726 0.0287015 0.0257453
0 0.373514 0.0126899 0.028278 0.0253799
0 0.379164 0.0127225 0.0270786 0.0254451
0 0.385928 0.013099 0.0281073 0.026198
0 0.392376 0.0133304 0.0285045 0.0266607
0 0.398196 0.0133245 0.0276445 0.026649
0 0.403844 0.0134374 0.0264428 0.0268748
0 0.410248 0.0137282 0.0267521 0.0274563
0 0.416877 0.0138453 0.0275104 0.0276907
0 0.422863 0.0137502 0.0269778 0.0275005
0 0.428965 0.0135535 0.0266808 0.0271069
0 0.435947 0.013448 0.0281451 0.026896
0 0.44071 0.0129342 0.0251702 0.0258683
0 0.447015 0.0131537 0.0252865 0.0263073
0 0.454641 0.0137221 0.0280575 0.0274442
0 0.459953 0.0137053 0.0261717 0.0274106
0 0.46829 0.0136874 0.0303326 0.0273748
0 0.473423 0.0131763 0.0280969 0.0263525
0 0.478283 0.0130237 0.0253175 0.0260474
0 0.485051 0.0136167 0.0263563 0.0272334
0 0.493611 0.0138731 0.0309815 0.0277463
0 0.499806 0.0138346 0.030864 0.0276692
0 0.504882 0.0134571 0.0285143 0.0269142
0 0.511737 0.0136514 0.0297239 0.0273028
0 0.517772 0.0138379 0.0292972 0.0276758
0 0.524251 0.0138094 0.0297587 0.0276188
0 0.529744 0.0138189 0.0282518 0.0276378
0 0.535804 0.0139226 0.0278885 0.0278452
0 0.543747 0.0139882 0.0312529 0.0279764
0 0.54999 0.0138859 0.0312302 0.0277719
0 0.554415 0.0129209 0.0275804 0.0258418
0 0.561884 0.0135765 0.0300186 0.0271531
0 0.568731 0.0139687 0.0312132 0.0279374
0 0.574926 0.01391 0.0311027 0.0278201
0 0.586721 0.0139758 0.0296936 0.0279516
0 0.593258 0.0140361 0.030269 0.0280721
0 0.599371 0.0140307 0.0299935 0.0280614
0 0.604758 0.0140265 0.028269 0.028053
0 0.611639 0.0140438 0.0295332 0.0280875
0 0.617833 0.0140519 0.0294229 0.0281038
0 0.623728 0.0140509 0.028711 0.0281019
0 0.630058 0.0140521 0.0288719 0.0281042
0 0.636749 0.0140518 0.0297542 0.0281036
0 0.647746 0.0140516 0.0268375 0.0281031
0 0.655798 0.0140592 0.0306055 0.0281184
0 0.661152 0.0140549 0.0286281 0.0281097
0 0.667481 0.0140473 0.0287293 0.0280946
0 0.673706 0.0140428 0.0286859 0.0280856
0 0.68051 0.014041 0.0298233 0.0280819
0 0.686672 0.0140393 0.0296671 0.0280787
0 0.691728 0.0140374 0.0272934 0.0280749
0 0.698005 0.0140468 0.0275036 0.0280937
0 0.7055 0.0140534 0.0299286 0.0281068
0 0.711109 0.0140481 0.0285763 0.0280962
0 0.716302 0.0140365 0.026404 0.028073
0 0.722903 0.0140375 0.0272257 0.0280749
0 0.73073 0.0140428 0.030519 0.0280857
0 0.736858 0.0140209 0.0301071 0.0280418
0 0.74696 0.0139081 0.0257647 0.0278163
0 0.755107 0.0140174 0.0311723 0.0280349
0 0.760646 0.0139979 0.0281124 0.0279958
0 0.76752 0.0139724 0.02885 0.0279447
0 0.772982 0.0139447 0.0272249 0.0278895
0 0.779852 0.0138206 0.0284672 0.0276412
0 0.786549 0.013817 0.0293677 0.027634
0 0.797714 0.0137633 0.026812 0.0275267
0 0.804758 0.013914 0.0284081 0.0278279
0 0.8104 0.0138612 0.0271811 0.0277225
0 0.817516 0.0138279 0.0288188 0.0276557
0 0.823136 0.0138276 0.0275477 0.0276552
0 0.829896 0.0137649 0.0285526 0.0275297
0 0.836602 0.0137058 0.0294673 0.0274117
0 0.847155 0.0133758 0.0258839 0.0267516
0 0.855973 0.0139064 0.0312321 0.0278128
0 0.861912 0.0135807 0.0301312 0.0271615
0 0.871845 0.0126097 0.0254589 0.0252194
0 0.879193 0.0136611 0.0285125 0.0273223
0 0.884414 0.0135637 0.0265148 0.0271275
0 0.893915 0.0135573 0.0318586 0.0271146
0 0.899992 0.0118898 0.031255 0.0237797
0 0.911288 0.0119284 0.0288401 0.0238568
0 0.916637 0.0134285 0.027177 0.0268569
0 0.922888 0.0137022 0.0273109 0.0274044
0 0.930786 0.0138709 0.0305061 0.0277417
0 0.936914 0.0136737 0.0301406 0.0273475
0 0.946927 0.0128751 0.02565 0.0257503
0 0.955644 0.013656 0.0321584 0.027312
0 0.961858 0.0135569 0.0311878 0.0271139
0 0.969129 0.0126717 0.0307959 0.0253433
0 0.979498 0.0131661 0.0350796 0.0263321
0 0.984678 0.0131191 0.030645 0.0262382
0 0.976566 0.0210789 0.0468681 0.0421577
0 0.0287866 0.0109377 0.0361746 0.0218754
0 0.0354196 0.0109383 0.0354105 0.0218767
0 0.0471497 0.0109398 0.0369509 0.0218797
0 0.0595722 0.0109401 0.037106 0.0218802
0 0.0720261 0.0109405 0.0371981 0.021881
0 0.0845317 0.0109404 0.0371869 0.0218808
0 0.0969707 0.0109407 0.0373084 0.0218814
0 0.109509 0.0109409 0.0372319 0.0218818
0 0.122183 0.0109397 0.0368843 0.0218794
0 0.134521 0.0109389 0.0372068 0.0218777
0 0.14727 0.0109394 0.0367102 0.0218788
0 0.159997 0.0109384 0.0362569 0.0218767
0 0.17205 0.0109385 0.0371505 0.021877
0 0.184547 0.0109394 0.0371561 0.0218787
0 0.196888 0.0109398 0.0374714 0.0218795
0 0.209442 0.0109442 0.037367 0.0218884
0 0.221891 0.0109415 0.0374644 0.0218829
0 0.23438 0.0109471 0.037488 0.0218943
0 0.265934 0.0109391 0.0368817 0.0218782
0 0.278773 0.0109395 0.0362033 0.021879
0 0.290796 0.010939 0.037158 0.021878
0 0.303229 0.0109417 0.0372913 0.0218835
0 0.315637 0.0109403 0.0374706 0.0218806
0 0.328144 0.0109468 0.0374577 0.0218937
0 0.340916 0.0109457 0.0369191 0.0218913
0 0.353506 0.0109378 0.0367381 0.0218757
0 0.372399 0.0109385 0.0364518 0.021877
0 0.384641 0.0109388 0.036968 0.0218776
0 0.397177 0.0109386 0.0368953 0.0218773
0 0.409744 0.0109389 0.0367621 0.0218778
0 0.422497 0.0109395 0.0362557 0.0218789
0 0.435402 0.0109384 0.035447 0.0218769
0 0.44689 0.0109384 0.0374661 0.0218768
0 0.45939 0.0109421 0.03747 0.0218843
0 0.472305 0.0109388 0.0366402 0.0218776
0 0.484554 0.0109385 0.0371418 0.021877
0 0.528924 0.010938 0.0359016 0.021876
0 0.580729 0.0109375 0.0322927 0.021875
0 0.641541 0.0109376 0.0356678 0.0218753
0 0.654458 0.0109397 0.0348346 0.0218793
0 0.667179 0.0109378 0.0343927 0.0218756
0 0.679155 0.0109381 0.03544 0.0218762
0 0.691196 0.0109383 0.0363581 0.0218765
0 0.704372 0.0109395 0.0350078 0.021879
0 0.716499 0.0109381 0.035753 0.0218763
0 0.729534 0.0109398 0.0346847 0.0218795
0 0.740792 0.0109381 0.0371624 0.0218761
0 0.753382 0.0109946 0.036993 0.0219891
0 0.766625 0.010941 0.0355024 0.0218821
0 0.779276 0.0109408 0.0351993 0.0218816
0 0.791371 0.0109397 0.0360094 0.0218794
0 0.803913 0.0109448 0.0359265 0.0218896
0 0.823235 0.0109419 0.034782 0.0218839
0 0.840799 0.0109414 0.0371262 0.0218827
0 0.859715 0.0109616 0.0368244 0.0219232
0 0.871155 0.010949 0.0376749 0.0218979
0 0.878108 0.0112254 0.0375381 0.0224508
0 0.922316 0.0109444 0.0366215 0.0218887
0 0.940688 0.0109406 0.037017 0.0218813
0 0.953735 0.0110855 0.0363335 0.022171
0 0.988716 0.0110961 0.0209535 0.0221923
0 0.0109375 0.0140993 0.021875 0.0281987
0 0.0140628 0.014107 0.0281257 0.028214
0 0.0187502 0.0140731 0.031256 0.0281463
0 0.0249879 0.0140651 0.0312746 0.0281301
0 0.0312395 0.0140643 0.031271 0.0281286
0 0.0374969 0.0140679 0.0312562 0.0281358
0 0.043746 0.0140701 0.0312581 0.0281403
0 0.0499954 0.0140695 0.0312593 0.028139
0 0.0562437 0.0140704 0.0312626 0.0281409
0 0.0624941 0.0140716 0.0312618 0.0281432
0 0.0687428 0.0140728 0.0312644 0.0281456
0 0.0749921 0.014073 0.0312658 0.028146
0 0.0812422 0.0140729 0.0312657 0.0281458
0 0.0874916 0.0140727 0.0312669 0.0281454
0 0.0937382 0.0140758 0.0312737 0.0281517
0 0.0999855 0.01408 0.031279 0.0281601
0 0.112487 0.0140832 0.0312763 0.0281663
0 0.11874 0.0140895 0.0312709 0.0281789
0 0.131231 0.014082 0.0312882 0.0281639
0 0.137478 0.0140914 0.0312943 0.0281827
0 0.143744 0.0140935 0.0312627 0.028187
0 0.149992 0.0140809 0.0312665 0.0281618
0 0.156241 0.0140722 0.0312677 0.0281445
0 0.162494 0.0140764 0.0312628 0.0281529
0 0.168732 0.01408 0.0312851 0.02816
0 0.174974 0.0140879 0.0313024 0.0281759
0 0.193624 0.0141071 0.0315021 0.0282142
0 0.199887 0.0141624 0.0314757 0.0283248
0 0.218643 0.0141526 0.0314638 0.0283052
0 0.22484 0.0141924 0.0315702 0.0283848
0 0.23111 0.0143586 0.0315311 0.0287172
0 0.237292 0.014328 0.0316659 0.028656
0 0.256235 0.0140764 0.0312795 0.0281528
0 0.262488 0.0140857 0.0312741 0.0281714
0 0.268743 0.0140752 0.0312631 0.0281504
0 0.274994 0.0140735 0.0312626 0.0281469
0 0.287495 0.0140733 0.0312602 0.0281467
0 0.293739 0.0140769 0.0312718 0.0281538
0 0.29999 0.0140823 0.0312706 0.0281646
0 0.318698 0.0141039 0.0313548 0.0282077
0 0.324956 0.0141113 0.0313378 0.0282227
0 0.331219 0.014099 0.0313118 0.0281979
0 0.337459 0.0141061 0.0313322 0.0282121
0 0.356233 0.0140722 0.0312847 0.0281443
0 0.36249 0.0140833 0.0312704 0.0281667
0 0.374996 0.0140864 0.0312583 0.0281728
0 0.381242 0.0140818 0.0312657 0.0281635
0 0.406246 0.0140849 0.0312573 0.0281698
0 0.412497 0.0140833 0.0312567 0.0281667
0 0.43125 0.0140649 0.0312508 0.0281298
0 0.443746 0.0140634 0.0312573 0.0281267
0 0.449995 0.0140645 0.0312599 0.028129
0 0.462497 0.0140647 0.0312552 0.0281295
0 0.481242 0.0140658 0.0312662 0.0281316
0 0.487495 0.0140723 0.0312599 0.0281445
0 0.55625 0.0140654 0.0312503 0.0281309
0 0.58125 0.0140668 0.03125 0.0281337
0 0.64375 0.0140655 0.03125 0.028131
0 0.793749 0.0140668 0.0312516 0.0281336
0 0.843747 0.014066 0.0312569 0.028132
0 0.849984 0.0140747 0.031283 0.0281495
0 0.868667 0.0140741 0.0314169 0.0281482
0 0.874799 0.0141054 0.0316525 0.0282107
0 0.88115 0.0149445 0.031464 0.0298891
0 0.886998 0.0146747 0.0322569 0.0293494
0 0.905958 0.0141494 0.0318348 0.0282988
0 0.912388 0.0142941 0.0314735 0.0285881
0 0.918726 0.0142041 0.0312986 0.0284082
0 0.943675 0.0140835 0.0313992 0.0281671
0 0.949646 0.0141376 0.0319589 0.0282752
0 0.973606 0.01424 0.0340313 0.02848
0 0.985446 0.0176327 0.0291084 0.0352654
0 0.989072 0.0156702 0.0218563 0.0313404
0 0.0109375 0.0182723 0.021875 0.0322811
0 0.1061 0.0171979 0.0315493 0.0343959
0 0.12488 0.0171986 0.0314896 0.0343973
0 0.193044 0.0172283 0.0326628 0.0344566
0 0.21155 0.0172355 0.0331498 0.0344711
0 0.217771 0.0172232 0.0332086 0.0344463
0 0.229492 0.0174625 0.0347663 0.034925
0 0.311919 0.017195 0.0324112 0.0343899
0 0.318221 0.017192 0.0323081 0.0343839
0 0.324344 0.0171932 0.0325613 0.0343864
0 0.330481 0.0171996 0.032788 0.0343993
0 0.336499 0.0172047 0.0332527 0.0344094
0 0.65 0.0171878 0.0312502 0.0343755
0 0.699999 0.0171896 0.0312513 0.0343792
0 0.71875 0.017188 0.0312505 0.0343761
0 0.724999 0.0171885 0.0312514 0.0343771
