0 0.00783862 0.0108095 0.0156772 0.021619
0 0.0121921 0.00782579 0.0187323 0.0156516
0 0.0181524 0.0118255 0.0300666 0.023651
0 0.02348 0.0108243 0.0282203 0.0216487
0 0.028611 0.011865 0.0259789 0.0237299
0 0.0354839 0.0133132 0.0272542 0.0266263
0 0.0420969 0.0133295 0.0280237 0.026659
0 0.0485758 0.0112051 0.0284449 0.0224101
0 0.0533395 0.0106905 0.0254373 0.0213811
0 0.0598663 0.010914 0.0260138 0.021828
0 0.0656294 0.00953679 0.0250259 0.0190736
0 0.0718688 0.00965213 0.0250138 0.0193043
0 0.0782763 0.011003 0.0260755 0.022006
0 0.0844853 0.0106227 0.0261487 0.0212454
0 0.0913571 0.011334 0.0273737 0.022668
0 0.0970259 0.0124227 0.026603 0.0248455
0 0.103681 0.0137335 0.0280732 0.027467
0 0.109858 0.0137666 0.0285481 0.0275332
0 0.116981 0.013709 0.0321547 0.027418
0 0.123675 0.013733 0.0302479 0.0274661
0 0.129162 0.0135911 0.0279575 0.0271821
0 0.136727 0.0136298 0.0300844 0.0272596
0 0.146546 0.0126677 0.0263041 0.0253353
0 0.15317 0.0128897 0.0316683 0.0257794
0 0.159271 0.0130451 0.0309981 0.0260902
0 0.166303 0.0132635 0.0297779 0.026527
0 0.172493 0.0134967 0.0283983 0.0269935
0 0.179568 0.0134903 0.0289286 0.0269807
0 0.184999 0.0134096 0.0269582 0.0268193
0 0.192247 0.0133764 0.0288698 0.0267528
0 0.198253 0.0133333 0.0286914 0.0266666
0 0.20394 0.0132328 0.027703 0.0264656
0 0.210592 0.0133534 0.0294651 0.0267068
0 0.215858 0.0134612 0.0276547 0.0269224
0 0.221787 0.0133891 0.0282795 0.0267783
0 0.228232 0.0133933 0.0320717 0.0267866
0 0.234392 0.0133555 0.0310977 0.0267109
0 0.24084 0.0134971 0.0302546 0.0269942
0 0.247127 0.0135557 0.0306005 0.0271114
0 0.254022 0.0135297 0.029556 0.0270595
0 0.260171 0.0134011 0.0277057 0.0268022
0 0.266877 0.013242 0.0282951 0.0264839
0 0.273128 0.0131654 0.0281141 0.0263308
0 0.279163 0.0129446 0.0273516 0.0258892
0 0.285385 0.0127818 0.0272765 0.0255636
0 0.292274 0.0128267 0.0286131 0.0256535
0 0.298242 0.0125347 0.0281036 0.0250694
0 0.304076 0.0124508 0.02742 0.0249017
0 0.311439 0.0127669 0.029405 0.0255339
0 0.316767 0.012758 0.0275265 0.0255159
0 0.323195 0.0126005 0.0277128 0.0252009
0 0.328913 0.0128501 0.0266994 0.0257001
0 0.33503 0.0130217 0.026449 0.0260434
0 0.345291 0.0124748 0.0343369 0.0249496
0 0.35 0.0106716 0.0312498 0.0213433
0 0.353176 0.00782753 0.0251027 0.0156551
0 0.360043 0.0084239 0.026335 0.0168478
0 0.365827 0.0111326 0.0254059 0.0222653
0 0.372223 0.0119196 0.0257007 0.0238391
0 0.378525 0.0130295 0.0258031 0.026059
0 0.384762 0.0133777 0.0257812 0.0267555
0 0.393536 0.013599 0.0308254 0.027198
0 0.39915 0.0120821 0.0295497 0.0241642
0 0.409712 0.0125744 0.0256733 0.0251489
0 0.417865 0.0133756 0.0294812 0.0267512
0 0.423287 0.0122056 0.0278237 0.0244111
0 0.428423 0.0118648 0.0255961 0.0237296
0 0.435007 0.0123159 0.0262634 0.0246318
0 0.44093 0.0125545 0.02561 0.0251091
0 0.447255 0.0126924 0.0257605 0.0253848
0 0.453999 0.0134247 0.0267496 0.0268493
0 0.4602 0.0138532 0.0266598 0.0277065
0 0.46873 0.0139295 0.031226 0.027859
0 0.474911 0.0134813 0.0310732 0.0269625
0 0.485916 0.0130544 0.0280823 0.0261088
0 0.490862 0.0136865 0.0254763 0.0273729
0 0.497384 0.013851 0.0260281 0.0277019
0 0.505956 0.0139819 0.0306833 0.0279639
0 0.511991 0.0138748 0.0302351 0.0277496
0 0.522051 0.0135826 0.025383 0.0271651
0 0.52896 0.014002 0.0268051 0.0280039
0 0.534651 0.0140218 0.0257561 0.0280435
0 0.543915 0.0139422 0.0315841 0.0278844
0 0.55 0.0109449 0.03125 0.0218898
0 0.553131 0.00827785 0.0250126 0.0165557
0 0.560476 0.0109082 0.0272022 0.0218164
0 0.566238 0.013386 0.0262268 0.026772
0 0.572443 0.0136789 0.0261356 0.0273577
0 0.578564 0.0139889 0.025877 0.0279778
0 0.584915 0.0140257 0.0260801 0.0280514
0 0.593727 0.0140392 0.0312034 0.0280785
0 0.599782 0.0138223 0.0308143 0.0276446
0 0.610668 0.0134924 0.0275866 0.0269848
0 0.618676 0.0139825 0.0311027 0.027965
0 0.624788 0.0138092 0.0308262 0.0276184
0 0.635131 0.0137212 0.0265119 0.0274424
0 0.640883 0.0140125 0.0255165 0.028025
0 0.6472 0.0140399 0.0256507 0.0280799
0 0.655857 0.0140535 0.0304648 0.0281071
0 0.661804 0.0140492 0.0298586 0.0280984
0 0.671994 0.0140255 0.0252416 0.0280511
0 0.678928 0.0140546 0.0266155 0.0281092
0 0.684562 0.0140547 0.0253815 0.0281093
0 0.693748 0.0140557 0.0312466 0.0281114
0 0.699832 0.0138535 0.0309131 0.027707
0 0.710611 0.0140246 0.0274714 0.0280493
0 0.71868 0.0140597 0.0311109 0.0281194
0 0.724344 0.0140488 0.0299387 0.0280977
0 0.735169 0.0140589 0.0265873 0.0281177
0 0.743745 0.0140612 0.0312415 0.0281224
0 0.749993 0.0140616 0.0312359 0.0281233
0 0.761366 0.0140603 0.0289814 0.0281207
0 0.768591 0.0140623 0.0309321 0.0281246
0 0.774794 0.0140624 0.0308387 0.0281248
0 0.780674 0.0140624 0.0300974 0.0281248
0 0.787085 0.0140625 0.0304199 0.0281249
0 0.792326 0.0140625 0.028402 0.0281249
0 0.798759 0.0140625 0.0287693 0.0281249
0 0.805931 0.0140625 0.0306166 0.028125
0 0.812097 0.0140625 0.0304506 0.028125
0 0.822667 0.0140624 0.0266586 0.0281249
0 0.830456 0.0140625 0.0304741 0.0281249
0 0.836364 0.0140625 0.0298812 0.0281249
0 0.847306 0.0140624 0.0259992 0.0281248
0 0.854767 0.0140622 0.0284165 0.0281245
0 0.859935 0.0140619 0.0261413 0.0281237
0 0.865638 0.0140616 0.0250269 0.0281232
0 0.871928 0.0140587 0.0251089 0.0281173
0 0.878154 0.0140532 0.0250597 0.0281065
0 0.884434 0.0140562 0.0251206 0.0281123
0 0.893701 0.0140532 0.0312746 0.0281065
0 0.899415 0.0140616 0.0300798 0.0281232
0 0.911178 0.0140623 0.0286068 0.0281247
0 0.918374 0.0140624 0.0305462 0.0281248
0 0.92427 0.0140625 0.0298082 0.0281249
0 0.930075 0.0140625 0.0289301 0.028125
0 0.9369 0.0140625 0.0301445 0.028125
0 0.947262 0.0140625 0.0265333 0.0281249
0 0.955083 0.0140625 0.0332306 0.028125
0 0.961863 0.0140625 0.0310841 0.0281249
0 0.971801 0.0140617 0.0251637 0.0281235
0 0.978777 0.0140579 0.0361958 0.0281157
0 0.985885 0.0140593 0.0282295 0.0281187
0 0.976637 0.0140625 0.0467251 0.028125
0 0.976562 0.0472563 0.046875 0.0945126
0 0.0291221 0.0109447 0.0354695 0.0218893
0 0.0408766 0.0109469 0.0370035 0.0218938
0 0.0780351 0.0109566 0.0376815 0.0219132
0 0.0843542 0.0109386 0.0375267 0.0218773
0 0.0968358 0.0109409 0.0374098 0.0218818
0 0.103146 0.0109608 0.0375029 0.0219215
0 0.109412 0.010966 0.037579 0.0219319
0 0.116248 0.0111853 0.0366641 0.0223706
0 0.122721 0.0110313 0.0360369 0.0220626
0 0.129059 0.010965 0.0357384 0.02193
0 0.140059 0.0110204 0.0361668 0.0220408
0 0.152909 0.0114564 0.0380155 0.0229128
0 0.15929 0.0110634 0.037665 0.0221268
0 0.172004 0.0110556 0.0372505 0.0221111
0 0.184571 0.0110416 0.0371764 0.0220832
0 0.191157 0.01108 0.0365656 0.0221599
0 0.19779 0.0110939 0.0358591 0.0221878
0 0.210555 0.0110324 0.0352623 0.0220648
0 0.221978 0.0110707 0.0369864 0.0221414
0 0.228439 0.0112942 0.0371216 0.0225885
0 0.241086 0.0111518 0.0367818 0.0223036
0 0.25373 0.0111938 0.0367037 0.0223875
0 0.266395 0.0110965 0.0361793 0.022193
0 0.27283 0.0110843 0.0358061 0.0221687
0 0.285318 0.0110634 0.0356645 0.0221267
0 0.303647 0.0110436 0.0363587 0.0220871
0 0.316468 0.0110754 0.0358086 0.0221509
0 0.328491 0.0110652 0.036566 0.0221304
0 0.360131 0.0109376 0.0359864 0.0218751
0 0.37191 0.0109398 0.0374266 0.0218795
0 0.38441 0.0109484 0.0374238 0.0218967
0 0.409634 0.0109385 0.0369816 0.021877
0 0.428407 0.0109378 0.0369366 0.0218755
0 0.434933 0.0109382 0.036385 0.0218764
0 0.446977 0.0109382 0.0372966 0.0218764
0 0.459424 0.0109395 0.0374029 0.0218791
0 0.478502 0.0109375 0.0367457 0.021875
0 0.490976 0.0109378 0.0367984 0.0218756
0 0.510055 0.0109381 0.0361404 0.0218762
0 0.521885 0.0109379 0.0374781 0.0218758
0 0.534367 0.0109441 0.0375143 0.0218881
0 0.572241 0.0109375 0.036768 0.021875
0 0.584445 0.0109375 0.0373598 0.0218751
0 0.603228 0.0109375 0.0372944 0.021875
0 0.610061 0.0109375 0.0361279 0.021875
0 0.628381 0.0109375 0.036989 0.021875
0 0.635402 0.0109375 0.0354452 0.021875
0 0.646938 0.0109375 0.037375 0.021875
0 0.659557 0.0109375 0.0371355 0.021875
0 0.671877 0.0109375 0.0374954 0.021875
0 0.684375 0.0109376 0.0374999 0.0218751
0 0.703129 0.0109375 0.0374921 0.021875
0 0.715681 0.0109375 0.0373872 0.021875
0 0.722487 0.0109375 0.0362765 0.021875
0 0.73449 0.0109375 0.0372695 0.021875
0 0.754398 0.0109375 0.0349537 0.021875
0 0.798888 0.0109375 0.0334743 0.021875
0 0.805138 0.0109375 0.0334746 0.021875
0 0.811155 0.0109375 0.0339401 0.021875
0 0.821935 0.0109375 0.0373793 0.021875
0 0.834384 0.0109375 0.0374811 0.021875
0 0.846877 0.0109375 0.0374967 0.021875
0 0.859375 0.0109375 0.0374996 0.021875
0 0.871875 0.0109375 0.0375 0.021875
0 0.884375 0.0109375 0.0375 0.021875
0 0.896875 0.0109375 0.0374997 0.021875
0 0.909409 0.0109375 0.0374321 0.021875
0 0.9219 0.0109375 0.0374495 0.021875
0 0.93469 0.0109375 0.0368705 0.021875
0 0.946884 0.0109375 0.0374811 0.021875
0 0.959405 0.0109375 0.0374398 0.021875
0 0.971876 0.0109375 0.0374977 0.021875
0 0.978324 0.0109405 0.0371044 0.021881
0 0.988762 0.0109375 0.021273 0.021875
0 0.0109375 0.0141271 0.021875 0.0282542
0 0.0187814 0.0141276 0.0313153 0.0282552
0 0.024997 0.0140933 0.0312642 0.0281867
0 0.0312373 0.0140658 0.0312755 0.0281316
0 0.0374709 0.0141132 0.0313084 0.0282263
0 0.0499223 0.0140831 0.0314059 0.0281662
0 0.0606852 0.0140629 0.0348796 0.0281257
0 0.0718728 0.0140627 0.0374851 0.0281254
0 0.0843842 0.0140632 0.0374815 0.0281263
0 0.0972539 0.0140646 0.0367423 0.0281292
0 0.143543 0.0140847 0.0316641 0.0281693
0 0.187235 0.0141366 0.0318013 0.0282731
0 0.274876 0.0141986 0.0315371 0.0283972
0 0.281128 0.01421 0.0315303 0.02842
0 0.287374 0.0141904 0.0315364 0.0283807
0 0.293686 0.0141699 0.0314423 0.0283398
0 0.299917 0.0141741 0.0314541 0.0283483
0 0.306128 0.0141548 0.0315233 0.0283096
0 0.318686 0.0141717 0.031431 0.0283433
0 0.324933 0.0142112 0.0314347 0.0284225
0 0.331168 0.0141667 0.0314256 0.0283334
0 0.337305 0.0143285 0.0316565 0.028657
0 0.346852 0.0140849 0.0374532 0.0281697
0 0.355713 0.0140632 0.032323 0.0281263
0 0.362388 0.0140706 0.0314751 0.0281412
0 0.368718 0.0140667 0.0313148 0.0281335
0 0.374984 0.0140666 0.0312825 0.0281332
0 0.381244 0.0140683 0.031262 0.0281366
0 0.38749 0.0140692 0.0312707 0.0281384
0 0.399999 0.0140651 0.031252 0.0281302
0 0.406241 0.0140633 0.0312682 0.0281266
0 0.412498 0.0140648 0.0312544 0.0281296
0 0.425 0.0140632 0.0312506 0.0281265
0 0.43125 0.0140628 0.0312509 0.0281256
0 0.4375 0.0140632 0.0312506 0.0281264
0 0.443748 0.014063 0.0312536 0.028126
0 0.449999 0.0140634 0.0312521 0.0281268
0 0.456249 0.0140659 0.0312523 0.0281318
0 0.48125 0.0140628 0.0312506 0.0281255
0 0.49375 0.0140635 0.0312504 0.028127
0 0.5 0.0140644 0.031251 0.0281289
0 0.518738 0.0140671 0.0312734 0.0281343
0 0.524981 0.0140957 0.0312889 0.0281913
0 0.53123 0.0145315 0.0312902 0.029063
0 0.537355 0.0147194 0.0315404 0.0294389
0 0.55 0.0140635 0.03125 0.028127
0 0.556235 0.0140626 0.03128 0.0281251
0 0.562499 0.0140635 0.0312515 0.0281269
0 0.56875 0.0140631 0.0312501 0.0281262
0 0.575 0.014063 0.0312501 0.0281261
0 0.58125 0.0140635 0.0312501 0.0281271
0 0.5875 0.0140641 0.0312502 0.0281282
0 0.60625 0.0140626 0.03125 0.0281252
0 0.63125 0.0140625 0.03125 0.028125
0 0.6375 0.0140625 0.03125 0.0281251
0 0.64375 0.0140625 0.03125 0.0281251
0 0.65 0.0140625 0.03125 0.0281251
0 0.66875 0.0140626 0.03125 0.0281251
0 0.675 0.0140629 0.0312501 0.0281258
0 0.6875 0.014065 0.0312504 0.0281299
0 0.70625 0.0140625 0.03125 0.028125
0 0.73125 0.0140625 0.03125 0.028125
0 0.75625 0.0140625 0.03125 0.028125
0 0.81875 0.0140625 0.03125 0.028125
0 0.84375 0.0140625 0.03125 0.028125
0 0.86875 0.0140625 0.03125 0.028125
0 0.875 0.0140625 0.03125 0.028125
0 0.88125 0.0140625 0.03125 0.028125
0 0.8875 0.0140625 0.0312504 0.028125
0 0.90625 0.0140625 0.03125 0.028125
0 0.94375 0.0140625 0.03125 0.028125
0 0.0140718 0.0172182 0.0281436 0.0344363
0 0.0370375 0.017188 0.032175 0.0343761
0 0.0475059 0.0171881 0.0362384 0.0343761
0 0.0593867 0.0171876 0.0374765 0.0343751
0 0.0781257 0.0177515 0.0375012 0.0355029
0 0.0906271 0.0174924 0.0374971 0.0349847
0 0.103232 0.018085 0.0374914 0.0361699
0 0.109616 0.0173042 0.0370616 0.0346085
0 0.118344 0.0173847 0.0320854 0.0347695
0 0.124747 0.017259 0.0317602 0.0345179
