0 0.00783933 0.0107975 0.0156787 0.021595
0 0.0124982 0.0078131 0.0188124 0.0156262
0 0.0187506 0.0110148 0.0312512 0.0220296
0 0.0249867 0.0106341 0.0312235 0.0212681
0 0.0366157 0.0114122 0.0294823 0.0228243
0 0.0415715 0.0127685 0.0268977 0.025537
0 0.0472156 0.0127535 0.0257333 0.0255071
0 0.0550269 0.0134641 0.0291313 0.0269283
0 0.0609423 0.0137149 0.0286073 0.0274297
0 0.0657804 0.013645 0.0254729 0.0272901
0 0.0720507 0.0136782 0.0255712 0.0273563
0 0.0791942 0.0137551 0.0275728 0.0275101
0 0.0850795 0.0137081 0.0266393 0.0274163
0 0.0921816 0.0137047 0.0281606 0.0274094
0 0.097449 0.0135233 0.0261651 0.0270466
0 0.103485 0.0136061 0.0257501 0.0272122
0 0.110363 0.0138199 0.0271804 0.0276399
0 0.118527 0.0138244 0.0315629 0.0276487
0 0.124848 0.0134764 0.0309656 0.0269528
0 0.136836 0.0127659 0.0299222 0.0255317
0 0.147052 0.0130815 0.0253776 0.0261631
0 0.153632 0.0136129 0.0261214 0.0272258
0 0.159825 0.0134616 0.0261212 0.0269232
0 0.16598 0.0137749 0.0258466 0.0275498
0 0.172478 0.0137651 0.0265438 0.0275301
0 0.178771 0.0137929 0.0265663 0.0275859
0 0.184949 0.0137406 0.026258 0.0274812
0 0.190895 0.0131461 0.0255653 0.0262922
0 0.196961 0.0121125 0.0251795 0.0242251
0 0.203158 0.012793 0.0250721 0.0255859
0 0.209479 0.0132618 0.0252503 0.0265236
0 0.218104 0.0126607 0.031395 0.0253214
0 0.224322 0.012977 0.0300013 0.025954
0 0.235378 0.0138928 0.0270386 0.0277855
0 0.243444 0.0139271 0.0316649 0.0278542
0 0.249917 0.0139806 0.0311244 0.0279611
0 0.26091 0.0138711 0.0280938 0.0277423
0 0.26775 0.0140025 0.0293272 0.028005
0 0.273849 0.0140031 0.0290151 0.0280063
0 0.279679 0.0139986 0.028175 0.0279972
0 0.286206 0.0140151 0.0287339 0.0280301
0 0.292099 0.0140182 0.0280446 0.0280363
0 0.29819 0.0140101 0.0277216 0.0280201
0 0.304705 0.0140043 0.0282765 0.0280086
0 0.31184 0.0139931 0.0300188 0.0279862
0 0.321954 0.0135372 0.0252981 0.0270744
0 0.32833 0.0137871 0.0258181 0.0275741
0 0.334611 0.0138882 0.0258466 0.0277764
0 0.343685 0.0136053 0.0314277 0.0272107
0 0.349999 0.011067 0.0312488 0.022134
0 0.361964 0.0123279 0.0301783 0.0246558
0 0.371906 0.0137961 0.0250864 0.0275922
0 0.37934 0.0139993 0.027801 0.0279985
0 0.38464 0.0139985 0.0256394 0.0279971
0 0.390716 0.0140163 0.025192 0.0280325
0 0.396994 0.013966 0.0252527 0.0279321
0 0.403348 0.0139472 0.0254767 0.0278945
0 0.409758 0.0139941 0.0258227 0.0279881
0 0.418475 0.0139422 0.0315504 0.0278844
0 0.424906 0.0140355 0.0310698 0.028071
0 0.435625 0.0140145 0.0275032 0.028029
0 0.442389 0.0140445 0.0285479 0.028089
0 0.448851 0.0140511 0.0289881 0.0281022
0 0.454865 0.0140541 0.0285494 0.0281083
0 0.461855 0.01405 0.0300264 0.0281
0 0.472783 0.0140469 0.0270119 0.0280937
0 0.480056 0.0140538 0.0289706 0.0281076
0 0.485666 0.0140529 0.0276741 0.0281058
0 0.492644 0.0140513 0.0290811 0.0281026
0 0.498018 0.014049 0.0273131 0.028098
0 0.505311 0.0140465 0.0293847 0.028093
0 0.510454 0.0140268 0.0271664 0.0280535
0 0.516006 0.0140094 0.02577 0.0280188
0 0.523957 0.0140282 0.0291883 0.0280564
0 0.53078 0.0140434 0.0303686 0.0280867
0 0.537068 0.0140444 0.0304619 0.0280888
0 0.547211 0.0140196 0.0258383 0.0280391
0 0.553897 0.0140351 0.0267894 0.0280701
0 0.560238 0.0140276 0.0269451 0.0280551
0 0.565859 0.0140308 0.0255197 0.0280615
0 0.57224 0.0140239 0.0259041 0.0280478
0 0.579496 0.0140258 0.0280394 0.0280517
0 0.584964 0.0139917 0.0262195 0.0279835
0 0.590781 0.0139896 0.0253134 0.0279793
0 0.597394 0.0138772 0.0260388 0.0277545
0 0.603166 0.0138212 0.0250818 0.0276424
0 0.609482 0.0139625 0.0252169 0.027925
0 0.618275 0.0139158 0.0304343 0.0278316
0 0.623491 0.0139411 0.0282542 0.0278822
0 0.628475 0.0140308 0.0257025 0.0280615
0 0.635191 0.0140432 0.0266392 0.0280864
0 0.641573 0.0140413 0.0269331 0.0280825
0 0.64773 0.0140515 0.0267637 0.0281029
0 0.654729 0.014054 0.02824 0.0281079
0 0.660006 0.0140498 0.0262712 0.0280997
0 0.668308 0.0140455 0.0303713 0.028091
0 0.67455 0.0140414 0.0303516 0.0280827
0 0.684962 0.0140041 0.0261749 0.0280082
0 0.693613 0.0140325 0.0309758 0.028065
0 0.69986 0.014028 0.0309704 0.0280559
0 0.705858 0.0139548 0.030467 0.0279095
0 0.712281 0.0139704 0.0308127 0.0279407
0 0.723527 0.0140187 0.028323 0.0280374
0 0.730417 0.0140511 0.0296367 0.0281023
0 0.735473 0.0140572 0.0272352 0.0281143
0 0.740974 0.0140584 0.0257168 0.0281167
0 0.747796 0.0140592 0.0269207 0.0281184
0 0.754532 0.0140598 0.0278457 0.0281197
0 0.760439 0.0140561 0.0271419 0.0281123
0 0.765671 0.0140494 0.0250967 0.0280987
0 0.772015 0.0140337 0.0254221 0.0280673
0 0.779451 0.0140483 0.0282725 0.0280966
0 0.785069 0.0140326 0.0265856 0.0280652
0 0.790649 0.014006 0.0250555 0.028012
0 0.796911 0.0138821 0.025088 0.0277642
0 0.803249 0.0138214 0.0252702 0.0276427
0 0.809556 0.0138033 0.0253817 0.0276066
0 0.816072 0.0136721 0.0259037 0.0273441
0 0.822259 0.0132108 0.0257715 0.0264215
0 0.828192 0.013521 0.0251339 0.027042
0 0.834478 0.0130879 0.0252058 0.0261758
0 0.840662 0.0134145 0.0250755 0.0268291
0 0.846909 0.0137132 0.0250675 0.0274264
0 0.853228 0.0139133 0.0252067 0.0278266
0 0.859449 0.0139817 0.0251503 0.0279635
0 0.86838 0.0138775 0.030598 0.027755
0 0.8788 0.0140405 0.0263523 0.0280811
0 0.885533 0.0140434 0.0273205 0.0280869
0 0.891953 0.0140404 0.0276743 0.0280809
0 0.89853 0.0140501 0.0283329 0.0281003
0 0.905205 0.0140491 0.029171 0.0280981
0 0.911736 0.0140333 0.0297245 0.0280666
0 0.922585 0.0140064 0.0264238 0.0280128
0 0.930187 0.0140419 0.0291408 0.0280839
0 0.936291 0.0140391 0.0288669 0.0280781
0 0.94729 0.0140263 0.0258951 0.0280526
0 0.954291 0.0140381 0.0273794 0.0280762
0 0.95995 0.0139987 0.0261644 0.0279974
0 0.965711 0.0139323 0.0251739 0.0278646
0 0.972087 0.0138775 0.0254288 0.027755
0 0.98089 0.0138393 0.0305535 0.0276786
0 0.985937 0.0135448 0.0281259 0.0270896
0 0.976562 0.0482877 0.046875 0.0965754
0 0.0469369 0.010941 0.037368 0.021882
0 0.0595052 0.0109537 0.037242 0.0219073
0 0.0718654 0.01095 0.0374622 0.0219001
0 0.0843777 0.0109647 0.037492 0.0219294
0 0.0969483 0.010951 0.0373533 0.021902
0 0.109439 0.0109599 0.0373719 0.0219197
0 0.128586 0.0109379 0.0365773 0.0218758
0 0.14689 0.0109398 0.0374465 0.0218796
0 0.159372 0.0109581 0.0375027 0.0219163
0 0.171877 0.0109471 0.0374944 0.0218942
0 0.184386 0.0109488 0.0374779 0.0218975
0 0.196875 0.0109406 0.0374921 0.0218811
0 0.209366 0.0109422 0.0375024 0.0218845
0 0.234718 0.0109384 0.036815 0.0218768
0 0.241599 0.0109435 0.0355621 0.021887
0 0.25353 0.0109377 0.0366912 0.0218754
0 0.261169 0.0109378 0.033913 0.0218755
0 0.279343 0.0109384 0.035065 0.0218767
0 0.286009 0.0109386 0.0342335 0.0218771
0 0.297876 0.0109388 0.0354989 0.0218777
0 0.310144 0.0109401 0.0359617 0.0218803
0 0.321871 0.0109388 0.0375027 0.0218775
0 0.33435 0.0109577 0.03753 0.0219154
0 0.371874 0.0109376 0.0374987 0.0218751
0 0.384375 0.0109385 0.0375003 0.0218769
0 0.396875 0.0109384 0.0375 0.0218768
0 0.409375 0.010938 0.0375001 0.0218759
0 0.42221 0.0109375 0.0368297 0.0218751
0 0.435379 0.0109375 0.0354912 0.021875
0 0.44732 0.0109376 0.0366091 0.0218751
0 0.459655 0.0109376 0.0369391 0.0218753
0 0.471916 0.0109377 0.0374185 0.0218753
0 0.484482 0.0109378 0.0372858 0.0218757
0 0.491065 0.0109377 0.0366192 0.0218754
0 0.503455 0.0109376 0.0368393 0.0218753
0 0.515698 0.0109376 0.0373534 0.0218753
0 0.528261 0.0109382 0.0372284 0.0218765
0 0.540642 0.0109378 0.037466 0.0218757
0 0.55314 0.010939 0.0374697 0.021878
0 0.565629 0.0109378 0.0374915 0.0218757
0 0.578142 0.0109399 0.0374669 0.0218798
0 0.590629 0.0109377 0.0374912 0.0218753
0 0.603126 0.0109376 0.0374979 0.0218751
0 0.615629 0.0109377 0.0374922 0.0218754
0 0.628134 0.0109375 0.037483 0.021875
0 0.640641 0.0109376 0.0374672 0.0218753
0 0.653148 0.0109376 0.0374535 0.0218752
0 0.665999 0.0109376 0.0367517 0.0218752
0 0.672476 0.0109376 0.0362978 0.0218752
0 0.68464 0.0109375 0.0369703 0.0218751
0 0.715807 0.0109375 0.0371359 0.021875
0 0.728288 0.0109376 0.0371734 0.0218751
0 0.740655 0.0109376 0.0374398 0.0218751
0 0.753186 0.0109378 0.037378 0.0218756
0 0.765646 0.0109376 0.0374581 0.0218752
0 0.778148 0.010943 0.0374542 0.0218859
0 0.790625 0.0109377 0.037498 0.0218754
0 0.803125 0.0109394 0.0375 0.0218788
0 0.815625 0.0109378 0.0375 0.0218755
0 0.828125 0.0109375 0.0374996 0.021875
0 0.840625 0.0109375 0.0375 0.0218751
0 0.853125 0.0109377 0.0375 0.0218754
0 0.865626 0.010938 0.0374978 0.021876
0 0.878141 0.0109375 0.0374687 0.021875
0 0.890778 0.0109376 0.0371939 0.0218753
0 0.903444 0.0109376 0.0368614 0.0218751
0 0.91035 0.0109375 0.0355503 0.0218751
0 0.922002 0.0109375 0.0372454 0.0218751
0 0.934567 0.0109377 0.0371162 0.0218755
0 0.946908 0.0109377 0.0374346 0.0218755
0 0.959392 0.010938 0.0374653 0.0218761
0 0.971882 0.0109378 0.0374867 0.0218756
0 0.987729 0.0109376 0.0198406 0.0218752
0 0.0109375 0.0140988 0.021875 0.0281975
0 0.0188634 0.0140933 0.0314772 0.0281866
0 0.0249992 0.0140695 0.0312531 0.0281391
0 0.0312183 0.0140691 0.0313133 0.0281381
0 0.0374973 0.0140823 0.0312556 0.0281646
0 0.0437444 0.0140754 0.0312613 0.0281508
0 0.0499884 0.0140771 0.0312732 0.0281541
0 0.0687039 0.0140952 0.0313421 0.0281903
0 0.0749322 0.0141082 0.0313856 0.0282165
0 0.087461 0.0140776 0.0313284 0.0281552
0 0.0999671 0.014077 0.0313167 0.0281541
0 0.106213 0.0140878 0.031325 0.0281756
0 0.131248 0.0140634 0.0312541 0.0281269
0 0.143745 0.0140638 0.0312601 0.0281276
0 0.149995 0.0140693 0.0312591 0.0281386
0 0.156246 0.0140701 0.0312591 0.0281401
0 0.162481 0.014069 0.0312881 0.028138
0 0.168625 0.0140679 0.031501 0.0281358
0 0.174905 0.0140683 0.0314397 0.0281366
0 0.18121 0.0140656 0.0313302 0.0281313
0 0.187427 0.0140642 0.0313957 0.0281284
0 0.193507 0.0140638 0.0317357 0.0281277
0 0.199383 0.0140641 0.0324847 0.0281282
0 0.210492 0.0140724 0.0352661 0.0281447
0 0.231235 0.0140652 0.0312798 0.0281305
0 0.256249 0.0140663 0.031252 0.0281326
0 0.318746 0.0140638 0.0312581 0.0281275
0 0.324995 0.0140753 0.0312608 0.0281505
0 0.331242 0.0141026 0.031266 0.0282052
0 0.337357 0.0140818 0.0315352 0.0281636
0 0.35 0.0140625 0.0312501 0.028125
0 0.35625 0.0140625 0.03125 0.028125
0 0.36875 0.0140625 0.0312503 0.028125
0 0.375 0.0140626 0.0312507 0.0281251
0 0.39374 0.0140627 0.0312703 0.0281254
0 0.399991 0.0140629 0.0312683 0.0281257
0 0.406232 0.014063 0.0312865 0.0281261
0 0.412423 0.0140632 0.0314032 0.0281263
0 0.43125 0.0140626 0.0312504 0.0281252
0 0.51875 0.0140656 0.0312502 0.0281312
0 0.54375 0.0140653 0.0312507 0.0281305
0 0.55 0.0140682 0.031251 0.0281364
0 0.568746 0.0140647 0.0312578 0.0281295
0 0.59374 0.0140637 0.0312696 0.0281274
0 0.599999 0.0140637 0.0312516 0.0281274
0 0.606243 0.0140626 0.0312639 0.0281252
0 0.612465 0.0140632 0.0313198 0.0281263
0 0.631249 0.0140626 0.0312511 0.0281251
0 0.68125 0.0140647 0.0312503 0.0281295
0 0.6875 0.0140666 0.0312502 0.0281333
0 0.71875 0.0140669 0.0312501 0.0281338
0 0.74375 0.0140645 0.0312501 0.0281289
0 0.76875 0.0140626 0.0312502 0.0281252
0 0.775 0.0140629 0.0312504 0.0281258
0 0.793742 0.0140627 0.0312666 0.0281253
0 0.799992 0.0140633 0.0312656 0.0281266
0 0.806244 0.0140636 0.0312626 0.0281272
0 0.812408 0.0140632 0.0314347 0.0281264
0 0.818601 0.014063 0.031548 0.028126
0 0.82495 0.0140631 0.0313492 0.0281261
0 0.831025 0.0140625 0.0316998 0.028125
0 0.83735 0.0140626 0.0315502 0.0281252
0 0.849024 0.0140625 0.0332024 0.028125
0 0.855945 0.0140625 0.0318607 0.0281251
0 0.862179 0.0140625 0.0318915 0.028125
0 0.875 0.0140625 0.031251 0.028125
0 0.91875 0.0140636 0.03125 0.0281272
0 0.94375 0.0140634 0.0312502 0.0281267
0 0.95 0.0140641 0.0312502 0.0281281
0 0.9625 0.014063 0.03125 0.0281259
0 0.96875 0.0140628 0.0312504 0.0281256
0 0.974999 0.0140633 0.0312511 0.0281265
0 0.985937 0.0171875 0.028125 0.034375
0 0.014065 0.0172724 0.0281301 0.0345447
0 0.0739957 0.0171891 0.0332586 0.0343783
0 0.0801385 0.0171903 0.0334732 0.0343806
0 0.0925849 0.0171934 0.0335811 0.0343868
0 0.0994409 0.0171917 0.0323688 0.0343834
0 0.112211 0.0172012 0.0318276 0.0344023
0 0.161762 0.0171877 0.0327255 0.0343753
0 0.173513 0.0171879 0.0342234 0.0343759
0 0.18004 0.0171882 0.0336699 0.0343765
0 0.186286 0.0171882 0.0336788 0.0343764
0 0.197866 0.0171887 0.0355185 0.0343775
