0 0.0468956 0.0105808 0.0299419 0.0211616
0 0.0520731 0.0102045 0.028606 0.0204091
0 0.059448 0.0116427 0.027406 0.0232853
0 0.0649897 0.0117017 0.0261895 0.0234035
0 0.0708436 0.00996859 0.0259904 0.0199372
0 0.141731 0.0114577 0.0349422 0.0229154
0 0.147885 0.010825 0.0312746 0.02165
0 0.152862 0.0103196 0.0262354 0.0206391
0 0.159538 0.0115028 0.0253073 0.0230055
0 0.165389 0.0109799 0.025795 0.0219599
0 0.171124 0.0113933 0.0261216 0.0227867
0 0.176599 0.0123133 0.0281917 0.0246266
0 0.182063 0.0119407 0.0282495 0.0238814
0 0.266616 0.0112112 0.0355212 0.0224224
0 0.272768 0.0106159 0.0313043 0.0212319
0 0.284509 0.0112441 0.0261547 0.0224882
0 0.289702 0.0113966 0.0291407 0.0227932
0 0.29703 0.0114493 0.0267364 0.0228985
0 0.302739 0.0108674 0.0260784 0.0217349
0 0.309078 0.0117688 0.0258779 0.0235375
0 0.314856 0.0120717 0.0266539 0.0241433
0 0.320926 0.0100677 0.0268168 0.0201355
0 0.325135 0.0115741 0.030694 0.0231482
0 0.332124 0.0113004 0.0308578 0.0226008
0 0.339822 0.0120795 0.0322863 0.024159
0 0.346901 0.0111845 0.030146 0.022369
0 0.353812 0.0108124 0.0304806 0.0216247
0 0.36372 0.0107478 0.0318322 0.0214955
0 0.369912 0.0111418 0.0330093 0.0222836
0 0.376038 0.0110305 0.0324643 0.022061
0 0.381941 0.0112842 0.0325238 0.0225684
0 0.394308 0.0114389 0.0349637 0.0228777
0 0.399888 0.0101141 0.0313366 0.0202282
0 0.403678 0.00839355 0.0264213 0.0167871
0 0.410201 0.0101405 0.027269 0.020281
0 0.417999 0.0120027 0.0328112 0.0240053
0 0.424196 0.0114299 0.0308611 0.0228598
0 0.435808 0.0119346 0.0287018 0.0238692
0 0.443788 0.0127401 0.0318018 0.0254802
0 0.449685 0.0114532 0.0307945 0.0229064
0 0.453891 0.0104893 0.0267309 0.0209787
0 0.460526 0.0116106 0.0274729 0.0232213
0 0.468338 0.0126352 0.0305808 0.0252703
0 0.473897 0.0113906 0.0291124 0.0227812
0 0.480332 0.0109392 0.029454 0.0218784
0 0.487052 0.0111284 0.0303894 0.0222567
0 0.497152 0.0117038 0.0264669 0.0234076
0 0.504453 0.0123055 0.0286711 0.024611
0 0.509923 0.012161 0.0271366 0.0243221
0 0.515701 0.0123635 0.0260654 0.024727
0 0.522356 0.0119771 0.0271549 0.0239542
0 0.52845 0.0113905 0.0271538 0.0227811
0 0.534594 0.0114137 0.0261728 0.0228273
0 0.541487 0.0117081 0.02709 0.0234161
0 0.547374 0.0113313 0.0262392 0.0226626
0 0.553309 0.0122897 0.0254507 0.0245795
0 0.55968 0.0128225 0.0260509 0.025645
0 0.56655 0.0125424 0.0289591 0.0250848
0 0.57283 0.0132379 0.0282388 0.0264758
0 0.579222 0.0134268 0.0278278 0.0268536
0 0.585236 0.0133697 0.0271755 0.0267395
0 0.592409 0.0134253 0.0290055 0.0268506
0 0.598048 0.0132494 0.0279652 0.0264989
0 0.603976 0.0132562 0.027914 0.0265123
0 0.611376 0.0135054 0.0296859 0.0270109
0 0.61641 0.0134914 0.0271397 0.0269827
0 0.622569 0.0133556 0.0267906 0.0267112
0 0.628868 0.013487 0.0272335 0.0269739
0 0.635856 0.0136028 0.029363 0.0272056
0 0.642838 0.0134313 0.0305347 0.0268626
0 0.647977 0.0129588 0.0283993 0.0259175
0 0.653813 0.0129541 0.0296296 0.0259082
0 0.660295 0.013517 0.0312741 0.0270341
0 0.666642 0.0137719 0.0318071 0.0275439
0 0.673622 0.013838 0.0301206 0.0276759
0 0.679525 0.0137872 0.028943 0.0275743
0 0.685609 0.0137478 0.0282665 0.0274955
0 0.693706 0.0137596 0.0317093 0.0275192
0 0.699973 0.013637 0.031237 0.0272739
0 0.704357 0.0123983 0.0274866 0.0247965
0 0.711112 0.0128234 0.0284904 0.0256468
0 0.717187 0.0133891 0.0283729 0.0267782
0 0.72353 0.0136609 0.0291002 0.0273218
0 0.729767 0.0138507 0.0289274 0.0277015
0 0.736079 0.0138765 0.0290862 0.027753
0 0.743261 0.0139406 0.0305054 0.0278811
0 0.749467 0.0138646 0.0302921 0.0277293
0 0.754767 0.0136603 0.028431 0.0273205
0 0.761476 0.0137158 0.0293542 0.0274316
0 0.768596 0.0138229 0.0310853 0.0276458
0 0.77478 0.0136666 0.0308697 0.0273332
0 0.780566 0.0132366 0.0299941 0.0264733
0 0.787299 0.0133014 0.030933 0.0266029
0 0.797236 0.0130664 0.0268641 0.0261328
0 0.803908 0.0136764 0.0299692 0.0273527
0 0.809136 0.0135238 0.0278137 0.0270476
0 0.815818 0.013728 0.0275066 0.0274559
0 0.822317 0.0135439 0.0296381 0.0270878
0 0.828412 0.0136714 0.027565 0.0273427
0 0.834784 0.0135441 0.0287876 0.0270882
0 0.841021 0.0135697 0.028092 0.0271394
0 0.847281 0.0137527 0.0280357 0.0275054
0 0.854177 0.0138024 0.0295426 0.0276048
0 0.859945 0.0138076 0.0275906 0.0276152
0 0.866215 0.013785 0.0279363 0.02757
0 0.872463 0.0137618 0.0286461 0.0275236
0 0.878588 0.0137855 0.0287354 0.0275709
0 0.884858 0.0138301 0.0289879 0.0276601
0 0.892359 0.0137747 0.0329445 0.0275494
0 0.899735 0.0139137 0.0311646 0.0278274
0 0.905118 0.0137495 0.0291473 0.027499
0 0.912363 0.0135555 0.0310357 0.027111
0 0.917632 0.0131359 0.0291088 0.0262717
0 0.924092 0.0131491 0.0296764 0.0262982
0 0.930586 0.0134534 0.0306748 0.0269067
0 0.936491 0.0137511 0.0307068 0.0275022
0 0.943456 0.0138489 0.0316193 0.0276978
0 0.949773 0.0138794 0.0313866 0.0277589
0 0.961538 0.0138578 0.0308064 0.0277156
0 0.965928 0.0139802 0.0267498 0.0279604
0 0.971914 0.0139798 0.0284584 0.0279597
0 0.979627 0.0139915 0.0341579 0.0279831
0 0.985765 0.0139456 0.0284691 0.0278913
0 0.976562 0.038545 0.046875 0.07709
0 0.0268077 0.0139992 0.0374779 0.0279985
0 0.03454 0.0140215 0.030656 0.0280431
0 0.0396416 0.0141758 0.0417772 0.0283517
0 0.0466934 0.0136288 0.0376845 0.0272576
0 0.0585662 0.0125241 0.0372194 0.0250482
0 0.0752202 0.0141622 0.034021 0.0283244
0 0.0812401 0.0134753 0.0355492 0.0269506
0 0.103922 0.0124103 0.0368441 0.0248206
0 0.130467 0.0123189 0.036244 0.0246379
0 0.136576 0.0135352 0.0358091 0.0270705
0 0.146947 0.0135591 0.0378033 0.0271182
0 0.159013 0.011833 0.0361233 0.023666
0 0.16922 0.0121265 0.0366141 0.024253
0 0.175977 0.0138654 0.0375655 0.0277309
0 0.184817 0.0145236 0.0375664 0.0290472
0 0.190402 0.012406 0.0363597 0.0248119
0 0.230039 0.0124308 0.0374625 0.0248616
0 0.252968 0.0156971 0.0412792 0.0313942
0 0.259687 0.0154847 0.038174 0.0309693
0 0.271843 0.013918 0.0377458 0.0278361
0 0.282157 0.0132232 0.036821 0.0264464
0 0.288325 0.0123608 0.0414371 0.0247215
0 0.29639 0.0129426 0.0381224 0.0258852
0 0.306893 0.0117978 0.0370859 0.0235957
0 0.31593 0.0113008 0.0371818 0.0226017
0 0.325658 0.0135532 0.0401259 0.0271065
0 0.33202 0.0123234 0.0384486 0.0246467
0 0.339479 0.0125739 0.0411555 0.0251478
0 0.409103 0.0110213 0.0369234 0.0220427
0 0.496616 0.011022 0.0369154 0.022044
0 0.509347 0.0111954 0.0374297 0.0223907
0 0.52184 0.0111594 0.0375497 0.0223189
0 0.534353 0.0109931 0.0373823 0.0219862
0 0.546924 0.0109598 0.0373996 0.0219197
0 0.559386 0.0109626 0.0374007 0.0219253
0 0.571978 0.0109747 0.0373179 0.0219494
0 0.584598 0.0109838 0.0370733 0.0219677
0 0.597168 0.0110503 0.0369142 0.0221007
0 0.609687 0.0109912 0.0368912 0.0219823
0 0.62202 0.011012 0.0372061 0.0220241
0 0.634592 0.0110665 0.0370756 0.022133
0 0.64698 0.0109886 0.0372778 0.0219772
0 0.659616 0.0109929 0.0370433 0.0219858
0 0.665971 0.0110149 0.0368612 0.0220298
0 0.672539 0.0109787 0.0362162 0.0219574
0 0.678874 0.0109651 0.0360268 0.0219303
0 0.685291 0.0109654 0.0356835 0.0219309
0 0.716191 0.0109581 0.0363711 0.0219161
0 0.728921 0.0109569 0.035916 0.0219138
0 0.79694 0.0109458 0.0373615 0.0218915
0 0.809377 0.0109706 0.0374843 0.0219412
0 0.821873 0.010966 0.0375078 0.0219319
0 0.834412 0.0109683 0.0374244 0.0219366
0 0.846885 0.0109506 0.0374804 0.0219013
0 0.859408 0.0109567 0.037439 0.0219134
0 0.871921 0.0109641 0.0374138 0.0219281
0 0.884396 0.0109717 0.0374632 0.0219435
0 0.890844 0.0109757 0.0370869 0.0219514
0 0.897479 0.0109561 0.0363113 0.0219122
0 0.934755 0.0109465 0.0367416 0.0218931
0 0.942293 0.0109432 0.0341736 0.0218863
0 0.954081 0.0109404 0.0355908 0.0218808
0 0.961272 0.010941 0.0337173 0.021882
0 0.972399 0.0109482 0.0364716 0.0218963
0 0.980253 0.0110447 0.0336815 0.0220893
0 0.988566 0.0109381 0.0202225 0.0218763
0 0.0532522 0.0145636 0.0374009 0.0291271
0 0.0661392 0.0146619 0.0376198 0.0293238
0 0.131848 0.0149364 0.034914 0.0298728
0 0.150154 0.0157815 0.0353437 0.0315629
0 0.161417 0.0144641 0.0342337 0.0289281
0 0.193506 0.0150065 0.0356178 0.0300129
0 0.243966 0.0165866 0.0355703 0.0331733
0 0.266753 0.0162651 0.0387792 0.0325301
0 0.278033 0.0145323 0.0376984 0.0290646
0 0.284463 0.0159349 0.0372993 0.0318697
0 0.303124 0.0145667 0.0374754 0.0291335
0 0.31549 0.0150069 0.0373733 0.0300139
0 0.348155 0.0141849 0.0354182 0.0283699
0 0.354984 0.0142773 0.0345361 0.0285547
0 0.366455 0.0143702 0.036112 0.0287404
0 0.37275 0.0148244 0.0362745 0.0296488
0 0.384751 0.0145231 0.0367227 0.0290462
0 0.394969 0.0147747 0.0375995 0.0295494
0 0.404457 0.0142372 0.0348615 0.0284744
0 0.411001 0.0143898 0.0344677 0.0287796
0 0.419022 0.0144638 0.032426 0.0289275
0 0.424909 0.014391 0.0318624 0.028782
0 0.430749 0.0143182 0.0323193 0.0286364
0 0.437168 0.0143583 0.0320891 0.0287165
0 0.450041 0.0142893 0.0315203 0.0285785
0 0.455946 0.0141952 0.0318758 0.0283905
0 0.462317 0.0143046 0.0316631 0.0286092
0 0.474945 0.0142791 0.031427 0.0285582
0 0.481089 0.0141642 0.0315983 0.0283285
0 0.48742 0.0141486 0.0314553 0.0282971
0 0.493445 0.0141585 0.0318685 0.0283169
0 0.499546 0.0141789 0.0321755 0.0283577
0 0.505858 0.0142017 0.0320958 0.0284035
0 0.516797 0.0142596 0.0351804 0.0285191
0 0.523537 0.0142853 0.0342221 0.0285705
0 0.535151 0.0141523 0.0359529 0.0283047
0 0.548131 0.014144 0.0350033 0.0282879
0 0.560221 0.0142423 0.0358164 0.0284845
0 0.567253 0.014461 0.0342692 0.0289221
0 0.573786 0.0142977 0.0336927 0.0285955
0 0.580314 0.0142903 0.0331295 0.0285807
0 0.587045 0.0144097 0.0321678 0.0288193
0 0.599815 0.0143391 0.0316292 0.0286781
0 0.618603 0.0143577 0.0315484 0.0287153
0 0.624891 0.0143308 0.0314739 0.0286617
0 0.631163 0.0141878 0.0314279 0.0283755
0 0.649824 0.0141742 0.0316055 0.0283485
0 0.706234 0.0141185 0.0312822 0.0282371
0 0.712482 0.0142032 0.0312866 0.0284064
0 0.793731 0.0140915 0.0312879 0.0281829
0 0.956242 0.0141607 0.0312651 0.0283213
0 0.0275637 0.0183486 0.0368095 0.0352385
0 0.0393213 0.0198691 0.0403859 0.0397381
0 0.0462381 0.0195748 0.0390581 0.0391496
0 0.0529883 0.019169 0.0379221 0.038338
0 0.0595363 0.0188422 0.0372053 0.0376843
0 0.070049 0.0181882 0.0339134 0.0363763
0 0.0772062 0.0202677 0.0416077 0.0405354
0 0.144413 0.0185385 0.0364419 0.0370769
0 0.15393 0.0176226 0.0359943 0.0352452
0 0.160403 0.0179193 0.0356139 0.0358386
0 0.172399 0.0178163 0.0368614 0.0356325
0 0.203433 0.0195894 0.0400335 0.038171
0 0.248177 0.019555 0.0363468 0.03911
0 0.290632 0.0190855 0.0375159 0.038171
0 0.30939 0.0180441 0.0374755 0.0360882
0 0.319835 0.0173747 0.033433 0.0347494
0 0.328331 0.0194441 0.0383105 0.0388883
0 0.334355 0.0178301 0.0373638 0.0356603
0 0.341454 0.0187514 0.0367693 0.0375028
0 0.347698 0.0180124 0.0362673 0.0360247
0 0.354538 0.0180332 0.0349143 0.0360663
0 0.366738 0.0180313 0.0354349 0.0360627
0 0.372895 0.0186812 0.0359087 0.0373625
0 0.384642 0.0185686 0.0370117 0.0371371
0 0.39273 0.0185117 0.037475 0.0370233
0 0.399406 0.0176584 0.0334215 0.0353169
0 0.504845 0.0176643 0.034072 0.0353286
0 0.51083 0.0178283 0.0345995 0.0356567
0 0.522738 0.0179451 0.0357828 0.0358901
0 0.534742 0.0176943 0.0367686 0.0353886
0 0.547592 0.0175236 0.0360721 0.0350471
0 0.55971 0.017691 0.036833 0.0353819
0 0.566123 0.0175769 0.0365143 0.0351538
0 0.578911 0.0173574 0.0359318 0.0347148
0 0.58543 0.0175067 0.0353959 0.0350135
0 0.592216 0.0175334 0.0343245 0.0350667
0 0.598547 0.0174486 0.0341596 0.0348972
0 0.604884 0.0173161 0.0339847 0.0346323
0 0.611176 0.0174437 0.0339047 0.0348875
0 0.630324 0.0172313 0.0331027 0.0344625
0 0.63673 0.0172282 0.032791 0.0344565
0 0.642555 0.0172817 0.0336429 0.0345635
0 0.648591 0.0173115 0.0340686 0.0346229
0 0.6549 0.0173645 0.0339516 0.0347289
0 0.661777 0.0174329 0.0326983 0.0348657
0 0.668375 0.0173305 0.0320042 0.034661
0 0.674785 0.0172634 0.0316814 0.0345269
0 0.681072 0.017246 0.0316058 0.0344919
0 0.687334 0.0172667 0.0315834 0.0345334
0 0.799894 0.0172068 0.0314615 0.0344137
0 0.806034 0.0172895 0.0316828 0.0345791
0 0.816955 0.0172259 0.0348408 0.0344518
0 0.823268 0.0172227 0.0347145 0.0344455
0 0.830169 0.0171923 0.0334123 0.0343846
0 0.841312 0.0172093 0.0361269 0.0344186
0 0.854365 0.0172233 0.0350212 0.0344465
0 0.860897 0.0171971 0.0344563 0.0343942
0 0.867603 0.0171984 0.0335438 0.0343969
0 0.873754 0.0172064 0.0337433 0.0344127
