0 0.0108868 0.00866961 0.0207069 0.0173392
0 0.023752 0.0112307 0.0321925 0.0224614
0 0.0301502 0.0110161 0.0324457 0.0220321
0 0.0361622 0.0116145 0.0322817 0.0232291
0 0.0432132 0.011743 0.0351853 0.0234859
0 0.0484898 0.0110907 0.0325223 0.0221813
0 0.0540366 0.0105299 0.0313992 0.0210599
0 0.0601188 0.0113494 0.0318366 0.0226989
0 0.0678498 0.0120966 0.0362631 0.0241931
0 0.0737786 0.0117376 0.0337867 0.0234753
0 0.085692 0.0113465 0.0322289 0.0226929
0 0.0940415 0.0119227 0.0342942 0.0238454
0 0.0997785 0.0110589 0.0318356 0.0221177
0 0.109939 0.0117882 0.0330851 0.0235764
0 0.116899 0.0131789 0.0347574 0.0263577
0 0.123109 0.0130146 0.0331591 0.0260292
0 0.13052 0.0129792 0.0321751 0.0259584
0 0.136067 0.0126022 0.0303991 0.0252045
0 0.142619 0.0119783 0.0294144 0.0239567
0 0.148448 0.0108687 0.0282793 0.0217375
0 0.15317 0.0107318 0.0252962 0.0214635
0 0.159661 0.0109717 0.0256754 0.0219435
0 0.166189 0.0105893 0.0262948 0.0211786
0 0.172076 0.0106398 0.0254342 0.0212797
0 0.178114 0.00896066 0.0250287 0.0179213
0 0.184372 0.0105361 0.0250149 0.0210722
0 0.193754 0.0109308 0.0312689 0.0218617
0 0.199999 0.00868873 0.0312485 0.0173775
0 0.209382 0.0091101 0.0250139 0.0182202
0 0.216383 0.0135637 0.0265158 0.0271274
0 0.222492 0.0138811 0.026237 0.0277623
0 0.229215 0.0139673 0.0271864 0.0279346
0 0.235142 0.0139277 0.0265377 0.0278555
0 0.240786 0.0138381 0.0253252 0.0276761
0 0.247223 0.0139133 0.025707 0.0278266
0 0.254488 0.0139589 0.027738 0.0279179
0 0.259861 0.0138652 0.0259753 0.0277305
0 0.266123 0.0137358 0.0259975 0.0274716
0 0.272229 0.0137401 0.0257113 0.0274803
0 0.278767 0.0138007 0.0262883 0.0276015
0 0.284788 0.0138097 0.025829 0.0276195
0 0.293171 0.0137736 0.0300937 0.0275472
0 0.297952 0.0131762 0.0271545 0.0263524
0 0.303571 0.0127494 0.025892 0.0254988
0 0.31009 0.013671 0.0264327 0.0273421
0 0.318165 0.0139155 0.0300857 0.027831
0 0.328396 0.013729 0.0255439 0.0274579
0 0.335102 0.0139114 0.0264586 0.0278229
0 0.343748 0.0139772 0.031248 0.0279545
0 0.349972 0.0131423 0.0311948 0.0262846
0 0.360527 0.0126817 0.0273035 0.0253635
0 0.368732 0.013873 0.0312145 0.027746
0 0.374912 0.0135417 0.0310732 0.0270833
0 0.385347 0.0138018 0.0269434 0.0276036
0 0.39375 0.0140262 0.0312497 0.0280524
0 0.399999 0.0135754 0.0312477 0.0271508
0 0.41208 0.0139425 0.0304109 0.027885
0 0.418724 0.0140583 0.0311976 0.0281166
0 0.424927 0.0140542 0.0311035 0.0281084
0 0.43032 0.0140471 0.0293899 0.0280943
0 0.437282 0.0140579 0.0308151 0.0281158
0 0.448486 0.0140605 0.02824 0.0281211
0 0.455633 0.0140618 0.0300899 0.0281236
0 0.461946 0.0140619 0.0302196 0.0281239
0 0.465635 0.0140612 0.0250291 0.0281223
0 0.47193 0.0140548 0.0251993 0.0281096
0 0.479133 0.0140547 0.0277185 0.0281095
0 0.484846 0.0140548 0.0264261 0.0281097
0 0.490967 0.014057 0.0257145 0.0281141
0 0.497246 0.0140474 0.0257441 0.0280947
0 0.503132 0.0132383 0.0250145 0.0264767
0 0.509377 0.0113166 0.0250046 0.0226333
0 0.515629 0.0109494 0.0250072 0.0218987
0 0.521883 0.0109372 0.0250151 0.0218745
0 0.528125 0.0109177 0.025 0.0218354
0 0.534375 0.0109362 0.025 0.0218724
0 0.540626 0.0109342 0.0250019 0.0218685
0 0.546877 0.0109358 0.0250039 0.0218715
0 0.553125 0.0103686 0.025 0.0207373
0 0.559375 0.0109569 0.025 0.0219138
0 0.568662 0.0109419 0.0310777 0.0218838
0 0.578328 0.0140588 0.0254059 0.0281176
0 0.585628 0.0140617 0.0275057 0.0281235
0 0.591139 0.0140621 0.0260335 0.0281243
0 0.597517 0.0140624 0.0263714 0.0281248
0 0.605807 0.0140625 0.0306829 0.028125
0 0.616674 0.0140625 0.0271389 0.0281249
0 0.623605 0.0140625 0.0287227 0.0281249
0 0.630753 0.0140625 0.0307344 0.0281249
0 0.636519 0.0140625 0.0294229 0.0281249
0 0.640625 0.0140624 0.0250019 0.0281248
0 0.646873 0.0140612 0.0250347 0.0281224
0 0.654859 0.01406 0.0302826 0.0281201
0 0.665656 0.0140616 0.0250751 0.0281233
0 0.671983 0.0140588 0.0252354 0.0281175
0 0.678174 0.0140474 0.025099 0.0280947
0 0.684386 0.014039 0.0250217 0.0280781
0 0.691221 0.0140259 0.0261924 0.0280517
0 0.698081 0.0138013 0.0274116 0.0276026
0 0.703195 0.0140281 0.0251409 0.0280561
0 0.70956 0.0140465 0.0253699 0.028093
0 0.715662 0.0140375 0.0250738 0.028075
0 0.721917 0.014024 0.0250849 0.028048
0 0.728141 0.0137458 0.0250328 0.0274917
0 0.734382 0.0129137 0.0250145 0.0258274
0 0.741545 0.0127647 0.026839 0.0255293
0 0.747843 0.0112847 0.0269354 0.0225694
0 0.753136 0.0140101 0.0250214 0.0280202
0 0.759512 0.0140419 0.0252736 0.0280837
0 0.768725 0.0139829 0.0312182 0.0279657
0 0.774432 0.0140271 0.030114 0.0280542
0 0.785689 0.0140625 0.0276307 0.0281249
0 0.792333 0.0140625 0.0285444 0.0281249
0 0.79838 0.0140625 0.0285233 0.028125
0 0.805631 0.0140625 0.0304725 0.028125
0 0.811005 0.0140625 0.028343 0.028125
0 0.818122 0.0140625 0.0301352 0.028125
0 0.824324 0.0140625 0.0300621 0.028125
0 0.830441 0.0140625 0.0297607 0.028125
0 0.836621 0.0140625 0.0295841 0.028125
0 0.843376 0.0140625 0.0307148 0.028125
0 0.849523 0.0140625 0.030551 0.028125
0 0.855928 0.0140625 0.0306744 0.028125
0 0.86203 0.0140625 0.0303322 0.028125
0 0.873191 0.0140625 0.0277596 0.028125
0 0.881016 0.0140625 0.0312796 0.028125
0 0.88687 0.0140625 0.0301176 0.028125
0 0.897648 0.0140625 0.0267025 0.028125
0 0.905945 0.0140625 0.0311508 0.028125
0 0.911689 0.0140625 0.0297943 0.028125
0 0.923003 0.0140625 0.0274552 0.028125
0 0.931055 0.0140625 0.0312309 0.028125
0 0.937249 0.0140625 0.0308304 0.0281249
0 0.940656 0.0140624 0.0250667 0.0281248
0 0.947012 0.0140622 0.0255299 0.0281244
0 0.955502 0.0140624 0.0314052 0.0281248
0 0.961308 0.0140621 0.029298 0.0281242
0 0.965643 0.0140615 0.0250471 0.0281231
0 0.971862 0.0140599 0.0252674 0.0281199
0 0.98064 0.0140575 0.0324699 0.028115
0 0.985934 0.0140497 0.028133 0.0280994
0 0.976562 0.0478937 0.046875 0.0957874
0 0.00949764 0.0128676 0.0189953 0.0257352
0 0.0147845 0.0107849 0.0286111 0.0215698
0 0.0195169 0.0121779 0.034733 0.0243559
0 0.0794735 0.01111 0.0348506 0.0222199
0 0.11796 0.0113413 0.034081 0.0226826
0 0.124232 0.0112283 0.033588 0.0224567
0 0.159312 0.0109944 0.0372974 0.0219888
0 0.171873 0.0110897 0.0375031 0.0221795
0 0.182856 0.0109828 0.0347425 0.0219656
0 0.209625 0.0109375 0.0369985 0.021875
0 0.221922 0.0109379 0.0374059 0.0218757
0 0.234563 0.0109379 0.0371242 0.0218759
0 0.246905 0.010938 0.0374404 0.021876
0 0.2594 0.0109386 0.0374502 0.0218772
0 0.271898 0.0109387 0.0374534 0.0218773
0 0.284391 0.0109397 0.0374682 0.0218793
0 0.297055 0.0109387 0.0371408 0.0218775
0 0.30945 0.010938 0.0373502 0.0218761
0 0.321954 0.0109385 0.0373412 0.021877
0 0.334423 0.010938 0.0374049 0.021876
0 0.378382 0.0109375 0.0369861 0.021875
0 0.385143 0.0109375 0.035964 0.021875
0 0.40571 0.0109375 0.0323309 0.021875
0 0.442379 0.0109375 0.033992 0.021875
0 0.448675 0.0109375 0.0338995 0.021875
0 0.454892 0.0109375 0.0339651 0.021875
0 0.465641 0.0109375 0.037468 0.021875
0 0.478133 0.0109382 0.0374836 0.0218763
0 0.490625 0.0109375 0.0374996 0.021875
0 0.503125 0.0109375 0.0374999 0.021875
0 0.515625 0.0109375 0.0375 0.021875
0 0.528125 0.0109375 0.0375 0.021875
0 0.540625 0.0109375 0.0375 0.021875
0 0.553125 0.0109375 0.0375 0.021875
0 0.578125 0.0109375 0.0374999 0.021875
0 0.590626 0.0109375 0.0374988 0.021875
0 0.603126 0.0109375 0.0374975 0.021875
0 0.609376 0.0109375 0.0374985 0.021875
0 0.621923 0.0109375 0.0374044 0.021875
0 0.634569 0.0109375 0.0371126 0.021875
0 0.646875 0.0109375 0.0374992 0.021875
0 0.659375 0.0109375 0.0375 0.021875
0 0.671875 0.0109375 0.0375 0.021875
0 0.684375 0.0109375 0.0375 0.021875
0 0.696875 0.0109375 0.0374999 0.021875
0 0.709376 0.0109375 0.0374973 0.021875
0 0.721875 0.0109375 0.0375 0.021875
0 0.734375 0.0109375 0.0375 0.021875
0 0.759376 0.0109375 0.0374981 0.021875
0 0.771884 0.0109375 0.0374812 0.021875
0 0.784391 0.0109375 0.0374678 0.021875
0 0.796875 0.0109375 0.0374991 0.021875
0 0.803126 0.0109375 0.0374987 0.021875
0 0.809376 0.0109375 0.037499 0.021875
0 0.821896 0.0109375 0.0374588 0.021875
0 0.834432 0.0109375 0.0373865 0.021875
0 0.847146 0.0109375 0.0369579 0.021875
0 0.854095 0.0109375 0.035561 0.021875
0 0.860933 0.0109375 0.0343849 0.021875
0 0.87222 0.0109375 0.0368107 0.021875
0 0.878907 0.0109375 0.0359364 0.021875
0 0.891034 0.0109375 0.0366821 0.021875
0 0.903721 0.0109375 0.0363075 0.021875
0 0.915983 0.0109375 0.0367849 0.021875
0 0.929207 0.0109375 0.0353363 0.021875
0 0.940734 0.0109375 0.0372829 0.021875
0 0.953319 0.0109378 0.0371116 0.0218756
0 0.965633 0.0109375 0.0374832 0.021875
0 0.979502 0.0109389 0.0347622 0.0218778
0 0.987884 0.0109375 0.0195179 0.021875
0 0.0109046 0.014963 0.0218091 0.0299259
0 0.0249869 0.0147883 0.0327789 0.0295766
0 0.0309688 0.0145671 0.0324979 0.0291342
0 0.0371332 0.0146842 0.0326085 0.0293684
0 0.0436708 0.0146224 0.0329122 0.0292448
0 0.04977 0.0146129 0.0325383 0.0292258
0 0.0555633 0.0145598 0.032936 0.0291195
0 0.0619742 0.0146 0.0327109 0.0292
0 0.0748239 0.0144751 0.0324805 0.0289502
0 0.0806083 0.0144757 0.0328447 0.0289514
0 0.0869394 0.0147443 0.0328261 0.0294885
0 0.0941535 0.0148345 0.0327909 0.0296689
0 0.100083 0.0145159 0.0318839 0.0290318
0 0.105698 0.0143876 0.0323904 0.0287752
0 0.112173 0.014854 0.0321551 0.0297079
0 0.137303 0.0147452 0.0317047 0.0294905
0 0.143448 0.0144026 0.0320294 0.0288053
0 0.149969 0.0143175 0.0315263 0.028635
0 0.160143 0.0143376 0.0359659 0.0286752
0 0.17188 0.0164706 0.0374907 0.0329413
0 0.178125 0.0140914 0.0374999 0.0281829
0 0.184375 0.0149608 0.0374998 0.0299216
0 0.195189 0.0142665 0.0407367 0.028533
0 0.205837 0.0140625 0.0320769 0.028125
0 0.212481 0.0140628 0.0312878 0.0281257
0 0.21875 0.0140628 0.0312502 0.0281256
0 0.225 0.0140627 0.0312507 0.0281254
0 0.243747 0.0140643 0.031256 0.0281286
0 0.249996 0.014067 0.0312577 0.0281341
0 0.262495 0.0140724 0.0312595 0.0281448
0 0.268745 0.0140769 0.0312608 0.0281538
0 0.274994 0.0140828 0.0312627 0.0281657
0 0.281245 0.0140955 0.0312598 0.0281909
0 0.287493 0.0140889 0.0312647 0.0281778
0 0.299998 0.0140742 0.0312532 0.0281483
0 0.306245 0.0140713 0.0312604 0.0281426
0 0.312497 0.014073 0.0312562 0.0281459
0 0.324999 0.0140693 0.0312525 0.0281386
0 0.331245 0.0140693 0.0312607 0.0281386
0 0.337497 0.0140759 0.0312551 0.0281519
0 0.35625 0.0140629 0.0312509 0.0281259
0 0.3625 0.014066 0.0312506 0.028132
0 0.38125 0.0140631 0.0312503 0.0281262
0 0.40625 0.0140628 0.03125 0.0281256
0 0.44375 0.0140631 0.03125 0.0281262
0 0.5 0.0140625 0.0312506 0.0281251
0 0.506244 0.0140625 0.0312614 0.028125
0 0.515649 0.0140625 0.0374518 0.028125
0 0.528125 0.0140625 0.0375 0.028125
0 0.540625 0.0140625 0.0375 0.028125
0 0.553125 0.0140625 0.0375 0.028125
0 0.568615 0.0140625 0.0315207 0.028125
0 0.574999 0.0140625 0.0312521 0.028125
0 0.58125 0.0140625 0.03125 0.028125
0 0.6125 0.0140625 0.03125 0.028125
0 0.675 0.0140626 0.031251 0.0281252
0 0.681249 0.0140625 0.0312525 0.028125
0 0.687385 0.0140625 0.0314802 0.028125
0 0.693745 0.0140625 0.0312592 0.028125
0 0.70625 0.0140625 0.0312502 0.028125
0 0.7125 0.0140625 0.03125 0.028125
0 0.71875 0.0140625 0.03125 0.028125
0 0.725 0.0140625 0.0312502 0.028125
0 0.731248 0.0140625 0.0312541 0.028125
0 0.737475 0.0140625 0.0313007 0.028125
0 0.743748 0.0140625 0.0312535 0.028125
0 0.75 0.0140625 0.0312502 0.028125
0 0.75625 0.0140625 0.0312502 0.028125
0 0.7625 0.0140625 0.0312501 0.028125
0 0.78125 0.0140625 0.03125 0.028125
0 0.86875 0.0140625 0.03125 0.028125
0 0.89375 0.0140626 0.03125 0.0281252
0 0.91875 0.0140628 0.03125 0.0281256
0 0.989063 0.0140645 0.021875 0.0281289
0 0.0149216 0.0184099 0.0298432 0.0368198
0 0.0680433 0.0180046 0.0339211 0.0360091
0 0.0801763 0.0180151 0.0336019 0.0360302
0 0.0867753 0.0184185 0.0330223 0.036837
0 0.0936572 0.0182101 0.0325857 0.0364203
0 0.118687 0.0177298 0.0317224 0.0354597
0 0.124951 0.0175896 0.0315502 0.0351792
0 0.143365 0.018265 0.0321176 0.03653
0 0.155367 0.0172342 0.0330154 0.0344685
0 0.165744 0.0172118 0.0372631 0.0344236
0 0.192055 0.0175211 0.0402692 0.0350421
0 0.199851 0.0171877 0.0315494 0.0343753
0 0.287067 0.0171918 0.0321153 0.0343836
0 0.45625 0.0171875 0.03125 0.0343751
