0 0.00782365 0.0108161 0.0156473 0.0216322
0 0.0125118 0.00781262 0.0187882 0.0156252
0 0.0186677 0.0107008 0.0310855 0.0214016
0 0.0245522 0.0103818 0.0303549 0.0207637
0 0.0352161 0.011987 0.0266845 0.0239741
0 0.0420472 0.0131667 0.027849 0.0263334
0 0.0477112 0.0127402 0.0266733 0.0254804
0 0.0536158 0.0126356 0.0259823 0.0252712
0 0.0603034 0.0129383 0.0268577 0.0258765
0 0.0661135 0.0131437 0.0259794 0.0262874
0 0.0724248 0.0132659 0.0261046 0.0265317
0 0.0787913 0.0135042 0.0263395 0.0270084
0 0.0850353 0.0136191 0.0263386 0.0272382
0 0.0923129 0.0136782 0.0283898 0.0273563
0 0.0981492 0.0135483 0.0275552 0.0270966
0 0.103758 0.0133961 0.0262699 0.0267922
0 0.11022 0.0136442 0.0266989 0.0272884
0 0.118428 0.0137848 0.0306188 0.0275697
0 0.123191 0.0132893 0.0276349 0.0265787
0 0.128606 0.0131463 0.0259627 0.0262927
0 0.135547 0.013385 0.0273447 0.0267699
0 0.141108 0.0136002 0.0259727 0.0272003
0 0.147617 0.0137089 0.0265156 0.0274177
0 0.154352 0.0138681 0.0275354 0.0277362
0 0.160405 0.0139108 0.0272132 0.0278216
0 0.168278 0.0139276 0.0303807 0.0278551
0 0.174519 0.0138615 0.0303 0.027723
0 0.186681 0.0135149 0.0296146 0.0270298
0 0.191625 0.0137559 0.0270046 0.0275117
0 0.197598 0.0136535 0.026448 0.027307
0 0.203596 0.0138144 0.0259461 0.0276287
0 0.210157 0.0139223 0.0265762 0.0278446
0 0.218262 0.0139618 0.0302853 0.0279236
0 0.223328 0.0136431 0.0279072 0.0272862
0 0.228225 0.0131885 0.0252011 0.0263771
0 0.235195 0.0138034 0.0266414 0.0276067
0 0.243218 0.0139281 0.0301881 0.0278562
0 0.248275 0.0122685 0.0278011 0.024537
0 0.25317 0.0124413 0.0250897 0.0248827
0 0.260242 0.0135641 0.0267345 0.0271282
0 0.265669 0.013909 0.0250914 0.0278179
0 0.271935 0.0139545 0.0251345 0.027909
0 0.279613 0.0139752 0.0281587 0.0279503
0 0.284856 0.0139657 0.0260783 0.0279314
0 0.291197 0.0139873 0.0261981 0.0279746
0 0.29767 0.0140111 0.0267411 0.0280222
0 0.30429 0.0140351 0.0277046 0.0280701
0 0.310375 0.0140377 0.0274126 0.0280754
0 0.318129 0.0140343 0.0307481 0.0280687
0 0.324778 0.0140425 0.0308967 0.0280849
0 0.330619 0.0140096 0.0300142 0.0280192
0 0.337377 0.0139414 0.031016 0.0278829
0 0.348531 0.0138565 0.028993 0.027713
0 0.355486 0.0140284 0.0308068 0.0280569
0 0.361181 0.0140219 0.0298825 0.0280438
0 0.367621 0.0140345 0.0296127 0.0280689
0 0.373887 0.0140382 0.0295456 0.0280764
0 0.380033 0.0140381 0.0290853 0.0280763
0 0.386498 0.0140275 0.0294007 0.028055
0 0.397286 0.0140074 0.0263051 0.0280148
0 0.40497 0.0140344 0.0301454 0.0280688
0 0.410496 0.0140247 0.0279786 0.0280494
0 0.416158 0.0140197 0.0263207 0.0280394
0 0.422477 0.0140104 0.0266662 0.0280207
0 0.429938 0.0140003 0.0291736 0.0280005
0 0.435759 0.0139665 0.0280784 0.0279329
0 0.441748 0.0139221 0.0273948 0.0278442
0 0.447926 0.0139026 0.0272717 0.0278052
0 0.454387 0.013912 0.0276995 0.0278241
0 0.460368 0.013911 0.0271512 0.0278219
0 0.468172 0.013918 0.0301607 0.027836
0 0.474225 0.0138228 0.0297163 0.0276456
0 0.478971 0.0135233 0.0267057 0.0270466
0 0.485413 0.0136971 0.0270978 0.0273942
0 0.493666 0.01388 0.031104 0.02776
0 0.49985 0.0138109 0.0309534 0.0276218
0 0.5114 0.0138211 0.0290678 0.0276422
0 0.5185 0.0140013 0.0307864 0.0280026
0 0.524689 0.0139578 0.0306389 0.0279157
0 0.536702 0.0139562 0.0296812 0.0279123
0 0.548105 0.0140194 0.0277565 0.0280388
0 0.555053 0.0140354 0.0292241 0.0280708
0 0.560653 0.0140182 0.0276529 0.0280365
0 0.56588 0.0140046 0.0255256 0.0280093
0 0.572908 0.0137068 0.0270723 0.0274137
0 0.578128 0.0126838 0.0250068 0.0253677
0 0.584387 0.0135736 0.0250239 0.0271471
0 0.593744 0.0122286 0.0312536 0.0244572
0 0.599941 0.0109541 0.0311314 0.0219082
0 0.611218 0.0138373 0.0286865 0.0276745
0 0.6219 0.0140482 0.0250723 0.0280964
0 0.630256 0.0140475 0.0303184 0.0280951
0 0.635038 0.0140461 0.0269026 0.0280922
0 0.641116 0.0140382 0.0262651 0.0280763
0 0.647108 0.0140415 0.0263001 0.0280829
0 0.654454 0.0140495 0.0287382 0.0280991
0 0.660227 0.0140457 0.0272318 0.0280914
0 0.667546 0.0140442 0.0291101 0.0280884
0 0.672973 0.0140405 0.0272802 0.028081
0 0.679135 0.014034 0.0271543 0.028068
0 0.686132 0.0140444 0.0290594 0.0280888
0 0.692258 0.0140481 0.0302215 0.0280962
0 0.698343 0.0140557 0.0300164 0.0281113
0 0.705283 0.0140583 0.0301899 0.0281165
0 0.71102 0.014057 0.028657 0.028114
0 0.718466 0.0140549 0.0308154 0.0281098
0 0.724809 0.0140558 0.030917 0.0281115
0 0.72999 0.0140463 0.0287689 0.0280926
0 0.736669 0.0140513 0.0297248 0.0281026
0 0.74351 0.0140568 0.0308806 0.0281136
0 0.749373 0.0140486 0.0300329 0.0280973
0 0.761361 0.0140545 0.0290126 0.028109
0 0.767516 0.014058 0.0288501 0.028116
0 0.773657 0.0140495 0.0285792 0.0280989
0 0.778419 0.0140382 0.0255913 0.0280764
0 0.785724 0.0140431 0.0277109 0.0280863
0 0.790648 0.0140476 0.0250475 0.0280952
0 0.797001 0.0140155 0.0252581 0.028031
0 0.803292 0.0136906 0.0253387 0.0273812
0 0.809447 0.012946 0.0251442 0.0258921
0 0.815685 0.0132692 0.0251198 0.0265383
0 0.821942 0.0136069 0.0251343 0.0272138
0 0.828537 0.0139421 0.0258263 0.0278842
0 0.83483 0.013969 0.0259216 0.027938
0 0.843401 0.0138359 0.0317307 0.0276718
0 0.849417 0.0139908 0.030254 0.0279816
0 0.854566 0.0140557 0.0278954 0.0281115
0 0.861165 0.014058 0.0285923 0.028116
0 0.867292 0.0140567 0.0283886 0.0281134
0 0.873974 0.0140601 0.0295307 0.0281202
0 0.880805 0.0140613 0.0306221 0.0281225
0 0.886486 0.0140601 0.0293081 0.0281203
0 0.890782 0.0140577 0.0253463 0.0281153
0 0.897344 0.0140561 0.0267067 0.0281123
0 0.904985 0.0140603 0.0323551 0.0281205
0 0.911045 0.0140593 0.0296209 0.0281186
0 0.916136 0.0140581 0.0262728 0.0281162
0 0.92256 0.0140553 0.0274033 0.0281106
0 0.930811 0.0140569 0.0315853 0.0281139
0 0.937149 0.0140442 0.0308563 0.0280884
0 0.940666 0.013962 0.0251744 0.0279239
0 0.946856 0.0139369 0.0258152 0.0278738
0 0.954399 0.0140343 0.0310833 0.0280687
0 0.959987 0.0140321 0.0283726 0.0280642
0 0.968554 0.0140294 0.0314953 0.0280588
0 0.974916 0.0139924 0.0310982 0.0279848
0 0.981152 0.0135072 0.0310614 0.0270144
0 0.985937 0.0133732 0.0281251 0.0267464
0 0.976562 0.0459461 0.046875 0.0918921
0 0.0348422 0.0109392 0.0365647 0.0218784
0 0.0476629 0.0109406 0.0359247 0.0218812
0 0.0604153 0.0109395 0.0354194 0.0218789
0 0.0721476 0.0109409 0.0369543 0.0218819
0 0.0844758 0.0109443 0.0372985 0.0218887
0 0.091033 0.0109445 0.036685 0.021889
0 0.103506 0.0109395 0.036738 0.0218789
0 0.122829 0.0109395 0.0355917 0.0218791
0 0.135247 0.0109392 0.0357554 0.0218784
0 0.147087 0.0109405 0.0370754 0.021881
0 0.159502 0.0109438 0.0372462 0.0218876
0 0.178653 0.0109382 0.0364436 0.0218763
0 0.191095 0.0109395 0.0365602 0.0218791
0 0.203285 0.0109401 0.0371795 0.0218802
0 0.222694 0.010944 0.0358623 0.0218881
0 0.234459 0.0109383 0.0373318 0.0218766
0 0.253139 0.0109375 0.0374725 0.0218751
0 0.265625 0.0109377 0.0374964 0.0218754
0 0.278126 0.0109435 0.0374987 0.021887
0 0.290628 0.0109386 0.0374931 0.0218773
0 0.303134 0.010939 0.0374834 0.021878
0 0.315839 0.0109401 0.0370735 0.0218802
0 0.322624 0.0109384 0.0360019 0.0218768
0 0.340751 0.0109378 0.0372486 0.0218756
0 0.353297 0.0109406 0.0371553 0.0218811
0 0.365861 0.010939 0.0370286 0.021878
0 0.378684 0.010939 0.036383 0.0218779
0 0.385263 0.0109385 0.0357258 0.0218771
0 0.396997 0.0109386 0.0372571 0.0218772
0 0.403444 0.0109541 0.0368664 0.0219083
0 0.415848 0.0109409 0.0370563 0.0218818
0 0.428376 0.0109492 0.037 0.0218985
0 0.440817 0.0109423 0.037117 0.0218845
0 0.453253 0.0109447 0.037244 0.0218893
0 0.466192 0.0109422 0.0363675 0.0218844
0 0.472669 0.0109412 0.0359125 0.0218825
0 0.484792 0.0109393 0.0366656 0.0218787
0 0.503824 0.0109378 0.0361031 0.0218756
0 0.530129 0.0109377 0.0334925 0.0218755
0 0.541435 0.0109386 0.0358816 0.0218772
0 0.554067 0.0109432 0.0356172 0.0218865
0 0.565811 0.0109381 0.0371286 0.0218761
0 0.578086 0.0109377 0.0374138 0.0218755
0 0.615626 0.0109375 0.0374972 0.021875
0 0.628126 0.010939 0.0374987 0.0218781
0 0.634375 0.0109376 0.0374998 0.0218753
0 0.640633 0.0109378 0.0374836 0.0218757
0 0.65313 0.0109382 0.0374902 0.0218764
0 0.665689 0.0109384 0.0373716 0.0218769
0 0.6782 0.0109378 0.0373507 0.0218756
0 0.690794 0.0109382 0.037162 0.0218764
0 0.703455 0.0109379 0.0368406 0.0218759
0 0.709881 0.0109379 0.0364887 0.0218758
0 0.717639 0.0109379 0.0334734 0.0218758
0 0.729133 0.0109377 0.0354845 0.0218753
0 0.73557 0.0109377 0.0351098 0.0218755
0 0.754403 0.0109376 0.0349438 0.0218752
0 0.760995 0.0109377 0.0342605 0.0218755
0 0.772785 0.0109378 0.0356795 0.0218756
0 0.784519 0.0109378 0.037213 0.0218756
0 0.796876 0.0109377 0.0374981 0.0218753
0 0.809375 0.0109376 0.0374998 0.0218753
0 0.821875 0.0109375 0.0375 0.021875
0 0.834375 0.0109375 0.0374992 0.021875
0 0.84704 0.0109375 0.0371701 0.021875
0 0.860942 0.0109375 0.0343651 0.021875
0 0.872891 0.0109375 0.0354675 0.0218751
0 0.879558 0.0109376 0.034634 0.0218751
0 0.886337 0.0109375 0.0335774 0.0218751
0 0.897179 0.0109376 0.0368927 0.0218752
0 0.903721 0.0109406 0.0363094 0.0218812
0 0.916041 0.010938 0.0366686 0.0218759
0 0.929341 0.0109406 0.0350708 0.0218812
0 0.940692 0.0109378 0.0373635 0.0218756
0 0.953184 0.0109808 0.037384 0.0219615
0 0.966788 0.0109443 0.0352005 0.0218885
0 0.987762 0.0109375 0.0193924 0.0218751
0 0.0109375 0.0140783 0.021875 0.0281567
0 0.0187558 0.0140793 0.0312628 0.0281587
0 0.0249876 0.014065 0.0312772 0.0281301
0 0.0312388 0.0140639 0.0312724 0.0281277
0 0.0374973 0.0140666 0.0312555 0.0281332
0 0.0437492 0.0140671 0.0312521 0.0281343
0 0.0499993 0.0140651 0.0312517 0.0281303
0 0.056249 0.0140646 0.0312521 0.0281291
0 0.0624993 0.0140649 0.0312516 0.0281298
0 0.0687477 0.0140656 0.0312546 0.0281311
0 0.0749973 0.0140676 0.0312554 0.0281352
0 0.0812449 0.0140691 0.0312602 0.0281383
0 0.0874952 0.0140741 0.0312598 0.0281481
0 0.106247 0.014068 0.0312556 0.0281361
0 0.112497 0.0140704 0.0312554 0.0281409
0 0.131248 0.0140666 0.0312537 0.0281333
0 0.137499 0.0140657 0.0312512 0.0281315
0 0.143749 0.0140647 0.0312519 0.0281295
0 0.149999 0.0140664 0.0312523 0.0281329
0 0.181249 0.0140647 0.0312527 0.0281294
0 0.199999 0.0140674 0.0312511 0.0281349
0 0.20625 0.0140656 0.0312507 0.0281312
0 0.23125 0.0140628 0.0312508 0.0281256
0 0.2375 0.0140636 0.0312507 0.0281272
0 0.25 0.0140631 0.03125 0.0281262
0 0.256249 0.0140625 0.0312518 0.028125
0 0.2625 0.0140625 0.0312503 0.028125
0 0.268747 0.0140625 0.0312569 0.028125
0 0.274985 0.0140625 0.0312807 0.028125
0 0.287497 0.0140626 0.0312563 0.0281251
0 0.293745 0.0140631 0.0312594 0.0281262
0 0.343746 0.0140871 0.0312573 0.0281742
0 0.481246 0.0140789 0.0312575 0.0281578
0 0.506249 0.0140737 0.0312519 0.0281474
0 0.53125 0.0140668 0.0312502 0.0281336
0 0.54375 0.0140697 0.0312502 0.0281394
0 0.56875 0.0140666 0.0312507 0.0281333
0 0.581075 0.0140625 0.0315994 0.0281251
0 0.6 0.0140625 0.03125 0.028125
0 0.60625 0.0140625 0.03125 0.028125
0 0.61875 0.0140625 0.0312502 0.028125
0 0.624999 0.0140625 0.0312511 0.028125
0 0.75625 0.0140642 0.03125 0.0281285
0 0.78125 0.0140625 0.03125 0.0281251
0 0.79375 0.0140625 0.0312502 0.028125
0 0.799999 0.0140628 0.0312511 0.0281255
0 0.806237 0.0140625 0.0312763 0.028125
0 0.81223 0.0140625 0.0317896 0.028125
0 0.822431 0.0140625 0.036388 0.028125
0 0.830782 0.0140626 0.0321857 0.0281252
0 0.837276 0.0140625 0.0316975 0.028125
0 0.89375 0.0140631 0.03125 0.0281263
0 0.985937 0.0171875 0.0281252 0.034375
0 0.989063 0.0140627 0.021875 0.0281254
0 0.0140699 0.0172176 0.0281398 0.0344351
0 0.266333 0.0171875 0.036084 0.034375
0 0.279274 0.0171875 0.0352028 0.034375
0 0.28594 0.0171875 0.0343701 0.034375
0 0.292672 0.0171876 0.033407 0.0343752
0 0.29939 0.0171876 0.0324693 0.0343751
0 0.305655 0.0171952 0.0324401 0.0343904
0 0.312267 0.0172082 0.0317157 0.0344163
0 0.318662 0.0172532 0.0314257 0.0345064
0 0.356214 0.0173341 0.0313219 0.0346682
0 0.362454 0.0172687 0.0313412 0.0345373
0 0.368724 0.0172901 0.0313023 0.0345801
0 0.37498 0.0172779 0.0312895 0.0345558
0 0.393744 0.0171903 0.0312618 0.0343806
0 0.399974 0.0171947 0.0313023 0.0343895
0 0.40623 0.0172504 0.0312905 0.0345007
0 0.412472 0.0171973 0.0313065 0.0343947
0 0.418729 0.0171962 0.0312927 0.0343924
0 0.424946 0.0172026 0.0313589 0.0344051
0 0.55 0.0171878 0.0312506 0.0343756
