0 0.0114118 0.00811638 0.0200003 0.0162328
0 0.018777 0.0111378 0.0320726 0.0222755
0 0.0243289 0.0107092 0.0307044 0.0214184
0 0.0355584 0.0121678 0.029473 0.0243356
0 0.0444046 0.0129046 0.0348661 0.0258091
0 0.0497602 0.0115852 0.0312768 0.0231703
0 0.0543825 0.0103589 0.0283889 0.0207178
0 0.0616546 0.0118109 0.03057 0.0236217
0 0.0656283 0.0125871 0.0295817 0.0251743
0 0.0713521 0.0126854 0.0314624 0.0253708
0 0.0785981 0.0130938 0.0337235 0.0261876
0 0.0850548 0.0129781 0.0328012 0.0259561
0 0.0902389 0.0127466 0.0303645 0.0254932
0 0.095708 0.0126293 0.0320079 0.0252586
0 0.103854 0.0127698 0.0372216 0.0255395
0 0.109898 0.0126129 0.035431 0.0252258
0 0.116916 0.0123339 0.0399825 0.0246678
0 0.122127 0.0113356 0.036147 0.0226712
0 0.13309 0.0110238 0.0381203 0.0220476
0 0.138647 0.0115255 0.037928 0.023051
0 0.144738 0.0120589 0.0383265 0.0241178
0 0.153318 0.0122153 0.0377229 0.0244306
0 0.159724 0.012116 0.0345402 0.0242321
0 0.166842 0.0114702 0.0341293 0.0229403
0 0.172836 0.0110338 0.0311052 0.0220675
0 0.185799 0.010941 0.0319143 0.0218821
0 0.195389 0.0104181 0.0305826 0.0208362
0 0.202585 0.0114215 0.0281269 0.022843
0 0.207902 0.0121407 0.0318505 0.0242813
0 0.216109 0.0122016 0.0361135 0.0244033
0 0.222897 0.0123475 0.0326146 0.024695
0 0.228934 0.0127889 0.0304711 0.0255779
0 0.234965 0.0129856 0.0310387 0.0259713
0 0.243406 0.0130493 0.0350306 0.0260986
0 0.249501 0.0123101 0.032062 0.0246202
0 0.254078 0.0114957 0.0286836 0.0229913
0 0.261242 0.0120473 0.0302203 0.0240946
0 0.267836 0.0126177 0.0320096 0.0252354
0 0.273806 0.0123551 0.0311314 0.0247102
0 0.280016 0.012401 0.0305384 0.0248019
0 0.286384 0.0125861 0.0303044 0.0251721
0 0.294206 0.0127539 0.0327501 0.0255077
0 0.299936 0.0110546 0.0311867 0.0221092
0 0.304034 0.010088 0.0270318 0.0201761
0 0.311782 0.0115531 0.0300553 0.0231061
0 0.318104 0.0126475 0.0303729 0.0252949
0 0.324369 0.0126407 0.0301431 0.0252814
0 0.335495 0.0132015 0.0274244 0.026403
0 0.344724 0.0131758 0.0332138 0.0263516
0 0.35 0.0108847 0.0312493 0.0217694
0 0.353625 0.00817046 0.0260003 0.0163409
0 0.361445 0.0102935 0.0291399 0.0205871
0 0.367089 0.0118953 0.0279354 0.0237906
0 0.373332 0.0125999 0.027924 0.0251999
0 0.380513 0.0133021 0.0298005 0.0266043
0 0.386846 0.0133996 0.0299752 0.0267991
0 0.398021 0.0133754 0.0273434 0.0267508
0 0.405454 0.0136483 0.0297377 0.0272965
0 0.411423 0.0135144 0.0292112 0.0270289
0 0.416537 0.0132132 0.0269995 0.0264264
0 0.423169 0.0133126 0.0278716 0.0266251
0 0.430188 0.0135398 0.029364 0.0270796
0 0.435832 0.0134009 0.0281797 0.0268019
0 0.443273 0.0133213 0.0304233 0.0266427
0 0.449431 0.0131868 0.0301853 0.0263737
0 0.454373 0.0128604 0.0275616 0.0257208
0 0.460941 0.0132692 0.0282299 0.0265383
0 0.467709 0.0136163 0.0293649 0.0272326
0 0.473889 0.0135933 0.0291927 0.0271866
0 0.479463 0.0134572 0.0277952 0.0269143
0 0.485804 0.0134688 0.0279461 0.0269377
0 0.493073 0.0136135 0.0299722 0.0272269
0 0.499242 0.0134367 0.029767 0.0268734
0 0.504604 0.0130756 0.0279814 0.0261511
0 0.510998 0.0131861 0.0282636 0.0263723
0 0.518677 0.0134724 0.0311227 0.0269447
0 0.524899 0.0129913 0.0310517 0.0259825
0 0.535073 0.0131933 0.0264009 0.0263867
0 0.543861 0.0135601 0.0314729 0.0271203
0 0.55 0.0109388 0.03125 0.0218776
0 0.553199 0.00843011 0.025147 0.0168602
0 0.561903 0.0109154 0.0300552 0.0218308
0 0.568547 0.0127913 0.0308441 0.0255826
0 0.574608 0.0128597 0.0304663 0.0257195
0 0.584927 0.0139746 0.0261038 0.0279492
0 0.593763 0.0139844 0.0312763 0.0279689
0 0.6 0.0109378 0.03125 0.0218756
0 0.603131 0.00832409 0.025013 0.0166482
0 0.612137 0.0109451 0.0305231 0.0218902
0 0.61567 0.0128599 0.0250893 0.0257198
0 0.621988 0.0137651 0.0252256 0.0275303
0 0.630341 0.0140529 0.0294318 0.0281058
0 0.635807 0.0140456 0.0278635 0.0280911
0 0.640628 0.0139901 0.0250053 0.0279803
0 0.646893 0.0140182 0.0250365 0.0280364
0 0.653655 0.0140525 0.0260613 0.028105
0 0.659483 0.0140523 0.0252175 0.0281046
0 0.667656 0.0140576 0.0290619 0.0281151
0 0.673737 0.0140498 0.0287247 0.0280996
0 0.684448 0.0140241 0.0251452 0.0280483
0 0.69375 0.0140466 0.03125 0.0280931
0 0.7 0.0126877 0.0312498 0.0253754
0 0.711911 0.0134109 0.0300722 0.0268218
0 0.718697 0.0140508 0.0311443 0.0281015
0 0.724866 0.0140419 0.0309827 0.0280838
0 0.73656 0.0140524 0.0293709 0.0281048
0 0.743327 0.0140594 0.0304033 0.0281187
0 0.749584 0.0140604 0.030419 0.0281208
0 0.755761 0.0140611 0.0302723 0.0281221
0 0.762232 0.0140618 0.0307146 0.0281236
0 0.772911 0.0140622 0.027081 0.0281244
0 0.780637 0.0140624 0.0300522 0.0281248
0 0.787209 0.0140624 0.0307086 0.0281247
0 0.790627 0.014062 0.0250046 0.0281241
0 0.796871 0.0140586 0.0250597 0.0281173
0 0.804711 0.0140598 0.0285012 0.0281196
0 0.809411 0.0140529 0.0250776 0.0281058
0 0.815668 0.0140498 0.0250866 0.0280996
0 0.822042 0.0123917 0.0253338 0.0247835
0 0.828125 0.0111699 0.025 0.0223397
0 0.834375 0.0112381 0.025 0.0224761
0 0.843714 0.0109784 0.0311802 0.0219567
0 0.849556 0.0111186 0.0303623 0.0222372
0 0.85323 0.0140575 0.0252097 0.028115
0 0.860523 0.014062 0.0272961 0.0281241
0 0.867665 0.0140623 0.0290962 0.0281246
0 0.873736 0.0140625 0.0287628 0.0281249
0 0.880436 0.0140625 0.0296679 0.028125
0 0.886128 0.0140625 0.0285195 0.028125
0 0.891688 0.0140625 0.0271382 0.028125
0 0.898165 0.0140625 0.0276363 0.028125
0 0.905597 0.0140625 0.029966 0.028125
0 0.910773 0.0140625 0.0278015 0.028125
0 0.917168 0.0140625 0.0280876 0.028125
0 0.923764 0.0140625 0.0287815 0.028125
0 0.930542 0.0140625 0.0298359 0.028125
0 0.93677 0.0140625 0.0297914 0.0281249
0 0.947429 0.0140623 0.0261124 0.0281247
0 0.956049 0.0140624 0.0308834 0.0281248
0 0.962465 0.0140623 0.0311998 0.0281246
0 0.965625 0.0140599 0.0250006 0.0281198
0 0.971868 0.0140375 0.0250172 0.0280751
0 0.980734 0.0140435 0.032235 0.0280871
0 0.985927 0.0140439 0.0281463 0.0280877
0 0.976564 0.0140625 0.0468727 0.028125
0 0.976562 0.0484322 0.046875 0.0968643
0 0.00917143 0.0125419 0.0183429 0.0250838
0 0.0146537 0.00953702 0.0272357 0.019074
0 0.0301618 0.0111617 0.0330778 0.0223234
0 0.171903 0.0128462 0.0376289 0.0256923
0 0.329518 0.0109731 0.0346752 0.0219463
0 0.391604 0.0109403 0.0355424 0.0218807
0 0.410125 0.0109475 0.036002 0.0218949
0 0.42206 0.0109492 0.037129 0.0218983
0 0.434465 0.0109588 0.0373208 0.0219176
0 0.453391 0.010945 0.0369671 0.02189
0 0.46608 0.0109577 0.0365959 0.0219154
0 0.478592 0.0109476 0.0365681 0.0218953
0 0.503963 0.0109407 0.0358246 0.0218814
0 0.535011 0.0109384 0.0362278 0.0218768
0 0.584497 0.0109375 0.0372567 0.0218751
0 0.621889 0.0109375 0.0374718 0.021875
0 0.634379 0.0109375 0.0374929 0.021875
0 0.646875 0.0109375 0.0375 0.021875
0 0.659375 0.0109375 0.0375 0.021875
0 0.671876 0.0109375 0.0374979 0.021875
0 0.684375 0.0109375 0.0374994 0.021875
0 0.728586 0.0109375 0.0365781 0.021875
0 0.73525 0.0109375 0.0357497 0.021875
0 0.753966 0.0109375 0.0358187 0.021875
0 0.765809 0.0109375 0.0371312 0.021875
0 0.778408 0.0109375 0.0369337 0.021875
0 0.790626 0.0109375 0.0374979 0.021875
0 0.803125 0.0109379 0.0374994 0.0218758
0 0.815625 0.0109375 0.0375 0.021875
0 0.828125 0.0109375 0.0374998 0.021875
0 0.859442 0.0109375 0.0373661 0.021875
0 0.871876 0.0109375 0.0374973 0.021875
0 0.884379 0.0109375 0.0374916 0.021875
0 0.896889 0.0109375 0.0374727 0.021875
0 0.909397 0.0109375 0.0374567 0.021875
0 0.922019 0.0109375 0.0372124 0.021875
0 0.934726 0.0109375 0.0367973 0.021875
0 0.946922 0.0109375 0.0374054 0.021875
0 0.95993 0.0109375 0.0363903 0.021875
0 0.971875 0.0109375 0.0375 0.021875
0 0.982869 0.0109375 0.0342628 0.021875
0 0.989062 0.0109375 0.0218756 0.0218751
0 0.0145358 0.0152228 0.0290717 0.0304456
0 0.0190053 0.0159321 0.0342263 0.0318643
0 0.0304661 0.0157377 0.0331396 0.0314753
0 0.0367422 0.0160373 0.0333055 0.0320746
0 0.0500298 0.0148761 0.0317079 0.0297521
0 0.0558655 0.0149251 0.0320781 0.0298503
0 0.0621179 0.0150709 0.0321593 0.0301418
0 0.124222 0.0150685 0.0333854 0.0301371
0 0.149431 0.0153063 0.0336254 0.0306127
0 0.156093 0.015874 0.0334709 0.0317481
0 0.161721 0.0164329 0.0339133 0.0328658
0 0.172593 0.0160976 0.0364974 0.0321951
0 0.178266 0.0147814 0.0372688 0.0295628
0 0.184856 0.0144374 0.0366356 0.0288747
0 0.197338 0.0142298 0.0367886 0.0284596
0 0.204124 0.0143241 0.0357589 0.0286481
0 0.210903 0.0143705 0.0350184 0.0287411
0 0.256044 0.0142682 0.0317084 0.0285364
0 0.262334 0.0144348 0.0316991 0.0288696
0 0.274898 0.0145111 0.0315727 0.0290222
0 0.281047 0.0145007 0.0317003 0.0290013
0 0.287305 0.0145527 0.0316916 0.0291054
0 0.299998 0.0142696 0.0313476 0.0285391
0 0.305792 0.014199 0.032169 0.0283979
0 0.312317 0.0144798 0.0316425 0.0289597
0 0.331124 0.0144196 0.0315034 0.0288393
0 0.337322 0.0148415 0.0316098 0.029683
0 0.350002 0.0140922 0.0312547 0.0281844
0 0.356076 0.0140695 0.0315971 0.0281391
0 0.362466 0.0140878 0.0313182 0.0281757
0 0.368744 0.0140972 0.0312613 0.0281945
0 0.374994 0.0140898 0.0312621 0.0281797
0 0.393743 0.0141008 0.0312645 0.0282015
0 0.39999 0.0141136 0.03127 0.0282273
0 0.418719 0.0141273 0.031312 0.0282546
0 0.424971 0.0141629 0.0313084 0.0283258
0 0.456234 0.0141175 0.0312813 0.028235
0 0.506237 0.0140924 0.0312769 0.0281848
0 0.531237 0.014088 0.0312763 0.0281761
0 0.537478 0.0142169 0.0312935 0.0284338
0 0.55 0.0140635 0.03125 0.028127
0 0.556243 0.0140627 0.0312645 0.0281253
0 0.562499 0.0140666 0.0312524 0.0281332
0 0.581249 0.0140672 0.0312511 0.0281344
0 0.587498 0.0141201 0.0312533 0.0282402
0 0.6 0.0140626 0.03125 0.0281251
0 0.606249 0.0140625 0.0312513 0.028125
0 0.6125 0.0140626 0.03125 0.0281251
0 0.61875 0.0140625 0.03125 0.0281251
0 0.625 0.0140626 0.03125 0.0281252
0 0.64375 0.0140625 0.0312508 0.0281251
0 0.65 0.0140631 0.031251 0.0281263
0 0.65625 0.01407 0.0312502 0.0281401
0 0.662499 0.0140642 0.0312514 0.0281285
0 0.68125 0.0140628 0.0312509 0.0281256
0 0.6875 0.0140664 0.0312508 0.0281327
0 0.70625 0.0140625 0.03125 0.028125
0 0.73125 0.0140625 0.03125 0.028125
0 0.76875 0.0140626 0.03125 0.0281251
0 0.8125 0.0140632 0.0312504 0.0281264
0 0.818745 0.0140626 0.0312595 0.0281252
0 0.825 0.0140626 0.031251 0.0281251
0 0.834388 0.0140625 0.0374745 0.028125
0 0.843741 0.0140625 0.0312687 0.028125
0 0.85 0.0140625 0.0312502 0.028125
0 0.85625 0.0140625 0.03125 0.028125
0 0.94375 0.0140625 0.03125 0.028125
0 0.96875 0.0140625 0.03125 0.028125
0 0.975 0.0140625 0.03125 0.028125
0 0.0252434 0.0187914 0.0334279 0.0375828
0 0.0442539 0.0189511 0.0333399 0.0379022
0 0.0681883 0.017787 0.0325002 0.0355741
0 0.0741702 0.0179809 0.0331222 0.0359617
0 0.0806232 0.0185378 0.0334971 0.0370757
0 0.0866946 0.0181762 0.0334632 0.0363525
0 0.0926287 0.0180003 0.0337039 0.0360005
0 0.105474 0.0186788 0.0349874 0.0373576
0 0.117786 0.0183034 0.0338416 0.0366069
0 0.130171 0.0184764 0.0339195 0.0369527
0 0.136271 0.0184214 0.0345165 0.0368428
0 0.142697 0.0183331 0.0343885 0.0366662
0 0.166625 0.0179615 0.0366105 0.035923
0 0.184573 0.0179247 0.0371776 0.0358493
0 0.197289 0.0178793 0.0368568 0.0357586
0 0.210459 0.0176548 0.035657 0.0353097
0 0.218113 0.017514 0.0337333 0.035028
0 0.224391 0.0173866 0.0329471 0.0347732
0 0.230514 0.0174277 0.032884 0.0348553
0 0.236911 0.0177006 0.0327494 0.0354012
0 0.243528 0.0175778 0.0322769 0.0351556
0 0.268574 0.0174649 0.0317228 0.0349298
0 0.437069 0.0172233 0.0321117 0.0344466
0 0.655869 0.0171877 0.0320123 0.0343754
0 0.775 0.0171875 0.03125 0.034375
0 0.78125 0.0171875 0.03125 0.034375
0 0.7875 0.0171875 0.03125 0.034375
0 0.79375 0.0171875 0.03125 0.034375
0 0.8 0.0171875 0.0312506 0.034375
0 0.806246 0.0171875 0.0312576 0.034375
0 0.811952 0.0171875 0.032346 0.034375
0 0.82426 0.0171875 0.0327299 0.034375
0 0.840719 0.0171875 0.0373121 0.034375
0 0.86875 0.0171875 0.03125 0.034375
0 0.875 0.0171875 0.03125 0.034375
0 0.88125 0.0171875 0.03125 0.034375
0 0.8875 0.0171875 0.03125 0.034375
0 0.89375 0.0171875 0.03125 0.034375
0 0.9 0.0171875 0.03125 0.034375
0 0.90625 0.0171875 0.03125 0.034375
0 0.9125 0.0171875 0.03125 0.034375
0 0.925 0.0171875 0.03125 0.034375
0 0.95 0.0171875 0.03125 0.034375
