0 0.00843584 0.0102858 0.0168717 0.0205716
0 0.0118904 0.00866659 0.0224814 0.0173332
0 0.0197988 0.011898 0.0359907 0.023796
0 0.0245309 0.0103606 0.0320667 0.0207213
0 0.0288374 0.00910352 0.0289609 0.018207
0 0.0354984 0.010691 0.029373 0.0213819
0 0.0440111 0.0120484 0.0336293 0.0240969
0 0.0496084 0.011307 0.0315382 0.0226139
0 0.0542343 0.010322 0.0285044 0.020644
0 0.0610518 0.0113786 0.0295123 0.0227571
0 0.0695987 0.0125465 0.0337473 0.0250931
0 0.0748496 0.0112181 0.0312323 0.0224362
0 0.0853864 0.0118752 0.0285551 0.0237504
0 0.0946136 0.0128932 0.0335734 0.0257865
0 0.0999718 0.0111008 0.0312177 0.0222016
0 0.103705 0.00931957 0.0262371 0.0186391
0 0.111197 0.011245 0.0287172 0.02249
0 0.117815 0.0127111 0.0295665 0.0254222
0 0.123335 0.0117274 0.0280166 0.0234549
0 0.128666 0.012345 0.0261601 0.0246901
0 0.13578 0.0133836 0.02811 0.0267673
0 0.143955 0.0133584 0.0317213 0.0267169
0 0.149937 0.0108402 0.0311236 0.0216803
0 0.153175 0.00926765 0.025101 0.0185353
0 0.160354 0.011679 0.0269633 0.023358
0 0.16617 0.0136367 0.026277 0.0272734
0 0.172407 0.0138279 0.0264229 0.0276558
0 0.180162 0.0138514 0.0293358 0.0277029
0 0.185301 0.0136426 0.0268998 0.0272852
0 0.193017 0.013399 0.0298001 0.0267981
0 0.198816 0.0130457 0.0289065 0.0260915
0 0.204889 0.0127785 0.0286024 0.025557
0 0.211572 0.0131698 0.0295659 0.0263397
0 0.21872 0.0132778 0.0312979 0.0265557
0 0.224967 0.0124723 0.0312063 0.0249446
0 0.236284 0.0126667 0.0288436 0.0253334
0 0.241909 0.0136583 0.0276427 0.0273165
0 0.248117 0.013784 0.0276413 0.027568
0 0.254831 0.0139178 0.0285824 0.0278355
0 0.261012 0.0139289 0.0284804 0.0278577
0 0.266432 0.0139101 0.0268324 0.0278202
0 0.272945 0.0139208 0.0275617 0.0278416
0 0.28027 0.0139439 0.0295747 0.0278878
0 0.285845 0.0138784 0.0280869 0.0277568
0 0.292222 0.0137532 0.0282982 0.0275065
0 0.298354 0.0136904 0.028098 0.0273808
0 0.305623 0.0136861 0.0301555 0.0273722
0 0.311761 0.0134984 0.0299035 0.0269967
0 0.322507 0.0131906 0.0269569 0.0263812
0 0.328904 0.0136401 0.0279844 0.0272802
0 0.335189 0.0137621 0.0282781 0.0275242
0 0.343255 0.0138593 0.0308272 0.0277186
0 0.349382 0.0138542 0.0300831 0.0277084
0 0.36041 0.0138044 0.027212 0.0276087
0 0.368421 0.0139016 0.0311574 0.0278031
0 0.374586 0.0139202 0.0305496 0.0278404
0 0.385526 0.0138982 0.0273234 0.0277964
0 0.392753 0.0139775 0.0292896 0.027955
0 0.398778 0.0138982 0.0288259 0.0277963
0 0.403671 0.0137082 0.0261194 0.0274165
0 0.410872 0.0138584 0.0280285 0.0277169
0 0.415712 0.0138425 0.0251915 0.027685
0 0.42233 0.0133111 0.025939 0.0266222
0 0.428151 0.0110758 0.0250643 0.0221516
0 0.434382 0.0109634 0.0250181 0.0219269
0 0.442912 0.0109309 0.0295948 0.0218618
0 0.448509 0.0109173 0.0282688 0.0218345
0 0.453146 0.010524 0.0250421 0.0210479
0 0.459568 0.0135136 0.0253868 0.0270272
0 0.467876 0.0132871 0.0295281 0.0265741
0 0.472853 0.0137834 0.0269691 0.0275667
0 0.479105 0.0140342 0.0269842 0.0280684
0 0.485749 0.0140453 0.0278267 0.0280905
0 0.492053 0.0140456 0.0281575 0.0280913
0 0.497799 0.0140535 0.0274805 0.0281069
0 0.505235 0.014059 0.0298261 0.0281179
0 0.510948 0.0140575 0.0285409 0.0281149
0 0.516449 0.0140567 0.0268465 0.0281133
0 0.52275 0.0140574 0.0282176 0.0281149
0 0.53051 0.014059 0.0315039 0.0281179
0 0.536424 0.014056 0.0295614 0.028112
0 0.54098 0.0140516 0.0258369 0.0281032
0 0.547633 0.0140481 0.0274492 0.0280961
0 0.554876 0.0140563 0.0313413 0.0281126
0 0.5608 0.0140511 0.0297659 0.0281023
0 0.566137 0.014048 0.0265909 0.028096
0 0.572302 0.0140405 0.0283133 0.028081
0 0.579687 0.0140488 0.0315526 0.0280977
0 0.586095 0.0140391 0.0303793 0.0280781
0 0.590796 0.0140255 0.0256723 0.028051
0 0.596885 0.0139862 0.0265399 0.0279724
0 0.605064 0.0139911 0.0315666 0.0279821
0 0.61176 0.013895 0.0305994 0.0277899
0 0.615675 0.0136419 0.0253256 0.0272838
0 0.621853 0.0134581 0.0260433 0.0269163
0 0.629132 0.0138051 0.0307369 0.0276101
0 0.63478 0.0137785 0.0284488 0.0275569
0 0.641339 0.013803 0.0274108 0.0276061
0 0.647593 0.0137685 0.0270882 0.027537
0 0.654228 0.0136755 0.0273921 0.027351
0 0.660173 0.0134624 0.0266616 0.0269247
0 0.666106 0.013014 0.0260193 0.026028
0 0.672544 0.0131372 0.0264466 0.0262744
0 0.679117 0.0133402 0.0271156 0.0266805
0 0.685838 0.01334 0.0280297 0.0266799
0 0.691086 0.0131388 0.0260389 0.0262775
0 0.697357 0.0134445 0.0260858 0.026889
0 0.704121 0.0135898 0.0271694 0.0271796
0 0.709984 0.0134536 0.0263449 0.0269072
0 0.716175 0.0134443 0.0262012 0.0268885
0 0.722547 0.0135443 0.0264872 0.0270886
0 0.729251 0.0134513 0.0273905 0.0269026
0 0.735174 0.0131831 0.0266482 0.0263662
0 0.74101 0.0128983 0.0257959 0.0257966
0 0.747172 0.0130869 0.0256311 0.0261738
0 0.753876 0.0132629 0.0265582 0.0265257
0 0.759965 0.0128704 0.0262259 0.0257409
0 0.765685 0.0122788 0.0251535 0.0245575
0 0.771972 0.0127113 0.0252829 0.0254227
0 0.77868 0.0121634 0.0265998 0.0243268
0 0.784808 0.0121719 0.0263126 0.0243439
0 0.790507 0.0135677 0.0252719 0.0271353
0 0.78638 0.0132331 0.0453115 0.0264662
0 0.808489 0.0117165 0.0306762 0.0234331
0 0.814562 0.0125493 0.0321741 0.0250985
0 0.820034 0.0124154 0.0309893 0.0248307
0 0.828213 0.0124041 0.0382004 0.0248082
0 0.835409 0.0111802 0.032971 0.0223604
0 0.841491 0.0123482 0.0380883 0.0246964
0 0.858307 0.0113152 0.0357847 0.0226305
0 0.863572 0.0106707 0.0315943 0.0213414
0 0.869457 0.0108374 0.032703 0.0216749
0 0.925673 0.0103425 0.0310867 0.020685
0 0.934496 0.0112798 0.0320578 0.0225597
0 0.940006 0.0111127 0.0278034 0.0222253
0 0.945276 0.0112313 0.0261037 0.0224626
0 0.96657 0.0104779 0.0277168 0.0209558
0 0.972731 0.0102773 0.027471 0.0205547
0 0.978107 0.00952381 0.0250637 0.0190476
0 0.984159 0.0106464 0.0247406 0.0212928
0 0.988996 0.0118372 0.0208489 0.0236744
0 0.00920375 0.0128837 0.0184075 0.0257675
0 0.0147302 0.0106876 0.0285632 0.0213752
0 0.129151 0.0109621 0.0353396 0.0219241
0 0.165715 0.0109468 0.0373187 0.0218935
0 0.178284 0.0109591 0.0371928 0.0219182
0 0.19741 0.0109461 0.0364295 0.0218922
0 0.209468 0.0109546 0.0373134 0.0219091
0 0.241168 0.0109457 0.0364143 0.0218914
0 0.253957 0.010946 0.035843 0.021892
0 0.266207 0.0109461 0.0363394 0.0218923
0 0.278965 0.0109508 0.0358282 0.0219015
0 0.291373 0.0109438 0.0360072 0.0218876
0 0.315685 0.0109453 0.0373742 0.0218906
0 0.328173 0.0109728 0.0374045 0.0219457
0 0.34084 0.0109538 0.0370763 0.0219076
0 0.347411 0.010948 0.0364332 0.021896
0 0.359865 0.0109425 0.0365226 0.021885
0 0.366988 0.0109477 0.0347912 0.0218955
0 0.379396 0.0109385 0.0349584 0.021877
0 0.385962 0.0109397 0.034327 0.0218793
0 0.403883 0.0109383 0.0359833 0.0218766
0 0.415638 0.010938 0.0374673 0.021876
0 0.428124 0.0109376 0.0374939 0.0218752
0 0.459454 0.0109375 0.0373427 0.021875
0 0.471888 0.0109375 0.037474 0.021875
0 0.484447 0.0109376 0.0373562 0.0218751
0 0.496919 0.0109376 0.0374126 0.0218753
0 0.503269 0.0109377 0.0372137 0.0218755
0 0.509631 0.0109378 0.0369909 0.0218756
0 0.516228 0.0109381 0.036294 0.0218762
0 0.529339 0.0109396 0.035079 0.0218793
0 0.541579 0.0109379 0.0355927 0.0218758
0 0.554127 0.0109454 0.0355029 0.0218908
0 0.566272 0.0109398 0.0362083 0.0218797
0 0.579109 0.0109558 0.0355545 0.0219116
0 0.591123 0.0109423 0.0365063 0.0218845
0 0.60385 0.0109985 0.0360737 0.0219969
0 0.615662 0.0109432 0.037325 0.0218863
0 0.628227 0.011086 0.0373165 0.0221719
0 0.640735 0.0109732 0.0372875 0.0219464
0 0.653275 0.0109686 0.0372073 0.0219371
0 0.665686 0.0109651 0.0373572 0.0219302
0 0.678272 0.0109771 0.0372071 0.0219542
0 0.690765 0.0109616 0.0372011 0.0219233
0 0.703292 0.0110052 0.0371748 0.0220104
0 0.715803 0.0109825 0.0371292 0.021965
0 0.728394 0.0110147 0.0369795 0.0220294
0 0.740817 0.0109602 0.0370458 0.0219204
0 0.753261 0.011013 0.0372295 0.0220259
0 0.765069 0.0109631 0.0363174 0.0219263
0 0.771582 0.0109842 0.0370272 0.0219684
0 0.778133 0.011071 0.0374857 0.0221419
0 0.797065 0.0153067 0.0493274 0.0306134
0 0.805593 0.011337 0.0399605 0.022674
0 0.852068 0.0145695 0.0405636 0.029139
0 0.876909 0.0132131 0.0374865 0.0264263
0 0.890578 0.0132373 0.0391941 0.0264746
0 0.904083 0.014019 0.0392185 0.028038
0 0.909438 0.0143193 0.0368374 0.0286385
0 0.921741 0.0140352 0.0382584 0.0280704
0 0.933849 0.0128347 0.0385822 0.0256695
0 0.940505 0.012875 0.0361105 0.0257501
0 0.953749 0.0140933 0.0374557 0.0281866
0 0.960608 0.0132607 0.0354885 0.0265214
0 0.965951 0.011562 0.0364613 0.0231239
0 0.972441 0.0122212 0.0364403 0.0244424
0 0.97742 0.0113292 0.0345396 0.0226583
0 0.983674 0.0117585 0.0326524 0.023517
0 0.985496 0.0170784 0.0290076 0.0341569
0 0.0109088 0.0148227 0.0218176 0.0296454
0 0.019863 0.0146933 0.0338539 0.0293867
0 0.030597 0.0146681 0.032726 0.0293362
0 0.0370566 0.0147924 0.0328105 0.0295849
0 0.044635 0.0145255 0.033308 0.029051
0 0.0560192 0.0142933 0.0318304 0.0285866
0 0.062326 0.0144009 0.0318133 0.0288019
0 0.0750386 0.014367 0.0314635 0.028734
0 0.087136 0.0148206 0.0321009 0.0296411
0 0.100032 0.0141941 0.0313223 0.0283883
0 0.106027 0.014097 0.0316973 0.0281941
0 0.112415 0.0141807 0.0314503 0.0283614
0 0.124996 0.014142 0.0312768 0.0282841
0 0.131233 0.0140773 0.0312838 0.0281547
0 0.150002 0.0140643 0.0312559 0.0281287
0 0.15617 0.0140628 0.0314094 0.0281256
0 0.162489 0.0140635 0.0312716 0.0281269
0 0.168743 0.014064 0.0312641 0.028128
0 0.174981 0.0140652 0.0312875 0.0281305
0 0.187488 0.0140785 0.0312758 0.028157
0 0.206136 0.0142915 0.0314787 0.028583
0 0.231173 0.0141474 0.0314049 0.0282947
0 0.237465 0.0142191 0.031321 0.0284382
0 0.318705 0.0141321 0.0313393 0.0282643
0 0.324968 0.01421 0.0313137 0.0284201
0 0.356239 0.0140989 0.0312716 0.0281978
0 0.381249 0.0140666 0.0312517 0.0281331
0 0.40625 0.0140628 0.0312504 0.0281257
0 0.418743 0.0140637 0.0312639 0.0281273
0 0.424984 0.0140726 0.031282 0.0281451
0 0.434394 0.0140645 0.0374611 0.028129
0 0.449275 0.0140625 0.0327002 0.0281251
0 0.45605 0.0140625 0.0316509 0.028125
0 0.462454 0.0140625 0.0313417 0.028125
0 0.618716 0.0140729 0.0313181 0.0281459
0 0.662484 0.0140903 0.0312827 0.0281806
0 0.668711 0.0140741 0.0313299 0.0281481
0 0.674964 0.0140782 0.0313233 0.0281564
0 0.681236 0.0140836 0.031284 0.0281671
0 0.693713 0.0140748 0.0313251 0.0281495
0 0.699948 0.0140855 0.0313554 0.028171
0 0.706223 0.0141046 0.0313109 0.0282093
0 0.71246 0.0140971 0.0313364 0.0281942
0 0.7187 0.014105 0.0313536 0.0282099
0 0.724954 0.0141163 0.0313486 0.0282326
0 0.73123 0.0141032 0.0313013 0.0282064
0 0.737469 0.0140891 0.0313161 0.0281782
0 0.743682 0.0140904 0.0313868 0.0281808
0 0.749921 0.0141077 0.0314106 0.0282153
0 0.756214 0.0140997 0.0313352 0.0281994
0 0.762409 0.0140862 0.0314342 0.0281724
0 0.773627 0.0140975 0.0340016 0.028195
0 0.780659 0.0141236 0.0324726 0.0282471
0 0.786654 0.0140755 0.0329479 0.0281511
0 0.794028 0.0140829 0.0306267 0.0281657
0 0.802895 0.0170982 0.0384308 0.0341964
0 0.809389 0.0143362 0.0374164 0.0286723
0 0.836481 0.0143548 0.0341026 0.0287097
0 0.866989 0.0142757 0.0350838 0.0285514
0 0.885163 0.0148246 0.0362433 0.0296492
0 0.896919 0.0148223 0.0356873 0.0296445
0 0.915663 0.0151701 0.0385396 0.0303402
0 0.928388 0.0145776 0.0371838 0.0291551
0 0.968134 0.0142131 0.0360447 0.0284263
0 0.975213 0.0146187 0.0347292 0.0292373
0 0.985222 0.014215 0.0295551 0.0284299
0 0.981845 0.0202589 0.0363104 0.0405178
0 0.0145288 0.0177646 0.0290575 0.0355292
0 0.0250086 0.0176526 0.032224 0.0353052
0 0.0439097 0.0174528 0.0325309 0.0349057
0 0.0499666 0.0173228 0.0317749 0.0346457
0 0.0807774 0.0173153 0.0322123 0.0346306
0 0.137077 0.0171893 0.032096 0.0343786
0 0.330949 0.0171988 0.0318526 0.0343976
0 0.336738 0.0171987 0.0327735 0.0343973
0 0.424498 0.0171875 0.0322532 0.0343751
0 0.440625 0.0171875 0.0374994 0.0343751
0 0.453295 0.0171875 0.0371605 0.034375
0 0.460111 0.0171875 0.036028 0.034375
0 0.493749 0.0171875 0.0312514 0.034375
0 0.499998 0.0171875 0.0312534 0.034375
0 0.506249 0.0171876 0.0312523 0.0343753
0 0.5125 0.0171876 0.0312503 0.0343752
0 0.51875 0.0171878 0.0312505 0.0343756
0 0.524999 0.0171885 0.0312515 0.034377
0 0.531249 0.0172013 0.0312513 0.0344025
0 0.5375 0.0171903 0.0312505 0.0343806
0 0.54375 0.0171915 0.0312507 0.0343831
0 0.549999 0.0171968 0.0312525 0.0343937
0 0.556249 0.0172328 0.0312521 0.0344656
