0 0.065794 0.0096319 0.0257169 0.0192638
0 0.0721187 0.0100082 0.025738 0.0200164
0 0.0780246 0.0100967 0.0251338 0.0201933
0 0.0842566 0.0114812 0.0252436 0.0229624
0 0.0903715 0.0124312 0.0246977 0.0248624
0 0.0966101 0.00711156 0.024539 0.0142231
0 0.260146 0.0111369 0.0286379 0.0222738
0 0.26581 0.0104624 0.0277371 0.0209249
0 0.272034 0.0104316 0.0283183 0.0208632
0 0.300082 0.0100266 0.0314533 0.0200532
0 0.305011 0.00807506 0.0290307 0.0161501
0 0.311505 0.00819529 0.0292859 0.0163906
0 0.315047 0.0104332 0.0275886 0.0208664
0 0.319761 0.0114895 0.0321738 0.0229789
0 0.328355 0.0129948 0.0342023 0.0259896
0 0.33479 0.0129932 0.032454 0.0259863
0 0.342717 0.0130833 0.0337416 0.0261666
0 0.348551 0.0125956 0.0312646 0.0251911
0 0.35517 0.0121103 0.0319069 0.0242206
0 0.361565 0.0121861 0.0315897 0.0243723
0 0.366702 0.0116828 0.0304605 0.0233656
0 0.372799 0.0117126 0.0300669 0.0234251
0 0.378801 0.0118944 0.0280904 0.0237888
0 0.384593 0.0121945 0.0264732 0.0243889
0 0.396234 0.0123497 0.0362334 0.0246995
0 0.4 0.00988463 0.0312499 0.0197693
0 0.403254 0.00781601 0.0252583 0.015632
0 0.410613 0.00801175 0.0274751 0.0160235
0 0.418602 0.0107951 0.0309574 0.0215902
0 0.423739 0.0106301 0.0287289 0.0212603
0 0.434717 0.0119723 0.0256857 0.0239445
0 0.443771 0.0128946 0.0312919 0.0257892
0 0.449996 0.010858 0.0312425 0.0217159
0 0.453142 0.0083154 0.0250337 0.0166308
0 0.459553 0.0104252 0.0253561 0.0208503
0 0.466862 0.0125297 0.0274744 0.0250594
0 0.472853 0.0121758 0.0269569 0.0243516
0 0.478589 0.0125713 0.0259279 0.0251427
0 0.484881 0.012909 0.0260113 0.025818
0 0.492909 0.0133534 0.0295689 0.0267067
0 0.49867 0.0131408 0.028591 0.0262817
0 0.503744 0.0129124 0.0262375 0.0258247
0 0.510413 0.0135885 0.0270775 0.027177
0 0.517531 0.0138936 0.0288141 0.0277872
0 0.52343 0.0138296 0.0281109 0.0276593
0 0.528444 0.0137579 0.0256383 0.0275159
0 0.53485 0.0139457 0.0259504 0.0278914
0 0.543758 0.0138903 0.0312657 0.0277806
0 0.55 0.0109392 0.0312498 0.0218785
0 0.55313 0.00857974 0.0250093 0.0171595
0 0.559714 0.011009 0.0256783 0.0220181
0 0.56838 0.0136731 0.0305103 0.0273462
0 0.574352 0.0130303 0.0299535 0.0260606
0 0.584807 0.0133712 0.0258646 0.0267423
0 0.59299 0.0139437 0.0297293 0.0278873
0 0.598004 0.0137936 0.0272571 0.0275871
0 0.603209 0.0134763 0.0251679 0.0269527
0 0.609853 0.0138713 0.025956 0.0277426
0 0.617423 0.0139915 0.0285966 0.027983
0 0.622404 0.013724 0.0260582 0.027448
0 0.628138 0.0136046 0.0250255 0.0272093
0 0.63462 0.0140041 0.0254894 0.0280083
0 0.642692 0.0140501 0.0291348 0.0281002
0 0.647918 0.0140475 0.0270851 0.0280951
0 0.653411 0.0140474 0.0255718 0.0280948
0 0.660028 0.0140576 0.0263062 0.0281152
0 0.668443 0.0140605 0.0306351 0.028121
0 0.674298 0.0140593 0.0298465 0.0281187
0 0.686021 0.0140554 0.0282912 0.0281108
0 0.690907 0.0140575 0.0255632 0.028115
0 0.697656 0.0140595 0.0265626 0.028119
0 0.7055 0.0140616 0.0297495 0.0281232
0 0.716161 0.0140613 0.0260722 0.0281227
0 0.722244 0.0140616 0.0257387 0.0281232
0 0.728569 0.0140621 0.0258909 0.0281243
0 0.735209 0.0140624 0.026686 0.0281247
0 0.743743 0.0140622 0.0312588 0.0281244
0 0.749994 0.0140622 0.0312384 0.0281243
0 0.761741 0.0140617 0.0297319 0.0281234
0 0.767939 0.0140624 0.0296288 0.0281248
0 0.773326 0.014062 0.0279012 0.0281239
0 0.778297 0.0140614 0.0253447 0.0281228
0 0.785361 0.0140622 0.0269728 0.0281244
0 0.792206 0.0140624 0.0281664 0.0281248
0 0.798347 0.0140623 0.0279452 0.0281247
0 0.804782 0.0140623 0.02832 0.0281245
0 0.810517 0.0140624 0.0272944 0.0281247
0 0.816962 0.0140624 0.0277184 0.0281248
0 0.823833 0.0140625 0.0290089 0.0281249
0 0.830296 0.0140625 0.0294086 0.028125
0 0.835827 0.0140625 0.0279209 0.028125
0 0.843248 0.0140625 0.0302881 0.028125
0 0.849407 0.0140625 0.0300863 0.028125
0 0.855318 0.0140625 0.0293916 0.028125
0 0.861057 0.0140625 0.0283653 0.028125
0 0.868647 0.0140625 0.0310465 0.0281249
0 0.874794 0.0140625 0.0308378 0.028125
0 0.880332 0.0140625 0.0294134 0.0281249
0 0.887251 0.0140625 0.0307516 0.0281249
0 0.897724 0.0140624 0.0267006 0.0281249
0 0.905418 0.0140625 0.0296019 0.028125
0 0.911543 0.0140625 0.0294091 0.028125
0 0.92255 0.0140625 0.0263935 0.028125
0 0.93043 0.0140624 0.0297775 0.0281249
0 0.936318 0.0140624 0.029084 0.0281248
0 0.940625 0.0140623 0.0250004 0.0281245
0 0.946872 0.0140594 0.0250072 0.0281189
0 0.955479 0.0140503 0.0301418 0.0281006
0 0.959413 0.0140496 0.0250897 0.0280992
0 0.965644 0.0140596 0.0250391 0.0281191
0 0.972377 0.0140542 0.0260056 0.0281084
0 0.978573 0.0140113 0.0258976 0.0280227
0 0.985777 0.0134963 0.0278091 0.0269926
0 0.976574 0.0140625 0.0468515 0.028125
0 0.976562 0.0461962 0.046875 0.0923923
0 0.0583411 0.0121812 0.0215025 0.0243623
0 0.0628055 0.0124122 0.0286371 0.0248244
0 0.0715331 0.012766 0.0374034 0.0255319
0 0.0826791 0.0133228 0.0367063 0.0266456
0 0.0885205 0.0143941 0.0379634 0.0287882
0 0.0921012 0.012048 0.0348293 0.024096
0 0.242577 0.0119259 0.0357486 0.0238517
0 0.253256 0.0115643 0.0368282 0.0231285
0 0.277095 0.0120906 0.0341523 0.0241812
0 0.306176 0.0109471 0.0309054 0.0218941
0 0.410977 0.0109377 0.0342917 0.0218754
0 0.434455 0.0109432 0.0372929 0.0218863
0 0.460114 0.0109375 0.0360218 0.0218751
0 0.478595 0.0109378 0.0365604 0.0218756
0 0.503441 0.0109377 0.0368674 0.0218754
0 0.50997 0.0109379 0.0363108 0.0218757
0 0.522688 0.0109382 0.0358739 0.0218765
0 0.534463 0.0109382 0.0373237 0.0218765
0 0.578245 0.0109375 0.0372605 0.021875
0 0.584893 0.0109375 0.0364645 0.021875
0 0.591309 0.0109375 0.0361319 0.021875
0 0.603211 0.0109375 0.0373283 0.021875
0 0.616003 0.0109375 0.0367449 0.021875
0 0.628132 0.0109375 0.0374855 0.021875
0 0.640637 0.0109375 0.0374758 0.021875
0 0.653154 0.0109375 0.037442 0.021875
0 0.666023 0.0109375 0.0367044 0.021875
0 0.672959 0.0109375 0.0353327 0.021875
0 0.686273 0.0109375 0.0337043 0.021875
0 0.697056 0.0109375 0.0371387 0.021875
0 0.709396 0.0109375 0.037459 0.021875
0 0.721877 0.0109375 0.0374956 0.021875
0 0.734375 0.0109375 0.0374996 0.021875
0 0.753556 0.0109375 0.0366377 0.021875
0 0.773614 0.0109375 0.0340227 0.021875
0 0.78441 0.0109375 0.0374295 0.021875
0 0.79688 0.0109375 0.0374897 0.021875
0 0.809381 0.0109375 0.0374876 0.021875
0 0.821877 0.0109375 0.0374963 0.021875
0 0.834379 0.0109375 0.0374913 0.021875
0 0.846992 0.0109375 0.0372658 0.021875
0 0.859674 0.0109375 0.0369026 0.021875
0 0.866781 0.0109375 0.0351877 0.021875
0 0.879017 0.0109375 0.0357155 0.021875
0 0.890714 0.0109375 0.0373211 0.021875
0 0.903211 0.0109375 0.0373283 0.021875
0 0.915643 0.0109375 0.0374637 0.021875
0 0.928167 0.0109375 0.0374151 0.021875
0 0.940625 0.0109375 0.0374997 0.021875
0 0.953125 0.0109379 0.0375 0.0218758
0 0.965625 0.0109375 0.0375 0.021875
0 0.978125 0.0109375 0.0374996 0.021875
0 0.976562 0.0109596 0.046875 0.0219191
0 0.0627778 0.0147818 0.0306692 0.0295636
0 0.0782328 0.0144494 0.0371122 0.0288988
0 0.254903 0.0146334 0.0372778 0.0292668
0 0.262212 0.0147661 0.037151 0.0295322
0 0.267809 0.0148498 0.0368319 0.0296995
0 0.30124 0.0146465 0.0339928 0.029293
0 0.312547 0.0144193 0.0314103 0.0288386
0 0.34979 0.014986 0.032289 0.029972
0 0.356085 0.0146755 0.032164 0.0293509
0 0.362208 0.0148343 0.0322553 0.0296687
0 0.368061 0.0146122 0.0330128 0.0292244
0 0.374589 0.0149196 0.0327636 0.0298392
0 0.380362 0.0148357 0.0331183 0.0296714
0 0.400061 0.0140993 0.0313733 0.0281986
0 0.411438 0.0141563 0.0334052 0.0283126
0 0.418664 0.014108 0.0314316 0.028216
0 0.424892 0.0140762 0.0314728 0.0281524
0 0.431093 0.0140968 0.0315643 0.0281935
0 0.437396 0.0141116 0.0314579 0.0282232
0 0.445478 0.0140862 0.0347071 0.0281724
0 0.456046 0.014063 0.0316574 0.028126
0 0.462476 0.0140648 0.0312973 0.0281295
0 0.468749 0.0140647 0.0312513 0.0281295
0 0.474999 0.0140637 0.0312513 0.0281274
0 0.481249 0.014064 0.0312526 0.0281279
0 0.487498 0.0140654 0.0312532 0.0281308
0 0.506248 0.0140676 0.0312531 0.0281352
0 0.512499 0.0140695 0.0312519 0.028139
0 0.531248 0.0140685 0.0312535 0.028137
0 0.537498 0.0140887 0.0312549 0.0281774
0 0.55 0.0140626 0.03125 0.0281252
0 0.556249 0.0140625 0.0312519 0.028125
0 0.5625 0.0140626 0.0312502 0.0281251
0 0.58125 0.0140625 0.03125 0.028125
0 0.5875 0.0140625 0.03125 0.028125
0 0.60625 0.0140625 0.03125 0.028125
0 0.6125 0.0140625 0.03125 0.028125
0 0.625 0.0140625 0.03125 0.028125
0 0.63125 0.0140625 0.03125 0.028125
0 0.6375 0.0140625 0.03125 0.028125
0 0.65625 0.0140625 0.03125 0.028125
0 0.68125 0.0140625 0.03125 0.028125
0 0.69375 0.0140625 0.03125 0.028125
0 0.7125 0.0140626 0.03125 0.0281252
0 0.71875 0.0140628 0.03125 0.0281257
0 0.725 0.0140631 0.03125 0.0281263
0 0.75625 0.0140625 0.03125 0.028125
0 0.78125 0.0140625 0.03125 0.028125
0 0.89375 0.0140625 0.03125 0.028125
0 0.91875 0.0140625 0.03125 0.028125
0 0.94375 0.0140625 0.03125 0.028125
0 0.95 0.0140625 0.03125 0.028125
0 0.9625 0.0140625 0.0312504 0.028125
0 0.968746 0.0140625 0.031257 0.028125
0 0.975 0.0140625 0.0312504 0.028125
0 0.98125 0.0140625 0.03125 0.028125
0 0.985937 0.0171875 0.028125 0.034375
0 0.989063 0.0140673 0.021875 0.0281346
0 0.0656559 0.0193204 0.037549 0.0386408
0 0.0722257 0.0196446 0.037226 0.0392892
0 0.0845325 0.0187023 0.0372908 0.0374045
0 0.306156 0.017282 0.0314544 0.034564
0 0.318317 0.0174193 0.032198 0.0348387
0 0.324232 0.0174302 0.033047 0.0348604
0 0.331099 0.0178154 0.0326898 0.0356308
0 0.336991 0.0176235 0.0328482 0.0352469
0 0.343381 0.0176663 0.032798 0.0353325
0 0.385071 0.0176246 0.0360706 0.0352493
0 0.404333 0.017188 0.0350832 0.0343761
0 0.436774 0.0172036 0.0327018 0.0344073
0 0.45 0.0171881 0.0312521 0.0343761
0 0.73125 0.0171875 0.031251 0.034375
0 0.737499 0.0171876 0.031253 0.0343751
0 0.80625 0.0171875 0.03125 0.034375
0 0.8125 0.0171875 0.03125 0.034375
0 0.81875 0.0171875 0.03125 0.034375
0 0.825 0.0171875 0.03125 0.034375
0 0.83125 0.0171875 0.03125 0.034375
0 0.8375 0.0171875 0.03125 0.034375
0 0.84375 0.0171875 0.03125 0.034375
0 0.85 0.0171875 0.03125 0.034375
0 0.85625 0.0171875 0.03125 0.034375
0 0.8625 0.0171875 0.03125 0.034375
0 0.9 0.0171875 0.03125 0.034375
0 0.90625 0.0171875 0.03125 0.034375
0 0.9125 0.0171875 0.03125 0.034375
0 0.925 0.0171875 0.03125 0.034375
0 0.93125 0.0171875 0.03125 0.034375
0 0.9375 0.0171875 0.03125 0.034375
0 0.956242 0.0171875 0.0312653 0.034375
0 0.962074 0.0171875 0.0321019 0.034375
0 0.0594622 0.0251102 0.0344585 0.0431749
0 0.0708986 0.0256982 0.0398312 0.0406005
0 0.0779959 0.024014 0.0376757 0.0391632
0 0.260538 0.024299 0.0381376 0.0418354
0 0.312452 0.0220718 0.031505 0.0378934
0 0.324481 0.0223943 0.0324258 0.0385384
0 0.34944 0.0224175 0.0326529 0.0385841
0 0.355457 0.0221615 0.0328929 0.0380725
0 0.361657 0.022236 0.0330098 0.0382217
0 0.367534 0.0222761 0.0337974 0.038302
0 0.37398 0.0222433 0.0334902 0.038236
0 0.39686 0.0219826 0.0374876 0.0377122
0 0.412113 0.0218879 0.0320254 0.0375259
0 0.418559 0.0218807 0.0316322 0.0375114
0 0.424868 0.0218864 0.0315136 0.0375228
0 0.430946 0.021883 0.0318575 0.037516
0 0.443768 0.0218819 0.0313081 0.0375138
0 0.456189 0.0218751 0.031372 0.0375001
0 0.462493 0.0218759 0.0312643 0.0375017
0 0.468746 0.0218756 0.0312586 0.0375013
0 0.474998 0.0218758 0.0312549 0.0375016
0 0.481245 0.0218761 0.0312598 0.0375023
0 0.487495 0.0218791 0.0312594 0.0375082
0 0.493744 0.0218795 0.0312624 0.037509
0 0.499998 0.0218772 0.0312549 0.0375045
0 0.506246 0.0218784 0.031259 0.0375067
0 0.512497 0.0218805 0.0312559 0.0375111
0 0.518748 0.0218784 0.0312537 0.0375067
0 0.524999 0.0218768 0.0312519 0.0375036
0 0.531244 0.0218793 0.0312622 0.0375087
0 0.537476 0.0219067 0.0312979 0.0375634
0 0.54375 0.0218754 0.03125 0.0375008
0 0.55 0.021875 0.03125 0.0375
0 0.55625 0.021875 0.03125 0.0375
0 0.5625 0.021875 0.03125 0.0375
0 0.56875 0.021875 0.03125 0.0375
0 0.575 0.021875 0.03125 0.0375
0 0.58125 0.021875 0.03125 0.0375
0 0.5875 0.021875 0.03125 0.0375
0 0.59375 0.021875 0.03125 0.0375
0 0.6 0.021875 0.03125 0.0375
