0 0.788707 0.571596 0.016198 0.0161354
0 0.604496 0.626733 0.0108188 0.011164
0 0.724851 0.474 0.0153338 0.0158827
0 0.0489426 0.696005 0.0172237 0.0161098
0 0.120371 0.524616 0.0176175 0.0180391
0 0.551123 0.672839 0.0164806 0.0167848
0 0.757039 0.619376 0.0153583 0.0157368
0 0.54043 0.717888 0.0160767 0.0167063
0 0.670399 0.0138863 0.0157883 0.0145397
0 0.591982 0.795197 0.0162044 0.0150755
0 0.623389 0.263984 0.0162482 0.0157374
0 0.121927 0.717988 0.0164193 0.0152678
0 0.559274 0.604474 0.0168875 0.0155534
0 0.620452 0.570131 0.0146545 0.0131574
0 0.162204 0.598548 0.0175046 0.0162279
0 0.990245 0.329495 0.0125687 0.0141284
0 0.842236 0.67881 0.0141268 0.0147191
0 0.594618 0.632612 0.0102884 0.0110264
0 0.0414233 0.817365 0.0170267 0.0178745
0 0.915295 0.6502 0.015403 0.0165123
0 0.598678 0.727072 0.0136944 0.0105578
0 0.0933837 0.21535 0.0136586 0.0149472
0 0.942573 0.401826 0.0125328 0.0133575
0 0.914955 0.712078 0.0151684 0.0129193
0 0.282075 0.61657 0.0233717 0.0187881
0 0.933245 0.700009 0.0152562 0.0157073
0 0.626841 0.786042 0.0146623 0.0141823
0 0.619291 0.726428 0.0170512 0.0190493
0 0.27402 0.192924 0.0142113 0.0154821
0 0.0290398 0.745587 0.018794 0.0171917
0 0.0343868 0.661686 0.0179718 0.023237
0 0.566726 0.697682 0.00817233 0.0080021
0 0.831972 0.625557 0.0138944 0.0136056
0 0.969442 0.709359 0.0146073 0.0155727
0 0.575878 0.64484 0.0147069 0.0137163
0 0.0755155 0.103562 0.0180482 0.0142095
0 0.860197 0.66685 0.0118977 0.0118534
0 0.698465 0.722199 0.0153438 0.0142596
0 0.656722 0.503213 0.0128225 0.0125427
0 0.948604 0.691366 0.0101467 0.00994545
0 0.756754 0.532351 0.0139342 0.0138615
0 0.816052 0.718321 0.0158634 0.0139279
0 0.323694 0.731605 0.0207086 0.025682
0 0.0557721 0.671286 0.0164784 0.0175976
0 0.298863 0.720195 0.0143317 0.012584
0 0.623731 0.520356 0.0106101 0.00972766
0 0.571875 0.541758 0.0136364 0.0130855
0 0.598772 0.689821 0.00814456 0.00845563
0 0.786833 0.60671 0.0127907 0.0124897
0 0.535332 0.913308 0.015752 0.0150903
0 0.572734 0.730437 0.0114785 0.00974387
0 0.561788 0.876432 0.0158091 0.0152769
0 0.631489 0.679088 0.00792736 0.0075832
0 0.613161 0.643645 0.0100241 0.00961143
0 0.631879 0.539723 0.0104124 0.00992948
0 0.184242 0.0118429 0.0112669 0.0113176
0 0.62757 0.641434 0.00801414 0.0110651
0 0.811741 0.529487 0.0130791 0.00972253
0 0.798967 0.669477 0.0127153 0.0123981
0 0.0424931 0.778669 0.0136124 0.0106144
0 0.671863 0.734622 0.0121703 0.0167491
0 0.829939 0.651948 0.00992203 0.0094685
