0 0.587339 0.812204 0.0175964 0.0169411
0 0.569995 0.777851 0.0186103 0.0170096
0 0.902871 0.959132 0.0174248 0.0149983
0 0.45932 0.665166 0.017732 0.0162733
0 0.649411 0.664205 0.0179836 0.0171357
0 0.50722 0.76678 0.0197687 0.0179129
0 0.292284 0.69544 0.0158286 0.0141319
0 0.618542 0.769727 0.0189713 0.0168978
0 0.304193 0.386911 0.0196571 0.0175477
0 0.0968467 0.549333 0.0181824 0.0177929
0 0.351203 0.669865 0.0174279 0.0135826
0 0.558216 0.118273 0.0195219 0.0168882
0 0.200283 0.221661 0.0189677 0.0182905
0 0.917953 0.937828 0.0131634 0.0119156
0 0.0274905 0.258612 0.0206601 0.0185152
0 0.411056 0.719497 0.0164377 0.0128712
0 0.912091 0.815181 0.0165098 0.0143807
0 0.512326 0.844154 0.0237808 0.0184044
0 0.0837633 0.302412 0.0179652 0.0178023
0 0.0804324 0.211901 0.0209484 0.0270709
0 0.44038 0.71836 0.0161062 0.0148687
0 0.143441 0.0343364 0.0171379 0.016613
0 0.492433 0.814137 0.014109 0.0130497
0 0.188932 0.0136204 0.0180839 0.0156499
0 0.244106 0.676284 0.0138316 0.0160842
0 0.0722875 0.327412 0.0182307 0.0188903
0 0.548683 0.80287 0.0189758 0.0116906
0 0.0969724 0.982556 0.0124175 0.0115471
0 0.0726744 0.328398 0.0160747 0.0149552
0 0.230981 0.649515 0.0163493 0.0147772
