0 0.760638 0.917649 0.00949126 0.0105602
0 0.748589 0.805439 0.0094595 0.0099079
0 0.732377 0.802176 0.0099501 0.0107124
0 0.766442 0.896859 0.00918126 0.011296
0 0.764108 0.739857 0.0119154 0.0129623
0 0.733732 0.816592 0.00916576 0.0102661
0 0.65919 0.938581 0.0117081 0.0131973
0 0.536843 0.8552 0.00985187 0.010891
0 0.576491 0.816882 0.00907725 0.00931931
0 0.643841 0.855156 0.010662 0.0106689
0 0.811772 0.933909 0.00859356 0.00977099
0 0.785914 0.900289 0.0104717 0.0115242
0 0.593368 0.927006 0.0133127 0.0101038
0 0.75678 0.754596 0.0112686 0.0110801
0 0.69206 0.978299 0.00913692 0.00894201
0 0.860487 0.974386 0.0108215 0.0110699
0 0.940027 0.892554 0.0105112 0.0111866
0 0.659734 0.905312 0.0102258 0.00945508
0 0.601351 0.88278 0.00894642 0.00908947
0 0.617308 0.830013 0.00857425 0.00838429
0 0.709915 0.788027 0.0106159 0.00886685
0 0.658006 0.848404 0.0106841 0.0103678
0 0.963054 0.85215 0.0107254 0.0106297
0 0.753779 0.872379 0.00946027 0.00987548
0 0.672216 0.783605 0.00926441 0.0114155
0 0.697752 0.722539 0.0106454 0.0100954
0 0.603705 0.772095 0.00869191 0.00877494
0 0.778514 0.869594 0.00982285 0.0105764
0 0.903644 0.921317 0.00965464 0.00891572
0 0.629697 0.937853 0.0105789 0.0128231
0 0.660105 0.622965 0.00943661 0.00916135
0 0.820298 0.838963 0.010796 0.0100048
0 0.646448 0.925221 0.0110087 0.00933415
0 0.609038 0.852928 0.00916052 0.00936925
0 0.568195 0.841633 0.00912201 0.00986499
0 0.692894 0.916921 0.0075717 0.00918084
0 0.766259 0.930372 0.00760138 0.00818747
0 0.646203 0.720526 0.00824404 0.00905919
0 0.747493 0.951341 0.0103686 0.00994873
0 0.727541 0.973001 0.00820082 0.00864524
0 0.708643 0.952963 0.00979197 0.00979978
0 0.251724 0.964943 0.00958872 0.0115795
0 0.626324 0.766541 0.00973105 0.00989425
0 0.646015 0.653361 0.0098868 0.0102686
0 0.682558 0.926966 0.00864005 0.00942463
0 0.801668 0.954347 0.00924563 0.0102543
0 0.606876 0.932464 0.00929719 0.00964808
0 0.52451 0.839455 0.00999206 0.00925142
0 0.730668 0.92091 0.00906563 0.0103396
0 0.624753 0.861678 0.0104486 0.0111302
0 0.623897 0.841904 0.00989914 0.00969696
0 0.980233 0.920628 0.0104576 0.0096758
0 0.907653 0.939267 0.00950015 0.00923634
0 0.69593 0.796062 0.00980854 0.00978428
0 0.616102 0.646742 0.00871581 0.00969195
0 0.961823 0.898395 0.00945187 0.0101441
0 0.754725 0.90112 0.0083977 0.00891453
0 0.571421 0.899403 0.00991893 0.00980949
0 0.581063 0.907641 0.00920564 0.00918579
0 0.755882 0.93517 0.0088647 0.0143102
0 0.670294 0.767364 0.00956368 0.00993192
0 0.591192 0.957574 0.00904465 0.00867099
0 0.667724 0.638313 0.00905246 0.00963479
0 0.681313 0.881119 0.00983745 0.0100098
0 0.626841 0.667273 0.00985605 0.0101632
0 0.980293 0.873105 0.00918275 0.00975418
0 0.948334 0.852346 0.0105183 0.0104076
0 0.909309 0.961877 0.00982171 0.00936085
0 0.736033 0.776724 0.0086174 0.00957376
0 0.750529 0.738068 0.0108078 0.0131854
0 0.741342 0.75824 0.010276 0.0102568
0 0.632083 0.970902 0.00823194 0.00943869
0 0.669098 0.868608 0.0097928 0.010049
0 0.584432 0.840556 0.00924033 0.0104539
0 0.814741 0.955787 0.00848138 0.00905913
0 0.916357 0.889579 0.00706899 0.00819778
0 0.742248 0.847232 0.00988787 0.00937748
0 0.650067 0.612504 0.00944895 0.0105166
0 0.620616 0.984786 0.010049 0.0114664
0 0.554451 0.852464 0.00875229 0.00818157
0 0.641428 0.87469 0.00877076 0.00959015
0 0.622963 0.746737 0.00749898 0.00903773
0 0.952787 0.88932 0.00863457 0.00891459
0 0.693693 0.873923 0.0087921 0.00965732
0 0.630178 0.916622 0.00904161 0.0101284
0 0.662022 0.792274 0.00812542 0.0103287
0 0.754772 0.826923 0.00899982 0.0087772
0 0.720163 0.796651 0.0110639 0.0132317
0 0.904753 0.9092 0.00806808 0.00860596
0 0.972114 0.904252 0.00906813 0.00853366
0 0.73505 0.88034 0.00851744 0.00906414
0 0.551 0.785765 0.00962871 0.0102053
0 0.331826 0.983632 0.00939599 0.00789523
0 0.9548 0.913098 0.0116029 0.0107124
0 0.6435 0.591368 0.00941908 0.009583
0 0.721582 0.794632 0.0102261 0.0120174
0 0.508966 0.840143 0.00952113 0.00780141
0 0.53327 0.956434 0.00918943 0.0090214
0 0.677652 0.712963 0.0117493 0.0109729
0 0.743724 0.818914 0.0110769 0.00979197
0 0.767327 0.8411 0.00746709 0.00728625
0 0.724629 0.947023 0.0103647 0.00969696
0 0.652812 0.962342 0.00860173 0.00945204
0 0.544973 0.843207 0.0101022 0.0138466
0 0.707333 0.757719 0.0150167 0.014457
0 0.803177 0.832648 0.0123016 0.0168598
0 0.605811 0.909328 0.00946862 0.0107843
0 0.610438 0.585566 0.0110192 0.0105932
0 0.577725 0.847348 0.00909615 0.0105148
0 0.985777 0.862338 0.00907516 0.00847054
0 0.70312 0.775886 0.0109288 0.0118482
0 0.666044 0.597317 0.0103554 0.0104308
0 0.680357 0.606556 0.00928169 0.00993115
0 0.64369 0.805199 0.0066973 0.00684243
0 0.721172 0.877273 0.00757539 0.00722045
0 0.613455 0.570679 0.00952774 0.00967973
0 0.671661 0.933426 0.00807261 0.00756454
0 0.551046 0.817579 0.00982052 0.00942498
0 0.543835 0.909083 0.0140163 0.00974274
0 0.906717 0.893305 0.00974578 0.00974047
0 0.592718 0.967267 0.00933599 0.00917125
0 0.966642 0.920259 0.0087288 0.00898284
0 0.602659 0.994843 0.0121616 0.00993121
0 0.746616 0.88435 0.0072729 0.0082165
0 0.585561 0.916688 0.00897741 0.0081169
0 0.684367 0.956573 0.00952274 0.00916749
0 0.608026 0.625329 0.00924903 0.00876582
0 0.570381 0.798892 0.00777799 0.00767481
0 0.710343 0.913271 0.00871104 0.00805128
0 0.669378 0.893482 0.00801277 0.00866395
0 0.600767 0.791186 0.00948733 0.0103946
0 0.276588 0.921274 0.0122021 0.0127445
0 0.741253 0.921972 0.00970042 0.0111664
0 0.629709 0.649223 0.00905365 0.00839359
0 0.706659 0.835512 0.011068 0.0096674
0 0.743522 0.893134 0.00640571 0.00763702
0 0.755987 0.938764 0.00963962 0.0133289
0 0.56079 0.79761 0.00737268 0.00855011
0 0.743288 0.93792 0.0074811 0.00912976
0 0.767494 0.809134 0.00952756 0.0143677
0 0.569656 0.969355 0.00947726 0.0091396
0 0.627919 0.897226 0.00809997 0.00892949
0 0.802581 0.829678 0.0113626 0.0132328
0 0.697301 0.899832 0.00868005 0.00832295
0 0.562542 0.8129 0.0105993 0.0106663
0 0.755169 0.88959 0.00829983 0.0086754
0 0.588673 0.944102 0.0102811 0.0112251
0 0.377228 0.976772 0.00930184 0.00895846
0 0.906739 0.893025 0.00823855 0.00750464
0 0.674559 0.74874 0.00899822 0.0083065
0 0.356034 0.992808 0.00834417 0.00740963
0 0.597257 0.833869 0.00745761 0.0074169
0 0.214948 0.964201 0.0121586 0.00887907
0 0.756825 0.932231 0.00966281 0.0116154
0 0.803407 0.771272 0.0111623 0.0105778
0 0.586858 0.980677 0.0083794 0.00818712
0 0.743786 0.819847 0.00913835 0.00924075
0 0.693248 0.734762 0.00897807 0.0104964
0 0.714488 0.825983 0.0094021 0.00915432
0 0.713277 0.840749 0.0111611 0.0117534
0 0.607709 0.948311 0.00738758 0.00809246
0 0.297292 0.990777 0.0159599 0.0136
0 0.663029 0.598065 0.0112449 0.010278
0 0.955357 0.943743 0.00967485 0.00881213
0 0.547371 0.886301 0.00691915 0.00694162
0 0.606395 0.90797 0.0101274 0.0101726
0 0.663377 0.920553 0.00878853 0.00919515
0 0.69526 0.618983 0.0113832 0.00998479
0 0.292034 0.964101 0.0103706 0.0110598
0 0.617664 0.560012 0.0080604 0.00798649
0 0.555632 0.806038 0.00974089 0.00905514
0 0.345018 0.992228 0.00900358 0.00870061
0 0.743596 0.893534 0.00823838 0.00937194
0 0.755659 0.9361 0.0114394 0.0187294
0 0.398197 0.996092 0.00923586 0.0078162
0 0.637685 0.892488 0.00734174 0.00858688
0 0.791203 0.863487 0.0101906 0.0125901
0 0.25632 0.900549 0.0101649 0.0128605
0 0.650452 0.5513 0.00768405 0.00818986
0 0.673941 0.731136 0.00852925 0.0101343
0 0.654245 0.872516 0.00789022 0.00701576
0 0.539017 0.833754 0.0073933 0.00667226
0 0.6697 0.893174 0.0065738 0.00699711
0 0.675572 0.997427 0.0103037 0.00514621
0 0.709044 0.836462 0.0147251 0.0118275
0 0.25518 0.916095 0.0103824 0.0106705
0 0.0567923 0.889597 0.00960321 0.0108333
0 0.904028 0.908262 0.00778925 0.00829923
0 0.614146 0.973635 0.00848329 0.00905591
0 0.136607 0.989832 0.00923219 0.0085367
0 0.743858 0.846141 0.0136234 0.0100956
0 0.960816 0.836753 0.010796 0.0094021
0 0.769667 0.805458 0.0148048 0.0172018
0 0.579536 0.960537 0.00659561 0.00759888
0 0.996865 0.882518 0.00622845 0.0128425
0 0.771879 0.80312 0.0113518 0.0126299
0 0.356879 0.992172 0.00752068 0.00739139
0 0.240981 0.97675 0.00787988 0.00757331
0 0.711416 0.838658 0.0172552 0.0167294
0 0.939802 0.996994 0.0100109 0.00583285
