0 0.495652 0.959668 0.0100365 0.00993234
0 0.624617 0.861491 0.015324 0.0147457
0 0.959346 0.768298 0.013522 0.0132217
0 0.776566 0.942481 0.011282 0.011306
0 0.90437 0.127823 0.0126734 0.0123539
0 0.643149 0.896631 0.0130118 0.012854
0 0.956035 0.15285 0.0131739 0.0129403
0 0.597877 0.749333 0.0140392 0.0140505
0 0.951452 0.136148 0.0125397 0.0126516
0 0.978546 0.119656 0.0134155 0.0137875
0 0.693329 0.924226 0.013628 0.0130127
0 0.437966 0.917973 0.0156832 0.0145206
0 0.0060562 0.932352 0.0121124 0.0141777
0 0.153417 0.13854 0.0139528 0.0142049
0 0.748911 0.91803 0.013232 0.0148464
0 0.653484 0.908823 0.0139081 0.0128361
0 0.93731 0.0803203 0.0143877 0.0137229
0 0.11137 0.849329 0.015129 0.0149265
0 0.963073 0.103667 0.0120274 0.0118733
0 0.761549 0.899687 0.0132224 0.014349
0 0.922014 0.0652783 0.013845 0.0130303
0 0.649298 0.832153 0.0147374 0.0137741
0 0.913372 0.216218 0.0132446 0.0122335
0 0.495285 0.940488 0.00940895 0.0102238
0 0.0146361 0.911816 0.0151213 0.0160973
0 0.916766 0.109294 0.0132086 0.0133149
0 0.636604 0.746519 0.0142033 0.0119368
0 0.445575 0.859373 0.0153573 0.0137138
0 0.516688 0.571006 0.0153078 0.0139815
0 0.201661 0.513266 0.0155268 0.0193396
0 0.960113 0.11735 0.0119141 0.0135026
0 0.896737 0.227022 0.0128319 0.0124739
0 0.170476 0.306671 0.0147458 0.0137583
0 0.0522476 0.531424 0.0156524 0.0147845
0 0.809704 0.246982 0.0119282 0.0110321
0 0.828498 0.317497 0.0127369 0.0117825
0 0.434451 0.952994 0.0144222 0.0137863
0 0.868024 0.321751 0.0147453 0.013777
0 0.211801 0.863811 0.0143338 0.0135864
0 0.548656 0.361513 0.0145581 0.0131719
0 0.672926 0.797202 0.0150226 0.0121062
0 0.506124 0.947405 0.0110659 0.0110233
0 0.945711 0.783686 0.0133156 0.0129631
0 0.836621 0.628778 0.0193278 0.0185456
0 0.761779 0.952148 0.0126963 0.011379
0 0.902218 0.143494 0.0129202 0.0130009
0 0.80597 0.264419 0.0109787 0.0118118
0 0.503754 0.786055 0.0140894 0.0123428
0 0.967404 0.0454235 0.0143753 0.0120704
0 0.144312 0.293846 0.0142082 0.0117835
0 0.621387 0.79896 0.0113049 0.0106377
0 0.102842 0.353404 0.0118733 0.0107974
0 0.670355 0.957787 0.010963 0.0109307
0 0.477372 0.934258 0.00924778 0.0108692
0 0.597483 0.271434 0.0126227 0.0120993
0 0.225749 0.0767279 0.0157281 0.0116395
0 0.960008 0.611093 0.0138386 0.0131688
0 0.86372 0.30208 0.0122628 0.0113741
0 0.985955 0.0391106 0.0125679 0.0100136
0 0.84909 0.245493 0.0126762 0.0120548
0 0.0347082 0.438493 0.0152787 0.0135694
0 0.873568 0.763254 0.0129398 0.0144631
0 0.858871 0.281851 0.0121754 0.0124495
0 0.00717075 0.978397 0.0123135 0.0143234
0 0.21661 0.955272 0.0123171 0.0111473
0 0.792722 0.68747 0.012938 0.0130495
0 0.480962 0.962711 0.0107229 0.0108212
0 0.102796 0.108898 0.013664 0.0134172
0 0.2919 0.928464 0.0132468 0.0113056
0 0.790376 0.253728 0.0116683 0.0112871
0 0.939486 0.465525 0.0103439 0.0108795
0 0.458305 0.963138 0.0154024 0.0154018
0 0.366867 0.00843095 0.0115212 0.0131629
0 0.68473 0.871299 0.0134985 0.0113548
0 0.161851 0.183022 0.0141848 0.0152683
0 0.81162 0.611084 0.0138497 0.0138939
0 0.808783 0.953243 0.0120597 0.0130472
0 0.913129 0.55197 0.0144027 0.0131302
0 0.654926 0.735447 0.0118086 0.0107601
0 0.270823 0.928375 0.0148194 0.0132902
0 0.984531 0.254993 0.0161766 0.0159013
0 0.482922 0.881609 0.0127499 0.0116791
0 0.314079 0.824757 0.0144932 0.011512
0 0.537844 0.774967 0.0192425 0.0155547
0 0.906744 0.259446 0.0104337 0.0107524
0 0.0357057 0.883697 0.0117412 0.0113994
0 0.0651813 0.947378 0.0117861 0.0111191
0 0.786288 0.910933 0.0101775 0.0101219
0 0.607411 0.704327 0.0156271 0.0122315
0 0.46699 0.923663 0.00932312 0.0092392
0 0.985078 0.452297 0.0132197 0.011886
0 0.466847 0.890315 0.0128341 0.0117558
0 0.456255 0.789958 0.0145159 0.0132917
0 0.154424 0.0754092 0.0134176 0.0117508
0 0.655855 0.971923 0.0139018 0.0124103
0 0.290845 0.977397 0.0124034 0.0114319
0 0.829711 0.28046 0.0122738 0.0113939
0 0.23714 0.966114 0.0107582 0.0107006
0 0.2177 0.0912636 0.0102628 0.0090374
0 0.78779 0.282778 0.0132121 0.0133254
0 0.0780618 0.786742 0.0141873 0.013549
0 0.511633 0.957767 0.00862312 0.00830996
0 0.23494 0.996924 0.0103395 0.00615251
0 0.710219 0.911101 0.0148414 0.0137485
0 0.193833 0.953872 0.0104754 0.0107746
0 0.503253 0.828958 0.0102674 0.0117838
0 0.644251 0.930636 0.00913948 0.00890309
0 0.468537 0.921855 0.0125128 0.0110706
0 0.770455 0.777627 0.0101476 0.00987196
0 0.942902 0.654227 0.0120123 0.0127968
0 0.483756 0.909191 0.00964412 0.00985813
