0 0.901485 0.420664 0.00889128 0.00831908
0 0.882027 0.611651 0.00912172 0.0103881
0 0.913803 0.414836 0.00714171 0.00747749
0 0.916254 0.700437 0.00992543 0.0111607
0 0.98612 0.760873 0.00918978 0.00991935
0 0.9171 0.378443 0.0086031 0.0101353
0 0.926799 0.384611 0.0108072 0.00960571
0 0.89731 0.439694 0.0095017 0.00931951
0 0.983961 0.267693 0.0101692 0.0105001
0 0.897963 0.704885 0.00836486 0.00897902
0 0.94215 0.483985 0.0103094 0.0102026
0 0.911251 0.612552 0.0117846 0.0143684
0 0.991168 0.427489 0.00821036 0.00909546
0 0.930482 0.466007 0.0102409 0.0104545
0 0.939349 0.355059 0.00947535 0.00986233
0 0.94687 0.549654 0.0102059 0.0122021
0 0.788124 0.789797 0.00986248 0.0105549
0 0.903671 0.401595 0.00678557 0.00805148
0 0.991134 0.451433 0.00877076 0.00906199
0 0.967324 0.77086 0.009565 0.00954586
0 0.93782 0.307162 0.00963593 0.0110269
0 0.991774 0.304638 0.00877893 0.00887221
0 0.983948 0.608249 0.00762439 0.00802153
0 0.869905 0.477933 0.0108994 0.0111233
0 0.97995 0.891237 0.00849116 0.00920337
0 0.957715 0.560671 0.0116285 0.0101397
0 0.8279 0.679166 0.0097084 0.00994927
0 0.96262 0.229153 0.00982326 0.0100332
0 0.947492 0.765056 0.0083828 0.00879633
0 0.852685 0.7397 0.00963557 0.0103722
0 0.945329 0.795192 0.00929928 0.00941503
0 0.972967 0.623713 0.00818634 0.00873375
0 0.878637 0.642684 0.0103756 0.0105411
0 0.860594 0.335571 0.00955927 0.00960207
0 0.996639 0.770868 0.0058735 0.00892568
0 0.929615 0.732873 0.00925297 0.00982052
0 0.890187 0.728053 0.00947458 0.00954682
0 0.977694 0.587183 0.00979042 0.00990069
0 0.857636 0.445954 0.00877571 0.00904253
0 0.995617 0.281985 0.00876653 0.00999346
0 0.771249 0.793608 0.010419 0.0102208
0 0.927675 0.297133 0.0100761 0.00998378
0 0.871571 0.834855 0.00970519 0.0104986
0 0.942654 0.372443 0.0103634 0.0116684
0 0.981136 0.555281 0.00922263 0.00997633
0 0.774109 0.745341 0.00955147 0.00996685
0 0.920598 0.723127 0.00898057 0.00935513
0 0.976425 0.120798 0.0097118 0.0110593
0 0.936912 0.324629 0.00831378 0.00933304
0 0.941206 0.167473 0.00839615 0.00939448
0 0.907351 0.634988 0.00991249 0.010763
0 0.879909 0.450347 0.00915527 0.00997621
0 0.890433 0.636517 0.00796127 0.00937063
0 0.966668 0.360458 0.0102965 0.00957903
0 0.880637 0.477278 0.00737762 0.0101828
0 0.80239 0.757007 0.00872725 0.00942492
0 0.904 0.188412 0.0102867 0.0108926
0 0.893923 0.600396 0.0097481 0.0107719
0 0.90887 0.594438 0.00984383 0.00974339
0 0.800421 0.708779 0.0101141 0.00973564
0 0.990017 0.139827 0.00916916 0.00904651
0 0.913555 0.404649 0.00812227 0.00844145
0 0.989322 0.77567 0.00823176 0.00844389
0 0.927176 0.370083 0.00997621 0.0109082
0 0.849565 0.327393 0.00805968 0.00917521
0 0.925366 0.986482 0.0088039 0.00902748
0 0.825927 0.565238 0.0089184 0.0100669
0 0.82145 0.590898 0.00884092 0.00988078
0 0.877831 0.680711 0.007173 0.00782794
0 0.828287 0.746358 0.00973701 0.0118664
0 0.969887 0.611955 0.010094 0.0109268
0 0.911766 0.354366 0.00905323 0.00965065
0 0.92401 0.600615 0.00872648 0.00955391
0 0.991267 0.316392 0.00746959 0.00806972
0 0.968479 0.934162 0.00778884 0.00993633
0 0.895151 0.548605 0.00768226 0.00864935
0 0.994372 0.665984 0.011255 0.0164673
0 0.76672 0.753074 0.00799906 0.00954473
0 0.815526 0.621001 0.0110521 0.011487
0 0.97298 0.346696 0.014375 0.0107322
0 0.951087 0.147166 0.00989419 0.0129366
0 0.964637 0.217963 0.0077135 0.00795202
0 0.808015 0.727594 0.00783694 0.00909597
0 0.989766 0.402003 0.00755346 0.00817844
0 0.974633 0.298729 0.00952071 0.00875232
0 0.956713 0.4282 0.00857449 0.0123182
0 0.818326 0.578845 0.00905305 0.00926805
0 0.925099 0.341227 0.0127068 0.0151103
0 0.946741 0.823579 0.00719565 0.00864869
0 0.812829 0.777786 0.00799727 0.00944114
0 0.886724 0.43747 0.00811803 0.00928965
0 0.954137 0.888186 0.00652772 0.00764346
0 0.807572 0.569563 0.0109851 0.0107563
0 0.950195 0.922429 0.00901109 0.00915527
0 0.902368 0.976354 0.00828725 0.00865918
0 0.938781 0.992889 0.00724834 0.00826776
0 0.981219 0.699877 0.00932997 0.0106702
0 0.874684 0.173303 0.016865 0.0168866
0 0.978576 0.925933 0.00793344 0.00811237
0 0.95111 0.594421 0.00835627 0.00924587
0 0.812732 0.693962 0.00827217 0.00951213
0 0.791452 0.776962 0.00811344 0.00847834
0 0.950889 0.146566 0.0123669 0.0148609
0 0.973902 0.9212 0.00749362 0.00907445
0 0.948075 0.993808 0.00871432 0.0108314
0 0.924415 0.383575 0.0128319 0.0107052
0 0.836142 0.979691 0.00906008 0.00988692
0 0.958281 0.12645 0.0100727 0.0103519
0 0.990862 0.801847 0.0102367 0.0099591
0 0.807252 0.587754 0.00866163 0.00966471
0 0.802186 0.757184 0.0103857 0.0116799
0 0.830061 0.706834 0.00796813 0.00842035
0 0.903752 0.331261 0.00988919 0.0103165
0 0.897453 0.612923 0.00855255 0.0102684
0 0.997523 0.612289 0.00495416 0.00959033
0 0.912774 0.97767 0.00863492 0.0100199
0 0.893698 0.943015 0.00650579 0.00705969
0 0.953384 0.865291 0.00703692 0.0075466
0 0.8712 0.961222 0.00644839 0.00696981
0 0.971111 0.288654 0.0104103 0.00859708
0 0.943629 0.375856 0.0114332 0.013876
0 0.986169 0.713059 0.00910336 0.00872993
0 0.995249 0.250291 0.00950128 0.00985569
0 0.969507 0.860485 0.00873238 0.00971371
0 0.923567 0.340174 0.0119541 0.0110652
0 0.976268 0.864677 0.00636613 0.00783306
0 0.900019 0.343086 0.00830424 0.00905782
0 0.916375 0.332109 0.00769979 0.0093666
0 0.866554 0.648462 0.00830007 0.00901908
0 0.920427 0.38047 0.0142946 0.0118829
0 0.727133 0.78718 0.0102191 0.0121826
0 0.971642 0.287604 0.0126173 0.00961646
0 0.970772 0.34549 0.0159901 0.0106203
0 0.99738 0.441411 0.00501597 0.00883588
0 0.978147 0.924536 0.0089336 0.00945777
0 0.844193 0.598091 0.00820696 0.00945234
0 0.916094 0.331634 0.00888729 0.0116284
