0 0.925964 0.619029 0.0118049 0.0143913
0 0.872673 0.770941 0.0174427 0.0161681
0 0.732124 0.929169 0.0146271 0.0169159
0 0.98208 0.813896 0.0162907 0.0166323
0 0.994491 0.825937 0.0110188 0.013683
0 0.241888 0.819921 0.00834079 0.0113758
0 0.974662 0.830222 0.012932 0.0127504
0 0.557704 0.0554102 0.0196037 0.021343
0 0.917678 0.599441 0.0184531 0.0164084
0 0.881447 0.750993 0.016383 0.0147379
0 0.683827 0.916601 0.0135643 0.0167969
0 0.944299 0.602515 0.0165575 0.0162932
0 0.579271 0.0413655 0.0178288 0.0163766
0 0.41879 0.985028 0.0168215 0.0137646
0 0.94136 0.673778 0.0190616 0.0182905
0 0.980254 0.248552 0.0132145 0.0140902
0 0.767062 0.278221 0.0143879 0.0133154
0 0.961709 0.7203 0.00934368 0.00939763
0 0.994202 0.288808 0.0115957 0.0129769
0 0.934534 0.866651 0.0241696 0.0188831
0 0.775826 0.846133 0.0144743 0.0146227
0 0.662643 0.277698 0.0198004 0.0196078
0 0.953738 0.848582 0.0143635 0.0163116
0 0.842287 0.146565 0.0142384 0.0165329
0 0.519648 0.0808378 0.0195824 0.0192571
0 0.536594 0.179786 0.0145396 0.0173816
0 0.614297 0.0537303 0.0226761 0.0195114
0 0.323671 0.224885 0.0143802 0.0136519
0 0.418406 0.620127 0.0203358 0.0165483
0 0.384636 0.990891 0.0181633 0.0155561
0 0.957266 0.664541 0.0159883 0.0156315
0 0.951558 0.769169 0.0224447 0.0214283
0 0.952498 0.833663 0.0105404 0.00974274
0 0.791814 0.711095 0.016489 0.0211717
0 0.937945 0.786871 0.0178081 0.0165657
0 0.9823 0.718139 0.0109886 0.0128071
0 0.369298 0.255229 0.0204035 0.0138358
0 0.593968 0.0109853 0.0147538 0.0142748
0 0.588318 0.0243253 0.0115218 0.0116745
0 0.576879 0.329783 0.0101961 0.0125819
0 0.366751 0.402348 0.011026 0.0138766
0 0.700206 0.851909 0.0190181 0.0189375
0 0.913222 0.646457 0.0233141 0.0230826
0 0.842147 0.145303 0.0165432 0.0204178
0 0.767095 0.238027 0.0166036 0.0173246
0 0.70979 0.920853 0.0152771 0.0126579
0 0.601022 0.205165 0.0236679 0.0190359
0 0.585412 0.176067 0.013983 0.0174955
0 0.699552 0.242083 0.0156623 0.0122074
0 0.51602 0.47148 0.0199447 0.0152583
0 0.263524 0.895217 0.0152331 0.0114341
0 0.948196 0.639941 0.0139986 0.0124891
0 0.777307 0.988009 0.0157478 0.0126488
0 0.567593 0.00350348 0.015188 0.00700695
0 0.91626 0.648445 0.0177067 0.0174078
0 0.996482 0.194914 0.00703681 0.0237779
0 0.764651 0.238614 0.0208143 0.0196992
