0 0.620568 0.924446 0.0109013 0.0108669
0 0.849195 0.484163 0.00886917 0.0108105
0 0.491569 0.894791 0.00954187 0.00996935
0 0.694949 0.501874 0.0115172 0.010067
0 0.29922 0.155664 0.0106847 0.0118943
0 0.634102 0.49021 0.00910902 0.00979766
0 0.246684 0.519985 0.0112655 0.010792
0 0.667147 0.441628 0.0103867 0.0117706
0 0.453725 0.189129 0.00766829 0.00944673
0 0.467819 0.889048 0.0100945 0.0111604
0 0.471277 0.92894 0.00880983 0.00922239
0 0.440958 0.602431 0.00953427 0.00876188
0 0.387564 0.894312 0.0137635 0.0133354
0 0.883644 0.93637 0.00997013 0.0106415
0 0.569751 0.959082 0.0102919 0.00975347
0 0.733095 0.495628 0.00913316 0.0102063
0 0.592752 0.301697 0.00885624 0.0101198
0 0.604848 0.202501 0.00843585 0.00857458
0 0.655008 0.433221 0.00967729 0.0103375
0 0.892764 0.918211 0.0111002 0.0114082
0 0.29063 0.622204 0.00898114 0.00971639
0 0.60255 0.410703 0.00840253 0.0105188
0 0.711367 0.451803 0.00919628 0.00974196
0 0.353668 0.521032 0.00906703 0.012014
0 0.666426 0.370024 0.00935078 0.0100915
0 0.501672 0.228632 0.00877303 0.0099289
0 0.539599 0.315266 0.00812572 0.00780252
0 0.461321 0.736631 0.0105883 0.0114534
0 0.59286 0.216788 0.00997752 0.00936294
0 0.307834 0.62393 0.00955525 0.00913298
0 0.328089 0.798057 0.00772715 0.00870687
0 0.415792 0.254221 0.0126509 0.00937523
0 0.670484 0.501388 0.00862223 0.00902289
0 0.865674 0.64769 0.00910151 0.0107771
0 0.654044 0.528251 0.00863665 0.00958335
0 0.725757 0.439186 0.00913179 0.00952739
0 0.663471 0.390493 0.010025 0.010854
0 0.454251 0.61946 0.0111259 0.0114049
0 0.56514 0.379586 0.00897998 0.00896463
0 0.337067 0.586347 0.0107367 0.0104055
0 0.319616 0.870296 0.00946292 0.00983351
0 0.747983 0.426852 0.00954515 0.00927621
0 0.802578 0.410236 0.00928068 0.0106903
0 0.567949 0.40214 0.00855964 0.0104752
0 0.481394 0.900529 0.00930557 0.0099712
0 0.853449 0.417971 0.00904197 0.00991517
0 0.491537 0.921065 0.00884324 0.00895596
0 0.275867 0.133064 0.00685507 0.00759122
0 0.697476 0.543095 0.00898868 0.00922871
0 0.357084 0.542499 0.00971904 0.0103313
0 0.478565 0.191816 0.00892249 0.0102706
0 0.339325 0.808722 0.0123641 0.0125076
0 0.79066 0.47296 0.0104029 0.01094
0 0.504204 0.21797 0.00925314 0.00837202
0 0.225433 0.446307 0.0132994 0.0140978
0 0.59727 0.989327 0.00790006 0.00931013
0 0.397851 0.932769 0.00875777 0.0101671
0 0.836671 0.413729 0.0100788 0.010182
0 0.772101 0.867527 0.0102762 0.0110363
0 0.642417 0.921868 0.00782633 0.00812
0 0.740048 0.526253 0.00901204 0.0100892
0 0.575259 0.294849 0.00912547 0.00904199
0 0.633134 0.260317 0.00752354 0.00837564
0 0.862736 0.775874 0.0137709 0.0138524
0 0.261749 0.865703 0.010838 0.0104504
0 0.50513 0.335621 0.0093506 0.0109519
0 0.978082 0.646913 0.0110044 0.0131199
0 0.849648 0.432789 0.0111702 0.0120724
0 0.573293 0.166502 0.00955009 0.0103018
0 0.407501 0.875699 0.0115143 0.0117931
0 0.676701 0.190476 0.00666213 0.00708066
0 0.387191 0.540315 0.0102832 0.0105047
0 0.693349 0.240849 0.00846827 0.00899792
0 0.203489 0.26638 0.0085391 0.0078516
0 0.541675 0.304537 0.00804287 0.00801656
0 0.3846 0.91391 0.0088129 0.0101089
0 0.506753 0.282793 0.0095762 0.00927305
0 0.338182 0.185047 0.0090313 0.0123725
0 0.485867 0.947253 0.00656414 0.0074783
0 0.707238 0.511484 0.00827062 0.00814658
0 0.646052 0.180132 0.00870734 0.00806375
0 0.583782 0.165684 0.00803685 0.00839342
0 0.696602 0.558839 0.0092411 0.0101447
0 0.445464 0.968601 0.0114715 0.0110996
0 0.713543 0.47442 0.00979209 0.00988007
0 0.413171 0.271998 0.011857 0.0111121
0 0.592371 0.15509 0.00676537 0.00729787
0 0.266715 0.54178 0.00775328 0.00807887
0 0.85075 0.648143 0.00910109 0.00946653
0 0.336815 0.252341 0.00920621 0.00914159
0 0.648014 0.275425 0.00952595 0.00985149
0 0.216386 0.647196 0.00888985 0.00943929
0 0.692123 0.276727 0.0124504 0.00883245
0 0.651456 0.514022 0.00714928 0.00830042
0 0.857419 0.676754 0.00977093 0.00981361
0 0.378506 0.260879 0.00737104 0.00950766
0 0.652519 0.362075 0.00851613 0.00946867
0 0.691763 0.361722 0.00890422 0.00834
0 0.348156 0.768363 0.00965536 0.010466
0 0.485251 0.280513 0.00927383 0.00862876
0 0.0663858 0.297287 0.0121337 0.0103194
0 0.789974 0.396705 0.00833338 0.0083195
0 0.372966 0.596079 0.0103107 0.00994492
0 0.903141 0.931626 0.00936264 0.0103666
0 0.834788 0.444985 0.00963897 0.0104254
0 0.477657 0.235729 0.0110355 0.0105554
0 0.454454 0.899445 0.0116282 0.0121761
0 0.353163 0.204213 0.010653 0.00983438
0 0.574851 0.205049 0.0117996 0.0106279
0 0.40391 0.263629 0.00874043 0.00954285
0 0.738281 0.542602 0.00838983 0.00972939
0 0.123064 0.707968 0.00909538 0.00998271
0 0.267194 0.0585843 0.00799328 0.00787568
0 0.624896 0.5059 0.00904655 0.00894016
0 0.441576 0.20146 0.00877458 0.00951836
0 0.542382 0.28046 0.00676554 0.00738391
0 0.352096 0.640911 0.00836134 0.00933874
0 0.331366 0.703924 0.0092268 0.0098021
0 0.191645 0.28478 0.0086832 0.00799853
0 0.398538 0.539206 0.0108953 0.0106648
0 0.295473 0.132622 0.00822425 0.00860342
0 0.64625 0.346111 0.00799483 0.00935984
0 0.801824 0.464126 0.00865459 0.00897586
0 0.579277 0.42243 0.00943643 0.0102598
0 0.82716 0.465635 0.0077377 0.00846386
0 0.638277 0.430408 0.0103343 0.0127546
0 0.701917 0.0275178 0.00694942 0.00739855
0 0.334409 0.501558 0.0100623 0.0108058
0 0.48104 0.212829 0.0110517 0.0133174
0 0.271171 0.0958106 0.00621033 0.00712201
0 0.630783 0.303838 0.00954801 0.00886875
0 0.279217 0.255994 0.00837359 0.00854141
0 0.46622 0.196765 0.0091525 0.00979228
0 0.431564 0.492956 0.00871789 0.0107653
0 0.390808 0.560814 0.0092966 0.0110171
0 0.875298 0.925208 0.0113289 0.0127415
0 0.74993 0.91253 0.0126956 0.0117085
0 0.300224 0.608564 0.00791407 0.0105896
0 0.341379 0.240296 0.00769469 0.00776954
0 0.110806 0.715956 0.0102964 0.00958842
0 0.255152 0.147185 0.00840816 0.00728412
0 0.58566 0.960778 0.00855464 0.00980341
0 0.654655 0.374353 0.00787604 0.00762236
0 0.2595 0.0969843 0.00809231 0.0087946
0 0.784243 0.501732 0.00927508 0.0113052
0 0.69822 0.483076 0.00700188 0.00754058
0 0.233913 0.513908 0.0104607 0.0107269
0 0.344144 0.510242 0.0108635 0.0102891
0 0.172844 0.288679 0.00700288 0.00804171
0 0.754782 0.493815 0.012631 0.0150205
0 0.290832 0.853114 0.0110192 0.0125453
0 0.638188 0.326706 0.00870341 0.00865301
0 0.610561 0.986032 0.00793046 0.00778443
0 0.449418 0.940553 0.00796044 0.00861394
0 0.0894741 0.423022 0.00777182 0.00755826
0 0.814523 0.373122 0.0136589 0.00975859
0 0.892358 0.640215 0.0088377 0.0113294
0 0.198737 0.532618 0.00958648 0.0101967
0 0.364474 0.200261 0.00785723 0.00865102
0 0.267452 0.140862 0.00811261 0.00783888
0 0.832132 0.500041 0.00974542 0.0110826
0 0.628189 0.984691 0.0073036 0.00816041
0 0.953091 0.762484 0.00785065 0.00927114
0 0.614852 0.940416 0.00945616 0.0102141
0 0.394825 0.511607 0.0101323 0.0097003
0 0.601457 0.237546 0.00834501 0.00903063
0 0.391752 0.607815 0.0117744 0.0114784
0 0.834593 0.482586 0.0112202 0.0105693
0 0.317152 0.230168 0.0103163 0.0102033
0 0.892689 0.93186 0.00738066 0.00869977
0 0.333782 0.264677 0.00626788 0.00678441
0 0.628674 0.927236 0.00697708 0.00874633
0 0.809019 0.800765 0.00901681 0.00839096
0 0.691539 0.522563 0.0102539 0.0105724
0 0.410568 0.575763 0.0119957 0.0103906
0 0.840735 0.69322 0.0082016 0.00943059
0 0.354278 0.0329251 0.00632426 0.00689902
0 0.769221 0.941023 0.0109817 0.0122938
0 0.605888 0.952216 0.00796026 0.0121514
0 0.4513 0.212665 0.0080348 0.00891957
0 0.17605 0.954167 0.0120329 0.0114006
0 0.446836 0.0216617 0.00776732 0.00762634
0 0.20214 0.564622 0.00823249 0.00981575
0 0.877582 0.443327 0.0107403 0.0105387
0 0.230592 0.17627 0.00894551 0.00965753
0 0.365813 0.261696 0.00787705 0.00796738
0 0.826628 0.754712 0.00778675 0.00848752
0 0.909467 0.658232 0.0071941 0.00790042
0 0.39211 0.0207946 0.00895262 0.0093758
0 0.846662 0.893673 0.00833648 0.00878978
0 0.27602 0.535123 0.00794467 0.00848025
0 0.861602 0.662703 0.00913692 0.00903243
0 0.213294 0.176986 0.00795813 0.00966419
0 0.358611 0.0644722 0.00693569 0.00726905
0 0.170963 0.433288 0.0082425 0.00988701
0 0.405817 0.55954 0.0102702 0.0113875
0 0.185427 0.336888 0.00845014 0.0085907
0 0.351221 0.494927 0.0123166 0.0157429
0 0.63093 0.90974 0.00910628 0.0109127
0 0.33751 0.830112 0.0134952 0.011871
0 0.395614 0.860774 0.0133396 0.0109684
0 0.433079 0.738785 0.00843075 0.00866902
0 0.593264 0.166853 0.00671846 0.00795478
0 0.0990001 0.353075 0.00776336 0.00963774
0 0.943943 0.730689 0.00917667 0.00933862
0 0.622618 0.538329 0.0100706 0.0100256
0 0.399372 0.499697 0.00924274 0.00810808
0 0.239345 0.314623 0.00758758 0.00680372
0 0.284805 0.605575 0.00958598 0.00974369
0 0.658194 0.303926 0.00821173 0.0093447
0 0.136442 0.354074 0.00944589 0.0101165
0 0.122352 0.384001 0.00963669 0.0104065
0 0.891221 0.963989 0.00912118 0.00865746
0 0.811559 0.824236 0.00796169 0.00970423
0 0.692662 0.253242 0.00701565 0.00730781
0 0.276366 0.581546 0.00989795 0.0095557
0 0.0553756 0.290203 0.00959916 0.0105206
0 0.976056 0.726429 0.00812185 0.00806653
0 0.617074 0.344888 0.00953352 0.00988182
0 0.514467 0.238262 0.00752699 0.00826797
0 0.424867 0.857729 0.00781745 0.00885278
0 0.212357 0.50797 0.0140449 0.0144038
0 0.109752 0.354186 0.0106109 0.00934029
0 0.153915 0.431049 0.00869311 0.00880805
0 0.319324 0.0790284 0.00781134 0.00896194
0 0.803661 0.472525 0.00854915 0.00802633
0 0.547521 0.919325 0.00884843 0.00873107
0 0.428281 0.58725 0.00775364 0.00778306
0 0.598315 0.506909 0.00819331 0.00850171
0 0.566177 0.280804 0.0113036 0.00840893
0 0.385778 0.57645 0.00707069 0.00724673
0 0.058988 0.460256 0.00805463 0.00838259
0 0.573021 0.149273 0.00747281 0.0075427
0 0.688687 0.529044 0.0108067 0.0140247
0 0.633892 0.922393 0.00681001 0.00705397
0 0.196444 0.995217 0.0103381 0.00859088
0 0.305205 0.249279 0.00794569 0.00781518
0 0.658444 0.475738 0.00753462 0.00792599
0 0.58545 0.921439 0.00757444 0.00956154
0 0.196638 0.275838 0.00862029 0.00768641
0 0.36484 0.606716 0.00981835 0.0100824
0 0.585318 0.144653 0.00735146 0.00772467
0 0.879373 0.472404 0.00925177 0.0102228
0 0.835639 0.468862 0.00880474 0.00845566
0 0.222283 0.0367067 0.0108439 0.00997484
0 0.0270673 0.330372 0.00903639 0.0106805
0 0.232851 0.288437 0.00693722 0.00714633
0 0.757216 0.8576 0.0107975 0.0135595
0 0.390855 0.59554 0.00842753 0.00858933
0 0.954581 0.746978 0.00958556 0.0114313
0 0.573876 0.382495 0.00670373 0.00758362
0 0.516989 0.318946 0.0112585 0.011148
0 0.605798 0.533145 0.00909024 0.00907928
0 0.870616 0.457497 0.00807685 0.00924245
0 0.411752 0.704165 0.0119831 0.00986212
0 0.447241 0.593352 0.00767443 0.00762665
0 0.480721 0.092779 0.0058648 0.00582977
0 0.848352 0.735671 0.00766832 0.00814265
0 0.438056 0.868487 0.00912008 0.00982058
0 0.375389 0.530367 0.00862521 0.0105244
0 0.552147 0.299789 0.00730991 0.00837001
0 0.235414 0.221372 0.00742969 0.00833344
0 0.432364 0.973926 0.00740299 0.00860709
0 0.0328514 0.710944 0.00755429 0.00803125
0 0.362172 0.648274 0.00896221 0.0086599
0 0.44492 0.731627 0.00991574 0.010543
0 0.683783 0.514461 0.0085122 0.0101811
0 0.61443 0.444953 0.00862229 0.00954637
0 0.157846 0.368289 0.00962105 0.00955692
0 0.671845 0.168011 0.00677395 0.00719087
0 0.743869 0.97277 0.0083611 0.00866646
0 0.396337 0.587016 0.00734299 0.00750595
0 0.308288 0.272436 0.00645751 0.00697663
0 0.286697 0.872696 0.00850105 0.00911355
0 0.199414 0.549362 0.00936751 0.00965595
0 0.0211375 0.31415 0.0102913 0.0126457
0 0.599764 0.92021 0.0111458 0.0116749
0 0.284374 0.883482 0.0104295 0.00987381
0 0.448865 0.0446587 0.00864077 0.00885294
0 0.363638 0.524578 0.00776941 0.00780529
0 0.230384 0.0650661 0.00929861 0.0113147
0 0.18396 0.433701 0.0120645 0.0130343
0 0.417054 0.254997 0.00973463 0.00897312
0 0.0590997 0.473937 0.0111622 0.00935438
0 0.35139 0.09796 0.00969774 0.0118309
0 0.337451 0.142706 0.0115209 0.0144585
0 0.492125 0.292233 0.00844622 0.0108209
0 0.419082 0.968482 0.0107723 0.0107079
0 0.201684 0.952016 0.00714268 0.0081045
0 0.492602 0.930352 0.00707236 0.00743413
0 0.38632 0.280065 0.00728738 0.00659493
0 0.312367 0.307052 0.00938365 0.00813884
0 0.598663 0.936438 0.0127406 0.0100846
0 0.58777 0.416362 0.00916892 0.0100102
0 0.394106 0.239292 0.00857145 0.0104206
0 0.496225 0.732332 0.0101761 0.0120007
0 0.475874 0.0040246 0.0126659 0.00742574
0 0.44741 0.737778 0.0104238 0.0101218
0 0.22412 0.223495 0.00790967 0.00974131
0 0.515494 0.338833 0.00937009 0.0101182
