0 0.0901717 0.690206 0.0081055 0.008304
0 0.321853 0.903876 0.00778064 0.00834239
0 0.488873 0.678796 0.00789949 0.00941527
0 0.108454 0.673903 0.00835557 0.00842321
0 0.499152 0.649057 0.00881672 0.00944233
0 0.160772 0.773416 0.0080865 0.0084995
0 0.110266 0.704424 0.00652728 0.00770819
0 0.00935802 0.782717 0.00741663 0.00814128
0 0.496313 0.623279 0.00925732 0.0116236
0 0.119202 0.792466 0.00857274 0.00892729
0 0.104026 0.739919 0.00807326 0.00831777
0 0.204261 0.802579 0.00926042 0.00907153
0 0.0963834 0.680243 0.00893719 0.00830841
0 0.46962 0.728843 0.0094142 0.00987607
0 0.20384 0.740258 0.00764222 0.00875568
0 0.0563952 0.767505 0.00682514 0.00751841
0 0.387031 0.9764 0.0105337 0.0106688
0 0.0934307 0.781834 0.00636929 0.00648975
0 0.0667774 0.610647 0.00746829 0.00783885
0 0.114758 0.577585 0.0110442 0.00913417
0 0.402837 0.966047 0.00804886 0.00871545
0 0.140088 0.665802 0.00658265 0.00707525
0 0.273626 0.946033 0.00679913 0.00717354
0 0.215265 0.651004 0.00844201 0.00897175
0 0.319613 0.915191 0.00729772 0.00761032
0 0.0194353 0.82758 0.00792484 0.00812149
0 0.188269 0.628491 0.00755572 0.00782108
0 0.0277879 0.760434 0.00630802 0.0072422
0 0.0350746 0.700883 0.00619793 0.00712132
0 0.0147395 0.764416 0.00696759 0.00783664
0 0.0706648 0.776607 0.00614918 0.00687993
0 0.0967416 0.800799 0.00624814 0.00696224
0 0.267592 0.930963 0.00624791 0.00690502
0 0.143011 0.674314 0.00733423 0.00739038
0 0.236416 0.935577 0.00727405 0.0081169
0 0.28944 0.951928 0.00836369 0.0080471
0 0.327297 0.936588 0.007705 0.00844806
0 0.132225 0.642912 0.00701806 0.00785732
0 0.425801 0.787168 0.00891829 0.00922692
0 0.482192 0.595451 0.00838345 0.00653839
0 0.462946 0.685073 0.00773543 0.00866795
0 0.468159 0.674534 0.00771436 0.00913489
0 0.0993786 0.706587 0.00785831 0.0080024
0 0.425575 0.82744 0.00909787 0.00901604
0 0.395225 0.959871 0.00659955 0.00810736
0 0.278198 0.930283 0.00703555 0.00711232
