0 0.429769 0.140254 0.0211009 0.0178057
0 0.659166 0.83583 0.0162695 0.0124113
0 0.42584 0.786923 0.0180331 0.0125757
0 0.0534727 0.242355 0.0219099 0.0168869
0 0.593921 0.983201 0.0149765 0.0118202
0 0.180783 0.842655 0.0134805 0.00986749
0 0.231246 0.54304 0.0175396 0.0132713
0 0.0159392 0.00406075 0.021682 0.00812149
0 0.55351 0.403173 0.0201901 0.0139793
0 0.213957 0.683437 0.0175543 0.0144301
0 0.165021 0.411175 0.0246581 0.0145705
0 0.552549 0.541975 0.0133303 0.0135979
0 0.430192 0.80412 0.0188305 0.0131388
0 0.591832 0.96248 0.0165712 0.0148453
0 0.0293166 0.0549376 0.0201442 0.0127762
0 0.214435 0.682206 0.0193297 0.0194584
