0 0.683214 0.983036 0.0252934 0.0163051
0 0.960255 0.518407 0.0170414 0.0165264
0 0.851294 0.958122 0.0213578 0.0203812
0 0.834415 0.805423 0.023559 0.0151659
0 0.37106 0.777396 0.0115272 0.0112713
0 0.877396 0.978364 0.0171383 0.0182855
0 0.840059 0.985003 0.0139587 0.0170239
0 0.312426 0.635539 0.0119862 0.0124636
0 0.726884 0.263406 0.0163943 0.0145347
0 0.540222 0.911559 0.0249783 0.0236942
0 0.707567 0.860799 0.0157604 0.0135479
0 0.0163629 0.42072 0.0212498 0.0153632
0 0.99489 0.606482 0.0102196 0.0118631
0 0.96074 0.460413 0.0129051 0.0143038
0 0.799756 0.750144 0.0232713 0.0173817
0 0.155715 0.861557 0.0106941 0.0163448
0 0.738922 0.787183 0.0166765 0.0136581
0 0.280773 0.701158 0.0124005 0.0136807
0 0.954263 0.425048 0.0114304 0.0120594
0 0.10584 0.141471 0.0126197 0.0165366
0 0.747382 0.975045 0.00825077 0.0114536
0 0.396835 0.902748 0.0227571 0.0146078
0 0.901113 0.683114 0.011553 0.0147928
0 0.970758 0.407454 0.0166631 0.0173562
0 0.967208 0.43825 0.017931 0.024267
0 0.096302 0.725572 0.0108662 0.00981849
0 0.705507 0.0649652 0.0108034 0.0105109
