0 0.317358 0.893578 0.0134096 0.0121769
0 0.547362 0.891791 0.00800246 0.00856322
0 0.585324 0.928002 0.00736272 0.00736904
0 0.374657 0.947707 0.012563 0.0112925
0 0.303092 0.929602 0.00950691 0.00913846
0 0.359912 0.940012 0.0122797 0.00970042
0 0.348708 0.948187 0.0095582 0.00982076
0 0.229155 0.882302 0.00902753 0.0103624
0 0.279478 0.996166 0.0117431 0.00766885
0 0.542873 0.853074 0.00813144 0.00685269
0 0.354606 0.969615 0.00897828 0.00821459
0 0.343969 0.965281 0.00940877 0.0119534
0 0.355455 0.968975 0.00706312 0.0075838
0 0.260946 0.932326 0.0102466 0.0107515
