0 0.340124 0.707318 0.018561 0.019471
0 0.329329 0.819648 0.0200542 0.0199532
0 0.0583019 0.892691 0.0157881 0.0160675
0 0.326376 0.652795 0.0212771 0.018947
0 0.49936 0.672425 0.0145397 0.017033
0 0.491305 0.644496 0.0200107 0.0177315
0 0.40933 0.643422 0.0217193 0.0190964
0 0.306132 0.79034 0.0179314 0.0186591
0 0.275174 0.770213 0.0140263 0.0161193
0 0.343101 0.578546 0.0174069 0.0186061
0 0.398839 0.13418 0.0159434 0.0163862
0 0.321025 0.0378231 0.0158598 0.0201573
0 0.557575 0.537232 0.019377 0.0211027
0 0.259184 0.849562 0.0158839 0.0165523
0 0.484502 0.0824105 0.0186256 0.0164275
0 0.846171 0.66985 0.0179424 0.0186842
0 0.243459 0.297951 0.0164374 0.0212765
0 0.952538 0.165478 0.0222771 0.02127
0 0.559549 0.560215 0.0171425 0.0183514
0 0.81724 0.811062 0.0127891 0.0145898
0 0.45242 0.0369138 0.0173958 0.0180824
0 0.368857 0.813598 0.0176405 0.0199936
0 0.975879 0.0354564 0.0171787 0.0183418
0 0.767774 0.36782 0.013676 0.0164258
0 0.241287 0.181088 0.0156397 0.0176374
0 0.944218 0.217641 0.0185894 0.0189873
0 0.226396 0.857128 0.0172235 0.0183952
0 0.495737 0.0619528 0.015964 0.0187771
0 0.58875 0.48838 0.0166648 0.0194744
0 0.830295 0.702911 0.0151678 0.0166851
0 0.784677 0.352207 0.0122648 0.014905
0 0.169591 0.203248 0.0187283 0.0173952
0 0.164515 0.236529 0.0163105 0.0165122
0 0.331429 0.899465 0.0190998 0.0185879
0 0.796597 0.813916 0.0161346 0.0163959
0 0.994841 0.118708 0.010318 0.0187882
0 0.732917 0.406181 0.0169967 0.0186202
0 0.236346 0.98195 0.0139934 0.0187149
0 0.756822 0.412644 0.0157937 0.0183625
0 0.897774 0.554688 0.0139347 0.0114303
0 0.240135 0.324749 0.0206211 0.0195235
0 0.267603 0.0422135 0.0159815 0.017351
0 0.706762 0.392581 0.0174076 0.0177785
0 0.128732 0.245183 0.0164624 0.0168506
0 0.457066 0.471665 0.0168272 0.0193306
0 0.504696 0.46773 0.0198063 0.0193796
0 0.826439 0.575356 0.0185669 0.0161657
0 0.277002 0.0242391 0.0137635 0.015378
0 0.778342 0.392492 0.0188725 0.0170695
0 0.108298 0.64826 0.0131141 0.0158361
0 0.0817318 0.921633 0.0154465 0.0150776
0 0.980319 0.203139 0.0197804 0.0189585
0 0.148205 0.26528 0.0141722 0.0155601
0 0.272555 0.682178 0.0170712 0.0177877
0 0.14431 0.30396 0.0189837 0.0224679
0 0.213682 0.0729793 0.0193364 0.0224747
0 0.155133 0.790998 0.0169806 0.0207208
0 0.867215 0.155698 0.0147755 0.0171165
0 0.78365 0.567393 0.0154746 0.0180185
0 0.133737 0.815946 0.0249717 0.0199558
0 0.770802 0.33889 0.0169155 0.0176328
0 0.146799 0.351084 0.0198297 0.0190077
0 0.668919 0.045502 0.0191849 0.0150768
0 0.939303 0.324558 0.0162144 0.0142241
0 0.964691 0.0172573 0.0176159 0.0151482
0 0.0475862 0.500538 0.0158057 0.014496
0 0.125362 0.450165 0.0198755 0.0158491
0 0.171692 0.479418 0.0210081 0.0207426
0 0.00749422 0.868451 0.0149884 0.0126379
0 0.131041 0.814814 0.0185175 0.0166561
0 0.205166 0.126217 0.0194089 0.0193075
0 0.0923834 0.452139 0.00928561 0.0102405
0 0.598791 0.191617 0.0228769 0.0215653
0 0.017097 0.465204 0.0160458 0.0180771
0 0.0213651 0.508476 0.0119781 0.0113897
0 0.0531983 0.792999 0.0176343 0.0168104
0 0.93838 0.303178 0.0202713 0.0210716
0 0.292754 0.0473371 0.0168572 0.0167475
0 0.266449 0.827226 0.00920486 0.0123955
0 0.601189 0.863096 0.0144399 0.0187992
0 0.0279432 0.844326 0.0160935 0.0172939
0 0.593128 0.00424477 0.0170058 0.00799584
0 0.0645464 0.63123 0.0170226 0.020285
0 0.915836 0.330374 0.0245449 0.0216674
0 0.00859133 0.676744 0.0155666 0.020463
0 0.1361 0.815316 0.0203104 0.0166527
0 0.3452 0.301912 0.0188518 0.0192998
0 0.477335 0.877048 0.0144702 0.0204372
0 0.253877 0.497572 0.0254112 0.0214342
0 0.0692305 0.491818 0.0120096 0.0103602
0 0.564016 0.146598 0.0170152 0.0152145
0 0.0730179 0.381341 0.0183572 0.0189377
0 0.47777 0.877146 0.0180501 0.0236916
0 0.0400974 0.456056 0.0102306 0.0129485
0 0.400783 0.60403 0.014804 0.0225865
0 0.203678 0.691501 0.0187825 0.0143864
0 0.0540325 0.792858 0.0217947 0.0207249
