0 0.112735 0.970371 0.017947 0.01609
0 0.0895556 0.962396 0.0167644 0.0148532
0 0.64777 0.440397 0.0155783 0.0167759
0 0.110859 0.890356 0.0131062 0.0126148
0 0.306034 0.206118 0.0142591 0.0133887
0 0.535834 0.133478 0.017694 0.0175784
0 0.963883 0.583878 0.0153675 0.0133326
0 0.0854925 0.981482 0.0166946 0.0150719
0 0.83718 0.574564 0.0165219 0.0149548
0 0.751869 0.184873 0.0134305 0.0125843
0 0.517677 0.0455685 0.0156454 0.0152857
0 0.37111 0.63205 0.0128082 0.0118744
0 0.695275 0.505447 0.0142954 0.011814
0 0.856803 0.588571 0.0139359 0.013647
0 0.649021 0.763531 0.0146868 0.0146458
0 0.680237 0.276822 0.0119505 0.0111246
0 0.602216 0.178717 0.019177 0.0203301
0 0.302784 0.945008 0.0137552 0.012408
0 0.91788 0.370225 0.0126861 0.0117263
0 0.488851 0.0485203 0.0146295 0.0152974
0 0.0933999 0.861927 0.0168462 0.0160408
0 0.622383 0.428399 0.0206808 0.017411
0 0.633609 0.458727 0.0123827 0.0116389
0 0.0156285 0.973171 0.0149055 0.0139914
0 0.0383554 0.0735947 0.0118852 0.0105937
0 0.844481 0.798709 0.0149319 0.0136498
0 0.0274315 0.944644 0.014352 0.0142627
0 0.682521 0.299189 0.0166685 0.0171023
0 0.469899 0.0861146 0.0141339 0.0143954
0 0.961479 0.0135676 0.013263 0.0147846
0 0.865125 0.716582 0.0124645 0.0110849
0 0.100484 0.0148649 0.0135709 0.0113342
0 0.0298586 0.961905 0.0103389 0.0096367
0 0.860712 0.414513 0.0138195 0.0150203
0 0.778922 0.965427 0.0144472 0.0107921
0 0.816446 0.441005 0.0146721 0.0143513
0 0.564156 0.110719 0.00974905 0.00875051
0 0.1422 0.0200134 0.0140676 0.0117983
0 0.963351 0.178014 0.0111885 0.0125397
