0 0.00418626 0.152322 0.00757992 0.00995773
0 0.56603 0.0210168 0.0100353 0.00957428
0 0.56127 0.0373841 0.0100589 0.0104229
0 0.0717344 0.04791 0.00895739 0.00948726
0 0.533448 0.01173 0.0100244 0.0132997
0 0.0925074 0.0360127 0.00802856 0.00899985
0 0.564388 0.0576309 0.00981295 0.0103841
0 0.173473 0.0216881 0.00939523 0.009518
0 0.0927156 0.0582237 0.00807548 0.00782168
0 0.0512366 0.0591058 0.00750929 0.00833175
0 0.185072 0.0444382 0.00763668 0.00904863
0 0.567885 0.0846066 0.00844353 0.00949588
0 0.648342 0.0266263 0.0084424 0.0087171
0 0.380164 0.0529337 0.00852463 0.00975409
0 0.226181 0.114864 0.00862542 0.00914176
0 0.136053 0.0582753 0.0111599 0.0141881
0 0.0974407 0.116126 0.00837922 0.00917663
0 0.0671169 0.17447 0.00905416 0.0105124
0 0.463827 0.0825378 0.00861827 0.00953069
0 0.111798 0.11305 0.00876337 0.0104686
0 0.0403464 0.097211 0.00820943 0.00949428
0 0.0532674 0.140498 0.00810238 0.00993088
0 0.367526 0.0913024 0.00729036 0.00876687
0 0.0367891 0.122533 0.00805414 0.0101975
0 0.498647 0.078379 0.00851202 0.010264
0 0.024667 0.0865038 0.00909991 0.00926416
0 0.442404 0.112775 0.00900459 0.0100933
0 0.0309537 0.158061 0.00810581 0.0100197
0 0.558293 0.0715854 0.00776291 0.0088172
0 0.440277 0.0391558 0.00940028 0.00957391
0 0.636539 0.0952733 0.00835055 0.00954342
0 0.533531 0.0678155 0.00762808 0.00799009
0 0.0131675 0.047075 0.00816437 0.00961832
0 0.0634925 0.101957 0.00781688 0.00864279
0 0.625787 0.0526096 0.00829929 0.00962965
0 0.112255 0.0583378 0.00891288 0.0101585
0 0.46558 0.120337 0.00854665 0.00914109
0 0.0246722 0.170517 0.0100088 0.00925903
0 0.634144 0.01181 0.00752473 0.00821272
0 0.442912 0.0172858 0.00799492 0.00868974
0 0.516205 0.0656712 0.00767058 0.00924494
0 0.161233 0.115508 0.00941832 0.0105295
0 0.321127 0.0231904 0.00800845 0.00784669
0 0.538678 0.0511982 0.00815046 0.00893135
0 0.274804 0.0414267 0.00897038 0.0102911
0 0.117012 0.143059 0.00886349 0.00980683
0 0.428655 0.16396 0.010009 0.0116004
0 0.398531 0.0453616 0.00770697 0.00809765
0 0.507611 0.00278656 0.00762188 0.00557311
0 0.0709153 0.0619015 0.00883291 0.00838197
0 0.0964877 0.0131812 0.00840948 0.0094628
0 0.0591485 0.112439 0.00846815 0.009901
0 0.012049 0.171709 0.00762719 0.00915304
0 0.0593573 0.0697912 0.00821216 0.0087868
0 0.216459 0.0256054 0.0114315 0.00898753
0 0.518935 0.018415 0.00722659 0.00820003
0 0.212151 0.166265 0.00850368 0.0098481
0 0.0854799 0.0462222 0.0079932 0.00891164
0 0.454013 0.0949837 0.00851956 0.00955868
0 0.340307 0.0390855 0.00783163 0.00805423
0 0.0616713 0.153845 0.00813978 0.00867943
0 0.154201 0.0448214 0.00833835 0.00865386
0 0.50983 0.0698116 0.00761908 0.00796797
0 0.17798 0.0896522 0.00763752 0.00937213
0 0.386318 0.0891511 0.00768918 0.00921261
0 0.495572 0.0126794 0.00727379 0.00883668
0 0.351156 0.0700224 0.0064849 0.00741035
0 0.291502 0.0756393 0.00809157 0.00891767
0 0.246004 0.0996585 0.00817639 0.0100103
0 0.643543 0.0161183 0.00888842 0.00977451
0 0.224275 0.0675376 0.00798813 0.00825302
0 0.168305 0.0992195 0.00779244 0.00848372
0 0.313594 0.0391609 0.0113607 0.0121397
0 0.0503111 0.0741175 0.00796869 0.00869921
0 0.512033 0.0808337 0.00828028 0.00853781
0 0.526309 0.0620407 0.00783223 0.00827298
0 0.53266 0.0096821 0.0117019 0.0126698
0 0.0186043 0.0624456 0.00815181 0.00846106
0 0.334468 0.00397171 0.00732273 0.00742181
0 0.532762 0.067613 0.00966191 0.00953852
0 0.470622 0.0479076 0.0105756 0.0107819
0 0.315264 0.249354 0.00899601 0.00900596
0 0.0664167 0.200989 0.00953388 0.0083952
0 0.381006 0.102789 0.00812954 0.00874621
0 0.406668 0.0991616 0.00877857 0.00807407
0 0.0974431 0.172115 0.00635705 0.0073121
0 0.172281 0.0806757 0.0072525 0.00833023
0 0.468597 0.0458613 0.0122403 0.0120051
0 0.408141 0.100433 0.00850716 0.0080066
0 0.525783 0.0260729 0.00885803 0.0093546
0 0.453106 0.00438248 0.00939465 0.0084451
0 0.013129 0.159395 0.00724839 0.00801289
0 0.642651 0.00335601 0.00739115 0.00671202
0 0.427222 0.0917835 0.00690526 0.00726767
0 0.508572 0.0622075 0.00713235 0.00694132
0 0.509472 0.0657345 0.00862676 0.0110091
