0 0.327773 0.580006 0.00862336 0.00885046
0 0.415932 0.874102 0.012172 0.0106186
0 0.365076 0.508268 0.00788116 0.0088371
0 0.84151 0.576099 0.0123535 0.0129057
0 0.405364 0.862391 0.00937349 0.00958765
0 0.835693 0.558955 0.0068714 0.00890732
0 0.0656979 0.984151 0.00953665 0.00825959
0 0.428859 0.830313 0.008724 0.00843394
0 0.215379 0.95387 0.00699891 0.00771296
0 0.660903 0.655084 0.00799203 0.00792044
0 0.470823 0.627411 0.00998259 0.00967854
0 0.347849 0.576783 0.0085851 0.00824416
0 0.823942 0.571524 0.0126503 0.0118446
0 0.366097 0.522925 0.00844222 0.00820255
0 0.896871 0.434653 0.00742131 0.00858346
0 0.427557 0.602103 0.00798014 0.00776118
0 0.839527 0.646507 0.00832713 0.00905418
0 0.445558 0.802267 0.00780717 0.00837326
0 0.328324 0.540106 0.00822887 0.00866818
0 0.350949 0.551195 0.00767183 0.00766885
0 0.679254 0.659027 0.00933325 0.00911105
0 0.584385 0.958703 0.00898713 0.00956094
0 0.385932 0.641917 0.00755289 0.00758797
0 0.595116 0.815363 0.0109928 0.00905764
0 0.43621 0.811302 0.0079526 0.00761873
0 0.154003 0.894812 0.011803 0.0131054
0 0.766334 0.615578 0.00836277 0.0105661
0 0.57266 0.719312 0.00938636 0.00853425
0 0.554108 0.734058 0.00796294 0.00726777
0 0.429042 0.841409 0.00698739 0.00685996
0 0.967063 0.791501 0.00687641 0.00744182
0 0.852522 0.548782 0.00618511 0.00674206
0 0.3099 0.549322 0.00985077 0.00908321
0 0.425261 0.760709 0.0110547 0.0102518
0 0.411568 0.634818 0.00886899 0.0092659
0 0.514956 0.861362 0.00858027 0.00860554
0 0.410984 0.822361 0.00819159 0.00777972
0 0.542938 0.702195 0.0117906 0.0130537
0 0.802548 0.660914 0.00913471 0.00942838
0 0.353033 0.601703 0.00808886 0.00814629
0 0.46411 0.583927 0.00719041 0.00781518
0 0.342827 0.559152 0.0086945 0.00832254
0 0.485213 0.902298 0.00710869 0.00738257
0 0.330979 0.810935 0.0106863 0.0112149
0 0.363713 0.563375 0.00781545 0.0077486
0 0.459294 0.858073 0.00702858 0.00654048
0 0.157213 0.916651 0.00718828 0.00821573
0 0.558432 0.777146 0.00747675 0.00787395
0 0.610347 0.634502 0.00753051 0.00922084
0 0.773936 0.623582 0.00767165 0.00829268
0 0.939677 0.721436 0.00817984 0.00818539
0 0.170866 0.922003 0.00747736 0.00825751
0 0.468078 0.651862 0.0104055 0.00895512
0 0.739375 0.667255 0.00686598 0.00757527
0 0.397853 0.827092 0.00804523 0.00835073
0 0.398702 0.841125 0.00697842 0.0077408
0 0.459978 0.778302 0.00721133 0.00742531
0 0.108614 0.853389 0.00681901 0.00734746
0 0.752686 0.68564 0.00945932 0.0101832
0 0.696688 0.673212 0.00893211 0.00953895
0 0.452914 0.652514 0.0070698 0.0080061
0 0.427869 0.639305 0.00706559 0.00664026
0 0.815535 0.559068 0.00694656 0.00763077
0 0.379583 0.677486 0.00878009 0.00880551
0 0.0650642 0.909555 0.00749507 0.0075779
0 0.377035 0.499254 0.00768918 0.00798458
0 0.308465 0.858347 0.00696552 0.00680846
0 0.522057 0.905257 0.0115233 0.00891227
0 0.323208 0.7465 0.00759926 0.00730783
0 0.482929 0.797719 0.00871545 0.00900382
0 0.356982 0.542188 0.00746718 0.00790733
0 0.634092 0.632999 0.00693846 0.00718814
0 0.603475 0.714457 0.00708324 0.0071497
0 0.655485 0.69775 0.00893033 0.0106289
0 0.231263 0.967045 0.0116172 0.0108507
0 0.579149 0.809665 0.00726128 0.00737
0 0.583634 0.534498 0.00691473 0.00711691
0 0.445323 0.734154 0.00739527 0.00812548
0 0.555196 0.573585 0.00768197 0.00838071
0 0.902093 0.353857 0.00873601 0.00983351
0 0.392108 0.79275 0.0092952 0.0076862
0 0.669488 0.664702 0.00872695 0.00884032
0 0.438438 0.695783 0.0088498 0.00988865
0 0.719544 0.58049 0.0123284 0.0129153
0 0.408088 0.667415 0.00687253 0.007649
0 0.479487 0.620144 0.0067251 0.00777209
0 0.681424 0.657688 0.0109327 0.00887674
0 0.938263 0.808713 0.00783539 0.00950015
0 0.642188 0.665547 0.00814289 0.01105
0 0.416389 0.580361 0.00757352 0.0077545
0 0.662745 0.540844 0.00966692 0.00931937
0 0.505359 0.630568 0.00709951 0.00765526
0 0.68961 0.710439 0.00680596 0.00796461
0 0.297815 0.863724 0.00813073 0.00855142
0 0.421904 0.844875 0.00708255 0.00705034
0 0.0838071 0.883075 0.00692556 0.00668794
0 0.692884 0.685893 0.00996494 0.00909293
0 0.648846 0.522901 0.00822276 0.00738412
0 0.376744 0.810724 0.00794983 0.00741655
0 0.395034 0.563217 0.00841999 0.00752914
0 0.261349 0.846695 0.00763789 0.00946671
0 0.561515 0.854842 0.00776923 0.0098238
0 0.918333 0.396835 0.01157 0.0102034
0 0.74185 0.591315 0.00856268 0.00936377
0 0.679256 0.527553 0.00983334 0.01203
0 0.843908 0.555494 0.00620288 0.00725937
0 0.304539 0.588634 0.0104149 0.0110142
0 0.572228 0.824727 0.00936866 0.00817454
0 0.195479 0.959517 0.00701948 0.00761455
0 0.427882 0.80146 0.00780535 0.00738597
0 0.60408 0.564884 0.00707531 0.00693393
0 0.777697 0.514735 0.00808334 0.00816923
0 0.228473 0.970643 0.00997248 0.0121555
0 0.564594 0.801626 0.00866473 0.00856072
0 0.212393 0.939801 0.00913715 0.0100214
0 0.128662 0.861478 0.00691023 0.00790632
0 0.150563 0.939999 0.0081398 0.00779688
0 0.50282 0.558465 0.00748008 0.00733453
0 0.658828 0.670545 0.0100298 0.0107262
0 0.643574 0.832403 0.00637758 0.00640982
0 0.545815 0.912092 0.00738209 0.00816995
0 0.622015 0.599357 0.00842839 0.0113713
0 0.55669 0.880965 0.00791323 0.00795841
0 0.361651 0.481156 0.00826102 0.00908986
0 0.534376 0.858624 0.0109026 0.00920409
0 0.427965 0.831175 0.00860006 0.00873262
0 0.334172 0.612946 0.00965184 0.00858444
0 0.653757 0.733883 0.00717354 0.00747854
0 0.390681 0.682503 0.00704822 0.00838745
0 0.453039 0.744447 0.0101779 0.00983959
0 0.441626 0.711959 0.00794297 0.00832081
0 0.383548 0.7317 0.00789818 0.00779748
0 0.407265 0.845055 0.00621665 0.00682831
0 0.653318 0.860627 0.00698298 0.00656623
0 0.466051 0.613474 0.00695142 0.0074085
0 0.273541 0.928239 0.0074195 0.0091629
0 0.88612 0.392093 0.0106518 0.00941119
0 0.486624 0.627784 0.00737619 0.00780427
0 0.499906 0.747595 0.00805643 0.00990772
0 0.107361 0.890232 0.00816818 0.00693858
0 0.5742 0.783213 0.0103851 0.00962162
0 0.530138 0.830352 0.00681418 0.00675428
0 0.205238 0.959789 0.0073265 0.00800687
0 0.857649 0.539365 0.00741404 0.00839645
0 0.561881 0.722785 0.00765294 0.00959378
0 0.54693 0.784368 0.00683594 0.00720471
0 0.64602 0.640791 0.00739366 0.00707531
0 0.493214 0.553732 0.00788736 0.00889897
0 0.952774 0.722635 0.00710946 0.00762081
0 0.703963 0.858234 0.00673664 0.00776213
0 0.531524 0.544848 0.00546038 0.00576591
0 0.552987 0.765437 0.00758362 0.0086835
0 0.782921 0.440583 0.00965655 0.0107473
0 0.495341 0.831721 0.00641 0.00630724
0 0.654862 0.764137 0.00698698 0.00763798
0 0.701559 0.766634 0.00670278 0.00691158
0 0.722696 0.853683 0.00853509 0.00935817
0 0.934376 0.786642 0.00769389 0.00799692
0 0.822201 0.502077 0.00780755 0.00813007
0 0.771873 0.604046 0.00694013 0.0068624
0 0.491937 0.766855 0.00771427 0.00948948
0 0.584386 0.61363 0.00780278 0.00868684
0 0.670887 0.581882 0.00859165 0.0077998
0 0.803388 0.549734 0.00911182 0.0104515
0 0.891752 0.405273 0.010455 0.00958481
0 0.772125 0.4466 0.00833642 0.00879973
0 0.361646 0.607547 0.00736114 0.0076918
0 0.449563 0.867704 0.00816688 0.00816327
0 0.119357 0.900652 0.00774784 0.00765914
0 0.690092 0.847908 0.00622177 0.0061146
0 0.718555 0.531428 0.00967252 0.0101822
0 0.876304 0.433644 0.0127098 0.0102942
0 0.584352 0.909173 0.00646561 0.00802994
0 0.677984 0.524464 0.00967747 0.0110331
0 0.691945 0.572479 0.008008 0.00906086
0 0.401868 0.707108 0.00748158 0.00753611
0 0.319386 0.536324 0.00791007 0.00834447
0 0.748234 0.582555 0.00709736 0.00744379
0 0.658882 0.710815 0.00768644 0.00737274
0 0.626413 0.630088 0.00625306 0.0074293
0 0.869663 0.551851 0.00855678 0.0104909
0 0.657902 0.637091 0.00803077 0.00869501
0 0.786053 0.465084 0.0081293 0.00841826
0 0.821729 0.517186 0.00745982 0.0089314
0 0.578481 0.771899 0.00901675 0.00873441
0 0.929427 0.69576 0.00620615 0.00615919
0 0.427732 0.579758 0.00832701 0.00779533
0 0.502903 0.84954 0.00768033 0.00940305
0 0.416232 0.663289 0.00797272 0.0075978
0 0.397458 0.688496 0.00847086 0.00881785
0 0.389431 0.811924 0.00752443 0.0073362
0 0.763207 0.634052 0.0105211 0.0105826
0 0.974286 0.990752 0.0108805 0.0112514
0 0.946683 0.703033 0.00640982 0.00706416
0 0.658754 0.668545 0.0113012 0.0105878
0 0.501755 0.579333 0.0069564 0.00760508
0 0.580053 0.623335 0.00780845 0.00816524
0 0.918201 0.755086 0.00712395 0.00765562
0 0.50178 0.592544 0.00682089 0.0072065
0 0.453017 0.567895 0.00657701 0.00879765
0 0.463726 0.738565 0.00739154 0.00775355
0 0.826834 0.592538 0.0116776 0.0101895
0 0.302675 0.952106 0.00975245 0.0100266
0 0.457975 0.546244 0.00665283 0.00727892
0 0.921526 0.418647 0.00844878 0.0111775
0 0.914958 0.444631 0.0079512 0.0130824
0 0.657175 0.586959 0.00826359 0.00823146
0 0.585168 0.738891 0.0100574 0.0103941
0 0.491573 0.72436 0.00766104 0.0074662
0 0.650669 0.873739 0.00924778 0.00965881
0 0.0861738 0.930895 0.00844721 0.00750315
0 0.603659 0.697281 0.00617528 0.00685328
0 0.905852 0.435041 0.00663429 0.00908488
0 0.326082 0.932082 0.00791448 0.00785369
0 0.896263 0.690606 0.00671142 0.00640661
0 0.690632 0.602216 0.0092296 0.00857884
0 0.808007 0.564026 0.00638121 0.00609785
0 0.964685 0.658517 0.0119885 0.0135683
0 0.264056 0.940224 0.00827226 0.0090645
0 0.882494 0.411243 0.00974351 0.0098936
0 0.671154 0.84293 0.0076642 0.00740755
0 0.695076 0.807676 0.00657672 0.00636369
0 0.952389 0.741668 0.00639266 0.00660306
0 0.43315 0.708154 0.00828743 0.009022
0 0.708589 0.868156 0.00714266 0.00806999
0 0.369995 0.667791 0.00728226 0.00923955
0 0.411047 0.704737 0.00650921 0.00682783
0 0.411737 0.852178 0.006843 0.00706977
0 0.566168 0.795836 0.00764531 0.008753
0 0.540118 0.592292 0.0121515 0.0102968
0 0.70243 0.777963 0.00664663 0.00745612
0 0.431862 0.57114 0.00699434 0.00684261
0 0.669914 0.7089 0.0087145 0.0118304
0 0.554537 0.890378 0.00799322 0.00706214
0 0.866819 0.476427 0.0098564 0.0140878
0 0.202861 0.987123 0.00886969 0.00905824
0 0.974743 0.286427 0.00934833 0.0084056
0 0.878497 0.452343 0.00867558 0.00806057
0 0.396011 0.754702 0.0077855 0.00784874
0 0.457769 0.851231 0.00837499 0.00810772
0 0.227226 0.986947 0.00740242 0.00729406
0 0.779517 0.356966 0.0120417 0.0139697
0 0.515206 0.809534 0.00809187 0.00907153
0 0.790393 0.370918 0.00914681 0.0101112
0 0.191285 0.30821 0.00834525 0.00870499
0 0.896745 0.421775 0.0091511 0.0107006
0 0.386284 0.573196 0.00770843 0.00782031
0 0.167893 0.907727 0.00736594 0.00780374
0 0.896404 0.460482 0.00998878 0.0172722
0 0.565381 0.874002 0.00785655 0.00795823
0 0.65984 0.808431 0.00667816 0.00640982
0 0.229372 0.955641 0.00984593 0.00896913
0 0.776212 0.610144 0.00629693 0.0069375
0 0.596888 0.851036 0.00881195 0.00777167
0 0.416797 0.831499 0.00757924 0.00723803
0 0.763023 0.453845 0.00937921 0.00860426
0 0.666704 0.872022 0.00849342 0.00975609
0 0.229295 0.968828 0.012055 0.0118901
0 0.585376 0.922605 0.0054456 0.00670552
0 0.547043 0.589798 0.00894403 0.00965965
0 0.342081 0.73357 0.00929093 0.00813258
0 0.725596 0.480237 0.00979728 0.0122194
0 0.215738 0.972777 0.00854978 0.0129216
0 0.237793 0.980414 0.00763512 0.0106442
0 0.466749 0.840073 0.00669977 0.00722545
0 0.0584839 0.911879 0.00944979 0.00782353
0 0.402248 0.742284 0.007395 0.00784636
0 0.902601 0.396025 0.00844574 0.00755855
0 0.19276 0.352027 0.0106992 0.00967541
0 0.344372 0.733672 0.00757533 0.00760823
0 0.733499 0.527153 0.0133461 0.0121757
0 0.528515 0.848577 0.00750154 0.00759447
0 0.882317 0.567636 0.0117806 0.0127657
0 0.594852 0.816201 0.00851959 0.00864142
0 0.396949 0.813297 0.00746641 0.00765151
0 0.916348 0.726951 0.00922847 0.0094434
0 0.595788 0.785675 0.00702238 0.00782925
0 0.380026 0.575517 0.00705442 0.0073759
0 0.121111 0.361332 0.011218 0.0114197
0 0.523693 0.586773 0.00742114 0.00902718
0 0.420679 0.713908 0.00836602 0.00817621
0 0.948545 0.78814 0.0073055 0.00733817
0 0.459844 0.829137 0.00631753 0.00656164
0 0.312332 0.910984 0.0108704 0.00846863
0 0.458177 0.765701 0.00669765 0.00684357
0 0.373795 0.924223 0.0104292 0.0115242
0 0.24461 0.377493 0.0102859 0.0106747
0 0.298148 0.862647 0.00922215 0.00893861
0 0.38865 0.80226 0.00685728 0.00734919
0 0.952017 0.796597 0.00723761 0.00743961
0 0.198319 0.941534 0.00776967 0.00842363
0 0.889621 0.70769 0.00660211 0.00687355
0 0.474097 0.860259 0.00829047 0.0111141
0 0.770831 0.678618 0.00722712 0.00769234
0 0.888983 0.445337 0.00962031 0.00942403
0 0.803082 0.547823 0.00888216 0.0128799
0 0.329777 0.795175 0.00891152 0.00905019
0 0.57412 0.780954 0.00989169 0.0107504
0 0.217622 0.976393 0.00880766 0.0100487
0 0.140366 0.988228 0.00644922 0.00658643
