0 0.324948 0.387383 0.0113804 0.0126706
0 0.276279 0.355596 0.0119456 0.0126289
0 0.299463 0.354048 0.014186 0.0131197
0 0.315118 0.40553 0.0140309 0.013719
0 0.238358 0.93741 0.0143503 0.013826
0 0.338175 0.473739 0.0133185 0.0126419
0 0.308354 0.388983 0.0126568 0.0121715
0 0.224961 0.801688 0.014019 0.0138128
0 0.316214 0.461971 0.0141023 0.0141622
0 0.229998 0.746383 0.0140261 0.0131822
0 0.264775 0.391833 0.011648 0.0114264
0 0.287654 0.368867 0.0113223 0.0119675
0 0.289327 0.409258 0.0126428 0.0124267
0 0.306134 0.423912 0.0121607 0.0133308
0 0.243267 0.911601 0.013927 0.0134781
0 0.274807 0.91293 0.0125946 0.0134146
0 0.349593 0.508288 0.0113375 0.0118107
0 0.226011 0.882334 0.0145671 0.0116745
0 0.499393 0.671749 0.0131256 0.0135059
0 0.132277 0.550175 0.0135702 0.0134176
0 0.241131 0.866422 0.0126172 0.0113971
0 0.411002 0.588302 0.0123558 0.01407
0 0.204608 0.797437 0.013662 0.0136852
0 0.337986 0.357374 0.0172386 0.0180665
0 0.0954796 0.769188 0.0140581 0.0133204
0 0.177354 0.763142 0.012966 0.0123765
0 0.218357 0.0425062 0.0180215 0.0207065
0 0.258177 0.924591 0.0133864 0.0132809
0 0.53677 0.497493 0.0110542 0.012612
0 0.161676 0.957417 0.0170085 0.0132542
0 0.0474991 0.845157 0.0126557 0.0125822
0 0.166193 0.58789 0.0151504 0.0150865
0 0.27773 0.931572 0.0143236 0.0140117
0 0.191662 0.720438 0.0134965 0.0125378
0 0.361082 0.481214 0.0141675 0.0125606
0 0.213372 0.737448 0.0123146 0.0126079
0 0.183401 0.852436 0.0142879 0.0134785
0 0.26511 0.965319 0.0166599 0.013665
0 0.461848 0.484764 0.0107399 0.0108189
0 0.446777 0.633323 0.0125547 0.0127762
0 0.204514 0.491024 0.013465 0.0113427
0 0.0593958 0.728778 0.0126957 0.0123421
0 0.350645 0.387814 0.0125965 0.01225
0 0.397844 0.519086 0.0136725 0.011611
0 0.00604662 0.839878 0.011794 0.0131512
0 0.306376 0.44385 0.0120781 0.0127882
0 0.3314 0.516316 0.0123174 0.0117812
0 0.331377 0.547016 0.0122579 0.0126066
0 0.857515 0.293287 0.0120292 0.0149047
0 0.208975 0.932714 0.0142335 0.0121471
0 0.404474 0.98334 0.0118017 0.0117975
0 0.0828371 0.841361 0.0150798 0.013073
0 0.223119 0.947178 0.0147201 0.0133938
0 0.122064 0.590572 0.0123023 0.012013
0 0.496702 0.452207 0.0105261 0.0100861
0 0.217011 0.897129 0.0151446 0.0136934
0 0.483657 0.42034 0.00883263 0.00942802
0 0.455201 0.651498 0.0110329 0.0127946
0 0.33974 0.398799 0.0138288 0.0136145
0 0.233914 0.958028 0.0121787 0.0126289
0 0.471331 0.424163 0.00902852 0.00920361
0 0.464354 0.695844 0.0113466 0.0177007
0 0.625527 0.203706 0.0117506 0.0115572
0 0.525349 0.48302 0.010354 0.0115608
0 0.11852 0.759613 0.0130216 0.0110899
0 0.12937 0.875023 0.0134679 0.0151978
0 0.480287 0.442776 0.00906715 0.00965577
0 0.141966 0.581833 0.0114261 0.0119683
0 0.248943 0.47759 0.0122089 0.012483
0 0.160558 0.85917 0.0123516 0.0128927
0 0.188191 0.785395 0.0137417 0.0149721
0 0.258616 0.432668 0.0118641 0.0109393
0 0.166474 0.873656 0.0122425 0.0102196
0 0.500111 0.201631 0.0131271 0.0114071
0 0.208575 0.709612 0.012493 0.0112276
0 0.145694 0.683859 0.0137851 0.0122895
0 0.462922 0.624342 0.0096716 0.0117975
0 0.0972337 0.655299 0.0118639 0.0107832
0 0.450644 0.43503 0.0108784 0.0108194
0 0.254634 0.460119 0.0158432 0.0144363
0 0.476197 0.385091 0.0121891 0.0127225
0 0.488681 0.00853678 0.0107736 0.0119789
0 0.342065 0.536814 0.0091359 0.0100473
0 0.511522 0.450518 0.00829935 0.00882626
0 0.119043 0.433464 0.0121624 0.0111337
0 0.290777 0.464317 0.0114226 0.0120752
0 0.154305 0.845249 0.0139595 0.0128431
0 0.724191 0.441456 0.0106314 0.0116208
0 0.168135 0.893027 0.0206546 0.0160874
0 0.161264 0.859322 0.0154093 0.0158018
0 0.494085 0.420689 0.00879374 0.00982597
0 0.233071 0.577034 0.0116044 0.00999832
0 0.126401 0.639861 0.00991201 0.0107973
0 0.200285 0.517576 0.0131844 0.00935996
0 0.290162 0.462995 0.012953 0.0157233
0 0.125951 0.713538 0.00997 0.0088892
0 0.482639 0.419608 0.00848371 0.00960481
0 0.46876 0.582191 0.0108168 0.0121299
