0 0.490482 0.269497 0.0241114 0.0233392
0 0.410536 0.253616 0.0191406 0.020879
0 0.420476 0.280983 0.017637 0.021564
0 0.33807 0.54592 0.0190838 0.0246584
0 0.730991 0.317803 0.0184863 0.0198433
0 0.408336 0.297138 0.00970867 0.0108411
0 0.262454 0.533729 0.0184679 0.0169943
0 0.595698 0.744549 0.0169593 0.0191109
0 0.458784 0.535689 0.0217808 0.0212191
0 0.830756 0.31957 0.0200298 0.0236515
0 0.308842 0.539335 0.0193175 0.0229805
0 0.366516 0.409345 0.0178339 0.0247245
0 0.755665 0.313669 0.0136772 0.0209433
0 0.366169 0.501393 0.0173275 0.0146706
0 0.774665 0.269747 0.0196567 0.020036
0 0.417626 0.323356 0.019314 0.0204568
0 0.750659 0.395313 0.0198641 0.0224254
0 0.668096 0.925235 0.0176092 0.0195887
0 0.451395 0.221353 0.0203134 0.020679
0 0.340948 0.372804 0.0131642 0.0164107
0 0.893146 0.759496 0.0156422 0.0146776
0 0.438893 0.892525 0.0192705 0.026912
0 0.411933 0.538762 0.0194321 0.0167408
0 0.664837 0.355856 0.0190129 0.0257224
0 0.395078 0.520379 0.0173632 0.0162237
0 0.345477 0.495993 0.0149582 0.0166306
0 0.37844 0.543319 0.0169084 0.0212603
0 0.4831 0.863312 0.0185566 0.0205292
0 0.310521 0.700176 0.0201737 0.0185255
0 0.460071 0.875224 0.0191382 0.0196701
0 0.760325 0.33545 0.0146732 0.01676
0 0.597647 0.768753 0.0166332 0.0152411
0 0.552212 0.480647 0.0124515 0.012513
0 0.392455 0.457196 0.0189735 0.0236222
0 0.386823 0.498642 0.0159188 0.0212393
0 0.366819 0.369938 0.018651 0.0278845
0 0.428533 0.91486 0.0123564 0.0112885
0 0.23689 0.574718 0.0218943 0.0171453
0 0.54624 0.960133 0.018689 0.0205941
0 0.833982 0.349383 0.0237396 0.0294483
0 0.399173 0.935195 0.0236113 0.0249878
0 0.902434 0.799821 0.0128752 0.0140585
0 0.566624 0.387452 0.0206011 0.0253812
0 0.361921 0.252422 0.0261669 0.0278791
0 0.595248 0.21892 0.0174927 0.0166958
0 0.583073 0.239176 0.0132527 0.0133972
0 0.437265 0.325604 0.0164747 0.0298178
0 0.561404 0.239754 0.0203791 0.0217567
0 0.581515 0.46156 0.0245315 0.0269413
0 0.755549 0.354399 0.0131831 0.0151668
0 0.243542 0.642404 0.0191254 0.0286195
0 0.630405 0.634738 0.0200445 0.0212712
0 0.437469 0.889849 0.0154049 0.0193676
0 0.282131 0.624254 0.0180661 0.0236164
0 0.995261 0.466388 0.00947809 0.019025
0 0.622404 0.987222 0.0105311 0.0137749
0 0.473654 0.967629 0.00713062 0.00855464
0 0.803493 0.60396 0.0293091 0.0298545
0 0.586373 0.300854 0.0141413 0.0154119
0 0.257333 0.597743 0.0128393 0.0123556
0 0.477881 0.363305 0.0275977 0.0242721
0 0.605609 0.786222 0.0168861 0.017008
0 0.845494 0.625297 0.0225552 0.02442
0 0.951069 0.854909 0.00930256 0.0111401
