0 0.400681 0.428674 0.0178071 0.016151
0 0.447248 0.451653 0.0193703 0.0210841
0 0.317924 0.298165 0.0133004 0.0160705
0 0.652982 0.443088 0.0174154 0.017546
0 0.601698 0.518238 0.0177999 0.0199381
0 0.179041 0.39788 0.0172351 0.0189342
0 0.337387 0.298465 0.0184236 0.0193803
0 0.116417 0.32673 0.018131 0.0177667
0 0.785665 0.187947 0.0151497 0.0174228
0 0.00639567 0.568217 0.0127913 0.0231414
0 0.27511 0.844235 0.016935 0.0197358
0 0.843602 0.172851 0.0196754 0.0195667
0 0.492161 0.267061 0.0210114 0.0199003
0 0.163072 0.346312 0.0237195 0.022718
0 0.361686 0.339902 0.0224761 0.0276364
0 0.599989 0.223457 0.0175776 0.0189697
0 0.599857 0.476073 0.0174094 0.0193399
0 0.228632 0.244504 0.017588 0.0182461
0 0.169201 0.561439 0.0207621 0.0271994
0 0.644312 0.394549 0.0130509 0.0113156
0 0.258611 0.787619 0.0231329 0.0210094
0 0.506697 0.725706 0.0163952 0.0243516
0 0.305105 0.331042 0.0213661 0.0263856
0 0.575856 0.506766 0.0202682 0.0213318
0 0.330131 0.326589 0.0208846 0.0218711
0 0.7123 0.356793 0.0168211 0.0227322
0 0.0279884 0.605168 0.0184547 0.0259987
0 0.482978 0.726008 0.0182066 0.0179462
0 0.383176 0.457156 0.0157499 0.0164678
0 0.00298743 0.35482 0.00595345 0.015455
0 0.0923662 0.61277 0.0224087 0.0189068
0 0.177922 0.749144 0.0200207 0.0266415
0 0.156256 0.775573 0.0159732 0.0243384
0 0.0721063 0.280684 0.0173751 0.0171771
0 0.0640177 0.608692 0.0197493 0.0197574
0 0.103655 0.807341 0.0200974 0.023502
0 0.621905 0.491333 0.0162703 0.0202517
0 0.528865 0.368459 0.0174208 0.020462
0 0.582983 0.268695 0.0152122 0.0188241
0 0.749113 0.189601 0.0168169 0.0237295
0 0.232446 0.867924 0.0182578 0.016223
0 0.399789 0.967514 0.0132485 0.0183424
0 0.00688495 0.525405 0.0137699 0.0234181
0 0.0972202 0.688768 0.0144078 0.0174077
0 0.203557 0.387216 0.0182407 0.0192923
0 0.586213 0.533873 0.0115235 0.0130259
0 0.210215 0.341079 0.0189562 0.0256775
0 0.171266 0.51991 0.0192282 0.0253332
0 0.115117 0.779814 0.0192101 0.0207594
0 0.463695 0.312217 0.0196022 0.0196168
0 0.180012 0.62556 0.0158563 0.0116742
0 0.669493 0.432053 0.0182286 0.0161347
0 0.126891 0.518069 0.0185036 0.0178055
0 0.101989 0.658165 0.020307 0.0167265
0 0.0779545 0.348716 0.0194772 0.025384
0 0.371482 0.990234 0.0132309 0.017378
0 0.450987 0.328472 0.0194183 0.0186821
0 0.798143 0.177507 0.00989455 0.0140397
0 0.816288 0.153268 0.00717407 0.00684415
0 0.612204 0.582315 0.0115611 0.0112912
0 0.606338 0.379069 0.0135731 0.01437
0 0.0675269 0.551206 0.0171119 0.0175794
0 0.319711 0.298111 0.0165034 0.0183098
0 0.0387084 0.924822 0.0180267 0.0186982
0 0.272956 0.279779 0.0205405 0.0220727
0 0.00371401 0.356391 0.00742801 0.0222074
0 0.0746718 0.566369 0.021616 0.0161997
0 0.105332 0.720024 0.0151841 0.0144717
0 0.515147 0.692831 0.021596 0.0296307
0 0.0415131 0.978711 0.0115954 0.0101898
0 0.52787 0.667413 0.0181152 0.0172781
0 0.51225 0.37714 0.0140117 0.0145562
0 0.499558 0.768948 0.0118689 0.0127969
0 0.543569 0.624913 0.0150469 0.0202371
