0 0.670766 0.771191 0.00835627 0.0097211
0 0.627006 0.633281 0.00781441 0.00846994
0 0.515007 0.796874 0.00855958 0.00860792
0 0.384097 0.746349 0.00899044 0.00945985
0 0.672088 0.82229 0.00940663 0.00932348
0 0.346528 0.908552 0.00886557 0.0105208
0 0.691622 0.892014 0.00791055 0.00909746
0 0.490008 0.96057 0.0086647 0.00821841
0 0.309242 0.866146 0.00961435 0.0100535
0 0.629814 0.661139 0.010554 0.0091933
0 0.629606 0.647197 0.00788707 0.00833356
0 0.702918 0.753425 0.00707895 0.00835782
0 0.507719 0.82907 0.00836486 0.00846726
0 0.310255 0.840364 0.00992498 0.0102825
0 0.514813 0.897546 0.00749636 0.00901353
0 0.414633 0.760439 0.00714055 0.00780219
0 0.521845 0.836338 0.00769681 0.00810963
0 0.379169 0.9262 0.00981599 0.00967997
0 0.695113 0.866255 0.00743198 0.00893229
0 0.491124 0.845147 0.00872439 0.00876009
0 0.688988 0.715628 0.00845164 0.0106396
0 0.402357 0.799012 0.00985259 0.00974005
0 0.290523 0.873249 0.0087828 0.00856781
0 0.473238 0.829315 0.0104606 0.00924641
0 0.663749 0.779196 0.00738943 0.00814629
0 0.192785 0.809736 0.00819814 0.00944442
0 0.599449 0.738265 0.0096947 0.00969791
0 0.355141 0.915922 0.00845861 0.0097208
0 0.420432 0.977275 0.00865591 0.0105615
0 0.438698 0.62176 0.00884402 0.0093962
0 0.502707 0.898654 0.00877038 0.00853217
0 0.409105 0.653749 0.00713158 0.00813454
0 0.377068 0.580058 0.00814322 0.00894797
0 0.290392 0.847373 0.00715813 0.00808334
0 0.666976 0.810336 0.00915915 0.0105221
0 0.415973 0.8217 0.00932905 0.0100834
0 0.638126 0.395081 0.0103517 0.00969234
0 0.146729 0.183548 0.00777879 0.00772728
0 0.645219 0.867144 0.00965023 0.00958103
0 0.705618 0.735757 0.00878286 0.0101438
0 0.446483 0.896703 0.00842363 0.00962752
0 0.509829 0.761545 0.00815171 0.00939727
0 0.469621 0.603652 0.00929394 0.00907063
0 0.608974 0.698995 0.00938529 0.00847262
0 0.620793 0.400718 0.0117857 0.0117776
0 0.489906 0.614899 0.00752249 0.00759608
0 0.667391 0.849703 0.00897443 0.00895804
0 0.580472 0.712009 0.0086174 0.00902724
0 0.595817 0.722637 0.00788766 0.00869608
0 0.53981 0.674083 0.00964677 0.0095942
0 0.423681 0.421121 0.0112383 0.0102051
0 0.554629 0.831281 0.00943565 0.00956511
0 0.391972 0.809012 0.00804904 0.00927889
0 0.704844 0.866057 0.00738353 0.00849795
0 0.242274 0.491387 0.00819167 0.00853851
0 0.482212 0.778876 0.00819188 0.00840473
0 0.508397 0.883696 0.0084995 0.0092814
0 0.632184 0.617696 0.00735432 0.00797057
0 0.685209 0.743436 0.00942004 0.0084486
0 0.422986 0.884316 0.0121677 0.0119297
0 0.371081 0.916649 0.00764549 0.00832826
0 0.579068 0.752727 0.010463 0.0109987
0 0.284146 0.839988 0.00693378 0.00734848
0 0.532893 0.634044 0.00766981 0.00836796
0 0.546613 0.736112 0.00744247 0.00819474
0 0.304901 0.964791 0.0103741 0.0115074
0 0.953253 0.920581 0.00803053 0.00935513
0 0.384956 0.702021 0.00811958 0.00904918
0 0.235517 0.542162 0.00851917 0.00867271
0 0.205007 0.805037 0.00865459 0.00817752
0 0.223172 0.714984 0.0072792 0.00793487
0 0.331351 0.704947 0.0115512 0.0115765
0 0.175067 0.820056 0.00977278 0.00966126
0 0.232623 0.723843 0.00798826 0.00848198
0 0.512409 0.365915 0.0119705 0.0114344
0 0.226618 0.747024 0.00886245 0.0107067
0 0.750963 0.888997 0.011939 0.0100265
0 0.496747 0.932065 0.00880668 0.00933188
0 0.893818 0.804459 0.0113758 0.0124828
0 0.561221 0.728828 0.00841558 0.00825799
0 0.468487 0.775492 0.00965089 0.0104616
0 0.37489 0.673165 0.0093976 0.00992948
0 0.558937 0.327588 0.00797284 0.00884342
0 0.611289 0.895694 0.0088951 0.00970608
0 0.20958 0.464412 0.00749482 0.00741461
0 0.568682 0.808864 0.00905019 0.00928247
0 0.247252 0.733537 0.00760196 0.00848269
0 0.233033 0.708319 0.00678711 0.00778145
0 0.686576 0.87774 0.0073716 0.00813562
0 0.361431 0.671794 0.00953835 0.00897026
0 0.476599 0.332856 0.00927314 0.00978264
0 0.220237 0.779863 0.00961915 0.009247
0 0.630772 0.412967 0.0102604 0.0103891
0 0.686906 0.624288 0.00899792 0.00907421
0 0.37338 0.756425 0.0107524 0.0112227
0 0.582406 0.394219 0.0100524 0.0104671
0 0.362122 0.581054 0.00883278 0.00950629
0 0.752892 0.811619 0.0104941 0.00903434
0 0.623731 0.802232 0.00840825 0.00849187
0 0.93508 0.923097 0.00887525 0.00995958
0 0.487282 0.973108 0.00977936 0.00971109
0 0.425701 0.758292 0.00720111 0.00757068
0 0.679406 0.78637 0.0073244 0.00732231
0 0.464032 0.724265 0.00866222 0.00859642
0 0.671033 0.67087 0.00850827 0.00932199
0 0.584282 0.694742 0.00927615 0.00914574
0 0.340051 0.592666 0.00839415 0.00876236
0 0.925713 0.983033 0.00984097 0.00977457
0 0.494981 0.951682 0.00761527 0.00884402
0 0.535108 0.361503 0.00943619 0.00888413
0 0.373873 0.69833 0.00776705 0.00793761
0 0.167728 0.800865 0.0106034 0.0099749
0 0.628589 0.858624 0.00815356 0.00766468
0 0.386662 0.667153 0.00728846 0.00827312
0 0.395244 0.773273 0.00709382 0.00808948
0 0.40689 0.979548 0.00954419 0.0105698
0 0.167216 0.498677 0.00815912 0.0079335
0 0.523988 0.677193 0.00705588 0.00774688
0 0.347647 0.94081 0.00830936 0.00981539
0 0.296571 0.360639 0.00929308 0.00955391
0 0.365034 0.924458 0.00764865 0.00927812
0 0.39632 0.931426 0.00999692 0.00967175
0 0.554857 0.616549 0.0082922 0.00830519
0 0.453762 0.608747 0.00617591 0.0066784
0 0.558102 0.497953 0.00958586 0.0101609
0 0.209516 0.689786 0.00934105 0.00913572
0 0.173253 0.145762 0.00807352 0.0080986
0 0.514657 0.673313 0.00736922 0.00781214
0 0.942873 0.883711 0.00952226 0.0109009
0 0.557384 0.817676 0.00733697 0.00812089
0 0.52168 0.625378 0.0108296 0.00844228
0 0.348945 0.692578 0.00684008 0.00823289
0 0.555894 0.440213 0.00937885 0.0108486
0 0.192019 0.48832 0.00824237 0.00826091
0 0.566214 0.488703 0.00780964 0.00888672
0 0.39583 0.635809 0.00711092 0.0071674
0 0.191354 0.786627 0.00876065 0.00844491
0 0.524802 0.867734 0.00805569 0.00856704
0 0.332437 0.951717 0.00875503 0.00998402
0 0.89786 0.90532 0.00790715 0.00822139
0 0.827085 0.83605 0.00898993 0.00870228
0 0.710209 0.797387 0.00680131 0.0069899
0 0.14828 0.81695 0.00960542 0.00899661
0 0.898696 0.991723 0.00780356 0.00796968
0 0.521876 0.608131 0.00802267 0.00873297
0 0.983186 0.754214 0.0095045 0.0096451
0 0.357665 0.785415 0.00697508 0.0082987
0 0.705039 0.832979 0.00842363 0.00807875
0 0.498777 0.819025 0.00775415 0.00866967
0 0.681845 0.639404 0.00786912 0.00864321
0 0.690386 0.775 0.00836104 0.00941205
0 0.223775 0.832376 0.00880605 0.00948638
0 0.57113 0.63526 0.0071398 0.00737554
0 0.621969 0.67644 0.00705433 0.00703639
0 0.190092 0.451909 0.00704169 0.00782853
0 0.40956 0.645732 0.007395 0.00739157
0 0.560084 0.396498 0.00887376 0.00938091
0 0.700784 0.897429 0.00708741 0.00837326
0 0.247065 0.199338 0.010643 0.00949407
0 0.57782 0.496402 0.00882792 0.0086396
0 0.544291 0.318139 0.0083099 0.00956041
0 0.568006 0.785635 0.00917 0.00920105
0 0.496745 0.688418 0.00780764 0.00753903
0 0.467194 0.90863 0.00689602 0.00720996
0 0.615888 0.655072 0.00730371 0.00770193
0 0.311727 0.458675 0.00896147 0.00988704
0 0.5595 0.851021 0.00692081 0.00733644
0 0.327956 0.322831 0.0111409 0.0112182
0 0.499388 0.756225 0.00893801 0.00915968
0 0.393462 0.73698 0.0100074 0.00849229
0 0.672238 0.72105 0.00620025 0.00683671
0 0.689613 0.854921 0.00899005 0.00810736
0 0.938141 0.895347 0.00805777 0.00892222
0 0.539106 0.492249 0.00902921 0.00977629
0 0.252914 0.217876 0.00783561 0.00813003
0 0.529017 0.344651 0.0103986 0.00895321
0 0.526301 0.315455 0.00711536 0.00861341
0 0.208398 0.141059 0.0102278 0.00948657
0 0.453078 0.667693 0.00789797 0.00776958
0 0.228899 0.436208 0.0080656 0.00765315
0 0.408215 0.43482 0.00854233 0.00941429
0 0.287789 0.619911 0.0111399 0.0101486
0 0.590042 0.354847 0.00745887 0.00874114
0 0.24234 0.707155 0.00690661 0.00736749
0 0.291244 0.428666 0.00783825 0.00796968
0 0.192356 0.210664 0.00998726 0.00805049
0 0.187067 0.796474 0.00816369 0.00875741
0 0.459627 0.705799 0.00802162 0.00768471
0 0.680613 0.897927 0.00761843 0.00753158
0 0.62824 0.81635 0.00631213 0.00759375
0 0.26104 0.712922 0.00903627 0.00886536
0 0.564672 0.628363 0.00626642 0.00694072
0 0.393874 0.916555 0.00766677 0.00856668
0 0.604933 0.851694 0.00753957 0.00790447
0 0.455485 0.681433 0.00614548 0.00637627
0 0.529805 0.458655 0.00859815 0.00976068
0 0.968227 0.756397 0.00824738 0.00834084
0 0.250376 0.23042 0.00889568 0.0092638
0 0.239059 0.697101 0.00893484 0.0085867
0 0.154311 0.174818 0.00782245 0.00780463
0 0.319238 0.986875 0.00936663 0.0105503
0 0.489291 0.703267 0.00706273 0.00755769
0 0.577952 0.644824 0.0105152 0.00834626
0 0.553885 0.715512 0.00685608 0.00692302
0 0.216595 0.522974 0.00774184 0.0089494
0 0.659239 0.670277 0.00716621 0.00795954
0 0.273254 0.624598 0.00924301 0.00896794
0 0.694121 0.846711 0.00776649 0.00748444
0 0.238459 0.166638 0.00967894 0.00997524
0 0.197929 0.17867 0.0107261 0.0105312
0 0.52335 0.850842 0.00791377 0.00779766
0 0.900055 0.893553 0.0107452 0.00978261
0 0.487975 0.636395 0.00921345 0.00883859
0 0.619593 0.666732 0.00674778 0.00773203
0 0.693956 0.9089 0.00776213 0.00827289
0 0.257534 0.843797 0.00858575 0.00933725
0 0.457832 0.629905 0.00693628 0.00727844
0 0.574951 0.485511 0.00867426 0.00914976
0 0.612746 0.827461 0.00736618 0.00740284
0 0.336054 0.311649 0.00794753 0.00877142
0 0.64257 0.787702 0.00870728 0.0088535
0 0.533229 0.331855 0.00869352 0.00960213
0 0.642857 0.824787 0.00710124 0.00781292
0 0.693172 0.755801 0.00816047 0.00902784
0 0.255679 0.179302 0.00854483 0.00961167
0 0.210238 0.813132 0.00767218 0.00778025
0 0.514735 0.637542 0.00923842 0.00933838
0 0.637981 0.633484 0.00753576 0.00828475
0 0.607549 0.373221 0.00701797 0.00733697
0 0.122441 0.137795 0.0070949 0.00896621
0 0.467844 0.589418 0.00683576 0.00736809
0 0.856747 0.814338 0.0102603 0.0105495
0 0.412154 0.773104 0.00718573 0.00801831
0 0.633927 0.610272 0.00726551 0.00746685
0 0.481332 0.669617 0.006814 0.007263
0 0.506438 0.679963 0.00773144 0.00663823
0 0.449062 0.601624 0.00681037 0.00749069
0 0.818824 0.912599 0.00918043 0.0102951
0 0.661713 0.638767 0.00725842 0.00822055
0 0.488266 0.313156 0.00736332 0.0075295
0 0.488564 0.335796 0.00776803 0.00798997
0 0.679371 0.731039 0.00856346 0.00832504
0 0.302015 0.611053 0.0108257 0.00992817
0 0.298471 0.612233 0.0106999 0.00903285
0 0.167801 0.374249 0.0134663 0.0103312
0 0.468553 0.932973 0.00706235 0.00738603
0 0.205451 0.520224 0.00753494 0.00827181
0 0.174823 0.482634 0.00777762 0.00829571
0 0.64192 0.627973 0.00718641 0.00922155
0 0.310561 0.31311 0.01099 0.0103784
0 0.494599 0.950094 0.00938255 0.0113459
0 0.65834 0.71188 0.00595492 0.00669098
0 0.550409 0.681861 0.00848699 0.0087837
0 0.555212 0.7761 0.00650275 0.00727445
0 0.769847 0.857971 0.00761056 0.00743616
0 0.214326 0.415804 0.00689849 0.00769243
0 0.504648 0.680508 0.00928837 0.00748235
0 0.908179 0.90315 0.0065456 0.00709057
0 0.550202 0.358604 0.00736684 0.00826818
0 0.628113 0.775859 0.00656378 0.00692409
0 0.579725 0.645167 0.011991 0.00858444
0 0.281517 0.362621 0.00890139 0.00828764
0 0.192035 0.808739 0.00917836 0.00929183
0 0.569255 0.785325 0.0114619 0.0106331
0 0.577488 0.364284 0.00706738 0.00743517
0 0.672112 0.622648 0.00764906 0.00860709
0 0.671129 0.769387 0.0103653 0.0109143
0 0.547613 0.331457 0.00757867 0.00791883
0 0.679294 0.731285 0.00718307 0.00690866
0 0.161587 0.181413 0.00751463 0.00806551
0 0.297216 0.613069 0.00804684 0.00854838
0 0.196248 0.712287 0.00687695 0.00812918
0 0.19492 0.221736 0.00740704 0.00732914
0 0.131804 0.136927 0.0081085 0.0100721
