0 0.5549 0.237399 0.0165704 0.0165367
0 0.161809 0.967969 0.0161912 0.0201421
0 0.333393 0.448194 0.0215027 0.021286
0 0.547989 0.509081 0.0175549 0.0188518
0 0.59074 0.114915 0.0188262 0.0201222
0 0.0301439 0.0817253 0.0180501 0.0176335
0 0.58601 0.273185 0.0159788 0.0171394
0 0.630803 0.942674 0.0131582 0.0138565
0 0.364075 0.0317208 0.0188866 0.021132
0 0.120437 0.863186 0.0197895 0.0250019
0 0.571675 0.188843 0.0133171 0.0171638
0 0.513473 0.418745 0.0124925 0.0139453
0 0.0982385 0.0857611 0.0209686 0.0234756
0 0.014336 0.86641 0.0149597 0.0189583
0 0.290328 0.875783 0.0197256 0.020315
0 0.648343 0.155373 0.0155007 0.0198162
0 0.510077 0.449501 0.0137597 0.0157546
0 0.557089 0.205178 0.0163136 0.0211575
0 0.0521 0.0711633 0.0186599 0.019635
0 0.405826 0.349174 0.0157928 0.0154682
0 0.523158 0.439659 0.00969297 0.0106272
0 0.309333 0.454739 0.0193704 0.0195179
0 0.142252 0.118057 0.0155862 0.0183702
0 0.340566 0.470994 0.0181736 0.019192
0 0.430594 0.326468 0.021831 0.0204978
0 0.598715 0.215293 0.0168656 0.0225431
0 0.472913 0.855464 0.0220275 0.0199257
0 0.558841 0.259022 0.0144851 0.0149011
0 0.189502 0.279198 0.0148508 0.015328
0 0.542248 0.179268 0.0119904 0.0106813
0 0.64037 0.662693 0.0231306 0.0189586
0 0.566414 0.16917 0.0095402 0.0108893
0 0.311864 0.828949 0.0208873 0.0198721
0 0.575348 0.156681 0.0140671 0.0187572
0 0.614838 0.493505 0.019937 0.0173567
0 0.154602 0.832682 0.0197072 0.0160633
0 0.460862 0.025319 0.0139223 0.0152092
0 0.0539836 0.0723564 0.0156849 0.0167224
0 0.595832 0.616268 0.0206663 0.0238495
