0 0.267326 0.968827 0.018335 0.0195692
0 0.287472 0.912401 0.0154837 0.0184078
0 0.881084 0.942591 0.0169697 0.0176661
0 0.898344 0.912698 0.0212784 0.022455
0 0.0441401 0.589723 0.0186964 0.018162
0 0.689731 0.842974 0.018588 0.0185234
0 0.130006 0.959272 0.0198086 0.0211689
0 0.331403 0.968497 0.0165062 0.0164452
0 0.868048 0.897159 0.0119814 0.0130661
0 0.271249 0.532684 0.0255736 0.0250999
0 0.955774 0.966596 0.0176415 0.0160343
0 0.298785 0.95277 0.0170794 0.0167568
0 0.612386 0.917643 0.0183563 0.0198721
0 0.132756 0.527941 0.00699334 0.00699168
0 0.0667716 0.982682 0.0184524 0.0176924
0 0.327743 0.648739 0.020366 0.0204365
0 0.351551 0.083802 0.0191023 0.0193942
0 0.673654 0.520037 0.0190159 0.0188349
0 0.870777 0.896383 0.0191811 0.0181473
0 0.329349 0.649068 0.0159743 0.01796
0 0.574213 0.630763 0.0182806 0.0183406
0 0.246429 0.991615 0.0273386 0.0167707
0 0.661332 0.176968 0.0147247 0.0161652
0 0.0114094 0.60731 0.0210291 0.0256435
0 0.651739 0.966119 0.0178294 0.014608
0 0.625386 0.481313 0.0155762 0.0194099
