0 0.658175 0.333175 0.0233549 0.0233237
0 0.82172 0.287983 0.0185425 0.020516
0 0.895594 0.42807 0.0161638 0.0169273
0 0.844587 0.393183 0.0198992 0.018864
0 0.754991 0.232681 0.0174665 0.0116331
0 0.633546 0.83571 0.0221021 0.0208443
0 0.816206 0.213403 0.0215954 0.014145
0 0.0991079 0.200828 0.0148855 0.0150471
0 0.0770979 0.129244 0.0189132 0.024776
0 0.18255 0.725213 0.020396 0.0220622
0 0.592561 0.824191 0.0211016 0.0198986
0 0.98978 0.609318 0.0204395 0.0193455
0 0.132783 0.391509 0.0197774 0.0213012
0 0.886312 0.367286 0.015694 0.0155444
0 0.526815 0.088932 0.018941 0.0195972
0 0.786699 0.214031 0.0228869 0.0284261
0 0.15297 0.260815 0.0207349 0.0223658
0 0.0436724 0.193967 0.0139912 0.017965
0 0.796827 0.257164 0.0241316 0.0212055
0 0.0465792 0.128877 0.0198607 0.0198725
0 0.952184 0.502793 0.0121456 0.0142113
0 0.0832291 0.235813 0.0189235 0.0198398
0 0.116582 0.268403 0.0150031 0.0144219
0 0.951872 0.503392 0.0148004 0.0172533
0 0.965544 0.392229 0.0122291 0.0167865
0 0.147022 0.174934 0.0184465 0.0182661
0 0.712557 0.448868 0.0259733 0.0361576
0 0.84378 0.209785 0.0197363 0.0173166
0 0.71246 0.91669 0.0194219 0.0235748
0 0.828836 0.37099 0.0132694 0.013411
0 0.991223 0.228192 0.0131596 0.0146883
0 0.9017 0.39196 0.0143989 0.0186103
0 0.0228687 0.177833 0.0106894 0.0156796
0 0.690438 0.549992 0.0229459 0.0237061
0 0.5853 0.87977 0.0108873 0.0147244
0 0.973914 0.378792 0.0150474 0.014609
0 0.0620618 0.147608 0.0183645 0.0199782
0 0.795671 0.258213 0.0279351 0.0270526
0 0.570796 0.0754869 0.0108733 0.0132026
