0 0.151649 0.619061 0.021587 0.0233254
0 0.649577 0.920578 0.0188391 0.0195093
0 0.26262 0.271614 0.019361 0.0205047
0 0.213664 0.163253 0.0165407 0.0174547
0 0.14231 0.110992 0.0154533 0.0162243
0 0.652905 0.969524 0.0147756 0.0134133
0 0.191828 0.294075 0.0131391 0.0157663
0 0.510882 0.0488522 0.0141581 0.015635
0 0.289218 0.629184 0.0186598 0.0224037
0 0.179764 0.21433 0.0171519 0.019401
0 0.734075 0.581643 0.0170001 0.0170624
0 0.612942 0.343362 0.0153745 0.0195523
0 0.0666242 0.909398 0.0191692 0.0204643
0 0.671121 0.963259 0.015203 0.0165283
0 0.147292 0.141626 0.0160907 0.0150975
0 0.416421 0.600432 0.0189236 0.0186571
0 0.0941017 0.95291 0.0155564 0.018322
0 0.263289 0.621656 0.0187742 0.0207728
0 0.381642 0.574004 0.0139046 0.014431
0 0.280042 0.806458 0.0154307 0.0187294
0 0.724339 0.829281 0.0154899 0.0148962
0 0.763302 0.594602 0.0156669 0.0182465
0 0.807472 0.536827 0.0154222 0.0176796
0 0.696603 0.776062 0.0106511 0.0126287
0 0.221385 0.229344 0.0162684 0.0174247
0 0.69551 0.529474 0.0125042 0.0132489
0 0.754157 0.800096 0.0122237 0.0162283
0 0.634728 0.941189 0.0312685 0.0226925
0 0.806291 0.556692 0.0184269 0.0156471
0 0.420961 0.156844 0.0143447 0.0153484
0 0.349148 0.947638 0.0137501 0.0149208
0 0.775041 0.531868 0.0147495 0.0162051
0 0.0777339 0.931705 0.0135169 0.0170933
0 0.493283 0.016847 0.0186678 0.0229588
0 0.176181 0.294148 0.0136022 0.0156969
0 0.213581 0.711096 0.0193043 0.0165266
0 0.296115 0.546372 0.0248578 0.0225414
0 0.551599 0.371754 0.0157121 0.018382
0 0.674129 0.279633 0.0147751 0.0160513
0 0.0175959 0.968523 0.0194321 0.0184754
0 0.559493 0.882133 0.0121148 0.0117735
0 0.592733 0.887158 0.0145034 0.0161312
0 0.249572 0.38161 0.0197606 0.0204054
0 0.697639 0.847998 0.0122625 0.0127598
0 0.312609 0.519393 0.0191166 0.0226983
0 0.837436 0.535518 0.0120865 0.0163511
0 0.963844 0.432256 0.0115227 0.0104166
0 0.944192 0.451856 0.0203146 0.0227058
0 0.872869 0.452705 0.0112278 0.0108378
0 0.859893 0.454666 0.0107277 0.0113188
0 0.0716209 0.953705 0.00988936 0.0124098
0 0.769694 0.564932 0.0128917 0.0137891
0 0.201221 0.573678 0.0118188 0.017731
0 0.217953 0.551547 0.00953436 0.0103865
0 0.641575 0.272278 0.0122677 0.0126381
0 0.457713 0.0673078 0.0109423 0.0128837
0 0.531338 0.321793 0.0123951 0.0124888
0 0.635647 0.940654 0.0262873 0.0184689
0 0.304337 0.958295 0.0095408 0.0119663
0 0.539473 0.333184 0.0117411 0.0123434
0 0.447434 0.143752 0.0152864 0.0210361
0 0.264572 0.330271 0.014238 0.016375
0 0.230025 0.690981 0.00703983 0.0104691
0 0.577295 0.299676 0.0106914 0.013441
0 0.0213339 0.870517 0.0186792 0.0230225
0 0.816358 0.0948566 0.0111036 0.0128395
0 0.433922 0.817553 0.0108954 0.0097546
0 0.722599 0.515005 0.011096 0.0137531
0 0.783387 0.0418515 0.00836414 0.00956212
0 0.944162 0.63892 0.00923616 0.0111519
0 0.178131 0.294033 0.0195406 0.0171161
0 0.628075 0.941073 0.0186717 0.0204389
0 0.335711 0.928043 0.0128124 0.0138044
0 0.964179 0.464762 0.0199543 0.01788
0 0.334668 0.538356 0.00899583 0.0118775
