0 0.430425 0.707266 0.0166144 0.016097
0 0.48742 0.748037 0.0155623 0.0185047
0 0.442501 0.663395 0.0144392 0.0161828
0 0.467173 0.730897 0.0142686 0.0141611
0 0.464661 0.700633 0.0130799 0.0150355
0 0.464805 0.641732 0.0128424 0.0132978
0 0.517268 0.655606 0.010696 0.0125178
0 0.504968 0.666243 0.0133644 0.0141245
0 0.493893 0.67842 0.0114956 0.0130768
0 0.465403 0.60394 0.0122772 0.0126171
0 0.473365 0.480774 0.0102247 0.00898075
0 0.553265 0.754173 0.0110918 0.0128246
0 0.467977 0.595127 0.0113329 0.0128121
0 0.538177 0.768791 0.0142452 0.012099
0 0.467785 0.596741 0.0122202 0.0170301
0 0.605688 0.569267 0.0259424 0.0177601
0 0.470855 0.488233 0.00885925 0.00850943
0 0.446622 0.452534 0.00715199 0.00704214
