0 0.233545 0.386916 0.0178038 0.0170361
0 0.883688 0.686129 0.0169662 0.0174567
0 0.644211 0.717428 0.0164755 0.0183485
0 0.756642 0.977647 0.0132143 0.0150759
0 0.270834 0.921156 0.0181065 0.0170903
0 0.672065 0.797102 0.0155638 0.0171161
0 0.185255 0.966787 0.0156037 0.0200027
0 0.735442 0.697379 0.0154622 0.0168014
0 0.876451 0.768027 0.016408 0.0185456
0 0.740675 0.846578 0.0158533 0.0143364
0 0.549963 0.720164 0.0143312 0.0176849
0 0.272565 0.538369 0.016989 0.0158405
0 0.0219328 0.343013 0.0154212 0.0172668
0 0.912025 0.857242 0.0155438 0.0188553
0 0.504285 0.790656 0.0134077 0.0159729
0 0.899996 0.729623 0.0152048 0.0220159
0 0.721465 0.854079 0.0141564 0.016864
0 0.705814 0.599841 0.0157135 0.0182109
0 0.657158 0.669253 0.0139322 0.0133259
0 0.952089 0.711506 0.0138336 0.0165275
0 0.60482 0.707322 0.0146855 0.0173128
0 0.68367 0.636673 0.0134226 0.0145043
0 0.889097 0.84996 0.0164223 0.0149969
0 0.168477 0.7785 0.0145089 0.0170919
0 0.224465 0.930945 0.0148736 0.0158554
0 0.469015 0.696216 0.0170474 0.0180993
0 0.878829 0.630353 0.0179203 0.017801
0 0.186353 0.353446 0.0179713 0.0160536
0 0.0717893 0.517989 0.0150876 0.0187316
0 0.458998 0.494868 0.016227 0.0160862
0 0.0376846 0.38838 0.0181661 0.0175939
0 0.834212 0.638258 0.0174427 0.0164231
0 0.0127143 0.603687 0.0232084 0.0243967
0 0.677942 0.911124 0.0157607 0.0150936
0 0.944237 0.646874 0.0197252 0.0179543
0 0.672939 0.624297 0.0145207 0.0176819
0 0.214075 0.337523 0.0158998 0.0181638
0 0.119063 0.0881794 0.0177026 0.018915
0 0.716216 0.660637 0.0173867 0.0195975
0 0.845211 0.614525 0.0129806 0.0145257
0 0.788585 0.670549 0.0143721 0.0166628
0 0.684717 0.662211 0.0124727 0.0142542
0 0.854141 0.775911 0.0167919 0.0205117
0 0.481672 0.653137 0.0177422 0.0215557
0 0.128986 0.739017 0.0148532 0.0149275
0 0.32607 0.992929 0.0136255 0.0138893
0 0.8484 0.984503 0.00823456 0.00871408
0 0.447808 0.669206 0.0176216 0.0180298
0 0.906191 0.897551 0.0114935 0.0145702
0 0.797514 0.60048 0.0130167 0.0148761
0 0.652117 0.474934 0.0173277 0.0207975
0 0.784371 0.989575 0.0103403 0.0104191
0 0.0647762 0.0949471 0.0127941 0.0152368
0 0.752917 0.653884 0.0213699 0.0177546
0 0.110429 0.660112 0.0112664 0.015467
0 0.63241 0.65868 0.017692 0.020205
0 0.176788 0.212658 0.0145732 0.0226219
0 0.833432 0.814693 0.00944936 0.0112332
0 0.533174 0.964223 0.0149627 0.0116627
0 0.800579 0.600176 0.020322 0.0185841
0 0.775792 0.976395 0.00803012 0.00926322
0 0.77778 0.643023 0.0134264 0.0136181
0 0.604078 0.829032 0.0148153 0.0182615
