0 0.804425 0.0183945 0.0137863 0.0119809
0 0.501091 0.242029 0.0150665 0.0165197
0 0.814979 0.0367483 0.0171246 0.0160713
0 0.40792 0.14991 0.0183493 0.0157319
0 0.703668 0.038098 0.0153466 0.0128934
0 0.303162 0.400038 0.0152223 0.0157622
0 0.728596 0.431409 0.010326 0.0113811
0 0.320878 0.421436 0.0143517 0.0150629
0 0.632927 0.436047 0.0162445 0.0128843
0 0.130874 0.232352 0.018962 0.020494
0 0.400892 0.111972 0.0168839 0.01572
0 0.967857 0.217529 0.013311 0.0138569
0 0.88869 0.0928828 0.01372 0.0108809
0 0.720786 0.0122259 0.0122066 0.0141219
0 0.451499 0.130187 0.017126 0.0153702
0 0.17918 0.143403 0.0112792 0.0129507
0 0.675517 0.614564 0.0152351 0.0144804
0 0.770106 0.619355 0.0144643 0.00838721
0 0.453636 0.130918 0.0223203 0.0171346
0 0.748429 0.42462 0.0086509 0.00997007
0 0.335914 0.260283 0.0142796 0.0129564
0 0.758073 0.412142 0.0113882 0.0105831
0 0.0544544 0.333837 0.0163723 0.0195842
0 0.0694108 0.342212 0.0162249 0.0106021
0 0.737328 0.507511 0.0101178 0.0101898
0 0.92144 0.584689 0.0122709 0.0121253
