0 0.29316 0.0183958 0.0170183 0.0175873
0 0.411202 0.0187346 0.0147548 0.0146672
0 0.558122 0.862893 0.0167101 0.0175766
0 0.36114 0.145816 0.0159796 0.0206399
0 0.389584 0.0686315 0.0147065 0.0162815
0 0.026699 0.0321309 0.018279 0.0205912
0 0.558114 0.602467 0.0158449 0.0174783
0 0.277561 0.147746 0.0148037 0.015116
0 0.467978 0.0776838 0.0172195 0.0170505
0 0.294765 0.109975 0.0167026 0.0179034
0 0.240965 0.0403926 0.0169564 0.0211789
0 0.816027 0.394364 0.0185064 0.018068
0 0.715177 0.143716 0.0150437 0.0153761
0 0.32908 0.0918091 0.0132585 0.0161002
0 0.589529 0.641829 0.0124145 0.013967
0 0.456851 0.474784 0.015824 0.0184332
0 0.479267 0.468275 0.0190843 0.0188721
0 0.934744 0.735834 0.0150231 0.0152082
0 0.974664 0.120809 0.0158671 0.015946
0 0.0872728 0.0749001 0.0154165 0.0163623
0 0.0530113 0.0529261 0.0167689 0.0157523
0 0.487434 0.112838 0.0143311 0.0156751
0 0.885044 0.200312 0.0136082 0.015249
0 0.655751 0.11982 0.0153137 0.0145491
0 0.61892 0.235755 0.0121397 0.0130527
0 0.330595 0.0158593 0.0154991 0.0179923
0 0.639496 0.241331 0.0150822 0.0175571
0 0.67377 0.634027 0.0177611 0.0179986
0 0.920631 0.78343 0.0163662 0.0154785
0 0.0317023 0.0816944 0.016662 0.0199952
0 0.320075 0.178222 0.0136097 0.0140324
0 0.186072 0.0076178 0.0145926 0.0152356
0 0.621957 0.493555 0.0157633 0.0180122
0 0.885592 0.656114 0.0107619 0.0142234
0 0.582233 0.77202 0.0136313 0.0131376
0 0.750721 0.243759 0.0235205 0.0237471
0 0.280878 0.504913 0.0141907 0.0155695
0 0.980481 0.0825926 0.0130191 0.0137758
0 0.0764795 0.659736 0.0151614 0.0168447
0 0.948083 0.0366876 0.0106434 0.0121779
0 0.650568 0.470381 0.0160773 0.0144951
0 0.616511 0.92437 0.0138048 0.0155876
0 0.731896 0.222984 0.0110954 0.0147686
0 0.0256729 0.19424 0.0173377 0.0154726
0 0.798793 0.649738 0.0162712 0.0168217
0 0.309086 0.0703461 0.0153992 0.0148812
0 0.951694 0.101101 0.0166355 0.0166969
0 0.946782 0.0767654 0.00958407 0.0174351
0 0.806837 0.341271 0.015115 0.0197099
0 0.442892 0.00529394 0.0144814 0.0105879
0 0.304478 0.654603 0.0164455 0.0173352
0 0.531854 0.00521274 0.0167919 0.0103018
0 0.975186 0.122754 0.017482 0.0208287
0 0.717521 0.765122 0.0173368 0.0144308
0 0.169074 0.559498 0.0112967 0.0141416
0 0.605985 0.396836 0.0141224 0.0171394
0 0.0334281 0.211995 0.0206149 0.0205452
0 0.639763 0.414318 0.0106462 0.0124794
0 0.809786 0.846168 0.0133383 0.0159025
0 0.685063 0.431246 0.0207497 0.0259877
0 0.629307 0.428439 0.0163903 0.0146307
0 0.711 0.400705 0.0145295 0.0128978
0 0.899837 0.780239 0.0126101 0.0134006
0 0.995121 0.0758599 0.0087719 0.0173596
0 0.781783 0.329956 0.0121731 0.0133478
0 0.062978 0.551695 0.00917769 0.010361
0 0.620236 0.445031 0.0198698 0.0141117
0 0.841928 0.333363 0.0135193 0.0167189
0 0.703199 0.209903 0.0128998 0.0112829
0 0.609021 0.397797 0.0199751 0.0194682
0 0.813217 0.66364 0.0154108 0.0132833
0 0.486839 0.529738 0.0234933 0.0211197
0 0.72151 0.990589 0.0187908 0.0164204
0 0.314793 0.672871 0.0129035 0.0112555
0 0.173699 0.76257 0.0117195 0.0130804
0 0.202952 0.0970299 0.0118692 0.012093
0 0.351359 0.649116 0.019799 0.0226502
0 0.620577 0.403525 0.0140618 0.0178126
0 0.626997 0.539615 0.00795078 0.0126233
0 0.604748 0.829824 0.010245 0.0102459
0 0.656157 0.939143 0.0149521 0.0165211
0 0.292961 0.0840702 0.00843039 0.00966732
0 0.301356 0.827602 0.0136403 0.0210216
0 0.0073199 0.223302 0.0144847 0.0184408
0 0.684023 0.433517 0.0249441 0.0321647
0 0.261247 0.774298 0.00903052 0.0128749
