0 0.593205 0.644975 0.0164959 0.0168636
0 0.361032 0.370546 0.0163624 0.0167068
0 0.807917 0.13593 0.0171139 0.019704
0 0.894448 0.457244 0.01474 0.0170827
0 0.46744 0.664106 0.0142548 0.0183324
0 0.531456 0.462872 0.017432 0.0182751
0 0.770359 0.21165 0.0139948 0.0167976
0 0.80642 0.394419 0.0186939 0.0187385
0 0.840845 0.456482 0.0136757 0.0148237
0 0.641527 0.11282 0.016542 0.0173945
0 0.662865 0.318099 0.0186104 0.0175722
0 0.418542 0.914391 0.0132728 0.0152481
0 0.307525 0.943631 0.0149837 0.0186531
0 0.699712 0.739301 0.0144056 0.0144669
0 0.667243 0.806599 0.015695 0.0183247
0 0.445434 0.940707 0.0129936 0.0139775
0 0.0236343 0.840253 0.0156435 0.0153656
0 0.924233 0.762856 0.0193045 0.0167539
0 0.650015 0.671369 0.0141661 0.0144262
0 0.769714 0.868422 0.0134403 0.0157204
0 0.968078 0.803098 0.0135601 0.0152571
0 0.746323 0.415488 0.0148397 0.0152496
0 0.356541 0.876879 0.0139897 0.0156137
0 0.294318 0.430804 0.0135889 0.0151417
0 0.326788 0.732293 0.0202457 0.0209666
0 0.897725 0.389027 0.0140821 0.0146024
0 0.495084 0.741803 0.0143685 0.0162281
0 0.76948 0.266813 0.0157976 0.0153732
0 0.544085 0.550479 0.0143726 0.0156648
0 0.41685 0.595447 0.0166487 0.0193877
0 0.537034 0.638759 0.0132405 0.0160363
0 0.505857 0.824472 0.0174116 0.0172312
0 0.706743 0.690357 0.0139362 0.0139409
0 0.905212 0.801451 0.0122616 0.0151027
0 0.781264 0.852422 0.0123487 0.0144024
0 0.385152 0.313264 0.0116665 0.0147476
0 0.397928 0.358323 0.014724 0.0188804
0 0.937676 0.891335 0.0157709 0.0169804
0 0.725882 0.402324 0.0168514 0.0150287
0 0.540844 0.850297 0.0144123 0.0170315
0 0.411447 0.310232 0.0166805 0.0189337
0 0.619272 0.126746 0.0121537 0.0128732
0 0.888801 0.243813 0.0174454 0.0190491
0 0.707174 0.330244 0.0176579 0.0190462
0 0.0600207 0.104871 0.0152345 0.0146106
0 0.81645 0.461753 0.0114143 0.0123817
0 0.263342 0.0922719 0.0132748 0.0127604
0 0.971643 0.725485 0.0176347 0.0188709
0 0.625983 0.765223 0.0164348 0.0169291
0 0.832415 0.78672 0.014016 0.016003
0 0.879956 0.699325 0.0144169 0.0174242
0 0.816659 0.803496 0.0121762 0.0142663
0 0.140875 0.424689 0.0228895 0.018637
0 0.967636 0.883686 0.0135503 0.0133005
0 0.646619 0.258922 0.01551 0.0162033
0 0.627255 0.141753 0.0115916 0.0132268
0 0.559572 0.784732 0.0131769 0.0132542
0 0.685345 0.327987 0.0141803 0.0132822
0 0.739099 0.565721 0.0184767 0.0276393
0 0.442189 0.674368 0.0104364 0.0137482
0 0.875341 0.445555 0.0166264 0.0188328
0 0.783607 0.283568 0.0137548 0.0161084
0 0.832751 0.28501 0.0190094 0.0222095
0 0.414532 0.649735 0.0121899 0.0131254
0 0.21883 0.861303 0.0147738 0.0165691
0 0.494648 0.529767 0.0140012 0.0187313
0 0.295268 0.177572 0.0136696 0.0151607
0 0.527067 0.572826 0.0178663 0.0198042
0 0.603609 0.159666 0.0159754 0.0196941
0 0.198341 0.589372 0.0120569 0.0119048
0 0.601041 0.691802 0.0134102 0.0124924
0 0.118791 0.414425 0.017341 0.0159508
0 0.734466 0.237026 0.0127318 0.0141355
0 0.698305 0.675186 0.00985014 0.0105272
0 0.670156 0.294887 0.0163761 0.0163312
0 0.421061 0.517048 0.0146954 0.0201526
0 0.0446255 0.804989 0.0190616 0.0152267
0 0.955902 0.262936 0.0143418 0.0202399
0 0.0565061 0.825289 0.0149032 0.0146276
0 0.333178 0.388242 0.0145544 0.0165602
0 0.164283 0.610442 0.0186936 0.0179231
0 0.4416 0.418391 0.0176835 0.019587
0 0.871136 0.515775 0.0119074 0.0157571
0 0.929201 0.258124 0.0183937 0.0218169
0 0.466367 0.855773 0.011231 0.00905651
0 0.407512 0.618473 0.0136879 0.0148715
0 0.659975 0.380218 0.0093562 0.0135643
0 0.0953795 0.437481 0.0151292 0.0188698
0 0.595554 0.663829 0.0156727 0.0149136
0 0.926945 0.318258 0.015682 0.0205919
0 0.74646 0.317308 0.0116376 0.0120402
0 0.80167 0.826824 0.0109804 0.0108719
0 0.138757 0.135988 0.0160233 0.0152664
0 0.0798379 0.818131 0.0149536 0.0151392
0 0.0439661 0.343078 0.0130829 0.0159698
0 0.913415 0.470128 0.014843 0.01817
0 0.759901 0.532958 0.01263 0.0137924
0 0.552297 0.460126 0.0139328 0.0138604
0 0.74362 0.529443 0.0134837 0.0226998
0 0.815437 0.276821 0.0124574 0.0146531
0 0.415906 0.454705 0.0132929 0.0153738
0 0.26252 0.836411 0.0162931 0.0193226
0 0.332542 0.149394 0.0179682 0.0190009
0 0.795903 0.301825 0.0144367 0.018355
0 0.688346 0.493042 0.0198577 0.0247703
0 0.662223 0.204164 0.0125166 0.0229414
0 0.511974 0.477916 0.016436 0.014109
0 0.687051 0.51944 0.0203589 0.0164957
0 0.0731176 0.498855 0.0173319 0.0178608
0 0.76919 0.572768 0.0222194 0.0246344
0 0.216824 0.688849 0.0127761 0.0154732
0 0.584704 0.528699 0.0100501 0.0114069
0 0.799732 0.27267 0.010241 0.0123947
0 0.772899 0.499996 0.0135042 0.0110534
0 0.80339 0.875929 0.0117294 0.0131347
0 0.729719 0.90469 0.0132971 0.0147333
0 0.723429 0.153431 0.0108424 0.00933878
0 0.217837 0.917865 0.0107717 0.0133559
0 0.506372 0.701282 0.0222698 0.0192421
0 0.0888297 0.854468 0.0193046 0.0201006
0 0.428234 0.884283 0.0131353 0.0189209
0 0.59129 0.595893 0.00804597 0.0105373
0 0.404792 0.379453 0.00845271 0.010647
0 0.203069 0.869422 0.0150747 0.0138882
0 0.646517 0.363762 0.0113773 0.0152202
0 0.541206 0.818023 0.0103344 0.0114559
0 0.45024 0.473112 0.0113537 0.0123723
0 0.766612 0.896277 0.0136121 0.0185869
0 0.435374 0.748165 0.0125711 0.0136735
0 0.376735 0.380443 0.0111285 0.0152876
0 0.669777 0.653816 0.0140669 0.0129148
0 0.798944 0.27443 0.010797 0.0137016
0 0.421731 0.95881 0.0164695 0.0160208
0 0.239741 0.86152 0.0149593 0.0122766
0 0.243976 0.116757 0.0248124 0.0222851
0 0.354445 0.908261 0.0114209 0.0104519
0 0.234382 0.194582 0.0201798 0.0184384
0 0.977307 0.847435 0.00860405 0.00966948
0 0.853528 0.480248 0.0105423 0.0131927
0 0.145105 0.168178 0.0133903 0.0102096
0 0.00383587 0.373231 0.00767173 0.0159271
0 0.981574 0.926758 0.0153381 0.015543
0 0.771622 0.533934 0.0121508 0.0130574
0 0.465467 0.413833 0.0113203 0.0129616
0 0.991339 0.809396 0.0163313 0.0145512
0 0.8853 0.487696 0.0111049 0.0127073
0 0.968776 0.700445 0.0173287 0.0185226
0 0.92206 0.723142 0.013422 0.0208817
0 0.0933152 0.568075 0.0147204 0.0123991
0 0.850566 0.745654 0.0177829 0.0208368
0 0.312184 0.787079 0.0114709 0.0109835
0 0.759354 0.697053 0.0135586 0.0141581
0 0.292349 0.895122 0.0153722 0.0233868
0 0.911957 0.474339 0.0149319 0.0228224
0 0.333276 0.901171 0.0100891 0.0148335
0 0.694772 0.428094 0.0149295 0.0164215
0 0.223969 0.831067 0.0251856 0.0197044
0 0.172894 0.93442 0.00924769 0.0115238
0 0.437487 0.356176 0.00959662 0.0115961
0 0.759937 0.732751 0.00829732 0.0106655
0 0.885823 0.0960749 0.0135235 0.0149902
0 0.779798 0.30444 0.0133997 0.015103
0 0.3784 0.263588 0.0203826 0.0192174
0 0.815298 0.686375 0.0141388 0.0132702
0 0.860602 0.458626 0.0130424 0.0123203
0 0.247184 0.235501 0.0140525 0.0178743
0 0.29188 0.545417 0.0224555 0.03136
0 0.0048368 0.781699 0.00931232 0.0167437
0 0.75825 0.450076 0.0169912 0.0103468
0 0.961279 0.753248 0.0243132 0.0194535
0 0.814496 0.24172 0.00683975 0.00948973
0 0.671401 0.653972 0.0168008 0.0159462
0 0.761853 0.508479 0.00696528 0.00825745
0 0.705176 0.196505 0.0101593 0.0136037
0 0.938711 0.833603 0.00662804 0.0094074
0 0.983281 0.837016 0.00643885 0.00733167
0 0.9909 0.833784 0.0063957 0.0082283
0 0.219035 0.830501 0.0162815 0.0157734
0 0.79745 0.765907 0.00919038 0.0130841
0 0.376065 0.262761 0.0141725 0.0166352
0 0.0708688 0.850542 0.0108055 0.0122294
0 0.567033 0.531639 0.00979877 0.00938946
0 0.942294 0.722372 0.00705415 0.00841141
0 0.825189 0.842441 0.00867575 0.00917089
0 0.0530095 0.501569 0.0148155 0.0180462
0 0.674031 0.484723 0.0124751 0.0158327
0 0.848158 0.747745 0.020808 0.0201338
0 0.979183 0.851378 0.00965542 0.012394
0 0.503543 0.701438 0.0147543 0.0180649
0 0.690085 0.431304 0.0132629 0.0163321
0 0.814733 0.27845 0.0146561 0.0199458
0 0.913296 0.510545 0.0170395 0.0210865
0 0.820866 0.88044 0.00841331 0.00975376
0 0.561036 0.823741 0.0133812 0.0164055
0 0.764961 0.53355 0.0236958 0.0154431
0 0.182782 0.646141 0.00910568 0.0105453
0 0.67269 0.654034 0.0130804 0.0139515
0 0.600336 0.876436 0.00999665 0.00922811
0 0.58114 0.131953 0.0153299 0.0211643
0 0.984625 0.308223 0.0076344 0.00792429
0 0.497429 0.429235 0.015375 0.0183029
0 0.480135 0.760779 0.0160671 0.0119951
0 0.692205 0.430537 0.0185547 0.0186497
0 0.686842 0.815082 0.00885201 0.0110767
0 0.699411 0.81409 0.011731 0.0140831
0 0.314097 0.788289 0.0125991 0.0128632
0 0.20701 0.887295 0.00836439 0.00914919
