0 0.271353 0.860291 0.0134553 0.0159295
0 0.814999 0.700371 0.0152369 0.0149643
0 0.887059 0.712061 0.0170258 0.0160883
0 0.849242 0.75007 0.0125546 0.0144444
0 0.573857 0.396264 0.0137588 0.0161433
0 0.297052 0.94564 0.0143849 0.0160832
0 0.307976 0.923965 0.0123708 0.0168602
0 0.839199 0.665125 0.0134948 0.0154842
0 0.25838 0.849646 0.013005 0.0155603
0 0.495743 0.489374 0.0178998 0.0202354
0 0.271289 0.0151281 0.0154843 0.0186705
0 0.745958 0.734091 0.0127028 0.0127513
0 0.475218 0.261942 0.0167349 0.0177871
0 0.694088 0.127488 0.0176575 0.0143866
0 0.74846 0.0771827 0.0158008 0.0150989
0 0.370386 0.0132063 0.0134055 0.0128586
0 0.796222 0.094879 0.0112309 0.0143739
0 0.255183 0.766989 0.0135427 0.0138193
0 0.769077 0.102359 0.0144402 0.0188445
0 0.643194 0.543794 0.0144549 0.0137632
0 0.878151 0.377317 0.016547 0.0151775
0 0.310266 0.984793 0.0121913 0.0151169
0 0.311696 0.311678 0.0159453 0.0157298
0 0.579119 0.99395 0.0133559 0.0120993
0 0.20991 0.0539606 0.0144069 0.0150315
0 0.775612 0.674163 0.013792 0.0130495
0 0.710769 0.940317 0.0112194 0.012344
0 0.665981 0.807233 0.0239763 0.0231782
0 0.765538 0.540632 0.0111553 0.0109679
0 0.551997 0.263148 0.0214453 0.0192723
0 0.503567 0.986201 0.0142757 0.0143658
0 0.585621 0.177713 0.015744 0.0163404
0 0.493535 0.363409 0.0136536 0.0155381
0 0.441767 0.427109 0.0135746 0.0126414
0 0.613285 0.810713 0.0134798 0.0214443
0 0.694868 0.104284 0.0100094 0.0100479
0 0.85739 0.37694 0.0137993 0.0125311
0 0.435262 0.462086 0.0125561 0.0127893
0 0.453298 0.380044 0.0191362 0.0243537
0 0.665544 0.869194 0.0142547 0.0160189
0 0.282046 0.952468 0.0103584 0.011435
0 0.255578 0.878207 0.013546 0.0147396
0 0.950428 0.6631 0.0204317 0.0326118
0 0.467871 0.222397 0.014798 0.0221136
0 0.563133 0.604616 0.0141485 0.0142422
0 0.643267 0.477209 0.0148484 0.0152714
0 0.74551 0.458507 0.0172459 0.0204159
0 0.785363 0.660915 0.0158987 0.016194
0 0.652431 0.0446695 0.00831497 0.0129443
