0 0.391643 0.678802 0.0154325 0.0185863
0 0.0423812 0.120409 0.0149532 0.0189169
0 0.21678 0.602324 0.0156483 0.0174134
0 0.0972771 0.444185 0.0169891 0.0184542
0 0.256005 0.662614 0.0175741 0.019154
0 0.359136 0.688825 0.0183933 0.0176373
0 0.50621 0.906811 0.0159912 0.0153709
0 0.296416 0.957071 0.0128356 0.0151749
0 0.305128 0.928423 0.0130385 0.0163193
0 0.107391 0.140162 0.0174139 0.0182092
0 0.257733 0.778541 0.0145249 0.0167575
0 0.206527 0.45983 0.0161777 0.0176173
0 0.250686 0.614062 0.0151535 0.0147673
0 0.362051 0.641045 0.0135621 0.0159439
0 0.048996 0.630539 0.0154432 0.0165188
0 0.193657 0.62199 0.0153608 0.0145023
0 0.175751 0.217984 0.0145621 0.0166199
0 0.977844 0.550692 0.0154331 0.0157029
0 0.968833 0.224425 0.0155296 0.0186178
0 0.532897 0.57912 0.0126436 0.0151024
0 0.204247 0.144509 0.0127849 0.0157266
0 0.0274674 0.276219 0.0137591 0.0139345
0 0.421603 0.987015 0.0111911 0.0109936
0 0.199657 0.554826 0.0159021 0.0172503
0 0.111347 0.629031 0.0133389 0.0163158
0 0.127199 0.0812009 0.0158989 0.0153183
0 0.275812 0.668645 0.0150836 0.0181622
0 0.56136 0.950667 0.0142691 0.0158058
0 0.0440081 0.0569516 0.0138252 0.0133758
0 0.712326 0.941147 0.0173016 0.0187569
0 0.953355 0.293953 0.0167919 0.0185954
0 0.342575 0.967331 0.014135 0.014373
0 0.298848 0.29169 0.0131045 0.0176397
0 0.35663 0.586853 0.013408 0.01736
0 0.0401028 0.825397 0.0165849 0.0171633
0 0.179167 0.46711 0.0135609 0.0167028
0 0.229199 0.630007 0.0138123 0.014173
0 0.199878 0.772829 0.0135184 0.012437
0 0.137511 0.455045 0.013918 0.0160372
0 0.104142 0.666617 0.0159815 0.0191708
0 0.143533 0.0366634 0.0151232 0.0236584
0 0.69236 0.922327 0.0133852 0.0141335
0 0.3173 0.705288 0.0136095 0.0168344
0 0.49789 0.969482 0.0112117 0.0102172
0 0.230577 0.760726 0.0115738 0.0145807
0 0.0435001 0.859034 0.0122764 0.0134519
0 0.0923008 0.121738 0.00903352 0.0106097
0 0.483667 0.970661 0.011748 0.0118082
0 0.258365 0.581259 0.0143591 0.0170908
0 0.410999 0.716149 0.0113184 0.0162247
0 0.44591 0.786009 0.0181162 0.0190836
0 0.00716819 0.679471 0.0143364 0.0141385
0 0.661326 0.263348 0.0122565 0.0144916
0 0.31647 0.708991 0.0143299 0.024504
0 0.0164761 0.294941 0.00816836 0.00977781
0 0.725777 0.925673 0.0139679 0.0141506
0 0.0482364 0.319696 0.0177038 0.0178623
0 0.190844 0.591437 0.0129763 0.0162216
0 0.070099 0.996205 0.0174465 0.00759065
0 0.372142 0.0429539 0.0106629 0.0145353
0 0.421975 0.200072 0.00796461 0.0108735
0 0.395816 0.622907 0.0224449 0.0220686
0 0.317137 0.715106 0.0151041 0.0193932
0 0.558575 0.974631 0.0176216 0.0207028
0 0.416021 0.959566 0.00688601 0.00678825
0 0.627854 0.577229 0.0063805 0.00719482
0 0.273085 0.55592 0.0125178 0.0136755
0 0.335404 0.492875 0.009891 0.0124794
0 0.394407 0.625268 0.0180162 0.0158167
0 0.130591 0.417901 0.0162371 0.0264062
0 0.321065 0.210014 0.015523 0.0175842
0 0.356917 0.584646 0.0151338 0.0219828
0 0.227439 0.794575 0.0106395 0.00943166
0 0.123747 0.431509 0.0160868 0.0192898
0 0.360322 0.734261 0.0188161 0.0236256
0 0.972286 0.292506 0.0122831 0.015202
0 0.433168 0.200431 0.00602874 0.00974196
