0 0.569157 0.855789 0.0146633 0.0166256
0 0.709266 0.781059 0.0185456 0.0190241
0 0.341608 0.726522 0.0137267 0.0166765
0 0.722567 0.799172 0.0153512 0.0166897
0 0.30789 0.371148 0.0152151 0.0146183
0 0.572299 0.744202 0.0169261 0.0149195
0 0.513811 0.17408 0.0187125 0.0171203
0 0.556908 0.909998 0.0109792 0.0119988
0 0.15359 0.118827 0.0157458 0.0174366
0 0.619122 0.637932 0.0177695 0.0156468
0 0.62501 0.318925 0.0213842 0.0211052
0 0.0822252 0.0762445 0.0175593 0.0177024
0 0.612808 0.943379 0.0127685 0.0147724
0 0.231806 0.887531 0.0153125 0.0167303
0 0.570406 0.828807 0.0153511 0.0171289
0 0.849232 0.805995 0.0123037 0.0179336
0 0.772437 0.88294 0.0141655 0.0195683
0 0.919626 0.648366 0.0218918 0.0217749
0 0.663257 0.988648 0.0128109 0.0114164
0 0.473797 0.119575 0.0117949 0.013133
0 0.348147 0.942745 0.0124117 0.0168136
0 0.554654 0.725094 0.0136636 0.0179239
0 0.764336 0.458296 0.0133764 0.0149155
0 0.553846 0.977287 0.00914633 0.0116768
0 0.33125 0.669504 0.0167096 0.0147176
0 0.650024 0.0999472 0.0134361 0.0143971
0 0.722515 0.902929 0.0223083 0.0174559
0 0.21439 0.0123188 0.0169943 0.0141592
0 0.612964 0.0666918 0.0135206 0.0121014
0 0.796977 0.842477 0.012418 0.0179838
0 0.140266 0.0816089 0.0108459 0.0120615
0 0.586273 0.66017 0.0171779 0.0153189
0 0.685388 0.935092 0.0158758 0.0180771
0 0.777777 0.825081 0.016565 0.0174095
0 0.443843 0.959285 0.0156322 0.0135306
0 0.59259 0.854074 0.0134218 0.0146242
0 0.182443 0.504088 0.0170758 0.0160376
0 0.595328 0.77551 0.0112666 0.0113007
0 0.647738 0.294954 0.0160403 0.0151787
0 0.176021 0.129204 0.0210897 0.0197026
0 0.115756 0.693833 0.0225911 0.020533
0 0.93246 0.549383 0.0186499 0.0160255
0 0.0446233 0.0993676 0.015095 0.0152611
0 0.800549 0.875499 0.0127915 0.0140383
0 0.324163 0.361746 0.0138693 0.0137525
0 0.661577 0.315584 0.0162056 0.0168819
0 0.56774 0.628711 0.0167103 0.0177035
0 0.383936 0.919173 0.0150032 0.0181885
0 0.614761 0.79722 0.0119214 0.0132731
0 0.237445 0.202381 0.0124433 0.0124086
0 0.71447 0.9768 0.0115377 0.0140492
0 0.575236 0.727609 0.0113485 0.0110438
0 0.9219 0.205288 0.0123329 0.0142875
0 0.344752 0.649876 0.0138803 0.0167996
0 0.33807 0.784726 0.0119482 0.0147218
0 0.986976 0.382319 0.0191925 0.0181915
0 0.593085 0.622237 0.0143417 0.00859588
0 0.248483 0.274051 0.0132905 0.0169974
0 0.50967 0.122853 0.0159527 0.0128806
0 0.413138 0.94407 0.00885963 0.0100781
0 0.203242 0.77489 0.0123886 0.0157202
0 0.629315 0.0479576 0.00966471 0.00773449
0 0.324598 0.906938 0.0220407 0.0184649
0 0.499007 0.39147 0.0111358 0.00963798
0 0.829471 0.659927 0.0164503 0.0163113
0 0.727857 0.978685 0.00679094 0.00972939
0 0.120454 0.186898 0.0249732 0.0234578
0 0.201601 0.773892 0.0145654 0.0178739
0 0.87359 0.487805 0.0206474 0.0139183
0 0.779845 0.826181 0.0204265 0.0204269
