0 0.239987 0.53326 0.00730027 0.00795591
0 0.339838 0.43313 0.0084528 0.00924903
0 0.461849 0.683169 0.0090189 0.0104895
0 0.221925 0.727482 0.00813161 0.0086261
0 0.241215 0.521934 0.00902815 0.00912094
0 0.621302 0.341302 0.0092532 0.00918779
0 0.314679 0.634565 0.00811127 0.00912338
0 0.377697 0.611445 0.00832081 0.00851792
0 0.242653 0.554151 0.00725661 0.0085606
0 0.371256 0.548244 0.00806847 0.010745
0 0.316403 0.546487 0.00881693 0.00985545
0 0.385038 0.589395 0.00898352 0.0101593
0 0.234512 0.564267 0.00794315 0.00857991
0 0.198725 0.677553 0.00807199 0.00982398
0 0.209821 0.739059 0.00758767 0.00836468
0 0.488378 0.477258 0.0101688 0.011036
0 0.260094 0.90922 0.00843716 0.00896049
0 0.323387 0.927865 0.0130967 0.0147474
0 0.442151 0.625771 0.00992411 0.010297
0 0.353734 0.539364 0.00855437 0.0088051
0 0.446314 0.547899 0.00981998 0.00961721
0 0.226955 0.551714 0.00818759 0.00862217
0 0.709364 0.233173 0.00799876 0.00919342
0 0.543552 0.658538 0.00849569 0.0106567
0 0.492788 0.632563 0.00979489 0.0100686
0 0.282247 0.897607 0.0095928 0.00984401
0 0.697752 0.589771 0.00962132 0.0115951
0 0.678016 0.584984 0.00880355 0.00920296
0 0.440231 0.652511 0.00939789 0.0101845
0 0.352606 0.420327 0.00733605 0.00803128
0 0.679813 0.603171 0.0093773 0.0099842
0 0.453939 0.567272 0.00739118 0.00811481
0 0.504203 0.636151 0.00777537 0.00849801
0 0.265413 0.554108 0.00664386 0.00839591
0 0.370887 0.861677 0.00921774 0.0100557
0 0.308179 0.510975 0.00687665 0.00771981
0 0.528388 0.649921 0.00910169 0.0119185
0 0.22368 0.560875 0.0072979 0.00834996
0 0.223343 0.609022 0.00852251 0.00975549
0 0.254994 0.554979 0.00693196 0.00807089
0 0.421815 0.592753 0.00827733 0.0089516
0 0.748164 0.395965 0.00787699 0.00917417
0 0.357573 0.347433 0.00798759 0.00880003
0 0.179739 0.650905 0.00860071 0.00896281
0 0.359501 0.439817 0.00795513 0.00880775
0 0.480118 0.6372 0.00912914 0.0106174
0 0.340678 0.579116 0.00672558 0.00826472
0 0.504058 0.624658 0.0102595 0.00907755
0 0.471607 0.702747 0.0069721 0.00864184
0 0.483539 0.464605 0.00822037 0.00932577
0 0.686578 0.254499 0.00764465 0.0101178
0 0.443033 0.694305 0.00788155 0.00854158
0 0.546615 0.69114 0.00839728 0.00992012
0 0.402231 0.365398 0.00841314 0.00957957
0 0.234566 0.582711 0.00812188 0.0102698
0 0.329517 0.490722 0.0075902 0.00871259
0 0.323817 0.671571 0.00967345 0.00962603
0 0.185989 0.840681 0.00779828 0.0100635
0 0.336809 0.458383 0.00808543 0.00892332
0 0.711676 0.26671 0.0074755 0.00874299
0 0.625659 0.565248 0.00944215 0.00981492
0 0.458127 0.517375 0.00897524 0.00889283
0 0.215998 0.688909 0.00704356 0.008313
0 0.404428 0.916454 0.00642368 0.00794756
0 0.465986 0.561657 0.0107378 0.00967294
0 0.678345 0.297936 0.00775546 0.00937781
0 0.707088 0.257426 0.0066306 0.00778961
0 0.358697 0.555127 0.00786465 0.00817603
0 0.201493 0.619671 0.00797191 0.00866622
0 0.227765 0.628926 0.00697242 0.00863266
0 0.293092 0.910594 0.00863934 0.0106243
0 0.152642 0.664397 0.00778222 0.00827301
0 0.616432 0.353841 0.00754786 0.00829858
0 0.222404 0.622543 0.00762624 0.00823247
0 0.505135 0.466109 0.00931239 0.00946864
0 0.447014 0.454445 0.0106098 0.0107422
0 0.522934 0.668065 0.00759661 0.00758874
0 0.614668 0.557768 0.00833184 0.00913221
0 0.344631 0.954916 0.00908011 0.00952452
0 0.279511 0.436882 0.00778025 0.00775203
0 0.196635 0.749444 0.00725318 0.00776768
0 0.311026 0.480918 0.00851211 0.00840417
0 0.17291 0.642099 0.00738795 0.00822294
0 0.383983 0.564997 0.00757879 0.00900841
0 0.315121 0.499881 0.00876045 0.00891763
0 0.167093 0.654576 0.00705658 0.00751823
0 0.258418 0.523252 0.00680596 0.00924194
0 0.196183 0.91112 0.00734907 0.00824392
0 0.251377 0.541527 0.00759044 0.00844532
0 0.503692 0.32957 0.00914267 0.010185
0 0.420187 0.707532 0.00866878 0.00968993
0 0.27475 0.883623 0.00873709 0.0100777
0 0.709529 0.384274 0.00870323 0.010128
0 0.487922 0.434886 0.0096797 0.0107327
0 0.913238 0.177296 0.00947076 0.00973348
0 0.426303 0.517789 0.0108108 0.0101563
0 0.24058 0.602441 0.00616388 0.00696105
0 0.748253 0.296292 0.0062651 0.00697744
0 0.664535 0.606137 0.0100523 0.0126883
0 0.29726 0.530511 0.00705528 0.00744587
0 0.388793 0.545412 0.00728014 0.00866795
0 0.548606 0.559273 0.00792086 0.0102268
0 0.339876 0.915537 0.0134959 0.0122822
0 0.302745 0.916353 0.00863671 0.0087437
0 0.197208 0.657765 0.0139761 0.0102232
0 0.683591 0.277601 0.00770187 0.00723952
0 0.562349 0.703903 0.00988138 0.0109888
0 0.37155 0.551965 0.00846538 0.0114241
0 0.167541 0.534095 0.00811727 0.0102501
0 0.377554 0.578959 0.00789064 0.00825959
0 0.238876 0.726906 0.00859527 0.00873798
0 0.340709 0.686018 0.00828388 0.00945294
0 0.277339 0.573356 0.00819445 0.0098021
0 0.515112 0.637362 0.00779021 0.00969976
0 0.492366 0.570607 0.00817117 0.00868016
0 0.410638 0.258698 0.00769195 0.00843805
0 0.430276 0.699462 0.00797808 0.00859433
0 0.590146 0.688127 0.0079633 0.00902271
0 0.39068 0.947594 0.00664482 0.00729793
0 0.819633 0.303597 0.0093807 0.0095287
0 0.702211 0.367899 0.00955248 0.0101531
0 0.279155 0.91311 0.00907114 0.0094673
0 0.32504 0.436316 0.00819719 0.00933456
0 0.682215 0.121089 0.00800669 0.00997999
0 0.726584 0.309355 0.00749874 0.00755435
0 0.417845 0.685135 0.00750807 0.00929374
0 0.734952 0.322683 0.00761205 0.00728923
0 0.513578 0.680786 0.00932205 0.00858533
0 0.186478 0.633529 0.00897674 0.00893015
0 0.367816 0.398802 0.00710654 0.00781983
0 0.468168 0.269902 0.0101014 0.0100738
0 0.29116 0.605959 0.00983596 0.0107449
0 0.540521 0.5706 0.00819701 0.00900143
0 0.341798 0.341091 0.00887784 0.00905547
0 0.402769 0.586886 0.0093565 0.00926697
0 0.418613 0.501587 0.00829715 0.0101703
0 0.264916 0.599692 0.00871679 0.00986087
0 0.185036 0.479041 0.00811289 0.00949726
0 0.35315 0.403442 0.00677741 0.00744656
0 0.484022 0.501765 0.00664178 0.00730726
0 0.331744 0.619711 0.00811124 0.00921649
0 0.464795 0.442037 0.00863543 0.00970268
0 0.468194 0.426008 0.00890905 0.010733
0 0.602521 0.336717 0.00750464 0.00863305
0 0.338751 0.5623 0.0092046 0.00963432
0 0.160787 0.980239 0.00796072 0.00843924
0 0.272332 0.407903 0.00798789 0.00852451
0 0.588807 0.560552 0.00936413 0.0116282
0 0.248483 0.51124 0.00851908 0.00897378
0 0.450949 0.94488 0.00826845 0.00955695
0 0.388946 0.965665 0.00769585 0.00957245
0 0.334209 0.400512 0.00813434 0.00924814
0 0.721482 0.291049 0.00733155 0.00895214
0 0.106218 0.715062 0.00960603 0.0114838
0 0.468853 0.573522 0.0100036 0.00890821
0 0.760674 0.306217 0.00814962 0.0103483
0 0.423245 0.916429 0.00781241 0.00933456
0 0.666628 0.184025 0.00844878 0.00940518
0 0.334073 0.650566 0.00915781 0.00982034
0 0.219442 0.459893 0.00926934 0.00965452
0 0.302279 0.438262 0.00765428 0.00961837
0 0.664513 0.138092 0.00945604 0.0104594
0 0.751332 0.528887 0.0086627 0.0104033
0 0.333312 0.442008 0.00697547 0.00782242
0 0.481032 0.681776 0.00807592 0.00969732
0 0.108506 0.813551 0.00893789 0.00961304
0 0.619553 0.329482 0.00752038 0.0093348
0 0.333738 0.663231 0.00883675 0.00908518
0 0.602583 0.261714 0.00673085 0.00790271
0 0.255235 0.993344 0.0092102 0.0103104
0 0.609022 0.362127 0.00917512 0.00903416
0 0.498746 0.657693 0.0071348 0.00874156
0 0.241538 0.716196 0.0100719 0.00967705
0 0.647157 0.218014 0.00823784 0.00840515
0 0.208884 0.621722 0.00691356 0.00921267
0 0.899443 0.183736 0.00758898 0.00755046
0 0.17128 0.942991 0.0073625 0.00970024
0 0.119872 0.71828 0.00966325 0.0113869
0 0.175867 0.847954 0.00875378 0.00987172
0 0.347647 0.659397 0.00914669 0.0108727
0 0.172048 0.739339 0.0106213 0.0113402
0 0.696619 0.243574 0.00949079 0.00914663
0 0.342818 0.852104 0.00697967 0.00817943
0 0.168222 0.85369 0.00840439 0.00940019
0 0.886713 0.17681 0.00828266 0.00949894
0 0.986194 0.464779 0.00853086 0.0115753
0 0.229473 0.464872 0.00871997 0.00890216
0 0.481992 0.682293 0.00913143 0.0112514
0 0.345446 0.406142 0.00640154 0.00693083
0 0.125475 0.736612 0.00905313 0.00893688
0 0.172093 0.503937 0.00747992 0.00884455
0 0.446449 0.289115 0.00798377 0.00928232
0 0.157906 0.539225 0.0082805 0.00883746
0 0.463625 0.583563 0.00670424 0.00755405
0 0.391108 0.892671 0.00685745 0.00981712
0 0.128344 0.711028 0.00832839 0.00879383
0 0.694258 0.453795 0.011019 0.0109312
0 0.344832 0.969768 0.00836942 0.00811726
0 0.139425 0.676913 0.0079293 0.00828284
0 0.369656 0.951425 0.00826272 0.00956839
0 0.296454 0.421194 0.00981411 0.00935316
0 0.318127 0.622814 0.00777388 0.00884819
0 0.131916 0.984647 0.00794183 0.010976
0 0.453157 0.674426 0.00854838 0.0104132
0 0.167624 0.497851 0.00719632 0.00765154
0 0.693342 0.349859 0.00807345 0.0102604
0 0.379986 0.864922 0.00689229 0.00846714
0 0.226044 0.739433 0.00668363 0.00748193
0 0.392147 0.410225 0.0065906 0.00783244
0 0.246262 0.563416 0.00740594 0.00801915
0 0.178253 0.682422 0.00782995 0.00732058
0 0.524039 0.267564 0.00758743 0.00852498
0 0.133268 0.807885 0.00779234 0.00798649
0 0.275273 0.420712 0.00871286 0.00882494
0 0.306442 0.642957 0.00722599 0.0083577
0 0.272056 0.472226 0.00722486 0.00766104
0 0.967123 0.186538 0.00899386 0.00923583
0 0.362108 0.687628 0.0102711 0.0118053
0 0.143155 0.972284 0.00772487 0.00974751
0 0.187839 0.619713 0.00872831 0.00977957
0 0.65322 0.572143 0.0113168 0.0132346
0 0.290277 0.483277 0.0064579 0.00679761
0 0.702713 0.49216 0.0104654 0.0119764
0 0.692204 0.242805 0.00777721 0.00796576
0 0.202833 0.694299 0.00695381 0.00784457
0 0.143432 0.866899 0.00842834 0.00935805
0 0.349235 0.630656 0.00761297 0.00801075
0 0.7399 0.292072 0.00745404 0.00825489
0 0.690296 0.219207 0.00969166 0.00943488
0 0.170403 0.716755 0.00727664 0.00832748
0 0.679567 0.185324 0.00802755 0.0128082
0 0.155442 0.780221 0.00801606 0.0109229
0 0.164218 0.889233 0.00868464 0.0103806
0 0.731005 0.29323 0.00662726 0.00777018
0 0.214992 0.747606 0.00708896 0.00695479
0 0.213248 0.479077 0.00827514 0.00906411
0 0.333979 0.827396 0.00824231 0.00862253
0 0.760102 0.53729 0.00821382 0.011202
0 0.232196 0.476924 0.00633235 0.0067642
0 0.124325 0.830892 0.00835088 0.00923157
0 0.229219 0.541624 0.00696021 0.00753176
0 0.374751 0.381086 0.00852013 0.0094943
0 0.134332 0.875282 0.00784329 0.00902748
0 0.697371 0.244685 0.00832766 0.00817838
0 0.646273 0.298614 0.00594223 0.00653982
0 0.308122 0.92321 0.00832191 0.0093655
0 0.599856 0.558016 0.00834942 0.0106681
0 0.178624 0.895246 0.00714125 0.00782126
0 0.408882 0.881578 0.00844088 0.00851595
0 0.438046 0.897696 0.00837213 0.00905418
0 0.535478 0.600594 0.0085367 0.00866675
0 0.738504 0.413184 0.00796944 0.00841275
0 0.138122 0.657069 0.00748408 0.008255
0 0.495537 0.686989 0.00849268 0.00813884
0 0.476676 0.449688 0.0087471 0.0100943
0 0.331501 0.905735 0.00815213 0.0093596
0 0.375541 0.890652 0.00800821 0.00883031
0 0.945239 0.226736 0.00688779 0.00974259
0 0.715601 0.470718 0.0129045 0.0178263
0 0.408698 0.993439 0.00797844 0.0087887
0 0.180958 0.912791 0.00873312 0.00943071
0 0.429267 0.292579 0.00846004 0.00871074
0 0.295377 0.520955 0.00740469 0.0081228
0 0.454664 0.290138 0.00790787 0.0095664
0 0.241079 0.757392 0.00643487 0.00740993
0 0.417799 0.926307 0.00744438 0.00814515
0 0.380314 0.965492 0.0068593 0.00922966
0 0.57305 0.434764 0.00800687 0.00923404
0 0.624482 0.546816 0.0089972 0.0104374
0 0.394391 0.336852 0.00736913 0.00840014
0 0.384784 0.337127 0.00733089 0.00745699
0 0.641517 0.369276 0.00817859 0.00836191
0 0.52925 0.667418 0.00800943 0.00843906
0 0.972993 0.450194 0.00965786 0.0126655
0 0.148057 0.801389 0.00763597 0.00844556
0 0.488906 0.656526 0.00708163 0.00759333
0 0.620174 0.587459 0.0108562 0.0115337
0 0.310393 0.665741 0.0082553 0.00961554
0 0.16678 0.818077 0.00766277 0.00876063
0 0.0889406 0.940296 0.0120746 0.0104872
0 0.632262 0.377928 0.00801331 0.00817659
0 0.423863 0.67459 0.00837097 0.00830996
0 0.172688 0.701471 0.0102456 0.00902778
0 0.34723 0.599669 0.00873545 0.00817597
0 0.387701 0.62265 0.00726783 0.00844586
0 0.344682 0.834925 0.00815544 0.0085972
0 0.142606 0.930181 0.00809602 0.00964183
0 0.226151 0.476427 0.00721656 0.00712833
0 0.610613 0.574783 0.0111446 0.0109673
0 0.097947 0.933178 0.00660198 0.0082714
0 0.135609 0.736968 0.00931974 0.00913411
0 0.405397 0.5469 0.00721055 0.00842816
0 0.414841 0.552273 0.00687104 0.00827891
0 0.62785 0.214134 0.00697136 0.00682783
0 0.306527 0.642699 0.00916979 0.00951564
0 0.732186 0.423323 0.00832981 0.00911552
0 0.920883 0.224732 0.0090555 0.00959983
0 0.148629 0.625588 0.0079338 0.00800937
0 0.202169 0.495236 0.00741211 0.00818729
0 0.3117 0.583455 0.00709012 0.00811923
