0 0.767424 0.257961 0.00892657 0.00939634
0 0.750327 0.259209 0.0104263 0.0111748
0 0.934122 0.347757 0.00850296 0.00940669
0 0.926886 0.316877 0.00826907 0.010143
0 0.776758 0.266563 0.00882912 0.00974622
0 0.783848 0.229919 0.00948489 0.00983258
0 0.882952 0.332864 0.00866491 0.00914472
0 0.859455 0.340128 0.00825924 0.00996438
0 0.990114 0.670088 0.00889969 0.0102313
0 0.918536 0.249859 0.0120909 0.0126998
0 0.783957 0.322071 0.00770473 0.00815582
0 0.918333 0.345243 0.00937653 0.00988331
0 0.910897 0.308209 0.00941849 0.0103403
0 0.751475 0.340055 0.009951 0.0110856
0 0.942421 0.564528 0.0101822 0.0099948
0 0.723259 0.265175 0.00844991 0.00850958
0 0.959459 0.291203 0.00723648 0.00747794
0 0.93212 0.336399 0.00769693 0.00828847
0 0.925935 0.985097 0.00830078 0.00982934
0 0.873062 0.928436 0.00844991 0.00911236
0 0.791112 0.271674 0.00932789 0.0108209
0 0.963716 0.310336 0.00776231 0.00990972
0 0.572051 0.348118 0.00879711 0.010324
0 0.738725 0.34103 0.00882077 0.0104304
0 0.945383 0.358191 0.00863779 0.00910074
0 0.545793 0.297407 0.00809491 0.00898466
0 0.933162 0.602242 0.00966644 0.0100874
0 0.892808 0.292389 0.00882185 0.0108373
0 0.57702 0.315738 0.00939596 0.0100946
0 0.552046 0.646816 0.00932872 0.00986731
0 0.980812 0.684313 0.011467 0.0133083
0 0.902174 0.282678 0.00823593 0.00882131
0 0.582271 0.302162 0.00845444 0.00993928
0 0.941949 0.610601 0.00809348 0.00962466
0 0.947502 0.2692 0.0100551 0.00988674
0 0.785815 0.311035 0.00808674 0.00887406
0 0.840618 0.897598 0.00970459 0.00968015
0 0.913869 0.329844 0.00729448 0.00825423
0 0.553027 0.632531 0.0108372 0.0111304
0 0.865166 0.265728 0.00865173 0.00983748
0 0.759485 0.248725 0.00899714 0.0094306
0 0.766227 0.311358 0.00795871 0.00957936
0 0.805004 0.282804 0.00726831 0.00782225
0 0.503314 0.482229 0.00941345 0.0103167
0 0.494878 0.725821 0.0112192 0.00884038
0 0.82675 0.421009 0.00858974 0.0094454
0 0.738529 0.308129 0.0105738 0.014232
0 0.873888 0.319349 0.00884283 0.00886029
0 0.478881 0.640468 0.00872555 0.00997323
0 0.839807 0.286256 0.00753456 0.00829768
0 0.888638 0.538579 0.0109598 0.0123315
0 0.836528 0.297324 0.00806123 0.00899276
0 0.267071 0.984729 0.0087494 0.00959778
0 0.738598 0.311994 0.0110939 0.0179904
0 0.775312 0.36429 0.00815785 0.00901526
0 0.90839 0.234261 0.00781059 0.00913468
0 0.879514 0.238226 0.00773734 0.00885868
0 0.779951 0.253209 0.00780869 0.00967674
0 0.583688 0.333148 0.00653499 0.00850755
0 0.85814 0.27698 0.00857127 0.00864193
0 0.846507 0.301173 0.00669134 0.00763339
0 0.862405 0.288923 0.00987703 0.00937119
0 0.572203 0.284727 0.00836468 0.0151916
0 0.98092 0.268023 0.00886118 0.0106689
0 0.756787 0.379513 0.00983721 0.00991297
0 0.306964 0.925779 0.0122638 0.0155385
0 0.905524 0.633096 0.00742912 0.0104345
0 0.272606 0.967139 0.00913745 0.00940818
0 0.807734 0.351652 0.00817126 0.00877985
0 0.982604 0.712561 0.00925541 0.0102114
0 0.487089 0.715814 0.00933418 0.0100542
0 0.907652 0.952281 0.00880581 0.0103199
0 0.493048 0.664771 0.0114057 0.013248
0 0.903112 0.958877 0.00884974 0.00901663
0 0.964835 0.277282 0.00757408 0.00829762
0 0.790753 0.338634 0.00734043 0.00814334
0 0.776402 0.312282 0.00739282 0.00965053
0 0.992126 0.344136 0.00689203 0.00807506
0 0.827477 0.910424 0.00774723 0.0098393
0 0.963402 0.264259 0.00927395 0.0140514
0 0.27467 0.953591 0.00818291 0.00978142
0 0.77952 0.281324 0.00964832 0.00926495
0 0.256091 0.991848 0.00893906 0.00911331
0 0.814455 0.281314 0.00747085 0.00850552
0 0.308585 0.888268 0.0147954 0.0143799
0 0.939824 0.375878 0.00570083 0.0069153
0 0.543003 0.67006 0.0094378 0.00909138
0 0.901181 0.23469 0.00761724 0.00826302
0 0.840059 0.443709 0.00810909 0.00972003
0 0.552229 0.65765 0.00881404 0.00866312
0 0.973231 0.667968 0.006827 0.00828552
0 0.964377 0.26261 0.00933874 0.0119636
0 0.904916 0.299254 0.00887758 0.00880381
0 0.264408 0.973505 0.00813112 0.00889128
0 0.917165 0.994587 0.0121636 0.00969583
0 0.916144 0.292859 0.00787663 0.00834265
0 0.513017 0.715357 0.00911361 0.0109304
0 0.862604 0.276173 0.0111015 0.00839826
0 0.903841 0.163399 0.00835419 0.00982618
0 0.791981 0.370148 0.00849777 0.00842142
0 0.909772 0.613374 0.0075798 0.00792754
0 0.278087 0.980111 0.00806719 0.00973511
0 0.983244 0.607416 0.00676113 0.00604802
0 0.829182 0.439829 0.00875628 0.00974044
0 0.779685 0.281671 0.00736386 0.00774735
0 0.542416 0.657326 0.0076825 0.00843579
0 0.505877 0.724536 0.00817168 0.00874025
0 0.906699 0.95432 0.0139561 0.0150551
0 0.738463 0.308827 0.0123129 0.0183707
0 0.914008 0.996242 0.0111141 0.00751686
0 0.788922 0.379137 0.00889194 0.00922668
