0 0.513142 0.0936572 0.0117424 0.0125181
0 0.527001 0.0519492 0.0162917 0.0187667
0 0.550649 0.078998 0.0126917 0.0119306
0 0.845169 0.134103 0.0152378 0.0159348
0 0.556375 0.0252135 0.0131245 0.014625
0 0.82014 0.124396 0.0159611 0.0164355
0 0.502078 0.0696643 0.0130148 0.0142097
0 0.551033 0.0615227 0.0143511 0.0141584
0 0.522085 0.0722115 0.014108 0.0140666
0 0.541682 0.0920761 0.0125295 0.0129407
0 0.360691 0.0667559 0.0157812 0.0168881
0 0.520936 0.109848 0.0134785 0.013242
0 0.489123 0.0953725 0.0120573 0.0130751
0 0.835154 0.154439 0.0168636 0.0176988
0 0.334645 0.0651584 0.0176044 0.0199746
0 0.490112 0.0947139 0.0152441 0.0168339
0 0.838692 0.111531 0.0180214 0.0157665
0 0.732609 0.0277101 0.00972098 0.0107001
0 0.398818 0.0569153 0.0129687 0.0140459
