0 0.391577 0.566878 0.00920993 0.00962639
0 0.454645 0.535983 0.00768453 0.00848657
0 0.491562 0.519981 0.00916806 0.00946158
0 0.7908 0.263574 0.00958759 0.0095911
0 0.465025 0.539762 0.00732556 0.00848424
0 0.799629 0.270875 0.00954509 0.0103759
0 0.404779 0.62753 0.00902975 0.010068
0 0.36576 0.540443 0.00876302 0.00922775
0 0.277996 0.541631 0.00836828 0.0104555
0 0.305533 0.63264 0.00980553 0.0101665
0 0.265997 0.545036 0.00798097 0.00929713
0 0.983912 0.4146 0.00890923 0.0105364
0 0.514357 0.526358 0.00844151 0.00944531
0 0.508537 0.551275 0.00861984 0.00912976
0 0.742593 0.243799 0.0108252 0.01145
0 0.392239 0.625249 0.00957003 0.0102272
0 0.32105 0.697888 0.00999394 0.0114841
0 0.436281 0.574284 0.00821245 0.0083831
0 0.302817 0.593295 0.00909033 0.00883532
0 0.379781 0.554106 0.00760588 0.00866032
0 0.295839 0.883766 0.0099023 0.0111217
0 0.504228 0.523062 0.00913471 0.00953007
0 0.461241 0.52717 0.00781804 0.00927782
0 0.0069797 0.356345 0.00947355 0.0106997
0 0.440305 0.53666 0.0115782 0.00928497
0 0.777824 0.269624 0.0091573 0.0105435
0 0.438117 0.551864 0.00930721 0.00944918
0 0.268478 0.765034 0.0154278 0.0132316
0 0.382297 0.67 0.00779343 0.00851345
0 0.4228 0.524263 0.00693378 0.00769806
0 0.429741 0.623709 0.00697157 0.0075956
0 0.765379 0.276431 0.00962496 0.0138489
0 0.551284 0.646925 0.00775111 0.00905269
0 0.400913 0.53622 0.00787553 0.00856018
0 0.415306 0.592726 0.0083994 0.00913638
0 0.370847 0.567811 0.00789797 0.00873929
0 0.483951 0.557813 0.00725555 0.0087055
0 0.041468 0.303112 0.00965565 0.0108117
0 0.466198 0.515371 0.00780362 0.00837499
0 0.350357 0.353563 0.00871876 0.00933471
0 0.278006 0.904593 0.00746965 0.0104446
0 0.777792 0.256273 0.00877875 0.0100684
0 0.364201 0.560724 0.00811881 0.00926936
0 0.74031 0.289098 0.00937384 0.0116573
0 0.678373 0.268574 0.0117376 0.0111218
0 0.488352 0.574029 0.00728628 0.00792009
0 0.408371 0.581765 0.00926715 0.00864273
0 0.372537 0.968149 0.00986758 0.0104569
0 0.251122 0.885478 0.0101435 0.0108004
0 0.400212 0.555639 0.00785533 0.00882226
0 0.380955 0.565993 0.00773501 0.00964737
0 0.057132 0.417369 0.00863354 0.00975856
0 0.26905 0.888284 0.00990406 0.00972104
0 0.300793 0.743278 0.00984335 0.0124727
0 0.0213569 0.422884 0.0098681 0.0104235
0 0.298599 0.736492 0.0113787 0.0133172
0 0.784513 0.283601 0.00805569 0.00947195
0 0.719047 0.225713 0.0138897 0.0141427
0 0.997516 0.423373 0.00496805 0.0110605
0 0.395713 0.544414 0.00748968 0.00769675
0 0.749615 0.286132 0.00957072 0.0157979
0 0.256766 0.898464 0.0111307 0.0137072
0 0.300011 0.741226 0.0110669 0.0170652
0 0.299827 0.739686 0.013344 0.020323
0 0.260564 0.879625 0.00909436 0.00957221
0 0.370041 0.568152 0.00745115 0.00747222
0 0.388291 0.549066 0.0077033 0.00806087
0 0.0464747 0.418089 0.00897925 0.0102474
0 0.0362755 0.446414 0.0109899 0.00877532
0 0.414362 0.583302 0.00747833 0.00842923
0 0.778643 0.278058 0.00956506 0.011113
0 0.0472177 0.385184 0.00795332 0.00952896
