0 0.0768471 0.0465526 0.0110632 0.0104307
0 0.0413063 0.101278 0.00770283 0.00905066
0 0.115383 0.0612774 0.00821769 0.00992417
0 0.144972 0.097587 0.00978258 0.0104197
0 0.158426 0.0929597 0.00735445 0.00796766
0 0.03337 0.109629 0.0112472 0.0101086
0 0.0768026 0.0335323 0.0107188 0.0100738
0 0.109853 0.0452448 0.00938458 0.00977604
0 0.0613509 0.0614973 0.00943213 0.00989985
0 0.110624 0.140582 0.0098669 0.0108795
0 0.0167796 0.0953302 0.00899759 0.0104926
0 0.108076 0.157484 0.00846057 0.008652
0 0.148346 0.127334 0.00804619 0.0097477
0 0.104742 0.107195 0.0110849 0.0100608
0 0.154842 0.132962 0.0103808 0.00930111
0 0.197651 0.807201 0.0111681 0.0108744
0 0.0323085 0.108731 0.0100198 0.00955907
0 0.0853944 0.0569596 0.00710257 0.00817925
0 0.0291607 0.0964646 0.00910589 0.0115434
0 0.1127 0.144072 0.00844336 0.010645
0 0.0295503 0.0946011 0.00920596 0.0111694
0 0.0055879 0.0307344 0.00947982 0.0106128
