0 0.502212 0.489914 0.00717527 0.00721988
0 0.522699 0.284661 0.00691527 0.0116216
0 0.604194 0.401616 0.00901037 0.00911838
0 0.509236 0.39279 0.00705719 0.0104839
0 0.542211 0.38545 0.00731897 0.00918388
0 0.521491 0.39743 0.0083034 0.00894785
0 0.568122 0.398962 0.00784463 0.00920984
0 0.519861 0.351113 0.00685233 0.00848103
0 0.748624 0.00805299 0.00830632 0.00919561
0 0.64434 0.373512 0.0109362 0.00903291
0 0.465499 0.566938 0.00778446 0.00956076
0 0.562511 0.249646 0.00823754 0.00909314
0 0.520067 0.603701 0.00794399 0.00963807
0 0.528717 0.429418 0.00669116 0.00765696
0 0.498507 0.460969 0.00571638 0.00813064
0 0.651531 0.335729 0.00619525 0.00807819
0 0.554237 0.400045 0.00857449 0.0104519
0 0.729155 0.0289568 0.0112363 0.0111843
0 0.583825 0.40131 0.0073992 0.00731495
0 0.483951 0.329442 0.00817204 0.00920394
0 0.608546 0.353997 0.0109391 0.0123499
0 0.543288 0.304682 0.0098173 0.0089387
0 0.533093 0.379719 0.00624537 0.00728443
0 0.582688 0.410035 0.00700742 0.00689095
0 0.0195516 0.189254 0.0119477 0.0116799
0 0.606855 0.305304 0.00780803 0.00829488
0 0.528492 0.577527 0.00641936 0.00889909
0 0.526871 0.447228 0.00636923 0.00767028
0 0.685354 0.330316 0.00747067 0.00805739
0 0.522127 0.553058 0.0058406 0.00616872
0 0.567731 0.34919 0.00952679 0.0103977
0 0.472924 0.32836 0.00822088 0.00921869
0 0.575145 0.237683 0.0082289 0.0100254
0 0.207209 0.0152941 0.00980349 0.00962643
0 0.560471 0.558192 0.00745922 0.0094496
0 0.533102 0.415277 0.00675648 0.00714397
0 0.542087 0.54903 0.00621462 0.0071699
0 0.621988 0.378431 0.00641555 0.00790676
0 0.444868 0.367437 0.009976 0.010231
0 0.185753 0.0141686 0.0102322 0.0101065
0 0.803915 0.0539903 0.0113525 0.0121074
0 0.936798 0.174548 0.0127451 0.0212427
0 0.576213 0.547924 0.00889629 0.00790137
0 0.430801 0.334506 0.0133998 0.0121772
0 0.0623613 0.0431119 0.0188874 0.0159024
0 0.546758 0.554804 0.00674593 0.00737685
0 0.588233 0.36962 0.00842839 0.00983801
0 0.458494 0.579387 0.00924036 0.00986266
0 0.54818 0.41815 0.0072096 0.00947943
0 0.551433 0.373586 0.00632286 0.00795373
0 0.58516 0.433701 0.00665683 0.0081383
0 0.615327 0.292989 0.00877041 0.00860122
0 0.538814 0.415697 0.00612032 0.00776273
0 0.628283 0.00429672 0.0101289 0.00859343
0 0.492138 0.494803 0.00540963 0.00772914
0 0.638999 0.397572 0.00682425 0.00735867
0 0.632861 0.40269 0.00602371 0.00630197
0 0.216235 0.799579 0.0137298 0.0157093
0 0.58659 0.3427 0.00836259 0.00963667
