0 0.301365 0.641117 0.00930604 0.0100069
0 0.721459 0.691806 0.00955719 0.0102086
0 0.282566 0.617082 0.0095953 0.0107675
0 0.266777 0.603516 0.00995132 0.0108072
0 0.22791 0.553588 0.00981021 0.0111001
0 0.157902 0.486574 0.00937566 0.0108467
0 0.316515 0.651574 0.00915632 0.0107008
0 0.628014 0.200013 0.00990671 0.0121951
0 0.171814 0.423801 0.00841489 0.00980052
0 0.96176 0.738199 0.00994909 0.0103412
0 0.525337 0.771298 0.0105121 0.0106039
0 0.722805 0.708627 0.0100324 0.00993532
0 0.32418 0.62623 0.0127507 0.0121711
0 0.61857 0.210016 0.0100519 0.0105041
0 0.169816 0.494446 0.00967962 0.0115533
0 0.939639 0.771602 0.00933492 0.00973129
0 0.527325 0.786305 0.00971317 0.0103142
0 0.184945 0.438233 0.010175 0.00956488
0 0.645476 0.214843 0.0100377 0.0103666
0 0.958507 0.764744 0.010351 0.0123011
0 0.530386 0.80292 0.00892597 0.00979668
0 0.522188 0.822813 0.01095 0.0104719
0 0.208984 0.541991 0.0118862 0.0145628
0 0.520287 0.797231 0.00842583 0.00893444
0 0.908943 0.704654 0.00918007 0.0108556
0 0.809492 0.923307 0.0132692 0.0128994
0 0.0615824 0.202406 0.00865281 0.0092411
0 0.504174 0.816199 0.00854367 0.0102146
0 0.517797 0.80969 0.0103141 0.0100253
0 0.227162 0.497552 0.00864473 0.0105316
0 0.96749 0.753865 0.00878143 0.0097096
0 0.174543 0.474506 0.00782995 0.00982502
0 0.0808895 0.219028 0.0105381 0.00901885
0 0.510023 0.805813 0.00786728 0.00822449
0 0.97452 0.746681 0.00857908 0.0106212
0 0.130593 0.529221 0.00848322 0.0103045
0 0.352268 0.609643 0.00744146 0.00948888
