0 0.640355 0.84005 0.0104859 0.0135845
0 0.688818 0.732448 0.0121801 0.0122328
0 0.865463 0.867295 0.0124542 0.015321
0 0.97685 0.891918 0.00758803 0.00818598
0 0.865684 0.837017 0.0111515 0.0114794
0 0.727706 0.722083 0.00906032 0.0103589
0 0.719337 0.819895 0.00925064 0.00957447
0 0.65438 0.790469 0.00748587 0.00880682
0 0.699089 0.718209 0.0126856 0.0142757
0 0.703077 0.767341 0.0102453 0.0105408
0 0.961751 0.888966 0.00878602 0.00919223
0 0.639412 0.761107 0.00951898 0.0107036
0 0.693842 0.779528 0.00953919 0.010928
0 0.715979 0.722075 0.00834328 0.00817001
0 0.751162 0.73647 0.00907499 0.00911015
0 0.964872 0.95222 0.0116505 0.0104809
0 0.665861 0.784219 0.0113273 0.0103651
0 0.960504 0.899745 0.00882608 0.00826532
0 0.759608 0.717508 0.00953925 0.00988674
0 0.963741 0.934569 0.01236 0.0110115
