0 0.988509 0.317031 0.0194424 0.0199709
0 0.982496 0.709211 0.013945 0.0108578
0 0.957028 0.658983 0.0115541 0.0114202
0 0.959611 0.621158 0.00863475 0.00832444
0 0.931187 0.243433 0.0084824 0.00908394
0 0.877123 0.461747 0.0120831 0.0112217
0 0.984628 0.72389 0.00790405 0.011454
0 0.96248 0.156912 0.0115141 0.0131556
0 0.769923 0.905947 0.013887 0.0159008
0 0.936959 0.164701 0.00847703 0.00902209
0 0.922724 0.430036 0.00960201 0.0090397
0 0.965084 0.608203 0.0105007 0.00848335
0 0.965323 0.583908 0.00689828 0.00915772
0 0.984144 0.726014 0.00748444 0.0119238
0 0.997243 0.783402 0.00506443 0.00778484
0 0.868178 0.0285343 0.0130475 0.0110718
0 0.969189 0.632795 0.00686795 0.00799441
0 0.928291 0.685032 0.0089035 0.0103459
