0 0.299497 0.435477 0.0162354 0.0159541
0 0.333883 0.467245 0.0151931 0.0118447
0 0.256242 0.0089819 0.0163764 0.01502
0 0.314143 0.76096 0.0178572 0.0147682
0 0.144561 0.729324 0.0171649 0.0150141
0 0.0101507 0.250356 0.0196676 0.0197221
0 0.132015 0.198467 0.0187407 0.0172062
0 0.07081 0.420899 0.0209287 0.0139311
0 0.0432358 0.373427 0.0152076 0.0131012
0 0.535291 0.840386 0.0196998 0.0156113
0 0.00701614 0.42272 0.0140323 0.0181174
0 0.127682 0.0884055 0.0241247 0.0195308
0 0.0728276 0.452296 0.0169649 0.0135658
0 0.0108171 0.460033 0.00988438 0.0117256
0 0.194476 0.155398 0.0156309 0.0150566
0 0.0640153 0.0267967 0.0137361 0.0126845
0 0.201663 0.613308 0.0187692 0.017606
0 0.116492 0.0275756 0.0213507 0.0149746
0 0.189344 0.628631 0.019906 0.0157555
