0 0.0900651 0.690322 0.00775421 0.00750172
0 0.11949 0.792272 0.00852223 0.00870854
0 0.114915 0.577954 0.0116551 0.0098449
0 0.104176 0.739945 0.00822753 0.00812799
0 0.402896 0.966233 0.0081622 0.0083214
0 0.499354 0.64904 0.00843975 0.00881034
0 0.322157 0.903976 0.00782412 0.00782698
0 0.387558 0.976647 0.0108449 0.0109445
0 0.204029 0.7407 0.00758457 0.00875425
0 0.160765 0.772968 0.00739516 0.00780952
0 0.289728 0.952446 0.00922379 0.00898129
0 0.488885 0.678743 0.00798169 0.00921953
0 0.215393 0.651346 0.00902052 0.0108749
0 0.273705 0.945981 0.00652361 0.00686663
0 0.319798 0.91579 0.00788659 0.00728625
0 0.108672 0.673753 0.00834686 0.00797313
0 0.204278 0.803045 0.00853623 0.00838739
0 0.188564 0.628677 0.00825348 0.00812119
0 0.496202 0.623593 0.00863546 0.0102634
0 0.142932 0.674031 0.00724468 0.00782448
0 0.236647 0.93519 0.00717869 0.00824112
0 0.0194676 0.827815 0.00827226 0.00810623
0 0.096653 0.680519 0.00880718 0.00803643
0 0.469677 0.728878 0.00868034 0.00862694
0 0.395531 0.96069 0.0058687 0.00751549
0 0.327441 0.936604 0.00824803 0.00898707
0 0.463191 0.685126 0.00796917 0.00810146
0 0.140799 0.666575 0.00655061 0.00644267
0 0.035423 0.701159 0.00576465 0.00694102
0 0.267743 0.930723 0.00683317 0.00742495
0 0.110238 0.704677 0.00643662 0.00775087
0 0.0281591 0.760568 0.00657563 0.00675797
0 0.225948 0.947731 0.00742464 0.00903016
0 0.0668466 0.610654 0.0069351 0.0071907
0 0.00931503 0.783026 0.00789702 0.00897771
0 0.0232966 0.553637 0.00827719 0.0111759
0 0.0568374 0.767024 0.00758379 0.00759983
0 0.114669 0.577837 0.0140772 0.0116543
0 0.245538 0.932435 0.00535746 0.00757027
0 0.425601 0.82789 0.00936317 0.00947303
0 0.468164 0.674489 0.00813505 0.00946981
0 0.0999365 0.705972 0.0077384 0.00802213
0 0.245171 0.867173 0.00815736 0.00714684
0 0.0970642 0.801062 0.00549253 0.00623608
0 0.426144 0.787817 0.0095028 0.00887436
