0 0.827819 0.679495 0.010009 0.0107065
0 0.930958 0.465927 0.0102774 0.0101462
0 0.942323 0.483981 0.00899947 0.00972375
0 0.871445 0.834973 0.00943565 0.00998533
0 0.852891 0.739761 0.01041 0.0105671
0 0.983759 0.267802 0.00939733 0.0108969
0 0.907362 0.635141 0.0101658 0.0105738
0 0.916672 0.701216 0.0103337 0.0129384
0 0.821788 0.591106 0.00905263 0.00949097
0 0.890384 0.728568 0.0101433 0.00952613
0 0.828605 0.746466 0.0117666 0.0131934
0 0.957421 0.5607 0.0120199 0.00971597
0 0.898159 0.705175 0.00837785 0.00914288
0 0.946763 0.549842 0.0100685 0.0122799
0 0.882232 0.611873 0.0102444 0.0108322
0 0.920969 0.723137 0.00953674 0.00930136
0 0.947604 0.765651 0.00795269 0.00876403
0 0.941413 0.167464 0.0080452 0.00891423
0 0.976335 0.121322 0.00987017 0.0111331
0 0.945278 0.795527 0.00915873 0.00961417
0 0.986472 0.761106 0.00930715 0.0100217
0 0.860858 0.335786 0.00973797 0.00907245
0 0.901451 0.420915 0.00854725 0.00793457
0 0.967497 0.771236 0.00944406 0.00983477
0 0.969755 0.611845 0.0103485 0.00966227
0 0.904155 0.188563 0.0104584 0.0114951
0 0.963406 0.229542 0.00968093 0.00866699
0 0.977769 0.587267 0.0090996 0.009359
0 0.878762 0.642859 0.00999224 0.0101671
0 0.980062 0.891363 0.00901449 0.0091719
0 0.787815 0.789752 0.0101789 0.0105261
0 0.807719 0.570052 0.0112114 0.0112278
0 0.981476 0.555173 0.0104084 0.0106195
0 0.938685 0.355351 0.00955087 0.0102178
0 0.908639 0.593563 0.0103993 0.00935858
0 0.911255 0.613727 0.0125149 0.0154209
0 0.991081 0.451354 0.00815201 0.00878602
0 0.92957 0.732838 0.00942379 0.0101343
0 0.874769 0.173921 0.0180203 0.0174879
0 0.771345 0.794707 0.00996321 0.0100441
0 0.857662 0.446265 0.00921017 0.00849715
0 0.950805 0.147337 0.0104168 0.0133408
0 0.813237 0.6936 0.00931358 0.00947183
0 0.937978 0.307411 0.00913656 0.0101096
0 0.956761 0.427933 0.0102074 0.0138166
0 0.870011 0.47798 0.0112664 0.0109908
0 0.989757 0.139938 0.0101265 0.00959648
0 0.897609 0.439748 0.00840378 0.00852525
0 0.802541 0.75716 0.00848526 0.00981742
0 0.975277 0.298769 0.0100033 0.00832951
0 0.87968 0.450901 0.00825649 0.0105429
0 0.981237 0.699836 0.00988466 0.0109148
0 0.903747 0.401834 0.00582278 0.00659081
0 0.818513 0.578497 0.00873262 0.00850564
0 0.815097 0.621416 0.0105729 0.0113378
0 0.894035 0.600018 0.00977099 0.00880778
0 0.830127 0.70744 0.00851971 0.00957757
0 0.93726 0.324633 0.008057 0.00825584
0 0.94712 0.823101 0.0069502 0.00847131
0 0.825981 0.565945 0.00900346 0.00927579
0 0.791676 0.776906 0.00829577 0.00784034
0 0.80741 0.728369 0.00926971 0.0102085
0 0.970868 0.861561 0.0111576 0.0101128
0 0.890214 0.63647 0.00785792 0.0097456
0 0.774632 0.745237 0.0107448 0.0112122
0 0.845592 0.773082 0.0110537 0.0114114
0 0.983847 0.60809 0.00651896 0.00725639
0 0.95079 0.594355 0.00928271 0.00981855
0 0.766148 0.753308 0.00778025 0.00872266
0 0.925669 0.98643 0.00962639 0.00978833
0 0.969059 0.934568 0.00891268 0.00992888
0 0.914093 0.404303 0.00699848 0.00751173
0 0.924002 0.600465 0.0096882 0.0100922
0 0.975107 0.864177 0.00944442 0.00827581
0 0.950426 0.922546 0.00957644 0.00829202
0 0.897048 0.613518 0.00808525 0.00935018
0 0.926904 0.368591 0.00981694 0.00993079
0 0.807473 0.588091 0.00831413 0.00876445
0 0.97135 0.288748 0.0129197 0.00951988
0 0.793437 0.583878 0.0143204 0.0111732
0 0.89519 0.548359 0.0078308 0.00844747
0 0.972623 0.623648 0.0080471 0.00727063
0 0.991369 0.427443 0.00748789 0.00870588
0 0.927847 0.297252 0.00986898 0.00906831
0 0.849638 0.327475 0.00825536 0.0083577
0 0.966816 0.360623 0.0107082 0.00888205
0 0.912839 0.354261 0.0116444 0.0100216
0 0.995324 0.281871 0.00908321 0.00977421
0 0.880836 0.477231 0.00794351 0.00989142
0 0.913742 0.414904 0.006621 0.0061343
0 0.844335 0.597965 0.00889337 0.0104685
0 0.757537 0.586367 0.00825751 0.0086332
0 0.801053 0.708615 0.0132011 0.00911236
0 0.886703 0.437216 0.00722867 0.00767556
0 0.866178 0.648688 0.00885701 0.009561
0 0.944424 0.993936 0.0172016 0.0106422
0 0.964495 0.217779 0.00758785 0.00726572
0 0.878003 0.680687 0.00722581 0.00770408
0 0.771411 0.610302 0.00951022 0.0105335
0 0.97314 0.287856 0.0128551 0.00792533
0 0.972181 0.862111 0.0140228 0.0125366
0 0.954623 0.888677 0.00638008 0.00747073
0 0.97231 0.347187 0.0168498 0.0127313
0 0.991441 0.316523 0.00675702 0.00764394
0 0.974073 0.348258 0.0124252 0.011306
0 0.991838 0.305014 0.00899738 0.00746793
0 0.993034 0.666481 0.0126092 0.0194497
0 0.917962 0.3791 0.00915104 0.010287
0 0.925749 0.810962 0.00831759 0.00750315
0 0.989959 0.774589 0.0105516 0.00910693
0 0.760876 0.738204 0.00820625 0.00813293
0 0.989777 0.80172 0.0133018 0.0104755
0 0.903778 0.332081 0.00925022 0.00849238
0 0.92642 0.385097 0.0110039 0.00939047
0 0.953526 0.865515 0.00755847 0.00808775
0 0.924893 0.384079 0.0153248 0.0118112
0 0.985508 0.714147 0.0109138 0.00937611
0 0.994526 0.250646 0.0103752 0.0103943
0 0.830378 0.707762 0.00989056 0.0118062
0 0.807238 0.727131 0.0115891 0.0135359
0 0.977269 0.811894 0.00701255 0.00862539
0 0.844597 0.772829 0.0149956 0.0130577
0 0.978285 0.926104 0.00846177 0.00864047
0 0.899982 0.342845 0.00814229 0.00808358
0 0.724865 0.78672 0.0143305 0.0146542
0 0.812551 0.778791 0.00945908 0.00978249
0 0.949947 0.147015 0.0125416 0.0165672
0 0.976459 0.924183 0.0118586 0.012471
0 0.975185 0.9215 0.0102516 0.00954705
0 0.991615 0.837935 0.0117458 0.0109516
0 0.996399 0.770899 0.00710946 0.0097149
0 0.958104 0.126698 0.00963473 0.0100906
0 0.937099 0.324521 0.00978452 0.0100464
0 0.913344 0.977466 0.00847816 0.00860119
0 0.766679 0.611608 0.0190871 0.0144121
