0 0.595444 0.146527 0.0101511 0.0111548
0 0.791202 0.328363 0.00786287 0.00869697
0 0.853108 0.291166 0.00832522 0.0096986
0 0.0327943 0.191561 0.00802521 0.008881
0 0.64521 0.126701 0.00983101 0.0108295
0 0.466925 0.20163 0.00842264 0.00941224
0 0.700807 0.0844901 0.00920981 0.0098969
0 0.577396 0.0808026 0.00892639 0.0101446
0 0.407341 0.171345 0.00913429 0.010551
0 0.519672 0.118061 0.00983679 0.00978404
0 0.513656 0.140809 0.00832444 0.00924234
0 0.863892 0.333744 0.00986505 0.0110516
0 0.559294 0.123569 0.00864756 0.0105029
0 0.0142503 0.244811 0.00784846 0.00989333
0 0.57636 0.0395297 0.00928944 0.00953243
0 0.0208274 0.219466 0.00796734 0.00857717
0 0.412493 0.191826 0.00990552 0.0102316
0 0.798578 0.347395 0.00813341 0.00845733
0 0.850715 0.305362 0.00903553 0.00962758
0 0.803452 0.329921 0.00756395 0.00839463
0 0.59745 0.03959 0.00767744 0.00840031
0 0.753429 0.333592 0.00626224 0.00666168
0 0.490296 0.0328471 0.00860196 0.00959852
0 0.0120976 0.145155 0.0103677 0.0108382
0 0.446196 0.189225 0.00600412 0.00741124
0 0.101579 0.234824 0.00685773 0.00689864
0 0.906699 0.303766 0.011298 0.0108441
0 0.563037 0.0184066 0.0107746 0.0116974
0 0.0261326 0.141684 0.00818098 0.00949165
0 0.537235 0.199055 0.00900632 0.0086835
0 0.445301 0.168219 0.00845698 0.00893597
0 0.566859 0.157194 0.00840241 0.00843322
0 0.0383767 0.279522 0.00801537 0.00855875
0 0.124107 0.217676 0.00734396 0.00775994
0 0.102177 0.223614 0.00602903 0.00668927
0 0.760164 0.345868 0.00861377 0.00834665
0 0.463848 0.122346 0.0076851 0.00761919
0 0.457854 0.14573 0.0102164 0.0104741
0 0.983427 0.144948 0.00955522 0.0101144
0 0.813621 0.335188 0.00720328 0.00762177
0 0.313477 0.189759 0.00737497 0.00738749
0 0.550807 0.156872 0.00749105 0.00750856
0 0.613051 0.0705955 0.00804693 0.00871417
0 0.869551 0.53011 0.00984323 0.0101826
0 0.764393 0.330156 0.00664139 0.0079695
0 0.0547238 0.177608 0.00594951 0.00674836
0 0.886131 0.504807 0.0102329 0.00996456
0 0.754852 0.243484 0.00868815 0.0085607
0 0.0628017 0.203225 0.00830623 0.0105016
0 0.481582 0.117184 0.00774184 0.00847121
0 0.0969713 0.181193 0.0106381 0.0108214
0 0.48506 0.0968256 0.00888148 0.0104116
0 0.572601 0.00743328 0.0120853 0.0104178
0 0.485057 0.180428 0.00658989 0.00727706
0 0.0557391 0.194723 0.00674374 0.00687513
0 0.561426 0.138371 0.00764298 0.00770265
0 0.712417 0.226733 0.00823879 0.00972462
0 0.0434675 0.211034 0.00660847 0.00756416
0 0.0621333 0.272391 0.00685227 0.00710598
0 0.628999 0.00472529 0.00823593 0.00871633
0 0.955189 0.368669 0.00922126 0.00963792
