0 0.499745 0.672837 0.0128099 0.0156962
0 0.25923 0.849868 0.014966 0.0163078
0 0.329416 0.820254 0.0200109 0.020599
0 0.0583135 0.892537 0.014967 0.0160206
0 0.326702 0.653265 0.0224579 0.0199577
0 0.340582 0.707396 0.0174476 0.0192841
0 0.5884 0.489967 0.0156148 0.0175064
0 0.321402 0.0392156 0.0152409 0.0180774
0 0.952836 0.16557 0.0236672 0.0218951
0 0.170318 0.480582 0.0170027 0.0156412
0 0.0544408 0.792308 0.0202625 0.0201561
0 0.27365 0.682722 0.0163833 0.0165539
0 0.306071 0.790885 0.0169373 0.0188661
0 0.214343 0.0753929 0.016173 0.0167682
0 0.398821 0.134915 0.0162679 0.0169886
0 0.241271 0.182095 0.0147061 0.0177091
0 0.944024 0.217917 0.0192806 0.0188219
0 0.277695 0.026093 0.0113645 0.0121455
0 0.783432 0.56924 0.0123267 0.012787
0 0.830682 0.70344 0.0151997 0.0165267
0 0.171092 0.480147 0.021902 0.0209508
0 0.504819 0.468151 0.0168312 0.0185663
0 0.342688 0.579237 0.0173488 0.0187576
0 0.491754 0.644427 0.0193757 0.0163792
0 0.275052 0.770613 0.012937 0.0147462
0 0.939109 0.306523 0.0154781 0.0126879
0 0.225138 0.857514 0.0142581 0.0151161
0 0.409186 0.64326 0.0215008 0.0194422
0 0.976017 0.0350707 0.0184723 0.0213042
0 0.00792462 0.868344 0.0147773 0.0146244
0 0.559376 0.560254 0.0159925 0.0173925
0 0.452406 0.0378756 0.0170471 0.0176281
0 0.108667 0.648865 0.0109951 0.013105
0 0.919441 0.331236 0.016461 0.0164168
0 0.898314 0.554311 0.0151979 0.0115641
0 0.0478867 0.501288 0.0139717 0.013159
0 0.132878 0.814756 0.0225021 0.0168041
0 0.767802 0.368519 0.0124618 0.0150404
0 0.0817934 0.92112 0.0154908 0.0160248
0 0.485323 0.0828399 0.0188965 0.0169751
0 0.293043 0.0487219 0.0165739 0.0158603
0 0.368464 0.814866 0.0155516 0.0170844
0 0.144826 0.304837 0.0191144 0.0228252
0 0.208371 0.127824 0.0114751 0.0144887
0 0.241092 0.325255 0.0203922 0.018378
0 0.496022 0.0621423 0.0148133 0.0184002
0 0.938362 0.303186 0.018573 0.0197618
0 0.817276 0.811885 0.012327 0.0126862
0 0.267427 0.0429753 0.0150229 0.0173018
0 0.732706 0.406724 0.0165541 0.0194846
0 0.66898 0.0460838 0.0187479 0.0152835
0 0.846307 0.669954 0.0185744 0.0188864
0 0.756711 0.41307 0.0157621 0.0180481
0 0.130154 0.814775 0.0170173 0.0149662
0 0.796566 0.81424 0.0156562 0.016975
0 0.124998 0.451437 0.0201845 0.0177293
0 0.98009 0.203569 0.0181209 0.0158609
0 0.292502 0.0481172 0.0197217 0.0190799
0 0.128826 0.245428 0.0165639 0.0164275
0 0.108035 0.648608 0.0138773 0.0162683
0 0.321052 0.0386421 0.0186212 0.0224394
0 0.457914 0.47144 0.0172443 0.0192228
0 0.601315 0.8636 0.0143005 0.0181351
0 0.40025 0.604783 0.0167015 0.0214524
0 0.0698066 0.491877 0.0127172 0.0107367
0 0.0287554 0.844361 0.0200832 0.0201812
0 0.0643244 0.63125 0.0155953 0.0198059
0 0.917028 0.330909 0.023138 0.0198182
0 0.939928 0.324825 0.0162916 0.0134308
0 0.921004 0.309194 0.012463 0.0128731
0 0.0139174 0.617414 0.0259945 0.0202622
0 0.243886 0.298745 0.0142194 0.0193582
0 0.272184 0.683086 0.0218058 0.0210005
0 0.277342 0.0250658 0.0142175 0.0154114
0 0.205064 0.127203 0.0198305 0.0196974
0 0.330132 0.899403 0.0157167 0.0155178
0 0.78456 0.352665 0.0124912 0.0151574
0 0.0168918 0.465569 0.0156699 0.0166152
0 0.778484 0.393078 0.0188365 0.0173908
0 0.706934 0.392787 0.0172349 0.018059
0 0.154258 0.795698 0.0120483 0.0102287
0 0.0401735 0.457764 0.00930231 0.0095236
0 0.236756 0.982566 0.0136303 0.017893
0 0.00879002 0.677784 0.0147764 0.0185328
0 0.558102 0.536902 0.0200801 0.0210393
0 0.920634 0.308289 0.0153395 0.0158531
0 0.771356 0.339007 0.0152023 0.0176523
0 0.995483 0.119104 0.0089981 0.0172979
0 0.368852 0.814817 0.0181047 0.021026
0 0.264295 0.83087 0.0101031 0.0169079
0 0.96511 0.0178062 0.0161631 0.013287
0 0.0211764 0.508631 0.0127418 0.0118785
0 0.625653 0.878735 0.0160735 0.0171785
0 0.0117082 0.708253 0.0116724 0.0155799
0 0.908632 0.328241 0.0144724 0.019789
