0 0.90347 0.921748 0.0093624 0.00883335
0 0.659435 0.904971 0.0104287 0.00931245
0 0.657882 0.847914 0.0101402 0.00886518
0 0.626951 0.66765 0.00968999 0.0100153
0 0.64599 0.653868 0.0093506 0.00986242
0 0.629595 0.938136 0.0112873 0.0144287
0 0.753995 0.872216 0.00983697 0.0100561
0 0.860831 0.974441 0.0109707 0.010614
0 0.692507 0.978448 0.00881082 0.00846004
0 0.68137 0.881207 0.0123357 0.0103664
0 0.623949 0.842037 0.0109478 0.0101253
0 0.626159 0.766606 0.0106575 0.00956815
0 0.785722 0.900074 0.011849 0.0118797
0 0.669507 0.868543 0.0103194 0.00984192
0 0.70827 0.953347 0.0101178 0.0103325
0 0.907619 0.939686 0.0101967 0.00978202
0 0.624171 0.862926 0.0115682 0.0119957
0 0.909322 0.96186 0.00925714 0.00878447
0 0.939973 0.893129 0.0112634 0.0115738
0 0.659969 0.623031 0.00945377 0.00853252
0 0.80174 0.95457 0.00938225 0.00883311
0 0.571637 0.899226 0.0100514 0.00899506
0 0.81189 0.934154 0.00903249 0.00981903
0 0.727445 0.972937 0.00845963 0.00844002
0 0.948614 0.852671 0.00987601 0.0096252
0 0.732123 0.801881 0.0098179 0.00971448
0 0.677951 0.713264 0.0115286 0.0105495
0 0.95511 0.912705 0.0102177 0.0105149
0 0.608714 0.85319 0.00919843 0.00895143
0 0.65255 0.962448 0.00902635 0.00987244
0 0.643783 0.855781 0.0113116 0.0119103
0 0.537034 0.854926 0.00969338 0.010494
0 0.593368 0.927114 0.0148594 0.0094189
0 0.576368 0.817309 0.00894946 0.00892222
0 0.616038 0.647099 0.00877225 0.0100455
0 0.617531 0.829728 0.00803089 0.00833094
0 0.64633 0.720773 0.00837308 0.00865012
0 0.760724 0.917539 0.00948238 0.0100091
0 0.669762 0.767408 0.00928348 0.00928611
0 0.601359 0.883117 0.0088073 0.00921595
0 0.693991 0.873436 0.00934529 0.00892335
0 0.641963 0.874499 0.00843221 0.00830883
0 0.73387 0.817178 0.00902861 0.00871736
0 0.778029 0.869686 0.00980854 0.0107531
0 0.669881 0.892927 0.00954884 0.00953937
0 0.68293 0.926462 0.00886667 0.00826472
0 0.904514 0.909686 0.00806928 0.00791436
0 0.684262 0.957064 0.00996858 0.00941277
0 0.724904 0.947044 0.0118422 0.0096752
0 0.568034 0.841431 0.00953323 0.00879556
0 0.659004 0.939119 0.0118979 0.0142826
0 0.980159 0.92046 0.00993496 0.00890446
0 0.54512 0.842655 0.0106539 0.0128139
0 0.662278 0.792282 0.00904566 0.00948954
0 0.96245 0.898021 0.00974464 0.00973833
0 0.544518 0.909147 0.0151962 0.0103974
0 0.667818 0.637576 0.00977683 0.0102609
0 0.55086 0.817595 0.0106906 0.00924528
0 0.803067 0.832004 0.0124025 0.0184662
0 0.814813 0.955808 0.00814092 0.00885582
0 0.692877 0.917207 0.0081867 0.00885755
0 0.697763 0.722086 0.00974143 0.00907344
0 0.702775 0.775937 0.0107096 0.0102817
0 0.980506 0.872975 0.00846136 0.00930196
0 0.6503 0.612287 0.0102959 0.0103025
0 0.60326 0.772112 0.00852853 0.00760591
0 0.551154 0.786134 0.00997162 0.0100316
0 0.742286 0.848105 0.0106652 0.00930595
0 0.532858 0.956815 0.00873268 0.00876731
0 0.766484 0.896739 0.00992584 0.0112871
0 0.747547 0.951473 0.010553 0.00951612
0 0.554735 0.852522 0.0084818 0.00773692
0 0.569791 0.969543 0.0103298 0.00978738
0 0.663829 0.597922 0.0148655 0.011978
0 0.734954 0.880047 0.00721025 0.00799638
0 0.377478 0.976331 0.00976324 0.0083366
0 0.607937 0.625389 0.00947809 0.00832713
0 0.748709 0.805382 0.00931686 0.00866562
0 0.606648 0.932564 0.00960618 0.00980872
0 0.707881 0.757563 0.0156351 0.0146448
0 0.757046 0.754829 0.0108217 0.00972402
0 0.9721 0.904295 0.00742853 0.00705183
0 0.697437 0.900413 0.00802726 0.00751919
0 0.609604 0.585554 0.0138359 0.0102651
0 0.525178 0.839324 0.00983673 0.00886381
0 0.710192 0.788077 0.00983155 0.00797766
0 0.629458 0.649376 0.00913447 0.00849569
0 0.589004 0.943495 0.0108954 0.0100273
0 0.695473 0.79605 0.00945491 0.00875628
0 0.732852 0.921323 0.0132266 0.0110462
0 0.332058 0.983912 0.0107766 0.00770056
0 0.741285 0.758331 0.0087164 0.009045
0 0.297384 0.99103 0.0160949 0.0133823
0 0.754979 0.901142 0.00840402 0.00919038
0 0.586606 0.980704 0.00940835 0.00813597
0 0.671966 0.783142 0.00908852 0.0114798
0 0.90689 0.893471 0.010294 0.00935292
0 0.750228 0.737985 0.0108125 0.0127032
0 0.819988 0.839254 0.0116009 0.0107407
0 0.600923 0.791492 0.0116653 0.0117326
0 0.606419 0.909013 0.00943184 0.00983334
0 0.712814 0.841188 0.0115812 0.0114006
0 0.963318 0.852164 0.011013 0.0107983
0 0.61327 0.570355 0.0106713 0.00881571
0 0.719755 0.795904 0.0118899 0.0119425
0 0.680426 0.606334 0.0105734 0.00988603
0 0.521717 0.856287 0.0109468 0.0109566
0 0.645745 0.924948 0.0128577 0.00942802
0 0.545258 0.844041 0.00905281 0.0107694
0 0.711068 0.839588 0.0171582 0.016342
0 0.714557 0.825539 0.00971216 0.00954992
0 0.214834 0.964562 0.0111167 0.00904143
0 0.577829 0.84779 0.00891513 0.00846887
0 0.985661 0.862221 0.00952953 0.00787854
0 0.696407 0.619496 0.0145676 0.0126528
0 0.674548 0.748636 0.00876063 0.00788456
0 0.662436 0.920278 0.011204 0.00892639
0 0.767488 0.84142 0.00692749 0.00720179
0 0.671813 0.933331 0.00753832 0.00743347
0 0.720938 0.877795 0.00679237 0.00603527
0 0.740561 0.921885 0.0112419 0.0114959
0 0.754907 0.827488 0.00749344 0.0077343
0 0.673882 0.731278 0.00883007 0.00932062
0 0.631557 0.971277 0.00933421 0.00958079
0 0.643523 0.591272 0.0112917 0.00983101
0 0.344755 0.9924 0.00848952 0.00836527
0 0.602353 0.994463 0.013891 0.00964129
0 0.735794 0.776325 0.00787902 0.00751984
0 0.60756 0.948364 0.00820053 0.007761
0 0.592703 0.967741 0.00913602 0.0083822
0 0.735831 0.921193 0.02012 0.0136833
0 0.654239 0.87284 0.00681853 0.00678134
0 0.693646 0.735509 0.00883466 0.0106603
0 0.50897 0.840553 0.00832272 0.00712204
0 0.547509 0.886457 0.00789511 0.0070442
0 0.711265 0.93652 0.00873703 0.00793475
0 0.620516 0.983054 0.0100641 0.00923425
0 0.764051 0.739761 0.0121101 0.012104
0 0.597319 0.834102 0.00686926 0.00665259
0 0.713212 0.824888 0.0113457 0.00928116
0 0.581311 0.907454 0.00925398 0.00813711
0 0.560585 0.797102 0.00708997 0.00671238
0 0.711136 0.913214 0.00790483 0.00738281
0 0.607341 0.931569 0.00828391 0.00903201
0 0.955173 0.943218 0.0098362 0.00802994
0 0.637561 0.892271 0.00808865 0.00809479
0 0.747081 0.88356 0.00681269 0.00589067
0 0.584258 0.841061 0.00884837 0.00947624
0 0.591525 0.956959 0.00865573 0.00683647
0 0.953531 0.888673 0.00662613 0.00737667
0 0.562251 0.811503 0.0106785 0.0098545
0 0.622547 0.746591 0.00671577 0.00868171
0 0.741595 0.818104 0.0153105 0.0117617
0 0.947145 0.975842 0.0113025 0.00976026
0 0.745112 0.818506 0.00880319 0.00809574
0 0.743302 0.937336 0.00899923 0.00981998
0 0.630731 0.916949 0.00882399 0.00971109
0 0.743198 0.847167 0.0131631 0.010767
0 0.755469 0.88865 0.00733703 0.00747532
0 0.643396 0.805104 0.00677437 0.00722581
0 0.136696 0.990061 0.00855693 0.00738871
0 0.58534 0.916847 0.00800425 0.00647181
0 0.624944 0.993778 0.00975442 0.00860935
0 0.600533 0.792377 0.0136139 0.0147884
0 0.0568863 0.889495 0.00968333 0.0109321
0 0.708865 0.83695 0.0144137 0.0129457
0 0.563656 0.812005 0.0106479 0.00857162
0 0.967212 0.919994 0.00837672 0.00756264
0 0.55398 0.807364 0.00851923 0.00749552
0 0.356814 0.992505 0.00713682 0.00761336
0 0.562515 0.813143 0.00949275 0.00870973
0 0.719272 0.797373 0.0107499 0.01005
0 0.757132 0.934749 0.0109705 0.0136104
0 0.743408 0.893148 0.00795853 0.00812185
0 0.398542 0.995753 0.0123213 0.00724339
0 0.70234 0.811033 0.00886554 0.00888324
0 0.614423 0.973601 0.00871605 0.00822413
0 0.70263 0.775351 0.0131617 0.0134498
0 0.626906 0.667372 0.0119303 0.0117746
0 0.734658 0.817474 0.0119796 0.0114163
0 0.162258 0.958718 0.0196026 0.01805
0 0.570412 0.798553 0.00756377 0.00732523
0 0.663985 0.880245 0.00854987 0.00661016
0 0.276093 0.921127 0.0115635 0.0122311
0 0.671319 0.781747 0.00961459 0.0121999
0 0.916626 0.889506 0.00572318 0.00667953
0 0.551254 0.786149 0.0119674 0.0125834
0 0.807622 0.84896 0.00853217 0.00773507
0 0.255099 0.915997 0.00992298 0.0099327
0 0.741841 0.848259 0.012372 0.0115715
0 0.234853 0.838894 0.0117766 0.0130848
0 0.554842 0.80573 0.00788546 0.00779986
0 0.675432 0.997336 0.0121945 0.00532854
0 0.756855 0.939131 0.010101 0.0113596
0 0.791932 0.865273 0.00939542 0.0106804
0 0.96154 0.899213 0.0108352 0.0105568
