0 0.303953 0.387455 0.0189004 0.0170301
0 0.0970493 0.549446 0.0164728 0.0177494
0 0.510638 0.844268 0.0145574 0.013055
0 0.587232 0.812291 0.0176905 0.0174868
0 0.918035 0.938214 0.0125301 0.0121473
0 0.200629 0.221675 0.0190209 0.0182615
0 0.459296 0.665411 0.0183345 0.0168636
0 0.558501 0.118315 0.0201414 0.0169949
0 0.189087 0.0137763 0.0173459 0.0152194
0 0.027427 0.260038 0.0173183 0.0149397
0 0.649831 0.6648 0.0183876 0.0177665
0 0.57021 0.778261 0.01847 0.0162468
0 0.507119 0.766773 0.0186779 0.0176573
0 0.511548 0.844639 0.0179888 0.0159649
0 0.492686 0.814342 0.0111154 0.0123585
0 0.902966 0.959288 0.0179993 0.0159889
0 0.911878 0.815658 0.016259 0.0135982
0 0.411197 0.71968 0.0172528 0.0145124
0 0.143025 0.0345127 0.0184485 0.0181393
0 0.49588 0.824633 0.00957754 0.00720632
0 0.618941 0.769746 0.0188442 0.0169169
0 0.0735291 0.328769 0.0149763 0.0134268
0 0.0808243 0.214909 0.0173168 0.0201243
0 0.292181 0.69556 0.0169603 0.0147071
0 0.244938 0.676488 0.0132667 0.0155089
0 0.351466 0.669938 0.017777 0.0148087
0 0.189419 0.0135043 0.021157 0.0181125
0 0.219725 0.775851 0.01783 0.0139378
0 0.0973318 0.982727 0.011356 0.0116604
0 0.193249 0.556619 0.0121551 0.0122291
0 0.0800694 0.212416 0.0207019 0.0282494
