0 0.921182 0.00767197 0.0134327 0.012494
0 0.571607 0.571878 0.0204834 0.018004
0 0.572288 0.787783 0.0115976 0.0104516
0 0.733107 0.56995 0.0177593 0.0151188
0 0.544189 0.5067 0.0161546 0.0118055
0 0.544628 0.598428 0.0190979 0.0178087
0 0.109481 0.37917 0.0139331 0.0197535
0 0.894914 0.529198 0.0132908 0.0110704
0 0.583194 0.591262 0.0210201 0.0129499
0 0.540282 0.446103 0.0159003 0.012028
0 0.579024 0.829269 0.013736 0.0168961
0 0.853792 0.485917 0.0163088 0.0165344
0 0.856042 0.461123 0.00864446 0.010408
0 0.567037 0.177924 0.0124316 0.0149199
0 0.636766 0.597375 0.0187446 0.0144823
0 0.992304 0.53613 0.0130115 0.0115311
