0 0.0307565 0.0547459 0.019109 0.0124267
0 0.593913 0.982927 0.0161429 0.0128017
0 0.592632 0.963284 0.0160126 0.0132736
0 0.231012 0.543232 0.0178968 0.0131283
0 0.429172 0.140037 0.0211263 0.0176389
0 0.552333 0.541576 0.0134087 0.0131352
0 0.0209847 0.992973 0.00976839 0.0122539
0 0.659405 0.835872 0.0170359 0.0112915
0 0.214954 0.682584 0.0197684 0.016624
0 0.553091 0.40303 0.0194123 0.0153726
0 0.425693 0.786776 0.0170259 0.0119663
0 0.164229 0.710279 0.0179039 0.0112715
0 0.0531999 0.241739 0.022241 0.0172656
