0 0.387952 0.894847 0.0135041 0.0140502
0 0.471267 0.929228 0.00894737 0.00856781
0 0.663422 0.390617 0.00987005 0.0107107
0 0.299341 0.155968 0.0109861 0.0115648
0 0.667253 0.442173 0.0111818 0.0106966
0 0.339304 0.808818 0.0119501 0.0119753
0 0.747864 0.426946 0.00896072 0.00906086
0 0.71354 0.474398 0.0101957 0.00959185
0 0.739988 0.526406 0.00966311 0.0105761
0 0.862475 0.776088 0.0131357 0.014579
0 0.695076 0.502132 0.0122242 0.0110112
0 0.454254 0.619224 0.0104621 0.0105541
0 0.654312 0.52838 0.00844449 0.00914913
0 0.65304 0.361378 0.00863111 0.00866431
0 0.319677 0.870396 0.00956059 0.0101852
0 0.357175 0.542657 0.00976607 0.00929105
0 0.711098 0.452004 0.00822204 0.00920048
0 0.337199 0.586325 0.0110197 0.0102158
0 0.693549 0.240998 0.00925756 0.00890875
0 0.593665 0.216541 0.0104948 0.00924511
0 0.445518 0.968769 0.0112457 0.010745
0 0.834614 0.483254 0.0111429 0.0109471
0 0.634441 0.489929 0.00845093 0.00894889
0 0.691816 0.276891 0.0132044 0.00905675
0 0.802394 0.410494 0.00907546 0.0112332
0 0.398055 0.933108 0.00855675 0.0110355
0 0.40722 0.875791 0.0123344 0.0122227
0 0.865566 0.647745 0.00849402 0.0101675
0 0.307396 0.624152 0.0108671 0.00987804
0 0.666397 0.369631 0.00920737 0.011286
0 0.574826 0.204777 0.0114923 0.0103988
0 0.853749 0.417826 0.00847739 0.00889942
0 0.725848 0.43958 0.00930387 0.0101284
0 0.347982 0.768248 0.00993982 0.00996894
0 0.850901 0.648071 0.00910646 0.00878847
0 0.261921 0.865957 0.0109687 0.00987113
0 0.338038 0.830596 0.0138259 0.0120848
0 0.569585 0.959521 0.0108526 0.00949913
0 0.670478 0.501346 0.00868815 0.00868592
0 0.22487 0.445724 0.0132885 0.0145643
0 0.651819 0.514227 0.00734425 0.00778824
0 0.542135 0.304167 0.00716859 0.00713938
0 0.738203 0.542614 0.00905913 0.00964355
0 0.373161 0.59564 0.0103208 0.00928819
0 0.638365 0.326422 0.00874901 0.00834379
0 0.605077 0.202744 0.00819337 0.00813061
0 0.836705 0.413794 0.0103159 0.0109653
0 0.597103 0.989424 0.00741762 0.00834888
0 0.977718 0.647227 0.011288 0.013499
0 0.384861 0.914235 0.00816712 0.01021
0 0.440788 0.602797 0.00847101 0.0074901
0 0.477836 0.235725 0.0123336 0.0109787
0 0.601642 0.237435 0.00877732 0.00948466
0 0.504083 0.217553 0.00863442 0.00754365
0 0.59255 0.301748 0.00913304 0.0104147
0 0.501944 0.229017 0.00808275 0.00839119
0 0.32846 0.798242 0.00726652 0.00876755
0 0.246483 0.520584 0.0111741 0.0114385
0 0.654714 0.432851 0.0104736 0.0113254
0 0.567755 0.402594 0.00914329 0.0104245
0 0.789677 0.473346 0.0122651 0.0123627
0 0.647563 0.275358 0.00885427 0.00859487
0 0.0666201 0.297612 0.0111626 0.00854626
0 0.624755 0.505978 0.0083012 0.00796384
0 0.431655 0.492475 0.00900689 0.00908241
0 0.646229 0.180176 0.00885856 0.00781608
0 0.337054 0.25238 0.0103316 0.0100603
0 0.849628 0.432841 0.0113853 0.0121287
0 0.396269 0.860771 0.0137679 0.0112654
0 0.331895 0.703926 0.00916052 0.00898111
0 0.354558 0.0333783 0.0058549 0.0060027
0 0.86133 0.662328 0.0103993 0.00848502
0 0.789693 0.397263 0.00901568 0.0082562
0 0.698287 0.482922 0.00685406 0.00764525
0 0.419057 0.968777 0.0119814 0.0112877
0 0.835294 0.445238 0.00973016 0.00926191
0 0.539551 0.31546 0.00683343 0.00690946
0 0.633411 0.259957 0.00734258 0.00739598
0 0.893152 0.9181 0.011449 0.0113373
0 0.416233 0.25447 0.0126537 0.00869951
0 0.412928 0.271886 0.0118828 0.0112792
0 0.754457 0.492183 0.0124142 0.0120638
0 0.216099 0.647427 0.00877751 0.00892353
0 0.695875 0.559193 0.0114476 0.0106293
0 0.48102 0.900099 0.0102655 0.00970304
0 0.506684 0.283507 0.00905663 0.00882384
0 0.857295 0.676747 0.0111853 0.00984401
0 0.783887 0.502273 0.00955039 0.0114188
0 0.338112 0.18539 0.0105378 0.0132606
0 0.451262 0.212149 0.00801286 0.00776729
0 0.449708 0.940626 0.00799295 0.00829846
0 0.814632 0.373265 0.0140982 0.00942609
0 0.575374 0.29479 0.010438 0.0096527
0 0.646351 0.346011 0.00866365 0.00924644
0 0.353381 0.204514 0.0111223 0.0088048
0 0.622334 0.538746 0.00959933 0.0104572
0 0.750052 0.912684 0.0125775 0.0111213
0 0.446705 0.0213963 0.00760919 0.00716662
0 0.68947 0.528151 0.012702 0.0163002
0 0.691868 0.361381 0.00890744 0.00821981
0 0.475654 0.942096 0.0075388 0.0083065
0 0.592358 0.154983 0.00710374 0.00761452
0 0.849214 0.484628 0.00901508 0.0101804
0 0.877245 0.443363 0.0111971 0.0111277
0 0.461568 0.737132 0.0103148 0.0105589
0 0.892727 0.64035 0.00888216 0.0110275
0 0.259544 0.0972326 0.00806674 0.00842211
0 0.831679 0.500181 0.0108196 0.0101772
0 0.617811 0.34457 0.0108431 0.0115382
0 0.290487 0.853559 0.0114138 0.0137218
0 0.579316 0.422474 0.00976181 0.0105642
0 0.804069 0.472053 0.00712717 0.00859717
0 0.491711 0.920188 0.0071497 0.00736195
0 0.654541 0.374241 0.00718355 0.0070715
0 0.441821 0.201297 0.00854796 0.00936469
0 0.492458 0.894875 0.00888538 0.0097248
0 0.697708 0.542993 0.008807 0.0087257
0 0.631735 0.304181 0.0101752 0.00846079
0 0.574269 0.166427 0.0122244 0.0111295
0 0.658286 0.475886 0.00692993 0.0075489
0 0.63386 0.273919 0.00709957 0.00691509
0 0.448757 0.0446717 0.00832272 0.00848418
0 0.73298 0.495297 0.00848502 0.00893745
0 0.204179 0.266285 0.00824495 0.00757244
0 0.233587 0.513814 0.0114843 0.0101804
0 0.485721 0.947766 0.00657403 0.00692558
0 0.392177 0.0211751 0.00850287 0.00870617
0 0.625806 0.266951 0.00682086 0.00744724
0 0.605813 0.533148 0.0096525 0.00905633
0 0.846564 0.894439 0.00865477 0.00926495
0 0.453352 0.188493 0.00752714 0.00757366
0 0.468123 0.888958 0.0121415 0.0119524
0 0.481219 0.212757 0.0127518 0.012431
0 0.4854 0.280242 0.00970972 0.00853127
0 0.54233 0.280496 0.00655651 0.00696
0 0.0596457 0.473606 0.0103937 0.00988942
0 0.754912 0.494228 0.0125657 0.015848
0 0.317433 0.231444 0.0110183 0.0130412
0 0.504878 0.335962 0.00849867 0.00949773
0 0.37567 0.529833 0.00902614 0.00898987
0 0.628526 0.984653 0.00751948 0.00804979
0 0.690631 0.526439 0.0130945 0.0186243
0 0.361494 0.64838 0.00848266 0.00742912
0 0.0575065 0.460218 0.0101194 0.00764942
0 0.352001 0.641145 0.00853851 0.0087328
0 0.333884 0.264665 0.00596201 0.00580195
0 0.432898 0.738576 0.00942326 0.0085423
0 0.391978 0.255664 0.00849026 0.00742903
0 0.446284 0.734902 0.011585 0.0146267
0 0.573627 0.382428 0.00628394 0.00678539
0 0.743295 0.498521 0.00689983 0.00791359
0 0.547759 0.919529 0.00766659 0.0084452
0 0.403975 0.263169 0.00752145 0.00811911
0 0.953111 0.762346 0.00777322 0.00923026
0 0.573187 0.149352 0.00732595 0.00725755
0 0.364602 0.606834 0.00948068 0.00967693
0 0.676623 0.190504 0.00671309 0.00648472
0 0.378548 0.261445 0.00746927 0.00974208
0 0.34721 0.0250063 0.00944009 0.00917796
0 0.565192 0.281617 0.012868 0.00938049
0 0.424979 0.857689 0.00765324 0.00843906
0 0.565006 0.379416 0.00858438 0.00806776
0 0.365473 0.261878 0.00766104 0.00810233
0 0.395451 0.511905 0.0114272 0.00892019
0 0.271504 0.0955817 0.00632209 0.00732837
0 0.284257 0.88436 0.0100216 0.00965255
0 0.552337 0.299499 0.00689751 0.00758362
0 0.670062 0.501521 0.0112444 0.0103919
0 0.626134 0.492076 0.00847381 0.00927049
0 0.610657 0.986036 0.00704479 0.00703585
0 0.447226 0.737434 0.00983715 0.0102329
0 0.6577 0.303891 0.0094555 0.00962418
0 0.276591 0.581935 0.0109121 0.0111359
0 0.513983 0.238187 0.0079937 0.00902615
0 0.835943 0.468634 0.00929683 0.00771254
0 0.432337 0.973679 0.00672024 0.00843698
0 0.350947 0.496029 0.0115714 0.0145435
0 0.44705 0.593349 0.00805187 0.00734293
0 0.325383 0.213861 0.00808316 0.00875115
0 0.305258 0.249258 0.00710833 0.00752591
0 0.584004 0.165507 0.00915354 0.00848341
0 0.469873 0.260487 0.00667304 0.00705186
0 0.638384 0.429612 0.0112196 0.0125338
0 0.692878 0.253633 0.00777036 0.00648576
0 0.198286 0.947239 0.0102998 0.00825083
0 0.267901 0.141145 0.00783119 0.00739665
0 0.875246 0.925457 0.0120365 0.0132675
0 0.387294 0.540336 0.00974083 0.00984919
0 0.266978 0.54178 0.00725704 0.00712109
0 0.711508 0.451771 0.010232 0.0107967
0 0.944313 0.730235 0.00962335 0.00871259
0 0.42587 0.459216 0.00980109 0.0116146
0 0.172867 0.288764 0.00616026 0.0074012
0 0.707134 0.511634 0.00924981 0.00806969
0 0.701996 0.0279017 0.00694728 0.00638049
0 0.428353 0.587194 0.00714627 0.00769389
0 0.36485 0.200079 0.00735539 0.00893109
0 0.598336 0.506705 0.00740087 0.00760925
0 0.399373 0.499725 0.00968185 0.00818098
0 0.0331466 0.710829 0.0074217 0.0075056
0 0.15381 0.43073 0.00840829 0.00867918
0 0.652425 0.293474 0.00837326 0.00751027
0 0.801655 0.464254 0.00786644 0.00914651
0 0.200386 0.951224 0.0101055 0.0106739
0 0.614176 0.445483 0.00868607 0.010095
0 0.78891 0.473312 0.015178 0.0149061
0 0.826204 0.754618 0.00763685 0.00800377
0 0.445233 0.731257 0.0106111 0.0100484
0 0.0526498 0.460894 0.0112471 0.00855064
0 0.576279 0.166028 0.0180068 0.0129627
0 0.295522 0.132475 0.00947857 0.00908566
0 0.279503 0.256514 0.00820199 0.00869703
0 0.692452 0.262949 0.00726223 0.00653541
0 0.353115 0.521025 0.00887832 0.0109597
0 0.954884 0.746772 0.0106979 0.0113214
0 0.239225 0.314974 0.00727177 0.00581551
0 0.69495 0.559917 0.0148723 0.0121746
0 0.343916 0.51023 0.00992709 0.00872129
0 0.199299 0.949858 0.0125289 0.0133953
0 0.18386 0.433775 0.0112251 0.012471
0 0.28659 0.872914 0.00849709 0.00808638
0 0.695197 0.255321 0.0096758 0.00836983
0 0.201994 0.564853 0.00874995 0.00892144
0 0.312829 0.306534 0.0111562 0.00843009
0 0.233012 0.288632 0.00561981 0.0065847
0 0.491448 0.292464 0.00898743 0.0101772
0 0.380424 0.29933 0.00723848 0.00716287
0 0.658388 0.475029 0.00820541 0.00854462
0 0.84076 0.692879 0.00802475 0.00905782
0 0.38687 0.576172 0.00851375 0.00783932
0 0.612866 0.520286 0.00772768 0.00815892
0 0.357427 0.542297 0.0112486 0.0116688
0 0.594053 0.167404 0.00726014 0.00726837
0 0.25542 0.147431 0.00778404 0.00674291
0 0.64585 0.345283 0.0107979 0.0110279
0 0.389624 0.281173 0.01215 0.00800291
0 0.347577 0.176189 0.00764009 0.00766614
0 0.28237 0.268186 0.00960398 0.00760823
0 0.232233 0.304901 0.00899343 0.00697097
0 0.224266 0.224213 0.00786909 0.00847736
0 0.399304 0.538356 0.0110715 0.0112925
0 0.337387 0.143626 0.0125559 0.0134317
0 0.391618 0.608602 0.0130164 0.0119098
0 0.757034 0.857754 0.0113854 0.0127773
0 0.313962 0.305854 0.00931177 0.00779381
0 0.390627 0.281762 0.00984585 0.00736514
0 0.585495 0.144457 0.00658941 0.00722246
0 0.652752 0.294495 0.00757825 0.00688574
0 0.975906 0.726482 0.00730723 0.00770384
0 0.288293 0.117159 0.00654 0.00677857
0 0.396421 0.586585 0.00823697 0.00752306
0 0.438075 0.868372 0.0101029 0.00959396
0 0.433383 0.0346658 0.0100031 0.00918797
0 0.394074 0.239683 0.00946498 0.0111856
0 0.335869 0.828295 0.0145352 0.0176651
0 0.771739 0.867879 0.00999773 0.0103645
0 0.23064 0.0647226 0.0100086 0.0128411
0 0.319429 0.0789417 0.00780237 0.00837951
0 0.651708 0.51279 0.00845981 0.00825089
0 0.453908 0.89928 0.0115797 0.0101855
0 0.800163 0.371622 0.0078432 0.00947043
0 0.235413 0.221335 0.00704098 0.00721478
0 0.281568 0.269313 0.00866956 0.00749576
0 0.564524 0.980826 0.00639623 0.0069111
0 0.689672 0.525826 0.0149719 0.0246717
0 0.807263 0.960352 0.00951195 0.00898039
