0 0.561434 0.0378563 0.0113777 0.0116542
0 0.532989 0.011612 0.0117433 0.0150283
0 0.565781 0.0208279 0.0103186 0.0101613
0 0.0718321 0.0482668 0.0081743 0.00896239
0 0.053165 0.141002 0.00787852 0.00983906
0 0.321277 0.0233529 0.00927991 0.00879753
0 0.567959 0.0845016 0.00935245 0.00944712
0 0.442303 0.112759 0.00945044 0.0102154
0 0.173501 0.0218582 0.00955673 0.00925217
0 0.0401445 0.0975059 0.00870792 0.00953043
0 0.454474 0.0946205 0.00845489 0.00894663
0 0.380249 0.0531664 0.00871432 0.00988288
0 0.564283 0.0569625 0.00929326 0.00971262
0 0.161424 0.115971 0.00976729 0.0106886
0 0.55832 0.0721303 0.0078373 0.00918891
0 0.339957 0.039607 0.00815138 0.00849619
0 0.313616 0.0396978 0.0118685 0.012954
0 0.13612 0.0587907 0.0115477 0.0151972
0 0.440203 0.0392333 0.0095683 0.00976526
0 0.62564 0.0525805 0.00833863 0.00933182
0 0.443152 0.0171285 0.00770208 0.00836811
0 0.216187 0.0251272 0.0113307 0.00929637
0 0.0134086 0.0473743 0.00860829 0.00890759
0 0.367516 0.0915684 0.00730589 0.00860717
0 0.648248 0.0263883 0.00857139 0.00860926
0 0.428689 0.164563 0.00989094 0.0116779
0 0.465559 0.120755 0.00923193 0.00907903
0 0.0974464 0.116601 0.00869868 0.00940714
0 0.111762 0.11249 0.00886828 0.00981373
0 0.0673042 0.174192 0.00944696 0.0105081
0 0.0368299 0.123012 0.00895704 0.0101484
0 0.463702 0.0825046 0.00885543 0.00930121
0 0.498728 0.0786314 0.0082514 0.011226
0 0.0930564 0.0360868 0.00858152 0.00863107
0 0.0963341 0.0132778 0.00921338 0.0101425
0 0.0250436 0.0862088 0.0094154 0.00902496
0 0.0855398 0.0460915 0.00739457 0.00849155
0 0.0591841 0.113472 0.00883902 0.0111823
0 0.185106 0.0444165 0.0081607 0.00845548
0 0.533083 0.0677841 0.00921375 0.00980465
0 0.0617037 0.15392 0.00898273 0.00888203
0 0.112407 0.0586891 0.0092021 0.0103986
0 0.116971 0.143299 0.0106471 0.0102613
0 0.0927767 0.057989 0.00843513 0.00785108
0 0.246029 0.0997705 0.00866105 0.0100964
0 0.0513159 0.0595725 0.00753111 0.00739887
0 0.636467 0.0955113 0.00869685 0.00928748
0 0.381368 0.10364 0.00856644 0.00953462
0 0.525958 0.0265416 0.00831187 0.0099181
0 0.275008 0.0412824 0.00950414 0.00935959
0 0.0708494 0.0617899 0.0079598 0.00714099
0 0.226135 0.115406 0.00849938 0.00879369
0 0.538496 0.0511046 0.0083214 0.00869936
0 0.063734 0.101648 0.00891282 0.00836327
0 0.0506118 0.0738956 0.0073328 0.00798001
0 0.212324 0.166373 0.00864287 0.00873339
0 0.427017 0.091948 0.00843218 0.00831763
0 0.154133 0.045273 0.0090518 0.00975217
0 0.0253447 0.170962 0.0094093 0.00944686
0 0.178134 0.089698 0.00874323 0.00954802
0 0.469065 0.0478159 0.0143625 0.0141828
0 0.0192334 0.0618003 0.00810464 0.00828626
0 0.168716 0.0989129 0.00821103 0.00858607
0 0.398981 0.0454813 0.00728291 0.00808768
0 0.0308553 0.157373 0.00918399 0.00972299
0 0.385655 0.0890577 0.00918141 0.00899103
0 0.314925 0.249395 0.00877163 0.0093367
0 0.17252 0.0804161 0.00776324 0.00883216
0 0.527505 0.0621256 0.0087707 0.00840881
0 0.401044 0.109326 0.00757802 0.00738592
0 0.407851 0.0995723 0.0115539 0.00811835
0 0.530168 0.0646452 0.0126221 0.0127949
0 0.408919 0.100609 0.0103613 0.00890117
0 0.00399295 0.152764 0.00753122 0.00985304
0 0.224358 0.0676368 0.00841407 0.00874104
0 0.519174 0.0176025 0.00814754 0.00850438
0 0.291461 0.0758597 0.00836906 0.00957575
0 0.495811 0.0121925 0.00710809 0.00772701
0 0.0725662 0.184791 0.00898433 0.0079855
0 0.0606173 0.0703778 0.00788455 0.00892858
0 0.634817 0.0114544 0.00599498 0.00759305
0 0.644227 0.0156466 0.00872022 0.00783195
0 0.366395 0.12667 0.00920498 0.0109786
0 0.50803 0.00309903 0.0083701 0.00541678
0 0.52078 0.0209184 0.0107332 0.0116216
0 0.0666296 0.200983 0.00908742 0.00751577
0 0.338587 0.0283566 0.00715625 0.00737747
0 0.384524 0.0656172 0.00657904 0.00690963
0 0.511859 0.0807805 0.0075596 0.00811979
0 0.452321 0.00514614 0.0119042 0.0096811
0 0.0121716 0.171591 0.00698804 0.00844438
0 0.0832648 0.0785905 0.00762951 0.00838257
0 0.564025 0.0567776 0.0111578 0.011963
0 0.334424 0.00445529 0.00789213 0.00782311
0 0.0733169 0.0102732 0.0123692 0.0144455
0 0.348795 0.0327416 0.0063138 0.00668923
0 0.350972 0.0702764 0.00659722 0.0072116
0 0.51665 0.0650366 0.00652945 0.00787124
0 0.0662718 0.199957 0.010184 0.0082766
0 0.390653 0.115547 0.00605613 0.00615259
0 0.189556 0.0565172 0.00838971 0.00854781
0 0.404592 0.133597 0.00751007 0.00820817
0 0.117301 0.143699 0.012504 0.01331
0 0.498629 0.0792298 0.0100417 0.01441
