0 0.90463 0.128255 0.0114594 0.0111657
0 0.951483 0.136202 0.0122179 0.0119038
0 0.959151 0.768927 0.0126942 0.0119699
0 0.960117 0.117873 0.0113144 0.0121807
0 0.653557 0.90934 0.0130798 0.0115463
0 0.597808 0.749983 0.0133194 0.0124595
0 0.111631 0.84957 0.0146904 0.0135757
0 0.102795 0.354105 0.010661 0.00968638
0 0.64321 0.897182 0.0126756 0.0125118
0 0.917252 0.110057 0.0126675 0.0120119
0 0.649459 0.832335 0.0131535 0.0124632
0 0.624744 0.862069 0.014187 0.0132906
0 0.960098 0.611948 0.0116987 0.0118416
0 0.956273 0.153184 0.0145795 0.0124805
0 0.549036 0.361739 0.0131303 0.011789
0 0.937555 0.0807997 0.0130588 0.012491
0 0.945996 0.784252 0.0122347 0.0122094
0 0.170489 0.307185 0.0130886 0.0128194
0 0.517047 0.571074 0.0160686 0.0144482
0 0.963119 0.103865 0.0106312 0.0108618
0 0.434288 0.953175 0.0128986 0.013168
0 0.902674 0.143856 0.0131954 0.012007
0 0.202007 0.513505 0.016904 0.0198683
0 0.868081 0.321889 0.0142891 0.0125641
0 0.212023 0.864251 0.0140491 0.0136883
0 0.237212 0.966484 0.0102488 0.00971526
0 0.985056 0.452669 0.0126203 0.0115663
0 0.437891 0.918927 0.0137856 0.0128708
0 0.0147425 0.912356 0.0137562 0.0144234
0 0.792497 0.687954 0.0106473 0.0106903
0 0.922806 0.0657066 0.014674 0.0129447
0 0.367158 0.00913023 0.0109231 0.0114588
0 0.15351 0.138796 0.0131191 0.0140612
0 0.762275 0.952138 0.0112297 0.00985301
0 0.0349456 0.438273 0.0142157 0.0119853
0 0.656511 0.971593 0.0120024 0.010012
0 0.776729 0.942412 0.0106102 0.00992167
0 0.216949 0.955537 0.0118732 0.0107509
0 0.495978 0.959586 0.010256 0.0092445
0 0.270642 0.929212 0.0133783 0.012392
0 0.978866 0.119801 0.0117586 0.0122646
0 0.896702 0.227559 0.0116447 0.0114783
0 0.0523136 0.531819 0.0158381 0.0154774
0 0.597909 0.271817 0.0124516 0.0120021
0 0.836735 0.629237 0.0179028 0.0182858
0 0.828521 0.317249 0.0122971 0.0106861
0 0.693867 0.924621 0.0127487 0.0118406
0 0.984097 0.256843 0.0132297 0.0116246
0 0.00653859 0.978446 0.0111145 0.0133549
0 0.226096 0.077242 0.0147606 0.0118059
0 0.144474 0.294028 0.0139065 0.0121037
0 0.913735 0.55247 0.0142296 0.0137939
0 0.292503 0.928573 0.011603 0.00857335
0 0.637062 0.746845 0.0145037 0.0120691
0 0.84875 0.245509 0.00987512 0.0097252
0 0.673237 0.797053 0.0150724 0.0108368
0 0.00524371 0.932171 0.0104874 0.0123882
0 0.873564 0.763538 0.0137677 0.0150371
0 0.939892 0.465802 0.0113054 0.0111719
0 0.229923 0.977529 0.00881672 0.00760686
0 0.0782789 0.787355 0.0131433 0.0138894
0 0.986204 0.0393103 0.0122383 0.00915148
0 0.748806 0.918455 0.011147 0.0129864
0 0.809894 0.247297 0.0113648 0.0105286
0 0.161774 0.182866 0.0134529 0.0152246
0 0.505629 0.947556 0.00991553 0.00977248
0 0.477294 0.934689 0.00869083 0.0100144
0 0.761642 0.899524 0.0126999 0.0142036
0 0.863983 0.302633 0.0113196 0.0117834
0 0.537565 0.77535 0.01864 0.0135204
0 0.644496 0.930434 0.00944519 0.00905496
0 0.103539 0.109367 0.0150949 0.0134671
0 0.622013 0.79922 0.0118931 0.0101852
0 0.0650282 0.947656 0.0126303 0.0110983
0 0.44591 0.859646 0.0143293 0.0129479
0 0.684496 0.871115 0.0124429 0.0105366
0 0.656282 0.988005 0.0163862 0.0103
0 0.458641 0.964092 0.0130749 0.0129845
0 0.806048 0.265041 0.010803 0.0112469
0 0.467739 0.92404 0.0107042 0.0096817
0 0.608614 0.704453 0.0161758 0.0119635
0 0.0361058 0.884001 0.0121434 0.0104321
0 0.481053 0.963187 0.00999868 0.0100045
0 0.96794 0.0454055 0.0142384 0.0120358
0 0.655071 0.735609 0.0115637 0.00999814
0 0.468754 0.922564 0.0118256 0.0105702
0 0.913622 0.21627 0.0132324 0.0120112
0 0.21822 0.0915926 0.0100484 0.00860047
0 0.907312 0.259375 0.0106239 0.0111016
0 0.656231 0.987237 0.0195705 0.0131073
0 0.78706 0.911168 0.0105724 0.00933033
0 0.503187 0.829341 0.0101854 0.0113182
0 0.859318 0.282315 0.0119299 0.0133049
0 0.812124 0.611283 0.0133117 0.0133697
0 0.154647 0.0752705 0.0124752 0.0106894
0 0.466962 0.890712 0.0126691 0.0117014
0 0.790738 0.254256 0.0118511 0.010704
