0 0.416316 0.874409 0.0122002 0.0103868
0 0.425225 0.761123 0.0111512 0.0103527
0 0.41177 0.635152 0.00970668 0.00890821
0 0.427875 0.602444 0.00763693 0.00765449
0 0.366369 0.523113 0.00805005 0.00790131
0 0.405334 0.862457 0.00899765 0.00889969
0 0.347981 0.577064 0.00788039 0.00795919
0 0.365159 0.508417 0.00763315 0.00796241
0 0.802605 0.661041 0.00903529 0.00893736
0 0.0660203 0.984544 0.00905268 0.00785923
0 0.515051 0.8612 0.00946194 0.00835919
0 0.1547 0.89552 0.0127117 0.014219
0 0.310079 0.549583 0.00959754 0.00979793
0 0.470203 0.627456 0.010576 0.0103111
0 0.52224 0.905623 0.01043 0.00820637
0 0.157605 0.916388 0.00772849 0.00774533
0 0.69263 0.685874 0.00908732 0.00835115
0 0.416153 0.580239 0.0076642 0.0078119
0 0.543052 0.701886 0.0127568 0.014535
0 0.331552 0.812393 0.0145331 0.0122333
0 0.386253 0.641711 0.00736561 0.00750172
0 0.460001 0.77813 0.00623244 0.00647831
0 0.486461 0.627981 0.00812089 0.00760359
0 0.823901 0.571122 0.0127821 0.0120638
0 0.392739 0.792446 0.00866297 0.00737733
0 0.482878 0.797956 0.00899163 0.00850791
0 0.436088 0.811353 0.00812435 0.00765038
0 0.445655 0.802298 0.00735462 0.00728834
0 0.468534 0.651893 0.0109136 0.00946635
0 0.584308 0.958762 0.00831491 0.00866944
0 0.464343 0.584133 0.00816593 0.00756884
0 0.361492 0.480983 0.00857887 0.00904608
0 0.839562 0.646725 0.00819325 0.00804442
0 0.327182 0.579942 0.00853056 0.00841171
0 0.343305 0.558927 0.00876743 0.00754166
0 0.397544 0.827508 0.00737455 0.00750655
0 0.395108 0.563204 0.00831801 0.00753784
0 0.411072 0.822412 0.00740203 0.00683594
0 0.554667 0.734125 0.00721473 0.00678796
0 0.68989 0.710487 0.00691921 0.00742435
0 0.376918 0.499038 0.00796032 0.00819415
0 0.428747 0.830504 0.00835583 0.00799823
0 0.449554 0.867792 0.00824815 0.0080654
0 0.500769 0.747606 0.00850326 0.00947553
0 0.445207 0.733972 0.00790671 0.00797886
0 0.485484 0.902313 0.00638789 0.00644702
0 0.7526 0.685714 0.00961047 0.0100819
0 0.505513 0.630254 0.00693345 0.00757748
0 0.528068 0.848515 0.00763798 0.00765342
0 0.334675 0.613227 0.0102668 0.00860882
0 0.363395 0.563295 0.00764254 0.00744569
0 0.719811 0.580794 0.0132145 0.0126802
0 0.841188 0.577 0.0132248 0.0133972
0 0.975262 0.991239 0.0130081 0.0132858
0 0.357405 0.54198 0.00748512 0.0072403
0 0.653791 0.733927 0.00637591 0.00692445
0 0.739555 0.666922 0.00670761 0.00679535
0 0.398769 0.840719 0.00659209 0.00697863
0 0.491813 0.767544 0.00826758 0.00881159
0 0.128657 0.861468 0.00754972 0.00888026
0 0.379312 0.678246 0.00811854 0.00853401
0 0.50315 0.84973 0.00815466 0.0101126
0 0.171031 0.922365 0.00724702 0.00737458
0 0.106835 0.890668 0.0105195 0.00782013
0 0.0637804 0.910404 0.0101576 0.00760996
0 0.696319 0.673083 0.00922543 0.00892675
0 0.408188 0.667228 0.00760689 0.00823081
0 0.603497 0.714613 0.00627416 0.00626755
0 0.328406 0.540247 0.00951168 0.00778258
0 0.466114 0.613287 0.00649071 0.00704598
0 0.453311 0.652416 0.00643921 0.00743514
0 0.428103 0.63958 0.00624293 0.00650746
0 0.350861 0.551046 0.00771514 0.00752985
0 0.353241 0.601493 0.00750455 0.0072037
0 0.452428 0.569438 0.00863817 0.0115973
0 0.655801 0.698124 0.00946522 0.010605
0 0.704352 0.858084 0.00599879 0.00650597
0 0.650998 0.873785 0.00915164 0.00977212
0 0.108277 0.853199 0.00660352 0.00707132
0 0.654905 0.76395 0.00689638 0.00777245
0 0.708502 0.868011 0.00837624 0.00788653
0 0.0835185 0.882971 0.00698848 0.00662082
0 0.660345 0.654924 0.00665134 0.00672024
0 0.369975 0.667782 0.00774249 0.00960088
0 0.826782 0.592482 0.0117996 0.0105515
0 0.562065 0.722907 0.00793016 0.00886476
0 0.42823 0.801053 0.00643978 0.00656855
0 0.150433 0.940555 0.0085461 0.00786173
0 0.573414 0.718073 0.0082438 0.00733775
0 0.429029 0.841149 0.00648147 0.00587541
0 0.373689 0.922426 0.0129676 0.0172912
0 0.304732 0.588039 0.0136156 0.0123005
0 0.326131 0.931805 0.00851512 0.00763398
0 0.297896 0.86361 0.00734815 0.00772703
0 0.0550865 0.92381 0.00599511 0.00664616
0 0.479582 0.620061 0.00507832 0.00603664
0 0.964151 0.659565 0.0128052 0.0148563
0 0.0603283 0.911445 0.0150642 0.00916594
0 0.448983 0.841972 0.0072028 0.007312
0 0.377201 0.81102 0.00875854 0.00756055
0 0.119316 0.900337 0.00760693 0.00762367
0 0.458851 0.858565 0.00696945 0.00606024
0 0.662745 0.540901 0.00950295 0.0088895
0 0.438655 0.695831 0.0105547 0.0100279
0 0.545582 0.912084 0.00745183 0.00733912
0 0.385517 0.573629 0.00990754 0.00792491
0 0.388815 0.803177 0.00678769 0.00639802
0 0.491408 0.72448 0.00790548 0.00746822
0 0.319972 0.535775 0.00897837 0.00784779
0 0.383368 0.730794 0.00810128 0.00801921
0 0.086011 0.930779 0.0081115 0.00742954
0 0.344707 0.734032 0.00780207 0.00755972
0 0.308896 0.858282 0.00623366 0.00634837
0 0.212409 0.940349 0.00917464 0.00936925
0 0.323383 0.746694 0.00654519 0.00679028
0 0.561293 0.855049 0.00754929 0.00881428
0 0.938502 0.809202 0.00781727 0.00888157
0 0.902107 0.354304 0.00949687 0.0093106
0 0.934156 0.78662 0.00770378 0.00703955
0 0.380699 0.574452 0.00840005 0.00755215
0 0.722313 0.853955 0.00994623 0.0096249
0 0.773801 0.624302 0.00769162 0.00711107
0 0.441997 0.666951 0.00568753 0.00622249
0 0.659268 0.710782 0.00775313 0.00756699
0 0.427653 0.580378 0.00725889 0.00723475
0 0.421765 0.845133 0.0058893 0.00662345
0 0.361898 0.607378 0.00708762 0.00698239
0 0.741685 0.591199 0.00809789 0.00894815
0 0.473861 0.860426 0.00952265 0.0105572
0 0.417118 0.663174 0.00685769 0.00720119
0 0.748086 0.582243 0.00576741 0.00627595
0 0.558327 0.776847 0.00744492 0.00690824
0 0.537033 0.86129 0.0109105 0.0122514
0 0.330224 0.795207 0.00903672 0.00895441
0 0.397369 0.813584 0.00707176 0.00745142
0 0.653665 0.860609 0.00696504 0.006778
0 0.882459 0.568118 0.0117702 0.0123869
0 0.595199 0.815438 0.0108174 0.0090549
0 0.974993 0.286495 0.00939965 0.00811747
0 0.690458 0.848161 0.00561696 0.00592542
0 0.734553 0.52872 0.0119375 0.0104095
0 0.453677 0.743813 0.0110122 0.0105563
0 0.413271 0.622041 0.00786439 0.00752908
0 0.474688 0.760188 0.00683725 0.00697154
0 0.459734 0.829067 0.00665054 0.00683743
0 0.167658 0.907952 0.00704899 0.00688308
0 0.603916 0.697207 0.00596756 0.00623465
0 0.67009 0.709325 0.00824034 0.0117644
0 0.574912 0.783759 0.0117851 0.0115153
0 0.835308 0.559489 0.00636631 0.00727558
0 0.650538 0.654049 0.00672519 0.00685787
0 0.315813 0.826252 0.0103646 0.0105743
0 0.312341 0.911388 0.0117404 0.00838852
0 0.261685 0.847237 0.00734797 0.00909597
0 0.466088 0.612384 0.00751513 0.00757635
0 0.530187 0.830289 0.00731695 0.0070442
0 0.669464 0.723335 0.00784856 0.00756341
0 0.341787 0.732599 0.0144636 0.00923514
0 0.502353 0.592317 0.00736088 0.00729507
0 0.363285 0.563018 0.00964889 0.00891578
0 0.338354 0.731657 0.0109775 0.00779873
0 0.458178 0.850746 0.00836307 0.00729138
0 0.407885 0.848388 0.00776595 0.00867116
0 0.464016 0.738195 0.00684378 0.00741774
0 0.19141 0.308228 0.00776631 0.00890484
0 0.43801 0.860156 0.00668821 0.00692254
0 0.771934 0.604354 0.0067457 0.0063386
0 0.416895 0.662017 0.00695086 0.00654328
0 0.914239 0.444648 0.00811559 0.012051
0 0.401716 0.729249 0.00917006 0.0076769
0 0.776419 0.610135 0.00597113 0.00619763
0 0.495775 0.830649 0.00660199 0.00641787
0 0.501903 0.57947 0.00707552 0.00746709
0 0.397162 0.812211 0.00726271 0.00731736
0 0.297911 0.862642 0.00860611 0.00835723
0 0.852261 0.548254 0.00614244 0.00551105
0 0.477897 0.876764 0.00857431 0.00861436
0 0.786211 0.465392 0.00721991 0.00770846
0 0.0671455 0.889896 0.0138287 0.00819129
0 0.385079 0.742958 0.00636178 0.00665915
0 0.777775 0.514829 0.00721413 0.00785697
0 0.733971 0.600474 0.00801843 0.00833446
0 0.382416 0.717544 0.00781664 0.00663567
