0 0.646797 0.402258 0.0211053 0.0204734
0 0.42405 0.919039 0.0183923 0.0199919
0 0.897053 0.824173 0.0215544 0.0169538
0 0.333022 0.685531 0.0250581 0.0143195
0 0.396042 0.371754 0.0188616 0.0152924
0 0.299801 0.386907 0.0137536 0.0108696
0 0.841417 0.784136 0.021188 0.0176883
0 0.939358 0.744142 0.0152076 0.0171621
0 0.52722 0.968665 0.0148991 0.0131142
0 0.390973 0.747045 0.0207826 0.0169426
0 0.504944 0.901453 0.0157039 0.0152542
0 0.192291 0.387463 0.0171659 0.0240635
0 0.280596 0.330856 0.0118938 0.0111035
0 0.789365 0.56695 0.0108805 0.0106125
0 0.2177 0.952252 0.0144467 0.0160179
0 0.233593 0.313272 0.00937366 0.01101
0 0.676264 0.277507 0.0185533 0.0200582
0 0.353458 0.315156 0.0146949 0.0189285
