0 0.990585 0.330258 0.0111061 0.0117807
0 0.724988 0.47493 0.0144129 0.0151417
0 0.623361 0.26365 0.0160286 0.0157158
0 0.942998 0.4018 0.0114761 0.0115547
0 0.323548 0.735182 0.0144389 0.0180759
0 0.789225 0.571598 0.0158585 0.0157179
0 0.670898 0.0143665 0.0165495 0.0152699
0 0.041344 0.817882 0.0148348 0.0153033
0 0.273914 0.193485 0.0138152 0.0157307
0 0.162299 0.59894 0.0176316 0.015471
0 0.04898 0.696013 0.0171886 0.0158466
0 0.0936829 0.21531 0.0149466 0.0146834
0 0.0345371 0.662463 0.0149827 0.0223152
0 0.757448 0.619467 0.0155064 0.0166878
0 0.54023 0.718281 0.013787 0.0148938
0 0.042379 0.81763 0.0183646 0.0191759
0 0.620578 0.570474 0.0143317 0.0132411
0 0.59914 0.727606 0.0125878 0.0105209
0 0.558801 0.605236 0.0147797 0.0146325
0 0.120765 0.524832 0.0167305 0.0170435
0 0.0755792 0.104386 0.0176607 0.0150268
0 0.323597 0.734531 0.0183996 0.0215277
0 0.842419 0.679201 0.0133961 0.013542
0 0.561729 0.876217 0.0156813 0.0148911
0 0.184361 0.0121812 0.0116603 0.0112648
0 0.282601 0.616886 0.0237135 0.018017
0 0.0293797 0.746137 0.0130007 0.0147864
0 0.0557445 0.671333 0.0169586 0.0192118
0 0.360811 0.687953 0.0123284 0.0126663
0 0.122263 0.718296 0.0156306 0.0156367
0 0.334572 0.112466 0.0151345 0.0149212
0 0.576045 0.64573 0.0137057 0.013253
0 0.551485 0.673484 0.0156742 0.016327
0 0.617929 0.728327 0.0129253 0.0140003
0 0.605258 0.626556 0.0110799 0.0107643
0 0.915212 0.712371 0.0148333 0.0114751
0 0.832183 0.626077 0.0124618 0.0126414
0 0.0283232 0.744558 0.0127868 0.0133414
0 0.657249 0.503277 0.0135997 0.0130411
0 0.592218 0.795202 0.0159596 0.0149458
0 0.62689 0.786522 0.0122654 0.0129704
0 0.56702 0.697858 0.00763988 0.0074175
0 0.618159 0.727393 0.0148181 0.0185238
0 0.535529 0.913134 0.0162781 0.0159863
0 0.572114 0.542178 0.0140547 0.0119632
0 0.702582 0.00557955 0.0122517 0.00990844
0 0.933383 0.70075 0.014006 0.0150968
0 0.573487 0.731213 0.0107366 0.00962865
0 0.380418 0.688379 0.0081346 0.00815409
