0 0.0278675 0.945099 0.0109787 0.0118359
0 0.0854569 0.981983 0.0156302 0.0146198
0 0.0933562 0.862193 0.0153596 0.0141106
0 0.306683 0.206119 0.0128025 0.0124291
0 0.649614 0.763626 0.0129833 0.0129359
0 0.112561 0.970903 0.0177644 0.01693
0 0.751862 0.184898 0.012852 0.0117337
0 0.11152 0.8906 0.0139721 0.0122063
0 0.0156387 0.973762 0.0146749 0.0129547
0 0.844913 0.79896 0.0139538 0.0126616
0 0.963814 0.584424 0.0134952 0.0125735
0 0.371404 0.632713 0.0115172 0.0115193
0 0.0900625 0.963252 0.0153555 0.0143437
0 0.682801 0.299232 0.0163938 0.0154178
0 0.51747 0.0458904 0.0158902 0.0148868
0 0.602998 0.179298 0.0164097 0.0196925
0 0.857203 0.589189 0.0147889 0.0146883
0 0.695113 0.505123 0.0121897 0.0101142
0 0.535742 0.133677 0.0163342 0.0169021
0 0.302962 0.945149 0.011206 0.0108189
0 0.91768 0.370861 0.00996912 0.0091736
0 0.837681 0.574701 0.0169765 0.0141594
0 0.633616 0.459231 0.0126361 0.0118611
0 0.14276 0.0205914 0.0123043 0.0111179
0 0.489167 0.0491475 0.0151911 0.0151979
0 0.0306638 0.961379 0.0105932 0.00943965
0 0.68015 0.277238 0.0121511 0.0111935
0 0.865204 0.716211 0.0129665 0.0111753
0 0.622945 0.429293 0.0196277 0.0156123
0 0.100643 0.0150632 0.0143164 0.0113917
0 0.648377 0.440516 0.0173877 0.016478
0 0.470098 0.0865893 0.0142513 0.0150772
0 0.0385227 0.0738191 0.0112361 0.00994776
0 0.77967 0.96573 0.0134003 0.00994587
0 0.96159 0.013683 0.0144192 0.0164261
0 0.0319799 0.961047 0.0136016 0.0107589
0 0.682932 0.299061 0.0196482 0.0199164
0 0.0289324 0.944747 0.0143148 0.0139874
0 0.816468 0.441275 0.0149046 0.013544
0 0.861008 0.414672 0.0129865 0.0150466
