0 0.26501 0.392254 0.0105951 0.00970104
0 0.218165 0.0427477 0.0165026 0.0195988
0 0.166476 0.873648 0.010859 0.00973761
0 0.289847 0.40977 0.0123673 0.0117747
0 0.223101 0.948251 0.0134405 0.011599
0 0.306491 0.423942 0.0112062 0.0119923
0 0.308664 0.388635 0.0113386 0.0116863
0 0.338427 0.474023 0.011298 0.0106405
0 0.233384 0.958495 0.0106228 0.00988752
0 0.287374 0.368565 0.0107361 0.0115757
0 0.410888 0.588769 0.0110729 0.0130973
0 0.447207 0.634174 0.0118619 0.0125585
0 0.230042 0.746817 0.0132202 0.0113297
0 0.299986 0.353876 0.0129107 0.0133201
0 0.324755 0.387374 0.0102516 0.0105049
0 0.315596 0.406203 0.0141713 0.0134325
0 0.500613 0.202383 0.0109041 0.00947957
0 0.225291 0.802076 0.0134684 0.0139381
0 0.27651 0.355491 0.01072 0.0107694
0 0.316152 0.462212 0.0128115 0.0124443
0 0.204828 0.491336 0.0124388 0.0101371
0 0.165979 0.588321 0.0136219 0.0135037
0 0.238689 0.937696 0.0134569 0.0131405
0 0.489147 0.00882301 0.0114092 0.0120737
0 0.351056 0.387731 0.0119943 0.0112157
0 0.40476 0.98384 0.010874 0.00999182
0 0.33873 0.359674 0.0149328 0.0146908
0 0.85761 0.294259 0.012554 0.0139706
0 0.537207 0.498081 0.0112442 0.0118719
0 0.274826 0.912993 0.0127722 0.0124916
0 0.500005 0.672199 0.0126749 0.0125973
0 0.0592156 0.729061 0.0128374 0.012467
0 0.0951894 0.769319 0.0128304 0.011915
0 0.340311 0.39938 0.0125613 0.0125184
0 0.455789 0.651133 0.0125448 0.014355
0 0.132743 0.55066 0.011779 0.0118992
0 0.625953 0.204115 0.0114385 0.0119004
0 0.161809 0.957167 0.0147341 0.0122883
0 0.464855 0.696471 0.0116362 0.0186262
0 0.201153 0.517788 0.0118421 0.0085575
0 0.243447 0.912049 0.0136937 0.012641
0 0.160999 0.859751 0.0119081 0.0126011
0 0.397785 0.519222 0.0124711 0.0111656
0 0.331685 0.547299 0.0114822 0.0120661
0 0.00606126 0.840508 0.0111086 0.0126318
0 0.306664 0.444438 0.0141065 0.0130239
0 0.349917 0.508758 0.0103682 0.011395
0 0.19182 0.720938 0.0123516 0.0117407
0 0.0828943 0.841601 0.0141016 0.0124989
0 0.259101 0.433255 0.0106298 0.0108679
0 0.166346 0.874546 0.0134756 0.0124535
0 0.209467 0.933039 0.0138023 0.0130776
0 0.341845 0.537239 0.00934926 0.0102941
0 0.20455 0.797981 0.0140621 0.0129233
0 0.21779 0.89754 0.0142802 0.0120037
0 0.277939 0.931619 0.0130703 0.0129272
0 0.129367 0.87588 0.0138345 0.0136304
0 0.265887 0.965371 0.0178244 0.0150186
0 0.240966 0.86693 0.0116632 0.00981331
0 0.471632 0.424241 0.00814494 0.00813484
0 0.331632 0.516126 0.0115278 0.0112633
0 0.213646 0.737481 0.0122301 0.0115618
0 0.497507 0.452231 0.00956821 0.00883389
0 0.48397 0.420742 0.00678444 0.0080063
0 0.183774 0.852469 0.013645 0.0133656
0 0.258605 0.925041 0.0120365 0.0127342
0 0.308677 0.38826 0.0135377 0.0142183
0 0.233411 0.577235 0.0108207 0.0100049
0 0.225345 0.882853 0.0137859 0.0118017
0 0.166603 0.892448 0.0164995 0.012953
0 0.0473252 0.845116 0.0127664 0.0132355
0 0.119548 0.433748 0.011779 0.0112517
0 0.122246 0.590991 0.0114965 0.0112559
