0 0.982719 0.814754 0.0134915 0.0144512
0 0.684048 0.917208 0.0118592 0.015061
0 0.732753 0.929955 0.012665 0.0150558
0 0.323786 0.225321 0.014322 0.0136379
0 0.579276 0.0413714 0.0182028 0.016271
0 0.557859 0.0564933 0.0193535 0.0216905
0 0.384642 0.991874 0.0155533 0.0134805
0 0.975275 0.830729 0.0136101 0.0122841
0 0.881368 0.751784 0.0151825 0.0148752
0 0.945123 0.603189 0.0153461 0.014681
0 0.701234 0.852342 0.0177719 0.019038
0 0.767738 0.23851 0.0161859 0.0159743
0 0.842419 0.147199 0.0137787 0.0161776
0 0.948409 0.640544 0.0122044 0.0106634
0 0.934988 0.867353 0.023591 0.0201381
0 0.791786 0.711475 0.0145367 0.0191393
0 0.767234 0.278809 0.0144415 0.0140593
0 0.241594 0.820858 0.00667128 0.00961572
0 0.872844 0.771742 0.0172989 0.0169585
0 0.419019 0.985669 0.016214 0.014098
0 0.662701 0.278619 0.0177673 0.0174704
0 0.26407 0.895935 0.0142636 0.0112297
0 0.995051 0.826076 0.00989777 0.013081
0 0.519665 0.0814994 0.021246 0.0209014
0 0.980816 0.249206 0.0125336 0.0132135
0 0.925877 0.619969 0.0112678 0.0136654
0 0.776256 0.84642 0.014546 0.0153059
0 0.938784 0.787948 0.0153435 0.0149303
0 0.419172 0.620543 0.0193542 0.0158488
0 0.915883 0.64715 0.0207893 0.0213949
0 0.994251 0.288904 0.0114985 0.013245
0 0.588938 0.0244969 0.0127563 0.00946799
0 0.576967 0.330429 0.00962806 0.0127713
0 0.614448 0.0537108 0.0237164 0.0204647
0 0.369724 0.255711 0.020808 0.0133644
0 0.917532 0.650503 0.0144504 0.0134947
0 0.942257 0.674353 0.0193382 0.0185469
0 0.958418 0.665801 0.0127159 0.0136577
0 0.699591 0.242611 0.0155733 0.0116594
0 0.247377 0.893115 0.00782184 0.0108309
0 0.914696 0.645554 0.0247142 0.0260393
0 0.366958 0.402856 0.0108131 0.0127784
0 0.778095 0.988259 0.0181732 0.0159305
0 0.536702 0.180013 0.0136926 0.0167159
0 0.886294 0.179914 0.0146496 0.0105231
0 0.517402 0.472376 0.0148149 0.0116133
0 0.898006 0.202612 0.0107233 0.0124269
0 0.952484 0.770226 0.0220959 0.0206165
0 0.507164 0.539755 0.0154415 0.0108566
0 0.913315 0.645111 0.0183498 0.0206135
0 0.954414 0.772577 0.0165482 0.0147645
0 0.593813 0.0113827 0.0155559 0.0147472
0 0.699854 0.852355 0.022751 0.0236778
0 0.953649 0.848561 0.0147091 0.0165737
0 0.888263 0.180509 0.0186623 0.0133107
0 0.732528 0.929421 0.0153433 0.0181049
0 0.791931 0.710797 0.0183546 0.0235643
0 0.574566 0.203482 0.0121309 0.0116778
0 0.948185 0.642445 0.014836 0.0167097
0 0.947688 0.639777 0.0154262 0.0135914
0 0.584665 0.177288 0.0121723 0.0181307
0 0.763917 0.240056 0.0268368 0.0239309
0 0.957788 0.664856 0.0155174 0.0169134
