0 0.739323 0.786947 0.0167955 0.0133711
0 0.685975 0.983579 0.0182546 0.015415
0 0.727137 0.263859 0.0147868 0.0139156
0 0.834524 0.806152 0.0232555 0.0151865
0 0.850938 0.959725 0.022136 0.0231676
0 0.6839 0.982729 0.0240612 0.0161705
0 0.37058 0.777537 0.0116244 0.011109
0 0.156294 0.861829 0.0123949 0.0156502
0 0.878167 0.978041 0.0161884 0.0183548
0 0.959788 0.518966 0.0162064 0.0162348
0 0.0169204 0.420931 0.0200255 0.0148581
0 0.801134 0.750476 0.0222936 0.0156733
0 0.969747 0.406446 0.0136625 0.0135119
0 0.158891 0.988865 0.0151913 0.0121151
0 0.725914 0.045703 0.0146957 0.0109676
0 0.541019 0.912406 0.0221294 0.0189167
0 0.105734 0.141539 0.0116877 0.0162079
0 0.747555 0.974965 0.00756127 0.0116474
0 0.594244 0.846383 0.0203098 0.0182625
0 0.281009 0.700962 0.0123625 0.014003
0 0.707212 0.860915 0.0149666 0.0122154
0 0.900469 0.684086 0.0122051 0.0145856
0 0.458327 0.0647027 0.00972444 0.0111032
0 0.994737 0.606129 0.0105268 0.0125084
0 0.0586883 0.563588 0.0112922 0.0104631
0 0.959978 0.460382 0.0116104 0.0126547
0 0.424386 0.118168 0.0179262 0.0127781
0 0.705501 0.0660809 0.0117737 0.0120967
0 0.0094158 0.127172 0.0162443 0.0125953
