0 0.3617 0.339449 0.0203983 0.0263073
0 0.178827 0.398644 0.0159988 0.0184164
0 0.785638 0.188624 0.0130053 0.0147816
0 0.400712 0.429423 0.0168382 0.0156826
0 0.447226 0.451664 0.0197817 0.0212471
0 0.318622 0.298744 0.0123198 0.0144619
0 0.3999 0.96801 0.0132511 0.0174351
0 0.203932 0.387123 0.0168734 0.0164745
0 0.5998 0.224186 0.0173705 0.0171292
0 0.228175 0.244087 0.0159813 0.0175176
0 0.65361 0.444054 0.0158861 0.0163784
0 0.168796 0.561806 0.0211849 0.0265453
0 0.233249 0.868488 0.01606 0.0146269
0 0.114697 0.778563 0.0175176 0.0174618
0 0.0674499 0.550844 0.0154207 0.0148942
0 0.844181 0.173412 0.0188029 0.0175788
0 0.164058 0.347416 0.0235285 0.0213608
0 0.371805 0.991244 0.0121951 0.0159675
0 0.330241 0.327335 0.020597 0.0214087
0 0.492571 0.267883 0.0206886 0.019542
0 0.0409827 0.925169 0.0121168 0.0159952
0 0.601806 0.519113 0.0176358 0.0212665
0 0.713063 0.357746 0.0161985 0.0216938
0 0.171456 0.521046 0.0182101 0.0242994
0 0.506837 0.725452 0.016409 0.0243165
0 0.15619 0.774983 0.0131755 0.0193863
0 0.271751 0.279227 0.0152673 0.0188166
0 0.645143 0.395038 0.0117742 0.0116206
0 0.127215 0.51894 0.0191695 0.0199318
0 0.337342 0.298388 0.0172257 0.0184531
0 0.116561 0.32773 0.0168109 0.0181071
0 0.528145 0.667763 0.0154111 0.0158735
0 0.383392 0.457517 0.0154615 0.0173452
0 0.582073 0.270074 0.0146693 0.0174094
0 0.121359 0.792513 0.0107416 0.0105442
0 0.106145 0.721098 0.0133348 0.015151
0 0.749223 0.192091 0.0162592 0.0219811
0 0.30528 0.330877 0.0204419 0.0269707
0 0.51186 0.377597 0.0119314 0.0131346
0 0.0752055 0.568013 0.0207445 0.0154778
0 0.589688 0.548641 0.0115566 0.010033
0 0.180382 0.625525 0.0153816 0.0113469
0 0.0277582 0.604697 0.016865 0.0245102
0 0.259066 0.788171 0.0229257 0.0227683
0 0.275086 0.843532 0.0171632 0.0208549
0 0.586481 0.534187 0.0118209 0.0125008
0 0.600631 0.476913 0.0171986 0.018161
0 0.452032 0.329519 0.015651 0.0158488
0 0.104171 0.807673 0.019589 0.024492
0 0.622121 0.492235 0.0168226 0.0189228
0 0.105083 0.720547 0.0177454 0.0177187
0 0.669722 0.43243 0.0180226 0.0153972
0 0.534258 0.652967 0.0190889 0.0209805
0 0.20919 0.339896 0.015023 0.0211457
0 0.575503 0.508618 0.0214453 0.0241525
0 0.816401 0.153582 0.00625914 0.00637457
0 0.370965 0.990924 0.0162995 0.0181513
0 0.463828 0.312358 0.0179735 0.0180959
0 0.273208 0.279042 0.0200503 0.0233684
0 0.51694 0.69918 0.0154077 0.0175591
0 0.529834 0.369241 0.0134668 0.0172394
0 0.0782323 0.349165 0.0189389 0.0260713
0 0.490795 0.409166 0.0105444 0.0138174
0 0.399794 0.96651 0.0178528 0.0219749
0 0.0928401 0.612421 0.0215057 0.017338
0 0.00469187 0.567328 0.00938374 0.0223495
0 0.0400311 0.924872 0.0183142 0.02061
0 0.51527 0.696708 0.0188603 0.0231485
0 0.528095 0.668028 0.0192791 0.0212006
0 0.570091 0.539924 0.0106499 0.0100535
0 0.303306 0.329419 0.0179666 0.0212127
0 0.0646157 0.608628 0.0195758 0.0201111
0 0.676487 0.490423 0.0111432 0.0127629
0 0.0419248 0.97922 0.010275 0.00927007
0 0.451476 0.329239 0.0193237 0.0198165
0 0.604032 0.496906 0.011831 0.0127244
0 0.519356 0.392154 0.0129128 0.0145795
0 0.0724801 0.281383 0.0167674 0.0161393
0 0.121526 0.792132 0.0124957 0.0132656
0 0.489591 0.408682 0.0139763 0.0162832
0 0.0971961 0.689792 0.0130346 0.0175027
0 0.724968 0.171553 0.0271513 0.02332
0 0.580911 0.271033 0.0187545 0.0213909
0 0.532203 0.65708 0.0245491 0.0333051
0 0.115373 0.780534 0.0216619 0.0267102
0 0.483466 0.726827 0.0179204 0.0175977
0 0.798833 0.178804 0.00869757 0.00992261
0 0.242866 0.85298 0.00963768 0.0126625
