0 0.554583 0.23823 0.0152458 0.0139674
0 0.548002 0.51002 0.0172308 0.0174742
0 0.585845 0.273811 0.0151924 0.0151911
0 0.590899 0.115356 0.0172902 0.0208058
0 0.162753 0.968066 0.0157551 0.0207195
0 0.333903 0.44781 0.0209752 0.0215887
0 0.120491 0.861239 0.0200201 0.0244018
0 0.0302507 0.082659 0.0168534 0.0178554
0 0.191755 0.279805 0.0100401 0.00952375
0 0.364324 0.0320969 0.0207638 0.0219479
0 0.0517455 0.0710084 0.0206161 0.0203981
0 0.0980053 0.084729 0.0187449 0.0222799
0 0.630724 0.943013 0.0122057 0.0128334
0 0.510465 0.450171 0.0144574 0.0154671
0 0.566489 0.169246 0.00828308 0.0104522
0 0.51364 0.419386 0.0118479 0.0133817
0 0.640796 0.663593 0.0235417 0.0204774
0 0.569878 0.920506 0.0190826 0.0240394
0 0.557581 0.20563 0.013802 0.0200968
0 0.309372 0.454446 0.0157991 0.0151188
0 0.290941 0.87602 0.0184874 0.0210013
0 0.559162 0.426594 0.0221558 0.0211271
0 0.575945 0.157179 0.0126602 0.0181093
0 0.310754 0.82834 0.0169808 0.0167959
0 0.241433 0.266797 0.0163785 0.0159696
0 0.473261 0.8573 0.0212715 0.019355
0 0.523839 0.440147 0.00928468 0.0102509
0 0.0137031 0.866196 0.0144514 0.0208325
0 0.559235 0.260525 0.01242 0.0129204
0 0.571872 0.188943 0.0112951 0.0150587
0 0.340762 0.471536 0.0168411 0.0189121
0 0.461422 0.0262204 0.014117 0.0152508
0 0.191191 0.279436 0.0127046 0.0123701
0 0.430739 0.326888 0.0213056 0.0194059
0 0.406517 0.349491 0.0154743 0.0145092
