0 0.41127 0.25299 0.0181193 0.0216862
0 0.338657 0.546648 0.0185448 0.025079
0 0.417762 0.325116 0.0176192 0.0168783
0 0.490716 0.26924 0.022469 0.0223326
0 0.596028 0.74449 0.0166281 0.0188205
0 0.34078 0.373626 0.0117284 0.0154071
0 0.408658 0.297156 0.00927278 0.0092454
0 0.437152 0.8904 0.01357 0.0170525
0 0.834189 0.349691 0.0229103 0.0297272
0 0.365647 0.408891 0.0170283 0.0234459
0 0.893825 0.759163 0.0122879 0.0123869
0 0.42079 0.280775 0.0170748 0.0207689
0 0.459262 0.535414 0.0215693 0.0208905
0 0.366854 0.502693 0.0182437 0.0165885
0 0.238081 0.576332 0.0199795 0.0167313
0 0.361843 0.254676 0.0225085 0.0244521
0 0.90283 0.800586 0.0123879 0.0147634
0 0.378988 0.544324 0.0155279 0.0201745
0 0.308885 0.538932 0.0200939 0.0238872
0 0.451445 0.221928 0.0219486 0.0224705
0 0.830369 0.318646 0.0175976 0.0221194
0 0.66471 0.355331 0.0177774 0.0268296
0 0.667801 0.924383 0.0177664 0.02038
0 0.951808 0.855738 0.00752699 0.00866508
0 0.261968 0.533906 0.017824 0.0162051
0 0.363687 0.251881 0.0248815 0.0303128
0 0.795807 0.691946 0.0159535 0.0168562
0 0.775442 0.271425 0.0185098 0.0178718
0 0.48103 0.865371 0.0124745 0.0147135
0 0.429163 0.915121 0.0103726 0.0100071
0 0.592107 0.243281 0.0118947 0.0105606
0 0.731033 0.317842 0.0174013 0.0186267
0 0.28218 0.616826 0.0169165 0.0106168
0 0.62218 0.988181 0.00935155 0.0138448
0 0.83267 0.347269 0.0174335 0.021309
0 0.5988 0.770182 0.0140093 0.0110617
0 0.387457 0.49969 0.0131979 0.0194022
0 0.565911 0.386501 0.0215111 0.0264879
0 0.404153 0.502542 0.00854683 0.00924873
0 0.436858 0.330746 0.0118546 0.0180456
0 0.437112 0.89087 0.0159132 0.0226048
0 0.582543 0.238369 0.0118719 0.0108181
0 0.395624 0.520941 0.01737 0.0165104
0 0.623018 0.278056 0.0105377 0.0107974
0 0.545998 0.959827 0.0171757 0.0195938
0 0.36584 0.3672 0.0166194 0.0230787
0 0.750582 0.394764 0.0184646 0.0193706
0 0.597863 0.255959 0.0149755 0.0140732
0 0.755561 0.313806 0.0119064 0.018262
0 0.944464 0.870756 0.0140885 0.0144417
0 0.243873 0.647062 0.0147635 0.0177292
0 0.560273 0.23957 0.0194547 0.0198036
0 0.483465 0.864982 0.0179928 0.0195841
0 0.479381 0.364431 0.0227529 0.0232698
0 0.361012 0.259158 0.0188558 0.0164961
0 0.282309 0.62105 0.0185699 0.0196203
0 0.630815 0.635504 0.0188383 0.0227597
0 0.244566 0.642693 0.017643 0.0267027
0 0.973155 0.743536 0.0100065 0.00917971
0 0.944966 0.869938 0.0125431 0.0106621
0 0.552643 0.480977 0.0113876 0.0111163
0 0.605187 0.785202 0.0146902 0.012455
0 0.941315 0.854591 0.0086121 0.00921172
0 0.581361 0.463105 0.0213386 0.021981
0 0.83925 0.680621 0.0153458 0.0166353
0 0.952427 0.855746 0.00971067 0.0123612
0 0.80808 0.603818 0.0204403 0.0265596
0 0.363557 0.251112 0.0230234 0.0213306
0 0.2576 0.598743 0.0136489 0.0112729
0 0.561286 0.241459 0.0226405 0.029418
0 0.311163 0.698967 0.0171696 0.0147475
0 0.366878 0.368144 0.0180191 0.0295151
0 0.283283 0.626537 0.0165414 0.0174576
0 0.311253 0.700244 0.0197702 0.0192797
0 0.592188 0.243519 0.0150331 0.0120841
0 0.361863 0.531457 0.0114701 0.0103428
0 0.606323 0.786432 0.0173249 0.0154864
0 0.341456 0.373874 0.0141326 0.0183432
0 0.459455 0.87488 0.0163384 0.017722
0 0.832012 0.318391 0.0220795 0.0263325
0 0.854891 0.315693 0.00580257 0.00631753
0 0.760418 0.336125 0.0136825 0.0166997
0 0.565307 0.384686 0.0180264 0.0202626
0 0.593842 0.218553 0.0144001 0.0115231
0 0.579151 0.774108 0.0172364 0.0146543
0 0.392293 0.457173 0.0183371 0.025108
0 0.839593 0.680635 0.0134463 0.0128266
