0 0.672023 0.822461 0.0099777 0.00834006
0 0.290799 0.873343 0.00943613 0.00899774
0 0.416 0.82194 0.00942993 0.0101703
0 0.309484 0.86646 0.0104021 0.00979292
0 0.630205 0.660787 0.0109668 0.00935495
0 0.473761 0.829483 0.0112272 0.00989723
0 0.402795 0.798811 0.01016 0.0106438
0 0.487599 0.973394 0.010771 0.00970536
0 0.595724 0.722624 0.00802183 0.00850105
0 0.630297 0.646923 0.00917149 0.00818843
0 0.384574 0.746439 0.00862098 0.0085063
0 0.373335 0.756489 0.0106859 0.0110579
0 0.609092 0.699016 0.0100782 0.00886679
0 0.423235 0.885122 0.0128439 0.0127529
0 0.491077 0.845413 0.00854653 0.00896603
0 0.508571 0.883504 0.00905341 0.0092783
0 0.645111 0.867528 0.00988841 0.0101086
0 0.561066 0.729264 0.00956726 0.00964081
0 0.667394 0.850034 0.00988579 0.00997126
0 0.6892 0.715871 0.00901657 0.00980407
0 0.579693 0.753117 0.013028 0.0128986
0 0.694737 0.866631 0.00733721 0.00835192
0 0.392421 0.808903 0.00886384 0.0090912
0 0.58461 0.694947 0.00878781 0.00936282
0 0.514652 0.897806 0.0079273 0.00974369
0 0.446295 0.897524 0.00954619 0.011044
0 0.540155 0.673872 0.00967234 0.00923955
0 0.627287 0.633515 0.00746602 0.00742227
0 0.347999 0.941046 0.00981012 0.0102859
0 0.535199 0.361391 0.00926632 0.00934875
0 0.512719 0.366029 0.012389 0.0113738
0 0.379443 0.926693 0.0109173 0.0103834
0 0.469842 0.604151 0.00907755 0.00818235
0 0.507868 0.828844 0.00777608 0.00806427
0 0.582165 0.394382 0.0100861 0.0110899
0 0.525324 0.867864 0.00966448 0.00933534
0 0.691917 0.891219 0.00838053 0.00955373
0 0.514757 0.797092 0.00917661 0.00967127
0 0.935437 0.923265 0.00878066 0.00964051
0 0.686373 0.877584 0.00694847 0.00756264
0 0.331371 0.704889 0.0107423 0.0112332
0 0.611044 0.896122 0.00879782 0.0100403
0 0.438973 0.622281 0.00931263 0.0096938
0 0.521591 0.624677 0.0111578 0.00851029
0 0.464244 0.724322 0.008982 0.00898427
0 0.49707 0.932188 0.00918075 0.00981677
0 0.232682 0.724011 0.00774746 0.00781852
0 0.529134 0.345304 0.010544 0.00969905
0 0.502416 0.898543 0.00864208 0.00822759
0 0.580881 0.712232 0.00957644 0.00949889
0 0.40713 0.979322 0.00997868 0.0103291
0 0.310312 0.840661 0.0103648 0.0104035
0 0.690358 0.774722 0.00900519 0.0104926
0 0.357951 0.785563 0.00812724 0.00862789
0 0.599681 0.73842 0.0102959 0.0114353
0 0.554799 0.832136 0.0106514 0.01059
0 0.622095 0.676848 0.00772858 0.00711775
0 0.703242 0.753327 0.00758505 0.00865173
0 0.632325 0.617539 0.00806177 0.00908697
0 0.423897 0.421377 0.0108812 0.00944355
0 0.546521 0.736257 0.00850475 0.00944316
0 0.305453 0.965436 0.0110936 0.0126106
0 0.489397 0.703172 0.00829354 0.00804639
0 0.620885 0.401121 0.0104507 0.0109121
0 0.247308 0.733924 0.00943749 0.0087027
0 0.533182 0.634177 0.00775963 0.00783932
0 0.522031 0.836111 0.00797564 0.00830841
0 0.523383 0.850576 0.00837028 0.00734252
0 0.578701 0.645646 0.0127455 0.0101799
0 0.953716 0.920856 0.00734007 0.00823098
0 0.628462 0.816326 0.00653744 0.00778085
0 0.578221 0.496566 0.00882035 0.0087305
0 0.496882 0.688593 0.00815448 0.00777626
0 0.490107 0.614837 0.00788498 0.00706494
0 0.482453 0.778824 0.00797957 0.00801039
0 0.544504 0.317954 0.00831985 0.00934526
0 0.220423 0.779944 0.0093718 0.00866413
0 0.679247 0.78599 0.00808293 0.00774443
0 0.751025 0.889383 0.0120564 0.0110016
0 0.753042 0.81176 0.010199 0.00939292
0 0.555426 0.61687 0.00886363 0.00883877
0 0.175244 0.820275 0.00895862 0.00931698
0 0.667308 0.809821 0.0100311 0.0118004
0 0.226787 0.747364 0.00903015 0.0106332
0 0.671515 0.770491 0.00849724 0.00955325
0 0.686942 0.624059 0.009148 0.00880909
0 0.894039 0.804493 0.0112007 0.0118374
0 0.568935 0.808953 0.0105996 0.00949287
0 0.706462 0.735461 0.00943863 0.010456
0 0.332733 0.95171 0.00848752 0.00920945
0 0.40895 0.653634 0.00631779 0.00826913
0 0.468725 0.775629 0.0107216 0.0105726
0 0.63077 0.412916 0.0102202 0.0101149
0 0.509948 0.761627 0.00867349 0.00837594
0 0.558656 0.328323 0.00802803 0.0089283
0 0.246977 0.199565 0.0100068 0.00921471
0 0.373907 0.698089 0.00776321 0.00782871
0 0.355299 0.916131 0.00799257 0.00873393
0 0.420257 0.977574 0.00872499 0.0102217
0 0.395221 0.773067 0.00817099 0.00916636
0 0.396444 0.931667 0.0103263 0.0108124
0 0.925947 0.983307 0.0102406 0.0107808
0 0.385208 0.702876 0.0100513 0.00970209
0 0.346611 0.908265 0.00828338 0.00902784
0 0.628818 0.858515 0.00826931 0.00755423
0 0.414947 0.760207 0.00704253 0.00730681
0 0.167796 0.801175 0.0101113 0.0108826
0 0.393549 0.73673 0.0108461 0.00944394
0 0.14845 0.817143 0.0091145 0.00873739
0 0.204581 0.804895 0.00739622 0.00768089
0 0.569321 0.785879 0.0129047 0.0118735
0 0.252766 0.217844 0.00774106 0.00793219
0 0.559828 0.851434 0.00684786 0.00740278
0 0.67153 0.670932 0.00953597 0.00994653
0 0.651257 0.661769 0.0081352 0.00822228
0 0.521876 0.608023 0.00774485 0.0083704
0 0.638233 0.395348 0.00967848 0.00926867
0 0.589748 0.355389 0.00842345 0.00954077
0 0.659395 0.670736 0.0073092 0.00787127
0 0.557565 0.817669 0.00754768 0.00800568
0 0.495047 0.950384 0.00967091 0.0112942
0 0.489916 0.960581 0.00845033 0.00748312
0 0.682079 0.639486 0.00875199 0.00978625
0 0.898734 0.991912 0.00714684 0.00755346
0 0.242473 0.491561 0.00868368 0.00843212
0 0.571108 0.635348 0.00654238 0.00657082
0 0.476622 0.332828 0.00851765 0.00847077
0 0.642666 0.824425 0.00733471 0.00765228
0 0.396041 0.635716 0.00706396 0.00700498
0 0.560129 0.397104 0.0100702 0.00950333
0 0.209527 0.464666 0.00691551 0.0070093
0 0.412177 0.772971 0.00702608 0.00768602
0 0.685514 0.744435 0.00872231 0.00852007
0 0.362035 0.580481 0.00912029 0.0084303
0 0.624096 0.802229 0.00845581 0.00809133
0 0.689237 0.855071 0.00792313 0.00708163
0 0.250637 0.230108 0.00876971 0.00880748
0 0.488278 0.636211 0.00918654 0.00811267
0 0.499354 0.756039 0.00828189 0.00817454
0 0.193314 0.809535 0.00743921 0.00928974
0 0.553831 0.715617 0.00622237 0.00646937
0 0.564408 0.628595 0.00628567 0.0066849
0 0.556185 0.440015 0.0106214 0.0120613
0 0.319444 0.986827 0.0101428 0.0117421
0 0.4688 0.933706 0.00843182 0.00898135
0 0.190103 0.452257 0.0070684 0.00773317
0 0.694408 0.909341 0.00823992 0.00766999
0 0.577415 0.364535 0.0070076 0.00763637
0 0.661354 0.789567 0.00907499 0.00962687
0 0.529579 0.458818 0.00918198 0.00956249
0 0.938018 0.895168 0.00802761 0.00813657
0 0.500858 0.818117 0.0129881 0.0123622
0 0.705902 0.833548 0.0106375 0.0086754
0 0.235587 0.542006 0.00821352 0.00826091
0 0.223446 0.715167 0.00706024 0.00693542
0 0.642632 0.788421 0.00921577 0.0105235
0 0.908506 0.904061 0.00690651 0.00686568
0 0.943219 0.883833 0.0100117 0.00987417
0 0.426072 0.758701 0.00759432 0.00774503
0 0.198165 0.178937 0.00984964 0.00977437
0 0.209557 0.689958 0.00951262 0.00914234
0 0.515325 0.638036 0.00992662 0.00901288
0 0.364858 0.924199 0.00862542 0.00874519
0 0.827175 0.836236 0.00922126 0.00880545
0 0.290759 0.847734 0.00690413 0.00728643
0 0.20843 0.141135 0.0102143 0.00978307
0 0.218555 0.201241 0.0109012 0.00998658
0 0.70068 0.897456 0.00747144 0.00784719
0 0.409279 0.645762 0.00597495 0.00687069
0 0.257822 0.844159 0.00902483 0.00969523
0 0.526284 0.315801 0.00725561 0.00796551
0 0.6946 0.846411 0.0083189 0.00703102
0 0.255588 0.179856 0.00835791 0.00910299
0 0.459508 0.705753 0.0076088 0.00777018
0 0.523922 0.677234 0.00657141 0.00717211
0 0.238248 0.166911 0.00988135 0.0104236
0 0.173295 0.145912 0.00769457 0.00751248
0 0.192631 0.488304 0.00777066 0.0080494
0 0.223444 0.831824 0.00954942 0.00863957
0 0.261543 0.712548 0.00769636 0.00817162
0 0.616274 0.655138 0.00669289 0.00703794
0 0.679146 0.731853 0.00750792 0.00745076
0 0.349153 0.692664 0.00692341 0.00789583
0 0.900519 0.893499 0.0110714 0.00980145
0 0.394172 0.916469 0.00776833 0.00886559
0 0.5057 0.679957 0.0103995 0.00875837
0 0.331622 0.705206 0.0129819 0.0134172
0 0.187899 0.797012 0.00861201 0.00779217
0 0.327918 0.323054 0.011433 0.0111991
0 0.619708 0.666844 0.0066911 0.00707281
0 0.605246 0.851987 0.0080415 0.00891858
0 0.898261 0.905575 0.00784338 0.00789833
0 0.191187 0.786627 0.0099026 0.00864273
0 0.386622 0.666993 0.00756365 0.00828904
0 0.361221 0.671372 0.00856516 0.00769162
0 0.539083 0.492572 0.00939637 0.0102642
0 0.454124 0.609038 0.00629386 0.0058006
0 0.566731 0.488677 0.00770819 0.00867683
0 0.612836 0.827636 0.00755 0.00772172
0 0.663771 0.779415 0.00735801 0.00660944
0 0.192513 0.210623 0.00935426 0.00772543
0 0.57542 0.485433 0.00923693 0.00809634
0 0.375919 0.673928 0.00965375 0.00813812
0 0.551477 0.339976 0.00624675 0.00582433
0 0.40896 0.435074 0.00794429 0.00789556
0 0.458082 0.629999 0.00624007 0.00658
0 0.705438 0.865955 0.0077427 0.00815201
0 0.228956 0.436337 0.00810069 0.00776044
0 0.658633 0.711754 0.00600994 0.00700325
0 0.607457 0.373137 0.00750923 0.00758639
0 0.661908 0.63905 0.00766313 0.00826913
0 0.146862 0.183378 0.00688978 0.00677246
0 0.33998 0.592557 0.00859481 0.00833774
0 0.499429 0.907658 0.00757873 0.00712359
0 0.505991 0.81558 0.0110409 0.00903094
0 0.710498 0.797516 0.0072934 0.00687754
0 0.819039 0.912435 0.00959891 0.0103908
0 0.273036 0.675226 0.0136286 0.0174804
0 0.67224 0.622176 0.00773221 0.00886488
0 0.467903 0.589259 0.00706291 0.00786704
0 0.310929 0.840497 0.0127202 0.012764
0 0.558328 0.498279 0.00923091 0.00966167
0 0.533641 0.794753 0.00595129 0.00651628
0 0.638174 0.63385 0.00737846 0.00700718
0 0.706688 0.833538 0.0130171 0.010606
0 0.550353 0.358675 0.00761682 0.00828806
0 0.856932 0.814644 0.0109937 0.0110973
0 0.69333 0.756315 0.00784886 0.00844556
0 0.672086 0.720133 0.0066275 0.00783616
0 0.161576 0.180421 0.00770058 0.00751925
0 0.452835 0.667523 0.011672 0.00874329
0 0.550208 0.682061 0.00843561 0.0086751
0 0.947931 0.932698 0.00830346 0.00905401
0 0.376791 0.580465 0.00825644 0.0090155
0 0.523922 0.790721 0.00622982 0.00651664
0 0.968756 0.756849 0.00888634 0.00890744
0 0.763484 0.221615 0.0194933 0.0164517
0 0.336039 0.311692 0.0079532 0.00816995
0 0.589989 0.357071 0.0103129 0.0147017
0 0.651731 0.834565 0.00880408 0.00894624
0 0.372131 0.916386 0.00710481 0.00707507
0 0.477421 0.452585 0.0140978 0.0114179
0 0.525088 0.810506 0.0076378 0.00827545
0 0.45548 0.681027 0.00830373 0.00741059
0 0.2106 0.812988 0.00745162 0.00735396
0 0.291484 0.428884 0.00810167 0.0079172
0 0.263604 0.991219 0.00888926 0.0105767
0 0.983201 0.754169 0.0092749 0.00938576
0 0.310652 0.313054 0.0117136 0.0106111
0 0.449237 0.601091 0.00680181 0.00656879
0 0.295941 0.36129 0.00987825 0.00920969
0 0.370349 0.686317 0.00787601 0.00717562
0 0.359811 0.376548 0.0126881 0.00927949
0 0.69176 0.891698 0.0106297 0.0127569
0 0.561574 0.73001 0.0122659 0.0137953
0 0.273789 0.624865 0.00888336 0.00861073
0 0.48846 0.335747 0.00704223 0.00761482
0 0.174598 0.482303 0.00683275 0.00711823
0 0.499644 0.907773 0.00918999 0.00881922
0 0.468111 0.917143 0.0105362 0.0117702
0 0.547273 0.331829 0.00780636 0.00737533
0 0.513844 0.738127 0.0104097 0.0129285
0 0.510914 0.83392 0.00961095 0.0113693
0 0.233678 0.708117 0.00526017 0.00675863
0 0.532602 0.331707 0.00982988 0.00814772
0 0.633928 0.614018 0.00947475 0.0136963
0 0.651589 0.801969 0.00829065 0.00808412
0 0.555424 0.776169 0.00673175 0.00732481
0 0.311602 0.458719 0.00947636 0.00938815
0 0.488231 0.313355 0.00684699 0.00698295
0 0.315815 0.366477 0.00772601 0.00846457
0 0.590838 0.363138 0.0104375 0.00862399
0 0.401019 0.44019 0.00860521 0.00874579
0 0.513585 0.739866 0.00944179 0.0101774
0 0.4677 0.909368 0.00784349 0.00805968
0 0.566313 0.487372 0.00843024 0.00957286
0 0.671125 0.769882 0.0105689 0.0122692
0 0.228784 0.847988 0.0102294 0.00823134
0 0.209177 0.812174 0.00834383 0.00822103
0 0.154619 0.174471 0.00711155 0.0075862
0 0.216469 0.52319 0.00748077 0.00876546
0 0.467714 0.438751 0.0114838 0.0114061
0 0.226296 0.746301 0.0112185 0.0145758
0 0.34648 0.907375 0.0102413 0.0102738
0 0.645343 0.867371 0.0121862 0.0132301
0 0.122409 0.138126 0.0068652 0.00896183
0 0.284468 0.84011 0.00705704 0.00682682
0 0.767563 0.885251 0.00745142 0.00708467
0 0.497262 0.687456 0.00839481 0.00823271
0 0.50867 0.882366 0.0106951 0.0102386
0 0.769712 0.858447 0.00846565 0.00856781
0 0.699402 0.896688 0.0102609 0.009745
0 0.671301 0.30968 0.0170892 0.0162641
0 0.242733 0.7071 0.00715512 0.00668812
0 0.194238 0.210895 0.0131318 0.00886516
0 0.287788 0.61932 0.0108972 0.00982928
0 0.705596 0.865986 0.0118979 0.0110314
0 0.642242 0.626179 0.00772417 0.00691831
