0 0.658086 0.332731 0.0242391 0.0222665
0 0.821898 0.289212 0.0180664 0.0207706
0 0.181852 0.72632 0.018229 0.0179844
0 0.0999191 0.201059 0.0147295 0.014435
0 0.895643 0.428881 0.0152584 0.0159336
0 0.0466724 0.129449 0.0186225 0.0174517
0 0.63364 0.835977 0.019962 0.0196213
0 0.712647 0.918095 0.0194691 0.0231249
0 0.829218 0.371194 0.0127842 0.0128912
0 0.844685 0.393363 0.0210857 0.0192165
0 0.952545 0.503381 0.0130134 0.0156504
0 0.886815 0.367304 0.0136932 0.0137749
0 0.755231 0.23236 0.0175549 0.0129717
0 0.152327 0.260932 0.0179747 0.0211506
0 0.132335 0.390693 0.017553 0.0162153
0 0.0779124 0.129316 0.0182889 0.0232187
0 0.594626 0.823712 0.0138134 0.0149109
0 0.116733 0.268503 0.0133819 0.013001
0 0.0615296 0.150494 0.0158498 0.0201378
0 0.113224 0.188484 0.0171863 0.0182824
0 0.59296 0.824499 0.0185462 0.0199685
0 0.0227532 0.178682 0.0102447 0.0149601
0 0.69009 0.550719 0.0248635 0.0248407
0 0.796556 0.259413 0.0253292 0.0253117
0 0.816895 0.214698 0.0242603 0.015867
0 0.989461 0.609366 0.0210773 0.0203062
0 0.132648 0.391677 0.0202518 0.0219644
0 0.947425 0.461897 0.009058 0.00893345
0 0.0443379 0.194248 0.0122838 0.0171562
0 0.843328 0.209481 0.0211675 0.0165962
0 0.951656 0.503414 0.0159164 0.0189276
0 0.146772 0.175211 0.0164005 0.0171169
0 0.0624047 0.149627 0.0187025 0.0246542
0 0.113347 0.189056 0.0200839 0.023399
0 0.98993 0.230203 0.0173515 0.0178049
0 0.0831917 0.235906 0.0174018 0.0182042
0 0.527252 0.0909251 0.0187946 0.0176024
0 0.932405 0.505089 0.00690079 0.00870055
0 0.0623958 0.147434 0.0160535 0.0183546
0 0.737324 0.607334 0.0201448 0.0213255
0 0.815929 0.213148 0.020593 0.012905
0 0.182973 0.72555 0.0215614 0.0224614
0 0.966049 0.392756 0.0119278 0.0146805
0 0.0126336 0.207536 0.0185749 0.0150204
0 0.711334 0.916498 0.0151295 0.0171524
0 0.955294 0.476712 0.0168796 0.0152514
0 0.787614 0.21373 0.025438 0.0300929
0 0.737189 0.306513 0.0134766 0.0182721
0 0.570769 0.0757064 0.0113258 0.0130477
0 0.712254 0.448794 0.0237196 0.028047
0 0.923037 0.504405 0.0055899 0.00818115
0 0.583564 0.880443 0.0141418 0.0153255
0 0.0306654 0.114186 0.015221 0.0129096
0 0.901778 0.392466 0.0118992 0.0155434
0 0.972629 0.436478 0.0110279 0.0103973
0 0.110314 0.191478 0.0300684 0.0281444
0 0.0290997 0.109765 0.0190118 0.0225926
0 0.153394 0.261088 0.0230643 0.0273325
0 0.823902 0.434055 0.0145974 0.0102634
0 0.956062 0.475945 0.0201877 0.0211502
0 0.582151 0.881555 0.0189195 0.0200583
0 0.71316 0.918867 0.0240113 0.0268903
0 0.176325 0.197268 0.0135661 0.0155777
0 0.974771 0.379132 0.0140886 0.012765
0 0.712172 0.448825 0.0288396 0.033445
0 0.785748 0.209373 0.0194997 0.0161415
