0 0.961358 0.875464 0.017836 0.01814
0 0.92982 0.897661 0.0152693 0.0176262
0 0.957782 0.836371 0.0120348 0.0098213
0 0.9913 0.679844 0.0134546 0.0118383
0 0.561645 0.810857 0.0192819 0.01842
0 0.743814 0.825898 0.021088 0.0264769
0 0.640284 0.761032 0.016627 0.0182722
0 0.599007 0.761427 0.0158318 0.016832
0 0.980012 0.84669 0.0158049 0.0182803
0 0.987387 0.64213 0.0162092 0.0155607
0 0.99308 0.952616 0.0136803 0.0195591
0 0.858524 0.562279 0.0217243 0.0221969
0 0.978331 0.846335 0.0212082 0.021053
0 0.599114 0.760696 0.0191047 0.0202162
0 0.927955 0.915118 0.0143825 0.00963175
