0 0.267217 0.96861 0.0187122 0.0189009
0 0.898459 0.91235 0.0229963 0.0261414
0 0.287482 0.912365 0.0152652 0.0186424
0 0.0436103 0.589933 0.0191474 0.0181246
0 0.881203 0.943166 0.0157661 0.0174837
0 0.955259 0.966946 0.0160658 0.0148388
0 0.129537 0.959288 0.0188768 0.0213158
0 0.331163 0.969065 0.0132846 0.0135406
0 0.298398 0.953589 0.0171456 0.0181634
0 0.690329 0.842826 0.0190545 0.0174496
0 0.331353 0.969488 0.015097 0.0171455
0 0.957642 0.966861 0.0206935 0.0173969
0 0.868307 0.8979 0.0126581 0.0132383
0 0.271005 0.532585 0.0241719 0.0209671
0 0.956866 0.966758 0.0244057 0.0220478
0 0.328482 0.649621 0.0178291 0.0189337
0 0.61215 0.918037 0.0170845 0.0184414
0 0.269863 0.533145 0.0295114 0.0260192
0 0.871241 0.897271 0.0204933 0.0187273
0 0.0669113 0.983686 0.019188 0.0193626
0 0.62532 0.482059 0.0160963 0.0181734
0 0.57405 0.630556 0.0169595 0.0159616
0 0.351394 0.0834303 0.0191527 0.0182963
0 0.673836 0.521577 0.0172102 0.0205355
0 0.328273 0.6489 0.0232312 0.0217188
0 0.917671 0.302755 0.009911 0.0113651
0 0.661148 0.176988 0.0151922 0.0160099
0 0.248611 0.992019 0.0237552 0.0145916
0 0.445484 0.989659 0.0124412 0.016225
0 0.869923 0.897466 0.0172382 0.0155483
0 0.0117617 0.606632 0.0204684 0.021825
0 0.828351 0.453928 0.0205452 0.0207771
0 0.132708 0.528094 0.00691414 0.00620919
0 0.331665 0.970757 0.0175751 0.0234108
