0 0.430776 0.707988 0.0165623 0.0157377
0 0.467367 0.731452 0.0137821 0.0134521
0 0.487273 0.748073 0.0166189 0.0194765
0 0.46436 0.700808 0.0136829 0.01617
0 0.44212 0.663326 0.0142616 0.0158834
0 0.464926 0.642088 0.0134324 0.0132295
0 0.493748 0.678827 0.0115232 0.0121994
0 0.504712 0.668179 0.012892 0.0167532
0 0.517871 0.655748 0.0114035 0.0122833
0 0.4653 0.605196 0.0114917 0.0114313
0 0.551822 0.75485 0.0127617 0.0120214
0 0.46788 0.594769 0.0107214 0.0120352
0 0.538763 0.769157 0.0162385 0.0119357
0 0.467183 0.597582 0.0124058 0.0176134
0 0.529841 0.820393 0.00858581 0.0134732
0 0.485579 0.773688 0.00762081 0.00788623
0 0.473195 0.480806 0.00986633 0.00879782
0 0.646041 0.499501 0.0252077 0.0221231
