0 0.213421 0.163888 0.0165975 0.0169768
0 0.15207 0.618797 0.020785 0.0222633
0 0.262368 0.272694 0.0187601 0.0197974
0 0.511115 0.0492555 0.0137753 0.015154
0 0.0670455 0.910176 0.0180786 0.0196537
0 0.142696 0.111606 0.0154582 0.0154034
0 0.649639 0.920637 0.0179994 0.0183525
0 0.754689 0.800367 0.01176 0.0141735
0 0.671206 0.964444 0.0143588 0.015897
0 0.724478 0.829358 0.0146772 0.0141419
0 0.147553 0.142075 0.0159756 0.014366
0 0.734274 0.581834 0.0169282 0.017144
0 0.213506 0.711093 0.0191356 0.0149307
0 0.381825 0.574428 0.0136353 0.014682
0 0.652835 0.970033 0.0131441 0.0131458
0 0.192459 0.294341 0.0127351 0.0150231
0 0.415859 0.601109 0.0184874 0.018548
0 0.221461 0.229396 0.0157363 0.0164633
0 0.612966 0.343577 0.0145584 0.0206047
0 0.420356 0.15749 0.0144137 0.0152355
0 0.279791 0.806544 0.0140954 0.0175837
0 0.695674 0.529773 0.0124384 0.0133839
0 0.263239 0.622155 0.0166434 0.0192236
0 0.80724 0.537037 0.0145094 0.017045
0 0.696937 0.776735 0.0108141 0.0131491
0 0.289214 0.629362 0.0194068 0.023118
0 0.69814 0.848634 0.0132214 0.0131992
0 0.493008 0.0164236 0.0193273 0.0238381
0 0.179453 0.214941 0.018131 0.0209718
0 0.17599 0.294483 0.0119655 0.0149744
0 0.312598 0.520045 0.0191067 0.0207468
0 0.349345 0.947576 0.013003 0.0155271
0 0.0939114 0.953673 0.0156539 0.0188918
0 0.763324 0.594872 0.0147416 0.0173983
0 0.806732 0.557325 0.0178049 0.0153605
0 0.559256 0.882529 0.0113543 0.0122696
0 0.634044 0.942384 0.0309582 0.0192375
0 0.296684 0.547252 0.0289003 0.0238563
0 0.963802 0.432467 0.0122043 0.0113442
0 0.0777266 0.932996 0.013676 0.0184937
0 0.774814 0.532138 0.0143308 0.0154171
0 0.0172285 0.969062 0.0180313 0.0176659
0 0.552396 0.37245 0.0159218 0.0196037
0 0.592765 0.88765 0.0138559 0.0148756
0 0.295213 0.545826 0.0229275 0.0190411
0 0.944416 0.639095 0.00949019 0.0108498
0 0.0787157 0.460419 0.0127702 0.012509
0 0.674457 0.280015 0.0132836 0.0143116
0 0.943973 0.451886 0.017548 0.0216892
0 0.769054 0.564681 0.0111227 0.0138565
0 0.26494 0.330869 0.0143118 0.015872
0 0.230151 0.691004 0.00699949 0.00893164
0 0.639433 0.942704 0.0199162 0.0179411
0 0.837144 0.535311 0.0114346 0.0169004
0 0.458062 0.0673881 0.0117539 0.0135049
0 0.249714 0.383916 0.0188498 0.0192953
0 0.0709448 0.954294 0.00966647 0.0126548
0 0.815883 0.0960719 0.0107616 0.0139496
0 0.641113 0.272414 0.0127494 0.0133438
0 0.446537 0.143007 0.0126144 0.0159754
0 0.312294 0.518388 0.0229975 0.0263419
0 0.723141 0.515622 0.0118904 0.0161455
