0 0.814897 0.701071 0.0149261 0.0148544
0 0.839264 0.665757 0.0138727 0.0161318
0 0.849507 0.750239 0.0123307 0.0132281
0 0.886872 0.71288 0.0167472 0.0159693
0 0.271608 0.0162069 0.0157007 0.018872
0 0.745484 0.734153 0.0120602 0.0124698
0 0.573878 0.396632 0.0130281 0.0162067
0 0.307653 0.924006 0.0126464 0.0165478
0 0.693688 0.12702 0.0166585 0.014573
0 0.257984 0.849982 0.0126621 0.0141895
0 0.311511 0.311525 0.0153064 0.0140812
0 0.210126 0.053847 0.0136975 0.0148054
0 0.796021 0.0955416 0.0113657 0.0137389
0 0.474823 0.261938 0.0158413 0.0179485
0 0.495854 0.490058 0.0172877 0.0195906
0 0.768613 0.102698 0.0153952 0.0187822
0 0.578798 0.99413 0.0130221 0.0117407
0 0.665914 0.808746 0.0235313 0.0253797
0 0.441598 0.426988 0.0129593 0.0132064
0 0.74876 0.0777682 0.013988 0.0136724
0 0.255222 0.76763 0.0139217 0.0146967
0 0.878191 0.37805 0.0170429 0.0164983
0 0.271264 0.86053 0.0124561 0.0159985
0 0.370093 0.0139328 0.0126499 0.0130081
0 0.710847 0.940273 0.0109326 0.0121464
0 0.309724 0.985023 0.0119989 0.0154468
0 0.124257 0.362314 0.0206885 0.0222133
0 0.643674 0.543901 0.0148287 0.0124712
0 0.297395 0.945834 0.0151599 0.0168929
0 0.857487 0.376777 0.0139607 0.0124127
0 0.0432282 0.417949 0.0107062 0.0106978
0 0.550747 0.030875 0.0157332 0.00977836
0 0.435128 0.462471 0.0121432 0.0120321
0 0.585293 0.178007 0.015961 0.0160649
0 0.561496 0.0110146 0.0205683 0.0219022
0 0.493184 0.363153 0.0130845 0.0141055
0 0.776061 0.674498 0.0137925 0.0122823
0 0.452431 0.377668 0.0157463 0.0168084
0 0.64355 0.477544 0.0148075 0.0151619
0 0.366501 0.8745 0.00660881 0.00849187
0 0.453303 0.379328 0.0184723 0.021758
0 0.694952 0.104778 0.0105785 0.0101183
0 0.747655 0.0761798 0.0208527 0.0182891
0 0.552377 0.263338 0.0214035 0.0191536
0 0.949827 0.667348 0.0212835 0.0226995
0 0.786087 0.661535 0.0150541 0.0157294
