0 0.84064 0.457185 0.013258 0.0152453
0 0.770073 0.211708 0.0134548 0.0168352
0 0.937728 0.891979 0.0149143 0.0169664
0 0.53156 0.463 0.0160596 0.0170733
0 0.625887 0.765593 0.0167793 0.0174594
0 0.650102 0.671537 0.0146536 0.0160541
0 0.445081 0.941229 0.0131753 0.0148487
0 0.467975 0.664411 0.0144901 0.0182884
0 0.418765 0.915208 0.012957 0.0162029
0 0.0237214 0.841462 0.0155029 0.016031
0 0.807669 0.136118 0.0165606 0.0198312
0 0.356611 0.878039 0.0136689 0.0168421
0 0.923889 0.763233 0.0191773 0.0173418
0 0.897626 0.389851 0.0142933 0.0146948
0 0.641379 0.113246 0.0166829 0.0181581
0 0.769721 0.868603 0.0134592 0.0165844
0 0.816599 0.804108 0.012504 0.0151718
0 0.662714 0.318577 0.0183904 0.018141
0 0.806135 0.394789 0.0188606 0.0179449
0 0.360696 0.371669 0.0169495 0.0172577
0 0.879847 0.699509 0.0143936 0.0171843
0 0.927217 0.318549 0.0162048 0.02241
0 0.816763 0.46185 0.011291 0.0121237
0 0.646661 0.259845 0.0156476 0.0173724
0 0.543851 0.55058 0.0143032 0.0151796
0 0.411286 0.310821 0.0171108 0.0185978
0 0.416619 0.596174 0.0159437 0.0184151
0 0.699658 0.740542 0.0141962 0.0155725
0 0.385016 0.31388 0.0122566 0.0156988
0 0.414576 0.650312 0.0128469 0.0133303
0 0.706726 0.690751 0.0145776 0.0138109
0 0.0602428 0.1051 0.015657 0.0145713
0 0.875283 0.446139 0.0165365 0.0175135
0 0.96791 0.803106 0.0133575 0.017255
0 0.967818 0.883334 0.0128967 0.0138168
0 0.442407 0.674818 0.0104582 0.0122953
0 0.326624 0.733062 0.0200212 0.0215935
0 0.905421 0.801669 0.0119369 0.0149742
0 0.746338 0.416074 0.0149364 0.016918
0 0.307233 0.944535 0.0143698 0.0184475
0 0.619081 0.126746 0.0117474 0.0132005
0 0.666652 0.80665 0.0159186 0.0189996
0 0.552179 0.460481 0.0134834 0.0144224
0 0.536906 0.638974 0.0128235 0.0169708
0 0.495086 0.740832 0.0139673 0.0159492
0 0.769422 0.266728 0.0160319 0.0148805
0 0.603617 0.159383 0.0164959 0.0197929
0 0.294282 0.431164 0.0134999 0.0149105
0 0.42813 0.884937 0.0128246 0.0165077
0 0.559526 0.784756 0.0130466 0.0123836
0 0.505581 0.824407 0.0175245 0.017779
0 0.595073 0.663951 0.0152552 0.0142664
0 0.601342 0.691892 0.0134932 0.0119669
0 0.541232 0.850453 0.0153373 0.0170698
0 0.831815 0.787153 0.0141888 0.0159801
0 0.526969 0.573178 0.0168158 0.0193287
0 0.593077 0.646101 0.0144737 0.0155338
0 0.707242 0.330125 0.0174268 0.0191956
0 0.58458 0.529266 0.010201 0.0109401
0 0.16382 0.611287 0.0182411 0.0184731
0 0.421025 0.517469 0.0157989 0.0215704
0 0.40795 0.619247 0.016198 0.0160511
0 0.738668 0.566363 0.0184801 0.0287918
0 0.780947 0.852636 0.0127215 0.0167694
0 0.888949 0.24357 0.0158135 0.0176262
0 0.671266 0.654355 0.0160164 0.0150794
0 0.972394 0.725629 0.0166031 0.0171492
0 0.726159 0.402592 0.0168614 0.0149021
0 0.893908 0.457518 0.0135403 0.0166658
0 0.0955436 0.438709 0.0147024 0.0174703
0 0.263073 0.0929096 0.0130798 0.0127732
0 0.627252 0.142393 0.0114682 0.0125825
0 0.198658 0.589151 0.0119852 0.0119244
0 0.801291 0.827029 0.0118014 0.0120541
0 0.466743 0.855712 0.0105317 0.0090515
0 0.766934 0.895749 0.0137036 0.016482
0 0.746278 0.317102 0.0127764 0.0128897
0 0.870741 0.516902 0.0124825 0.0158189
0 0.0790571 0.81821 0.0169081 0.0159103
0 0.698924 0.674734 0.0100983 0.0109156
0 0.138736 0.13571 0.0157881 0.0146654
0 0.0445198 0.805225 0.0175696 0.0152004
0 0.768613 0.573041 0.0199801 0.0242237
0 0.056968 0.825967 0.0147824 0.0153148
0 0.141669 0.425461 0.019285 0.0185018
0 0.929197 0.259337 0.0173859 0.0194646
0 0.435088 0.748639 0.0121307 0.0117044
0 0.758658 0.450752 0.0167065 0.0123339
0 0.685235 0.328405 0.0140205 0.0133605
0 0.404499 0.379796 0.00816366 0.00891408
0 0.795358 0.304305 0.0138432 0.0187907
0 0.981492 0.927748 0.0143577 0.0169193
0 0.646348 0.363485 0.0125356 0.0160839
0 0.729102 0.905187 0.0128166 0.0139465
0 0.918816 0.536015 0.0104612 0.0114918
0 0.421555 0.959086 0.0155997 0.016914
0 0.0440805 0.343482 0.0125191 0.0154625
0 0.977844 0.848323 0.0100842 0.0110813
0 0.397608 0.359097 0.0147887 0.0188828
0 0.833294 0.285322 0.0185789 0.0207561
0 0.216434 0.690557 0.0134838 0.0181636
0 0.659286 0.380538 0.00876498 0.012314
0 0.670115 0.29486 0.0162163 0.0171477
0 0.99096 0.809898 0.0160279 0.015995
0 0.333163 0.14994 0.0178343 0.0195631
0 0.494045 0.529487 0.0131643 0.0194405
0 0.295064 0.178147 0.0138347 0.0153594
0 0.233764 0.194897 0.0167577 0.0169596
0 0.511825 0.478196 0.0164448 0.0151192
0 0.172848 0.934662 0.00943866 0.0115156
0 0.689409 0.492706 0.0211914 0.024453
0 0.979556 0.850894 0.0108589 0.013896
0 0.118416 0.415983 0.0167356 0.0166945
0 0.527047 0.574949 0.0188329 0.0271112
0 0.955429 0.264524 0.0144899 0.0186944
0 0.591093 0.595598 0.00740761 0.0108151
0 0.35447 0.908113 0.0123311 0.0103819
0 0.505617 0.701171 0.0198549 0.0197762
0 0.885627 0.487358 0.0101425 0.010252
0 0.803089 0.876235 0.0124987 0.0136104
0 0.848153 0.747447 0.0221582 0.024686
0 0.202984 0.869648 0.0139655 0.0120313
0 0.145294 0.168134 0.0126356 0.00931874
0 0.69082 0.431067 0.0141851 0.0161503
0 0.381087 0.265239 0.0224006 0.0196037
0 0.580804 0.133216 0.0147197 0.018691
0 0.217766 0.91799 0.0103208 0.0118366
0 0.26193 0.836841 0.0149973 0.018952
0 0.089174 0.854604 0.0163974 0.0183377
0 0.241625 0.861711 0.0176834 0.0142397
0 0.540635 0.819157 0.0115635 0.0123947
0 0.291922 0.545542 0.0230663 0.0315132
0 0.440642 0.418904 0.0168546 0.0197723
0 0.693571 0.429794 0.0174999 0.0169541
0 0.438615 0.748674 0.0199581 0.0141611
0 0.54751 0.601107 0.0130089 0.0142663
0 0.493332 0.529026 0.0169537 0.0223336
0 0.332556 0.389348 0.0159294 0.0163237
0 0.475962 0.761295 0.025849 0.0141245
0 0.415857 0.454279 0.0141968 0.0162102
0 0.334128 0.151185 0.0221609 0.0255945
0 0.774716 0.499478 0.0141689 0.0105898
0 0.690474 0.772347 0.00979787 0.0135183
0 0.985265 0.836866 0.00917667 0.00860214
0 0.760009 0.697079 0.0135299 0.0144379
0 0.0532335 0.50223 0.0135854 0.0177931
0 0.479134 0.761248 0.0186688 0.0124474
0 0.506998 0.702339 0.0280495 0.0193503
0 0.437147 0.355816 0.00900155 0.0099341
0 0.661766 0.205344 0.0125739 0.021657
0 0.723415 0.153636 0.0109423 0.00910425
0 0.445133 0.749332 0.0117621 0.00994653
0 0.244339 0.116745 0.0246943 0.0226997
0 0.783695 0.284321 0.0134356 0.0154693
0 0.508616 0.70539 0.0233589 0.0122907
0 0.968336 0.701402 0.0158657 0.0211849
0 0.686497 0.519073 0.0195973 0.0156794
0 0.885154 0.0967098 0.01493 0.0153568
0 0.247052 0.236962 0.0136798 0.0158998
0 0.778764 0.304632 0.0118759 0.0113309
0 0.797583 0.766397 0.00850904 0.0141091
0 0.140888 0.425743 0.0245124 0.0220161
0 0.377375 0.263609 0.0152642 0.0172197
0 0.745793 0.317175 0.0153863 0.0153077
0 0.00477012 0.781788 0.00954024 0.0191969
0 0.912757 0.510924 0.0151134 0.0200653
0 0.565986 0.531112 0.0085268 0.00798035
0 0.989054 0.834652 0.00871468 0.0112358
0 0.763554 0.533296 0.0191925 0.0150304
0 0.770564 0.534124 0.0145466 0.0140343
0 0.00325575 0.37297 0.00637802 0.0160903
