0 0.250342 0.614586 0.0149522 0.0143573
0 0.193337 0.622146 0.0151943 0.0149611
0 0.107424 0.140568 0.0162899 0.017485
0 0.532682 0.579914 0.012327 0.015761
0 0.391354 0.679123 0.0152324 0.016986
0 0.506108 0.907225 0.015736 0.0152194
0 0.206601 0.459757 0.0165041 0.0181386
0 0.0424806 0.120863 0.0147524 0.0186536
0 0.977935 0.551111 0.0155686 0.0159378
0 0.296059 0.957584 0.0128207 0.0147839
0 0.342662 0.967526 0.0145726 0.0138553
0 0.229622 0.630327 0.0133398 0.0133373
0 0.255523 0.663321 0.0168435 0.0194669
0 0.199403 0.555252 0.0154866 0.0163705
0 0.21688 0.602634 0.0166327 0.0180527
0 0.127348 0.0817115 0.0155508 0.0154158
0 0.257685 0.779167 0.0144783 0.0180981
0 0.30534 0.929 0.0129136 0.0168108
0 0.0405355 0.825587 0.0163885 0.0170555
0 0.359277 0.689611 0.0178699 0.0194719
0 0.421545 0.987068 0.0112776 0.0109009
0 0.0489396 0.63104 0.0157568 0.0171178
0 0.0272898 0.276955 0.0130467 0.0138896
0 0.204205 0.144959 0.0131498 0.0153599
0 0.0971038 0.444553 0.0167357 0.0176533
0 0.361731 0.641739 0.0128595 0.0181833
0 0.561268 0.951261 0.0140962 0.0156885
0 0.0438052 0.0569099 0.0133133 0.0127699
0 0.104099 0.667363 0.0167088 0.0174317
0 0.0116787 0.0185468 0.0232374 0.0307192
0 0.356041 0.587174 0.0131481 0.0158563
0 0.178783 0.467093 0.0135574 0.0163933
0 0.298665 0.292493 0.0142221 0.0178465
0 0.137852 0.455079 0.0132019 0.0153981
0 0.276497 0.669416 0.0149382 0.0177183
0 0.111165 0.629608 0.0130153 0.0168028
0 0.968391 0.224014 0.0157539 0.0209688
0 0.953232 0.293856 0.0168651 0.0190318
0 0.175713 0.218164 0.0140346 0.0164334
0 0.661361 0.263503 0.0123836 0.0144473
0 0.142648 0.038077 0.0159742 0.0272418
0 0.0435373 0.858796 0.0132667 0.0146889
0 0.69197 0.922236 0.0124087 0.0126488
0 0.421804 0.200106 0.00666922 0.0109441
0 0.0130878 0.0208499 0.018777 0.0238501
0 0.371879 0.0426485 0.00936019 0.0125872
0 0.316635 0.708166 0.0147576 0.023007
0 0.316566 0.717698 0.0141955 0.013485
0 0.711918 0.941566 0.0166013 0.0187134
0 0.0928219 0.121564 0.0104128 0.0100978
0 0.558029 0.976062 0.01754 0.0177032
0 0.483932 0.97031 0.0134401 0.0127376
0 0.316757 0.705127 0.0134636 0.0164062
0 0.386973 0.583988 0.0110417 0.0103397
0 0.395038 0.624032 0.0203689 0.0192556
0 0.00702166 0.680174 0.0131513 0.0146562
0 0.450069 0.993584 0.0185596 0.012832
0 0.258512 0.58203 0.0147901 0.0175843
0 0.187438 0.591751 0.0200263 0.0162101
0 0.687906 0.401685 0.010515 0.0138354
0 0.123282 0.433143 0.0157605 0.0149429
0 0.801116 0.961167 0.0158401 0.0161293
0 0.130722 0.413866 0.0145211 0.0163282
0 0.273483 0.556474 0.0137362 0.0147348
0 0.432761 0.200952 0.00625351 0.00897141
0 0.801057 0.958619 0.0180485 0.0224236
0 0.199365 0.772572 0.0135277 0.0121197
0 0.579682 0.521516 0.0110407 0.010939
0 0.445955 0.785503 0.017322 0.0199009
0 0.395467 0.62228 0.025297 0.0252218
0 0.289006 0.557294 0.011856 0.0137597
