0 0.804702 0.0187284 0.0134726 0.0114011
0 0.303027 0.400559 0.015119 0.0156501
0 0.501261 0.242794 0.013884 0.0169694
0 0.408002 0.150037 0.017844 0.0150728
0 0.703568 0.0382054 0.014777 0.0123935
0 0.815699 0.0369804 0.017207 0.0156144
0 0.634015 0.436149 0.0165226 0.0126923
0 0.728718 0.431416 0.0104435 0.010796
0 0.32092 0.423115 0.014403 0.0164146
0 0.921552 0.584626 0.0112273 0.0118324
0 0.676063 0.614689 0.0156068 0.0146074
0 0.96795 0.21773 0.0129204 0.0137639
0 0.684935 0.545157 0.0107675 0.0100634
0 0.40124 0.111932 0.0171546 0.0156079
0 0.320593 0.424261 0.0167389 0.0208484
0 0.720932 0.0119868 0.0127066 0.0143267
0 0.770256 0.620053 0.0122329 0.00833815
0 0.453031 0.130575 0.0184174 0.0155139
0 0.130402 0.232048 0.0196369 0.0213118
0 0.48186 0.427331 0.0138214 0.0150276
0 0.698198 0.587039 0.011755 0.0149703
0 0.0366459 0.429331 0.0111133 0.0111063
0 0.888862 0.0931946 0.0133829 0.0101214
0 0.737345 0.507368 0.0110894 0.0110624
0 0.847717 0.421616 0.00692159 0.00729752
0 0.931915 0.0553947 0.0192981 0.0207844
0 0.589121 0.395133 0.0112091 0.0127534
