0 0.513458 0.174197 0.0180489 0.0168197
0 0.082669 0.0774708 0.0180288 0.0180951
0 0.153184 0.119494 0.0142717 0.0163425
0 0.307898 0.371581 0.0144358 0.0139027
0 0.341624 0.726901 0.0143383 0.0171232
0 0.76413 0.458606 0.0134929 0.0146607
0 0.556868 0.910047 0.0118322 0.012033
0 0.61926 0.637863 0.0167699 0.0140883
0 0.772734 0.883782 0.0146496 0.0190086
0 0.572572 0.744355 0.0179388 0.014737
0 0.569184 0.855979 0.0135288 0.0156929
0 0.722592 0.799925 0.0145372 0.0159146
0 0.473896 0.119656 0.011953 0.0125904
0 0.709597 0.781056 0.0180677 0.0186056
0 0.348101 0.942703 0.0116004 0.0148802
0 0.214912 0.0124609 0.0164953 0.0140416
0 0.570318 0.829623 0.0143024 0.0163262
0 0.553426 0.977664 0.00968295 0.0116884
0 0.140091 0.0823064 0.0108304 0.0111291
0 0.663021 0.988424 0.013492 0.0114496
0 0.624901 0.318621 0.0202972 0.0200642
0 0.849387 0.806547 0.0113052 0.0162144
0 0.331416 0.66979 0.0161354 0.0149615
0 0.443929 0.959438 0.0149098 0.0131008
0 0.800184 0.875604 0.013429 0.0141403
0 0.64979 0.100049 0.0133621 0.0138972
0 0.554612 0.726157 0.0118242 0.01657
0 0.0450768 0.0986238 0.0145972 0.0145301
0 0.98728 0.382887 0.0192165 0.0179368
0 0.338216 0.785362 0.0114939 0.0143945
0 0.932858 0.548902 0.0194866 0.0145615
0 0.324058 0.361879 0.0137465 0.0141855
0 0.587161 0.66101 0.0143772 0.0138402
0 0.176046 0.129581 0.0197917 0.0188396
0 0.586317 0.660581 0.0176761 0.0166973
0 0.231435 0.887742 0.0144944 0.0165619
0 0.685447 0.935143 0.0162327 0.0174614
0 0.592419 0.854078 0.0141806 0.0153167
0 0.723573 0.903353 0.0205555 0.0165944
0 0.61248 0.943971 0.0118726 0.0143493
0 0.182363 0.503991 0.0168052 0.015395
0 0.384357 0.919646 0.0151839 0.0170255
0 0.829601 0.660713 0.0168785 0.0180694
0 0.714749 0.977036 0.0128688 0.0143673
0 0.647703 0.294981 0.0167692 0.0136312
0 0.612621 0.0665706 0.0131168 0.0114656
0 0.568317 0.630506 0.0157176 0.0207003
0 0.778214 0.824813 0.0158666 0.0157421
0 0.510958 0.123461 0.0172582 0.0126064
0 0.661188 0.316621 0.0142815 0.0178347
0 0.987806 0.383982 0.0213692 0.0230575
0 0.9216 0.205607 0.0124752 0.0138761
0 0.505132 0.0950233 0.016165 0.013377
0 0.116352 0.693419 0.022385 0.0190792
0 0.202545 0.286123 0.0177565 0.0187555
0 0.634513 0.801162 0.0164779 0.0192558
0 0.344484 0.650523 0.0134305 0.0139097
