0 0.411392 0.0191619 0.0146572 0.0140107
0 0.884985 0.200254 0.0137318 0.0140212
0 0.29302 0.0191932 0.0174606 0.0187975
0 0.557844 0.862905 0.0163501 0.0176037
0 0.329234 0.0923826 0.0133388 0.016304
0 0.294719 0.110072 0.0157523 0.0171672
0 0.934488 0.735948 0.0146664 0.0149587
0 0.389526 0.0690383 0.0141295 0.0164868
0 0.0272511 0.0327465 0.0182768 0.0210509
0 0.816192 0.395248 0.0178089 0.0190745
0 0.589274 0.642555 0.0123073 0.0136398
0 0.2777 0.148111 0.0151292 0.0153688
0 0.319924 0.178451 0.0133396 0.0149961
0 0.479088 0.468735 0.0180103 0.0190274
0 0.467918 0.0785212 0.0167809 0.0171032
0 0.361239 0.146732 0.0166312 0.0229617
0 0.0869778 0.0752558 0.0153328 0.0166437
0 0.920736 0.784499 0.0159661 0.0166493
0 0.715722 0.143926 0.0144445 0.0149837
0 0.053179 0.0534845 0.0161466 0.0162597
0 0.456817 0.474915 0.0135845 0.0161463
0 0.62222 0.493931 0.016341 0.0179821
0 0.0764741 0.65981 0.0156288 0.0167023
0 0.0316014 0.0831139 0.0171635 0.0206594
0 0.18607 0.0081532 0.014458 0.0150906
0 0.557442 0.602748 0.0170223 0.0176933
0 0.582371 0.772471 0.0140681 0.0132321
0 0.639213 0.241291 0.0150741 0.0181132
0 0.330248 0.0174415 0.0158858 0.0200078
0 0.731816 0.223393 0.0114012 0.0149562
0 0.281062 0.504463 0.0132083 0.0139631
0 0.309165 0.0706814 0.0163208 0.0164462
0 0.619353 0.236343 0.0127032 0.0146033
0 0.655815 0.120077 0.0153316 0.0139615
0 0.241147 0.0402036 0.0160383 0.0184709
0 0.0256464 0.194243 0.0167492 0.0142238
0 0.885387 0.656574 0.0100729 0.0125861
0 0.673879 0.634309 0.0179486 0.0179427
0 0.974857 0.12129 0.0155576 0.0157161
0 0.314781 0.673051 0.0128961 0.0107131
0 0.751078 0.243563 0.0219379 0.0226427
0 0.650386 0.470615 0.0155312 0.0143831
0 0.717539 0.765903 0.0166821 0.0159675
0 0.173836 0.762725 0.0121397 0.011498
0 0.948458 0.0369134 0.0099659 0.0115238
0 0.616468 0.925091 0.0146303 0.0152332
0 0.95197 0.101419 0.0168492 0.0158172
0 0.89935 0.78077 0.0131291 0.0144554
0 0.79865 0.650114 0.015749 0.0171245
0 0.169144 0.560181 0.0115366 0.0155624
0 0.980755 0.0825262 0.0128965 0.0140296
0 0.606334 0.397393 0.0146396 0.0171922
0 0.620852 0.444739 0.0211369 0.0140778
0 0.721753 0.991541 0.0197163 0.0156
0 0.304574 0.655307 0.0163081 0.0171943
0 0.710678 0.40061 0.0143674 0.0124645
0 0.0335638 0.212868 0.0202721 0.0186578
0 0.352141 0.650291 0.0181195 0.0236834
0 0.807084 0.33983 0.0144261 0.016019
0 0.532353 0.00567365 0.0157337 0.010279
0 0.48753 0.113111 0.0142313 0.0151584
0 0.809486 0.846044 0.01334 0.0154662
0 0.442888 0.00541786 0.0130663 0.0105467
0 0.703037 0.210193 0.0134146 0.0105478
0 0.812129 0.664831 0.0141907 0.0121801
0 0.485674 0.529884 0.021798 0.0208097
0 0.622375 0.444951 0.0154386 0.0116415
0 0.202254 0.0977972 0.011028 0.0115329
0 0.00732629 0.223314 0.0127624 0.0178193
0 0.781975 0.330611 0.0118878 0.0114168
0 0.841585 0.333506 0.0136676 0.0145356
0 0.626784 0.539493 0.00691336 0.0131549
0 0.517597 0.99028 0.0197102 0.0194404
0 0.94664 0.0772531 0.0094372 0.0189946
0 0.0629695 0.55204 0.00842274 0.00926936
0 0.537899 0.887179 0.0190348 0.0134929
0 0.620361 0.404725 0.0121775 0.0157362
0 0.629009 0.428948 0.017006 0.0170999
