0 0.73505 0.697728 0.0143873 0.0153627
0 0.270911 0.922268 0.0181541 0.0182635
0 0.671792 0.797228 0.0151213 0.0164007
0 0.678068 0.911341 0.0156057 0.0147762
0 0.644247 0.717972 0.014868 0.0173472
0 0.883456 0.686648 0.0157444 0.0180826
0 0.468979 0.697655 0.0162084 0.0185833
0 0.224262 0.931305 0.0144409 0.0153806
0 0.756703 0.978419 0.0133505 0.0165453
0 0.168345 0.779673 0.0149606 0.0174082
0 0.549483 0.720335 0.0146239 0.0178909
0 0.888619 0.850193 0.0141742 0.0135597
0 0.0219817 0.343738 0.0152318 0.0171223
0 0.740437 0.847388 0.0162039 0.0154858
0 0.0138074 0.602857 0.0247681 0.0254791
0 0.721166 0.854369 0.0134686 0.0155033
0 0.504585 0.790834 0.0129536 0.0164566
0 0.325929 0.992896 0.0139164 0.0141041
0 0.185544 0.967576 0.0161596 0.0195457
0 0.233419 0.387213 0.0176022 0.0170291
0 0.272157 0.539321 0.0170785 0.0168807
0 0.604871 0.707763 0.0148537 0.0159767
0 0.213494 0.338033 0.016081 0.0177798
0 0.952043 0.712225 0.0134419 0.0161858
0 0.900288 0.730382 0.0153795 0.02288
0 0.912399 0.856959 0.0151342 0.0181715
0 0.128599 0.740084 0.0163698 0.0171797
0 0.944445 0.64752 0.0197521 0.0186796
0 0.0716682 0.518275 0.0154663 0.0202339
0 0.186451 0.353998 0.0173112 0.0155456
0 0.459099 0.495552 0.0177148 0.0174216
0 0.118988 0.0888047 0.0167434 0.0181271
0 0.877949 0.630899 0.0180946 0.0185968
0 0.683622 0.637288 0.0126791 0.0141296
0 0.0372619 0.388904 0.0186309 0.0166362
0 0.853697 0.776077 0.0173773 0.0205445
0 0.834271 0.638972 0.0162575 0.0156906
0 0.684777 0.663112 0.0119904 0.0142096
0 0.657158 0.669634 0.0129897 0.0120867
0 0.672708 0.624422 0.0132948 0.0156587
0 0.87618 0.76834 0.0157362 0.0180739
0 0.481353 0.652465 0.0186045 0.0243382
0 0.573543 0.842749 0.012288 0.0119721
0 0.716078 0.661463 0.0157151 0.0175694
0 0.652176 0.47706 0.0171246 0.018483
0 0.788163 0.671991 0.014088 0.0163965
0 0.0647775 0.095476 0.0126645 0.0148013
0 0.845084 0.61528 0.0122204 0.0156837
0 0.70543 0.599924 0.0154414 0.0180479
0 0.848343 0.984876 0.00824261 0.00833279
0 0.833449 0.815063 0.00956178 0.0113341
0 0.110337 0.66148 0.0123982 0.0170078
0 0.535072 0.963652 0.0118079 0.0118752
0 0.906065 0.89759 0.0114371 0.0166487
0 0.864413 0.44455 0.0163078 0.0205274
0 0.783895 0.98976 0.00929177 0.00980812
0 0.672063 0.796678 0.0186718 0.0193954
