0 0.776488 0.266314 0.00861448 0.0087842
0 0.918393 0.250105 0.012257 0.0129531
0 0.572206 0.348391 0.00909424 0.0103393
0 0.576992 0.315959 0.00944877 0.0102822
0 0.783615 0.22994 0.00920701 0.00950527
0 0.980917 0.684768 0.011829 0.0139872
0 0.75054 0.2594 0.0102487 0.0107995
0 0.545903 0.297547 0.00845695 0.00885144
0 0.941992 0.610566 0.00878108 0.009112
0 0.963864 0.310309 0.00801468 0.00939721
0 0.872964 0.928653 0.00782698 0.00858802
0 0.959379 0.291267 0.00817239 0.00758639
0 0.840718 0.897747 0.0111031 0.0100166
0 0.552885 0.633218 0.0104027 0.0111137
0 0.942586 0.564933 0.0100619 0.0102262
0 0.47889 0.64079 0.00763911 0.00961071
0 0.910539 0.308309 0.00996709 0.0103719
0 0.791279 0.272193 0.00968981 0.00988281
0 0.723501 0.265351 0.00814158 0.0079588
0 0.888555 0.538897 0.0122227 0.0137938
0 0.859336 0.34005 0.00811422 0.00933102
0 0.863166 0.289339 0.0104168 0.00986707
0 0.980898 0.268547 0.00904238 0.0101932
0 0.918584 0.345435 0.0100147 0.00988793
0 0.784061 0.322201 0.00779152 0.00706494
0 0.88271 0.333216 0.00874978 0.00914535
0 0.503408 0.482647 0.00945768 0.0101988
0 0.30734 0.927294 0.0106922 0.0130627
0 0.58239 0.302573 0.00887775 0.00991288
0 0.892936 0.292461 0.00873238 0.00982767
0 0.790575 0.339354 0.00816292 0.0091899
0 0.913747 0.329731 0.00738335 0.00818375
0 0.93445 0.347749 0.00796622 0.00934505
0 0.267284 0.98463 0.00833151 0.00814056
0 0.751515 0.339944 0.00973541 0.0108788
0 0.945287 0.358773 0.00851363 0.00911275
0 0.947321 0.27005 0.00937879 0.0100512
0 0.827685 0.440487 0.0112274 0.0109745
0 0.989937 0.67008 0.00794339 0.00937784
0 0.807792 0.352117 0.00874543 0.00953704
0 0.767707 0.257872 0.00756133 0.00792256
0 0.738663 0.341081 0.00918311 0.0106629
0 0.73888 0.310649 0.0133725 0.020777
0 0.756882 0.379787 0.0106689 0.0095996
0 0.766421 0.311412 0.00696045 0.00931263
0 0.827484 0.910563 0.00831151 0.00995177
0 0.836431 0.297884 0.00743675 0.0078921
0 0.926712 0.31698 0.00764924 0.0104886
0 0.933095 0.60193 0.00942767 0.00923288
0 0.583775 0.333084 0.00695151 0.00841075
0 0.492914 0.665338 0.0123346 0.0146267
0 0.873904 0.319532 0.00777018 0.00861073
0 0.904736 0.955491 0.0119362 0.0155836
0 0.903943 0.163759 0.0084337 0.0111107
0 0.907405 0.234877 0.0111949 0.00860167
0 0.846759 0.301682 0.00669742 0.00728816
0 0.903386 0.234844 0.0118225 0.00922394
0 0.859627 0.276603 0.0118494 0.00804615
0 0.551776 0.646216 0.00801808 0.00684106
0 0.826722 0.421131 0.00897181 0.00979766
0 0.907714 0.554954 0.0135117 0.0149499
0 0.932647 0.336166 0.00740755 0.00723803
0 0.759866 0.248602 0.00898838 0.0089222
0 0.572398 0.285332 0.00836182 0.0136301
0 0.779503 0.281684 0.00906074 0.00925103
0 0.805224 0.282625 0.00677109 0.0068655
0 0.925782 0.984935 0.00869107 0.00823212
0 0.839923 0.444145 0.00833851 0.00937042
0 0.78627 0.310406 0.00761592 0.00866264
0 0.865359 0.266155 0.00843179 0.0083046
0 0.982504 0.712626 0.00860786 0.00989342
0 0.906049 0.953945 0.0123242 0.0145565
0 0.542793 0.670289 0.0092687 0.00960374
0 0.775239 0.364513 0.00854737 0.00892544
0 0.910282 0.307291 0.0113674 0.0132526
0 0.776206 0.31126 0.00626135 0.00782108
0 0.964172 0.26425 0.010142 0.0156304
0 0.487427 0.71611 0.00891188 0.00907385
0 0.79197 0.371279 0.00954503 0.0104793
0 0.49512 0.72602 0.00920621 0.00848979
0 0.905658 0.632991 0.007851 0.0106775
0 0.915932 0.292847 0.00775874 0.00810033
0 0.916489 0.993965 0.0120022 0.00916249
0 0.307289 0.926529 0.0127984 0.0156109
0 0.902841 0.282152 0.00739783 0.00758725
0 0.864043 0.288237 0.0136603 0.0105763
0 0.551994 0.657018 0.00759947 0.00696278
0 0.910044 0.613389 0.0073517 0.0085119
0 0.567141 0.105923 0.0124823 0.012247
0 0.904722 0.298744 0.00845891 0.00763971
0 0.780263 0.25301 0.00742149 0.00793639
0 0.879435 0.238126 0.00700265 0.00833535
0 0.256491 0.991989 0.00854674 0.00856876
0 0.789455 0.377827 0.0104983 0.0117307
0 0.861884 0.275933 0.0138893 0.00788775
0 0.96449 0.278006 0.00870913 0.00819945
0 0.264606 0.973746 0.00797141 0.00773525
0 0.275189 0.953854 0.00838891 0.00880069
0 0.273009 0.967041 0.00784251 0.00863838
0 0.576936 0.315538 0.0121865 0.0126183
0 0.814361 0.281746 0.00650483 0.00727251
0 0.328079 0.838081 0.00802431 0.0125806
0 0.542622 0.657859 0.00708401 0.00665164
0 0.991928 0.344223 0.0061596 0.00708154
0 0.308414 0.888632 0.0146584 0.0149666
0 0.826387 0.44127 0.0147091 0.0135302
0 0.317683 0.845275 0.00651556 0.00710201
0 0.582182 0.300992 0.00980645 0.0108162
0 0.933063 0.600794 0.0110657 0.00995594
0 0.757141 0.379685 0.0126886 0.0121008
0 0.505907 0.724386 0.00698757 0.00767958
0 0.27841 0.980071 0.00677672 0.00813812
0 0.776397 0.312865 0.0061087 0.00752813
0 0.839896 0.286434 0.00720024 0.00767165
0 0.983183 0.607415 0.00624889 0.00591987
0 0.794277 0.324434 0.00775111 0.00886366
0 0.683502 0.304089 0.00774539 0.00913808
