0 0.0771984 0.0468319 0.0114265 0.00966226
0 0.115606 0.0609918 0.00877935 0.0103785
0 0.145125 0.0977034 0.0100808 0.00975101
0 0.10979 0.0452789 0.0090918 0.00939092
0 0.108063 0.157437 0.00872345 0.00865269
0 0.0615284 0.06179 0.00954187 0.00970039
0 0.0766796 0.0335348 0.0122609 0.0105842
0 0.10374 0.107868 0.0133567 0.0115331
0 0.150698 0.128506 0.0126031 0.013025
0 0.153782 0.131461 0.0134301 0.0124477
0 0.110807 0.141548 0.00965533 0.0112971
0 0.152614 0.12981 0.0182382 0.017596
0 0.158161 0.0926299 0.00709453 0.00811081
0 0.00618719 0.0311212 0.0110077 0.0119791
0 0.0167443 0.095567 0.00929024 0.0106914
0 0.0854542 0.056712 0.00674481 0.00804269
0 0.111693 0.143888 0.00998373 0.0135102
0 0.765632 0.0172713 0.0110055 0.0107075
0 0.110781 0.142953 0.011936 0.0162347
0 0.0417253 0.101046 0.00755082 0.00839359
0 0.197319 0.806387 0.0107528 0.0101025
