0 0.365582 0.540704 0.00890803 0.00921458
0 0.320955 0.69843 0.00989407 0.0117102
0 0.0414026 0.303448 0.00955614 0.0108837
0 0.984314 0.414864 0.00837499 0.00960237
0 0.302807 0.593218 0.00942627 0.00918365
0 0.743061 0.244066 0.0105286 0.0112894
0 0.483897 0.557968 0.00778896 0.00878006
0 0.465061 0.539876 0.00755319 0.00750011
0 0.50853 0.551465 0.0088293 0.00937021
0 0.278071 0.542132 0.0077194 0.010511
0 0.437875 0.551922 0.00944614 0.00967449
0 0.491595 0.520259 0.008255 0.00875527
0 0.504591 0.523211 0.00944102 0.00893039
0 0.440283 0.536902 0.0123255 0.00902551
0 0.436709 0.574131 0.00851554 0.00830746
0 0.305581 0.633093 0.00994417 0.0105131
0 0.391767 0.566896 0.00843117 0.00902539
0 0.269138 0.765558 0.0148034 0.0132195
0 0.0071188 0.356687 0.00930834 0.0100226
0 0.29557 0.884207 0.00959396 0.0105713
0 0.392272 0.625129 0.00922713 0.00973493
0 0.404948 0.627953 0.00924432 0.00960922
0 0.266039 0.545304 0.00771445 0.00893766
0 0.414915 0.593354 0.00985688 0.0107267
0 0.551195 0.647197 0.00850713 0.00863117
0 0.364314 0.561266 0.00845748 0.00928068
0 0.350506 0.353551 0.00918126 0.00864708
0 0.798931 0.270821 0.0110947 0.00990534
0 0.678174 0.268577 0.0111315 0.0104955
0 0.422721 0.524235 0.00719491 0.00773579
0 0.466338 0.515185 0.00718507 0.0068804
0 0.41092 0.582437 0.0132217 0.0114592
0 0.380275 0.554498 0.00748682 0.00800925
0 0.372559 0.968355 0.00948173 0.0100622
0 0.382212 0.670233 0.00824651 0.00847584
0 0.454459 0.535812 0.00741959 0.00797939
0 0.488753 0.573964 0.00796297 0.00884306
0 0.514297 0.525833 0.00815868 0.00948584
0 0.021281 0.423236 0.010021 0.0102673
0 0.298372 0.737796 0.0112382 0.0132602
0 0.400548 0.555156 0.0078615 0.00833088
0 0.30077 0.743801 0.0100451 0.0112531
0 0.412311 0.585351 0.0135285 0.0151364
0 0.429894 0.623536 0.00706044 0.00756055
0 0.37137 0.567704 0.0082159 0.0084123
0 0.256551 0.898962 0.0111542 0.0147152
0 0.278231 0.904957 0.0079304 0.0109348
0 0.299393 0.73949 0.0139968 0.0203199
0 0.299565 0.742017 0.0120129 0.0161925
0 0.461714 0.526682 0.00722235 0.00727922
0 0.00787501 0.285948 0.0105604 0.0117534
0 0.0439095 0.398633 0.0102691 0.00996494
0 0.40099 0.536659 0.00848493 0.00917512
0 0.796737 0.268608 0.0180035 0.0175514
0 0.0547616 0.375463 0.0086773 0.0107204
0 0.784226 0.283376 0.0093044 0.00830275
0 0.0417921 0.461587 0.00957184 0.00986311
0 0.0571964 0.417187 0.00865889 0.00952807
0 0.373322 0.680671 0.00796992 0.00779653
0 0.269429 0.888612 0.00801256 0.00824529
0 0.740791 0.287922 0.0103477 0.0132497
0 0.718738 0.226334 0.0137562 0.0151816
0 0.997372 0.424502 0.00525653 0.0109421
0 0.380735 0.566146 0.00619721 0.0081231
0 0.778125 0.256691 0.00828892 0.00848809
0 0.0364453 0.446404 0.00913885 0.00774175
0 0.045915 0.419038 0.00783205 0.00949556
0 0.250933 0.885788 0.00983486 0.00971144
0 0.508395 0.524082 0.0173092 0.011942
0 0.00726768 0.356245 0.0113061 0.012302
0 0.791104 0.263711 0.0105779 0.0107732
0 0.461841 0.526867 0.00969389 0.0095098
0 0.747723 0.285933 0.0132844 0.0152508
0 0.693016 0.279191 0.008331 0.00815678
0 0.0475158 0.449334 0.00780266 0.0075157
0 0.366172 0.562592 0.0126275 0.0158495
0 0.687632 0.254908 0.00949585 0.0106862
0 0.268655 0.925164 0.00801009 0.00826985
0 0.400437 0.537341 0.00980502 0.0114521
0 0.372679 0.681382 0.00912493 0.0102107
0 0.0346127 0.440551 0.0100409 0.011174
0 0.38889 0.548724 0.00765395 0.00733703
