0 0.729341 0.0292765 0.0106114 0.010291
0 0.562815 0.24946 0.00916624 0.00917636
0 0.542698 0.304572 0.0100129 0.00840378
0 0.748878 0.00811455 0.00758582 0.0088523
0 0.52261 0.285084 0.00654799 0.0115729
0 0.509665 0.393012 0.00666386 0.011217
0 0.604235 0.401552 0.00849843 0.00906086
0 0.644207 0.373467 0.0104349 0.00823194
0 0.61553 0.292948 0.00938278 0.00863907
0 0.607532 0.304306 0.00906354 0.00935841
0 0.465656 0.567114 0.00766429 0.0106209
0 0.502285 0.490228 0.00641614 0.00751066
0 0.707341 0.0100686 0.0156767 0.0163943
0 0.533426 0.416101 0.00726163 0.00702173
0 0.567826 0.398726 0.00808316 0.00823984
0 0.207192 0.0157916 0.00967921 0.00892066
0 0.587792 0.368899 0.00890177 0.00999546
0 0.543442 0.265962 0.00699228 0.00708169
0 0.0200518 0.189704 0.0123427 0.0118334
0 0.519547 0.351018 0.00697178 0.00824308
0 0.521055 0.398222 0.00734091 0.00850353
0 0.522261 0.553267 0.00577426 0.00580066
0 0.542831 0.38597 0.00721335 0.00882748
0 0.574834 0.237708 0.00878602 0.00963317
0 0.482283 0.330097 0.012602 0.0112911
0 0.53948 0.330029 0.0060308 0.00701493
0 0.804102 0.0540011 0.0116172 0.0129865
0 0.757694 0.0140673 0.00624388 0.00868697
0 0.215957 0.799416 0.0135038 0.0152544
0 0.704505 0.00983361 0.0228674 0.0177063
0 0.492257 0.494944 0.00548649 0.00659353
0 0.588073 0.368918 0.0100747 0.0130718
0 0.498373 0.461008 0.00536597 0.00751504
