0 0.234976 0.564457 0.0090436 0.00804138
0 0.440246 0.652875 0.00930965 0.00975358
0 0.323521 0.92839 0.0129788 0.0145626
0 0.38518 0.589431 0.00921321 0.0102155
0 0.503732 0.330065 0.00936678 0.010712
0 0.446277 0.547947 0.0102947 0.009655
0 0.546574 0.691192 0.00803852 0.00904584
0 0.316363 0.546637 0.00828451 0.00952321
0 0.680157 0.603373 0.00930977 0.00913876
0 0.282764 0.897884 0.0100082 0.00953901
0 0.447122 0.45474 0.0104454 0.0114073
0 0.277041 0.573668 0.00909287 0.0102432
0 0.702303 0.367726 0.00966835 0.0095354
0 0.358732 0.554888 0.00768948 0.00876451
0 0.426159 0.518072 0.0121325 0.0100768
0 0.621553 0.341398 0.00930488 0.00869203
0 0.709467 0.23288 0.00768435 0.00823589
0 0.709447 0.384451 0.00842798 0.00963163
0 0.359569 0.439633 0.00734863 0.00830823
0 0.421958 0.592686 0.00812054 0.00994205
0 0.6786 0.298021 0.00783938 0.00969094
0 0.353989 0.53995 0.00808936 0.00926936
0 0.726886 0.309884 0.00671023 0.00715986
0 0.48823 0.43506 0.00937042 0.010333
0 0.340977 0.579442 0.006955 0.00833958
0 0.562056 0.703838 0.0100083 0.0102957
0 0.488663 0.477417 0.00984839 0.0114306
0 0.40316 0.586938 0.0097003 0.00845999
0 0.420643 0.707402 0.00922757 0.00923842
0 0.258033 0.52311 0.00731874 0.00848711
0 0.315264 0.634838 0.00862488 0.00771487
0 0.340766 0.686159 0.00881997 0.00932974
0 0.702797 0.493052 0.0109236 0.0125199
0 0.469868 0.573544 0.00898093 0.00759524
0 0.442617 0.626044 0.00982514 0.0118992
0 0.264841 0.554177 0.00723255 0.00886416
0 0.26049 0.909116 0.00773135 0.00802803
0 0.344442 0.954638 0.00939584 0.00940669
0 0.465034 0.442274 0.00899661 0.0100903
0 0.152222 0.664629 0.00827599 0.00808102
0 0.338796 0.562217 0.00904122 0.00947905
0 0.223255 0.60892 0.00782375 0.0090189
0 0.61682 0.353343 0.00761813 0.00799751
0 0.664467 0.138257 0.00905848 0.0103994
0 0.334732 0.649577 0.00991976 0.00869924
0 0.458523 0.517099 0.0092245 0.00935483
0 0.466163 0.561358 0.00946006 0.00879478
0 0.186466 0.633492 0.00933471 0.00839686
0 0.476859 0.449546 0.00866365 0.00946751
0 0.401913 0.365622 0.00888404 0.00943148
0 0.528397 0.648929 0.00902086 0.0152688
0 0.404851 0.916422 0.00649241 0.00782126
0 0.357566 0.347582 0.00840318 0.00837442
0 0.264957 0.599946 0.00911018 0.0105991
0 0.340315 0.915873 0.0144235 0.0126133
0 0.414903 0.552434 0.00748891 0.0085758
0 0.406776 0.572771 0.00885504 0.00873828
0 0.417826 0.926524 0.00796375 0.00849956
0 0.3839 0.565221 0.00812972 0.00859582
0 0.172135 0.739573 0.0115673 0.0118574
0 0.164464 0.889254 0.00900669 0.0103115
0 0.480748 0.637377 0.00908566 0.00971603
0 0.513606 0.680715 0.011067 0.0103449
0 0.690323 0.219122 0.00873661 0.00942592
0 0.326735 0.42305 0.00742269 0.0075033
0 0.22765 0.628763 0.0085061 0.0088616
0 0.625731 0.565131 0.00915533 0.00892353
0 0.45423 0.567146 0.00678977 0.00781024
0 0.315305 0.500113 0.00898856 0.00935718
0 0.620259 0.588255 0.0107686 0.011836
0 0.198934 0.678025 0.00831294 0.0101216
0 0.389141 0.966633 0.0086759 0.0108159
0 0.647442 0.21768 0.00942671 0.00895271
0 0.234797 0.583062 0.00809669 0.0106663
0 0.652976 0.572414 0.0115969 0.0135037
0 0.453179 0.674516 0.00810641 0.0096159
0 0.541009 0.570364 0.00764638 0.0081287
0 0.913151 0.177378 0.00963974 0.00993553
0 0.49213 0.571167 0.00715524 0.00795811
0 0.324407 0.672232 0.0109859 0.00941414
0 0.321571 0.8505 0.00957358 0.0112381
0 0.686658 0.254456 0.00809419 0.00951834
0 0.290989 0.60591 0.0101874 0.0117518
0 0.72898 0.441182 0.00961667 0.00980073
0 0.663175 0.195093 0.0102753 0.00920196
0 0.42353 0.916314 0.00844496 0.00905436
0 0.347523 0.659769 0.0098896 0.0110303
0 0.678241 0.585275 0.0078758 0.00778067
0 0.735349 0.323033 0.00663531 0.0069153
0 0.681985 0.121488 0.00834334 0.00994367
0 0.275173 0.884204 0.00902575 0.00999451
0 0.255322 0.993592 0.00864792 0.00974655
0 0.380747 0.965818 0.00776121 0.00934339
0 0.58986 0.688692 0.00754994 0.00905442
0 0.967345 0.186621 0.00883251 0.00895338
0 0.505219 0.466412 0.0093174 0.00852224
0 0.241515 0.52214 0.00817184 0.00810969
0 0.462588 0.684033 0.0106531 0.0108385
0 0.664729 0.606872 0.00960255 0.0128497
0 0.62817 0.214034 0.00831258 0.00695701
0 0.438344 0.897813 0.00926074 0.00946808
0 0.548753 0.559793 0.00847608 0.00975972
0 0.405413 0.547104 0.00715408 0.00814855
0 0.349688 0.630385 0.00805932 0.00799906
0 0.318399 0.623106 0.00742608 0.0079692
0 0.492512 0.632565 0.00964144 0.0103484
0 0.471756 0.702605 0.00656959 0.00910145
0 0.302179 0.438914 0.00756779 0.00889122
0 0.45105 0.945107 0.0084815 0.00905949
0 0.272245 0.472395 0.00730571 0.00751457
0 0.543498 0.659249 0.00916958 0.00948793
0 0.27947 0.91343 0.0079999 0.00800782
0 0.602853 0.261458 0.00693244 0.0081856
0 0.819954 0.303801 0.0100018 0.00919428
0 0.196724 0.749433 0.00854836 0.00845718
0 0.37783 0.579226 0.00770772 0.00753236
0 0.240864 0.602834 0.00612892 0.00757617
0 0.307837 0.923073 0.00909233 0.0100845
0 0.694635 0.453755 0.0107277 0.0105679
0 0.468205 0.269954 0.0100454 0.0108758
0 0.689447 0.482055 0.00916231 0.00890008
0 0.48184 0.69848 0.00848424 0.00848234
0 0.374814 0.381161 0.00862429 0.00917563
0 0.388827 0.545066 0.00755996 0.00867021
0 0.515166 0.637214 0.00899792 0.00905579
0 0.155348 0.780382 0.00852923 0.0101385
0 0.418845 0.501848 0.00877702 0.0105647
0 0.22965 0.465471 0.00823422 0.0075762
0 0.36284 0.688364 0.0123153 0.0126551
0 0.760527 0.537743 0.00964046 0.0124504
0 0.155009 0.555633 0.009128 0.00860929
0 0.410699 0.258964 0.00700444 0.00756586
0 0.185049 0.479558 0.008516 0.00977838
0 0.24225 0.553692 0.00600076 0.00764716
0 0.371302 0.549702 0.00814325 0.0147688
0 0.43051 0.699177 0.00784341 0.00867987
0 0.139596 0.676852 0.00832927 0.00836706
0 0.632502 0.377807 0.00844586 0.00828993
0 0.504166 0.636611 0.00736088 0.00709176
0 0.738835 0.413623 0.00774139 0.00758839
0 0.409184 0.993466 0.0101618 0.0102817
0 0.495593 0.687056 0.008313 0.00885999
0 0.222516 0.62349 0.00777379 0.00765342
0 0.279962 0.436718 0.00747713 0.00771466
0 0.275651 0.420876 0.007902 0.00880137
0 0.290238 0.483372 0.00661516 0.00686178
0 0.1244 0.830597 0.0078954 0.00856417
0 0.186213 0.840657 0.0069333 0.00926167
0 0.698552 0.589895 0.00949514 0.0106277
0 0.602681 0.336947 0.00778043 0.00836194
0 0.716119 0.470765 0.0137078 0.0198824
0 0.973166 0.450333 0.0105026 0.0138462
0 0.524091 0.267319 0.00800186 0.00821763
0 0.308981 0.510348 0.0072155 0.00681186
0 0.886654 0.177319 0.0080328 0.00923349
0 0.456475 0.504076 0.00850174 0.00951865
0 0.68359 0.278012 0.00791818 0.0067746
0 0.336983 0.458555 0.00736907 0.00803444
0 0.325713 0.435592 0.00832978 0.00851107
0 0.208009 0.62166 0.00842972 0.00956488
0 0.293051 0.910459 0.00797382 0.0092957
0 0.151493 0.809378 0.00736876 0.00587118
0 0.418059 0.685237 0.00716513 0.00864542
0 0.351652 0.61355 0.00802383 0.00815678
0 0.362976 0.887344 0.00827298 0.0096004
0 0.240248 0.533302 0.00656953 0.00583178
0 0.347873 0.599779 0.0092262 0.00855255
0 0.484027 0.501915 0.00633776 0.00676879
0 0.524662 0.667633 0.010002 0.00805205
0 0.202825 0.694622 0.0065475 0.00682908
0 0.254706 0.554688 0.00645867 0.00760955
0 0.751354 0.529165 0.0083769 0.00902575
0 0.131562 0.234463 0.0213811 0.0232896
0 0.37769 0.611582 0.00861663 0.00789547
0 0.340756 0.432658 0.00846514 0.00819865
0 0.168603 0.854152 0.00813346 0.0093956
0 0.38821 0.622415 0.00798845 0.00841963
0 0.238414 0.727722 0.00877742 0.00776899
0 0.311225 0.480548 0.00918126 0.00839654
0 0.443058 0.694763 0.00788668 0.00834596
0 0.32469 0.436137 0.007193 0.00851229
0 0.371815 0.631946 0.00783676 0.00733376
0 0.342068 0.343591 0.00963092 0.0142381
0 0.343041 0.851885 0.00693727 0.00733429
0 0.760505 0.305972 0.00819814 0.0104668
0 0.227616 0.477267 0.0102717 0.00786743
0 0.655008 0.205602 0.00961375 0.00783864
0 0.219541 0.460292 0.00850859 0.00895309
0 0.223882 0.560773 0.00711118 0.00769484
0 0.167661 0.654656 0.00718926 0.00738144
0 0.248251 0.51124 0.00809564 0.00844836
0 0.609698 0.575661 0.0124205 0.0142025
0 0.344969 0.969282 0.0093073 0.00736159
0 0.748604 0.395577 0.00874692 0.00959077
0 0.222235 0.727168 0.00657015 0.00610483
0 0.225024 0.739448 0.00957222 0.00791645
0 0.452739 0.290333 0.0130495 0.0111574
0 0.208962 0.738992 0.00744313 0.00786561
0 0.120596 0.863764 0.0100995 0.00948071
0 0.408923 0.882075 0.00824434 0.00856
0 0.295818 0.521172 0.00823087 0.0069688
0 0.468621 0.425641 0.0096857 0.0116489
0 0.108783 0.813832 0.00917947 0.0102741
0 0.215313 0.747516 0.00744867 0.00706542
0 0.624671 0.546721 0.00990236 0.0101674
0 0.352352 0.420079 0.00786772 0.00785092
0 0.728134 0.280233 0.00763756 0.00799054
0 0.711695 0.266927 0.00687271 0.00736523
0 0.899401 0.183862 0.00784183 0.00703514
0 0.392155 0.410181 0.00680813 0.00744438
0 0.609075 0.36218 0.00931007 0.00875401
0 0.527587 0.66799 0.0145975 0.00961226
0 0.48242 0.682128 0.00977886 0.0105854
0 0.666865 0.183994 0.00796491 0.00777414
0 0.180068 0.649755 0.00846657 0.00771856
0 0.369594 0.951321 0.00785363 0.00875741
0 0.166692 0.818045 0.00696793 0.00814152
0 0.986205 0.464539 0.0091148 0.0122217
0 0.424086 0.674335 0.0086011 0.00819218
0 0.131353 0.606218 0.00915253 0.0097248
0 0.693402 0.349641 0.00761771 0.00843075
0 0.37927 0.875082 0.00824374 0.00924355
0 0.73277 0.423573 0.00935066 0.00843593
0 0.335048 0.400703 0.0074437 0.00829986
0 0.394777 0.336677 0.00703478 0.00820649
0 0.385126 0.705607 0.0112727 0.0119116
0 0.887513 0.318025 0.00871718 0.00878105
0 0.707162 0.246956 0.00714701 0.0068863
0 0.168205 0.533435 0.0075711 0.00943476
0 0.171998 0.503482 0.00763375 0.00806826
0 0.19972 0.658195 0.0116897 0.00868797
0 0.920729 0.225499 0.0104088 0.0105832
0 0.778805 0.404836 0.00862426 0.00897381
0 0.164052 0.548727 0.00758842 0.00796944
0 0.399211 0.559248 0.00817928 0.00712794
0 0.661329 0.194382 0.0148126 0.0130988
0 0.302354 0.463472 0.00713834 0.00845641
0 0.544115 0.297529 0.0130957 0.0149413
0 0.181983 0.508176 0.00761132 0.00841713
0 0.463937 0.584335 0.00704965 0.00748062
0 0.134754 0.875191 0.00800654 0.0082975
0 0.145251 0.57379 0.00785422 0.00822771
0 0.376582 0.891763 0.0102969 0.00880718
0 0.196781 0.910894 0.00676599 0.00789201
0 0.133777 0.808043 0.00704451 0.00714892
0 0.147956 0.801119 0.00844543 0.00904983
0 0.969662 0.240141 0.00829887 0.00991327
0 0.181366 0.911927 0.00962678 0.010574
0 0.143995 0.866484 0.00850238 0.00898057
0 0.659725 0.561037 0.00995427 0.00882816
0 0.138404 0.656915 0.00764525 0.0078547
0 0.174649 0.554806 0.00730838 0.00810164
0 0.565518 0.761145 0.00795859 0.00926888
0 0.469086 0.959655 0.00801048 0.00854528
0 0.331526 0.620008 0.00838757 0.00912422
0 0.700712 0.310462 0.00726384 0.0078826
0 0.958964 0.258853 0.00604862 0.00802407
0 0.380945 0.953412 0.00770569 0.00827938
0 0.496786 0.48409 0.00824058 0.00701892
0 0.391162 0.947567 0.00595635 0.00654262
0 0.329418 0.490896 0.00772628 0.00806236
0 0.945044 0.227376 0.00718117 0.00962409
0 0.157873 0.539274 0.00735649 0.00785327
0 0.297616 0.530861 0.00708866 0.00732118
0 0.303286 0.917135 0.009305 0.00797004
0 0.919601 0.23641 0.00827527 0.00889592
0 0.178861 0.895058 0.00614028 0.00628316
0 0.620596 0.58834 0.0129172 0.0141311
0 0.142258 0.930108 0.00851655 0.00993001
0 0.680258 0.187314 0.00937635 0.0161881
0 0.546342 0.299809 0.0114515 0.0113139
0 0.125879 0.736812 0.0108373 0.0105785
0 0.364219 0.688794 0.0171991 0.0179634
0 0.58868 0.561318 0.00951862 0.013837
0 0.0889929 0.940182 0.0117405 0.0108818
0 0.370125 0.69176 0.00803098 0.0114194
0 0.45764 0.356059 0.00937644 0.0114482
0 0.178076 0.539569 0.00605838 0.00578135
0 0.484036 0.463779 0.00744018 0.00750789
0 0.449637 0.289312 0.0149916 0.0111265
0 0.395779 0.569488 0.00648707 0.00720346
0 0.687759 0.471166 0.00937045 0.00916997
0 0.465402 0.664563 0.00707895 0.00661415
0 0.310589 0.482067 0.0112005 0.010875
0 0.132068 0.984995 0.00746274 0.00997812
0 0.659786 0.192913 0.0139871 0.0136048
0 0.748703 0.296499 0.00605839 0.00623721
0 0.619819 0.329306 0.00736046 0.00849313
0 0.23096 0.477676 0.0100034 0.00785589
0 0.204004 0.50951 0.0068779 0.00774765
0 0.203803 0.620232 0.0107063 0.0100883
0 0.333472 0.420203 0.00677115 0.00743315
0 0.160934 0.980778 0.00811963 0.00732493
0 0.306915 0.642402 0.00793296 0.00872189
0 0.384761 0.337043 0.00694901 0.00776267
0 0.457813 0.585602 0.00960815 0.00854433
0 0.615051 0.557377 0.00735712 0.0075928
0 0.385008 0.603959 0.0065015 0.00702018
0 0.134666 0.737663 0.0118296 0.0113453
0 0.53563 0.600607 0.00794667 0.00782943
