0 0.227864 0.553956 0.0100013 0.010704
0 0.267 0.604024 0.00998455 0.0104777
0 0.722749 0.708787 0.0100405 0.00961494
0 0.720997 0.692172 0.00919598 0.00976944
0 0.282463 0.617031 0.00912592 0.00976586
0 0.316846 0.65219 0.00881207 0.0110065
0 0.301456 0.641153 0.00903708 0.00906277
0 0.645393 0.215181 0.0104286 0.0105545
0 0.324417 0.626844 0.0121919 0.0129791
0 0.962076 0.737537 0.0104801 0.0101531
0 0.171979 0.424185 0.00827017 0.0103384
0 0.939409 0.771954 0.00878143 0.00914192
0 0.61876 0.209942 0.00976038 0.00926928
0 0.958525 0.765643 0.011128 0.012899
0 0.525588 0.771328 0.0104299 0.0101763
0 0.527306 0.786427 0.00927997 0.00940001
0 0.628518 0.20002 0.00996637 0.0132096
0 0.352226 0.610552 0.00789109 0.00951272
0 0.169628 0.495028 0.00936416 0.011779
0 0.908732 0.705178 0.00926495 0.0112406
0 0.184966 0.438758 0.00984697 0.00982684
0 0.158129 0.486719 0.00890946 0.0104978
0 0.809501 0.923413 0.0135753 0.0114959
0 0.336824 0.602161 0.00862697 0.0090065
0 0.330491 0.586358 0.00995883 0.00931245
0 0.20974 0.542795 0.0113568 0.014761
0 0.920997 0.751472 0.00840265 0.00990254
0 0.194197 0.542448 0.0110954 0.0100361
0 0.517537 0.828999 0.0123039 0.012355
0 0.52248 0.823401 0.0124812 0.00985587
0 0.081249 0.218561 0.0104277 0.00889835
0 0.530772 0.803063 0.00760496 0.008367
0 0.524406 0.829188 0.0141209 0.0132248
0 0.227328 0.498068 0.00772552 0.0110597
0 0.367039 0.618232 0.00761294 0.00864142
0 0.523468 0.826938 0.0188966 0.018145
0 0.361885 0.608435 0.00651288 0.00745952
0 0.525811 0.755166 0.010794 0.0101694
0 0.351724 0.610747 0.00959522 0.0133907
0 0.518112 0.809606 0.00903165 0.00828093
0 0.187133 0.54168 0.0107317 0.00996178
0 0.530997 0.803266 0.00906116 0.0100613
0 0.510428 0.806779 0.00854653 0.00760311
0 0.385903 0.179782 0.0144986 0.016957
0 0.210788 0.517079 0.00669637 0.00806922
0 0.321728 0.673428 0.0134744 0.0101229
