0 0.839064 0.111961 0.0140972 0.0117539
0 0.542282 0.0929343 0.013447 0.0131638
0 0.845359 0.134725 0.0146408 0.0155143
0 0.838786 0.112149 0.0163521 0.0145643
0 0.521987 0.0731832 0.0124927 0.0122698
0 0.55126 0.0790076 0.0123312 0.0113579
0 0.513375 0.09336 0.0107694 0.010483
0 0.81996 0.125237 0.0163208 0.0166149
0 0.360318 0.0678102 0.0159779 0.0164983
0 0.489033 0.0953334 0.0114677 0.0141639
0 0.521161 0.110632 0.0122963 0.0123429
0 0.835234 0.154591 0.0168102 0.0174313
0 0.556741 0.0258823 0.0129063 0.0141297
0 0.732904 0.0279934 0.00988555 0.00913026
0 0.502215 0.105321 0.0105134 0.0114545
0 0.551459 0.0624693 0.0149339 0.0149883
0 0.488735 0.0946172 0.0145283 0.0176437
0 0.334774 0.0655386 0.0186958 0.0219311
0 0.390715 0.10203 0.00825673 0.0105092
0 0.502604 0.0700595 0.0126019 0.0136893
0 0.732396 0.0417561 0.0116484 0.0112282
0 0.385136 0.0446632 0.016007 0.0130872
0 0.746967 0.0311491 0.0103174 0.0102081
0 0.527216 0.0518359 0.0163412 0.0187488
