0 0.640382 0.840442 0.0106395 0.0132223
0 0.865349 0.867822 0.0112022 0.0144154
0 0.6892 0.732591 0.01142 0.0113584
0 0.666415 0.7847 0.0115064 0.0102898
0 0.699109 0.717807 0.0127485 0.0144216
0 0.719385 0.819857 0.00947529 0.0100212
0 0.727836 0.722371 0.00886363 0.0103888
0 0.865717 0.837693 0.0110706 0.0118002
0 0.654569 0.790801 0.00752485 0.00900131
0 0.751289 0.736442 0.00945586 0.00906897
0 0.639283 0.761339 0.00886166 0.00939405
0 0.704141 0.767518 0.0118264 0.0132235
0 0.693858 0.779622 0.00933045 0.0127665
0 0.84144 0.787192 0.0107086 0.0102125
0 0.703212 0.784452 0.00869662 0.00859737
0 0.976621 0.892498 0.00752008 0.00763702
0 0.964998 0.952367 0.0110462 0.00962317
0 0.960296 0.900602 0.00844538 0.00942117
0 0.694761 0.779242 0.0130873 0.0187764
0 0.96374 0.93503 0.0120394 0.0104412
0 0.99397 0.904493 0.0106628 0.0145401
0 0.71683 0.722067 0.00693494 0.0072192
0 0.961801 0.889364 0.00779992 0.00810361
0 0.654825 0.769192 0.00806808 0.00786281
0 0.865013 0.867714 0.0139416 0.0172867
0 0.694574 0.747468 0.0119543 0.0113786
0 0.65732 0.743395 0.00965035 0.00791836
