0 0.256121 0.0094763 0.0167878 0.0155493
0 0.313913 0.761459 0.0166882 0.0156726
0 0.299837 0.435495 0.0165634 0.0159384
0 0.334228 0.46748 0.0154686 0.0116339
0 0.126916 0.0884755 0.0229858 0.0194152
0 0.144514 0.729693 0.0158258 0.0141228
0 0.00953606 0.250327 0.017906 0.0190334
0 0.194116 0.155935 0.0152209 0.0154832
0 0.071334 0.420482 0.0189059 0.0135471
0 0.0734427 0.452263 0.0157565 0.0133475
0 0.0438615 0.373892 0.0138862 0.0128725
0 0.144862 0.759301 0.0185317 0.0154864
0 0.536272 0.840809 0.0203274 0.0156776
0 0.00716017 0.423447 0.0140956 0.0187944
0 0.0642784 0.0270447 0.0140859 0.0128958
0 0.11737 0.0276006 0.0237436 0.0153726
0 0.13152 0.19816 0.0183144 0.0176384
0 0.0105404 0.460312 0.00963295 0.0101549
0 0.343719 0.540346 0.0134945 0.0133405
