0 0.303483 0.386647 0.01838 0.016168
0 0.587265 0.812216 0.0155079 0.0158493
0 0.506654 0.766638 0.0183307 0.0160317
0 0.557896 0.118309 0.0170929 0.0139975
0 0.9028 0.959011 0.0173635 0.0153263
0 0.570133 0.778385 0.01828 0.0157406
0 0.096437 0.549571 0.0152976 0.0169433
0 0.200921 0.222 0.0165652 0.0165033
0 0.917488 0.938569 0.0130259 0.0127022
0 0.459058 0.665369 0.0169984 0.0155655
0 0.61864 0.770396 0.0169424 0.0153715
0 0.0277062 0.259773 0.0167059 0.0134163
0 0.18913 0.0135338 0.0158493 0.0146035
0 0.911817 0.815861 0.0150211 0.0128776
0 0.511421 0.843874 0.0186965 0.0151419
0 0.649786 0.664309 0.0159601 0.0155597
0 0.548962 0.803088 0.01718 0.010956
0 0.492964 0.814407 0.011932 0.0110027
0 0.0736215 0.329559 0.0121139 0.0099127
0 0.993198 0.834984 0.0135369 0.0131294
0 0.292476 0.695875 0.0143667 0.013785
0 0.351413 0.670112 0.0166914 0.0133739
0 0.084383 0.304191 0.0142823 0.0128386
0 0.0803183 0.214708 0.0165352 0.0193426
0 0.41127 0.719614 0.0162098 0.0133389
0 0.0793776 0.213008 0.0209326 0.0258014
0 0.230804 0.649395 0.01559 0.0150772
0 0.700259 0.993361 0.0132418 0.0116535
0 0.143029 0.0343202 0.01517 0.0148022
