0 0.732321 0.929463 0.0127657 0.0150593
0 0.242027 0.820422 0.00824681 0.0111418
0 0.767113 0.238432 0.0164614 0.016608
0 0.934672 0.867619 0.022799 0.0179932
0 0.683756 0.916847 0.0131971 0.0164375
0 0.323552 0.224846 0.0132493 0.0128492
0 0.872887 0.771288 0.016824 0.0160261
0 0.767057 0.278346 0.0145845 0.013731
0 0.98069 0.248759 0.0127954 0.015146
0 0.557967 0.0562887 0.0194592 0.0202177
0 0.98193 0.814062 0.0157347 0.0169773
0 0.507331 0.539601 0.0151306 0.0127078
0 0.881099 0.751332 0.015333 0.0143955
0 0.418907 0.985022 0.0157044 0.0132554
0 0.579561 0.0412903 0.0167165 0.014771
0 0.576389 0.329951 0.0106537 0.013857
0 0.367357 0.402262 0.010473 0.0119393
0 0.776246 0.846572 0.0135818 0.0141701
0 0.944571 0.603583 0.0157413 0.0140329
0 0.38414 0.991464 0.0157599 0.0125843
0 0.41868 0.620716 0.0172184 0.0143133
0 0.916608 0.650611 0.0165558 0.0162157
0 0.941293 0.674079 0.0185848 0.0177165
0 0.263367 0.895568 0.0150627 0.00991249
0 0.662449 0.278186 0.0173686 0.0173274
0 0.791747 0.710353 0.0154563 0.0179307
0 0.700811 0.241892 0.0138958 0.0117766
0 0.958152 0.665228 0.0133716 0.0141687
0 0.536406 0.179422 0.0146392 0.0164104
0 0.700901 0.852764 0.0177841 0.0178009
0 0.885835 0.179841 0.013971 0.011228
0 0.842349 0.14658 0.014981 0.0173576
0 0.518141 0.472225 0.0138041 0.0125305
0 0.948542 0.640778 0.0110089 0.0102825
0 0.938323 0.787962 0.0161452 0.0146562
0 0.91796 0.599953 0.0170285 0.0148224
0 0.952887 0.833475 0.0102989 0.00999832
0 0.974747 0.830366 0.0131412 0.0126158
0 0.683036 0.362608 0.0120276 0.0164866
0 0.519527 0.0811666 0.0181212 0.0165019
0 0.915618 0.648342 0.0179092 0.0207666
0 0.585042 0.176808 0.0128121 0.0186221
0 0.59389 0.010876 0.0140173 0.0135326
0 0.95432 0.848143 0.0135218 0.016251
0 0.950512 0.76903 0.017149 0.0162455
0 0.368792 0.255754 0.0194425 0.0134061
0 0.723837 0.316974 0.0260368 0.0189036
0 0.60038 0.205079 0.020727 0.0168624
0 0.926154 0.619868 0.0111889 0.01384
0 0.994455 0.288912 0.0110891 0.0121525
0 0.615231 0.0548573 0.019873 0.0164963
0 0.247426 0.892711 0.00918189 0.0110634
0 0.575093 0.203401 0.0101911 0.0110064
0 0.764111 0.239512 0.0240818 0.0226977
0 0.888008 0.180531 0.0199502 0.0131763
0 0.897924 0.201533 0.00887913 0.00961523
0 0.699226 0.242987 0.0168506 0.0122516
0 0.777155 0.988129 0.0163233 0.0138512
0 0.681486 0.399212 0.00898552 0.0094431
0 0.961588 0.720187 0.00885981 0.00869876
0 0.912393 0.644491 0.019327 0.0192888
0 0.589276 0.0241405 0.0130319 0.0121363
0 0.67776 0.38256 0.00589997 0.00688863
0 0.994536 0.825905 0.0109272 0.0144833
0 0.913972 0.646839 0.0256218 0.025858
0 0.671246 0.222309 0.00617278 0.00682116
0 0.957567 0.890283 0.0178245 0.0111355
0 0.485357 0.520373 0.0120029 0.00883883
0 0.940601 0.91743 0.0116966 0.0119579
0 0.644744 0.315215 0.0156525 0.0158232
0 0.951955 0.770147 0.0215992 0.0203289
0 0.672781 0.231361 0.00649339 0.00904803
