0 0.539962 0.718074 0.0154858 0.0164489
0 0.989875 0.329694 0.0114163 0.0117705
0 0.670543 0.014078 0.0155495 0.0141797
0 0.757129 0.619398 0.0150791 0.0153828
0 0.724876 0.47431 0.0134876 0.0146555
0 0.551378 0.672846 0.0155432 0.0157616
0 0.788915 0.571647 0.0156834 0.0148947
0 0.592026 0.795329 0.0149837 0.0139
0 0.620217 0.570707 0.0144823 0.0129507
0 0.0415122 0.818007 0.0162252 0.015707
0 0.576551 0.64524 0.0178204 0.0157465
0 0.0932918 0.215346 0.0129906 0.0134511
0 0.0487368 0.695846 0.0164937 0.0152113
0 0.623522 0.263935 0.0158008 0.0146253
0 0.559397 0.60463 0.0169674 0.0147372
0 0.942999 0.401715 0.0111105 0.0115233
0 0.162282 0.598515 0.0165443 0.0156223
0 0.0752795 0.10386 0.0169632 0.0133468
0 0.274362 0.193909 0.0121892 0.0129632
0 0.28146 0.617026 0.0221752 0.0172462
0 0.841742 0.678997 0.013382 0.0136148
0 0.617414 0.728019 0.0114091 0.0148898
0 0.598913 0.726891 0.0119991 0.0102003
0 0.604838 0.627018 0.0110127 0.0119792
0 0.298056 0.720176 0.0138436 0.013411
0 0.0551685 0.671681 0.0148426 0.016865
0 0.93339 0.700549 0.012194 0.014357
0 0.0288246 0.742386 0.012944 0.00963891
0 0.914596 0.712056 0.014636 0.0118164
0 0.360066 0.687308 0.0136987 0.0144479
0 0.914609 0.650873 0.0137184 0.0150478
0 0.635482 0.691753 0.00828999 0.0086726
0 0.831907 0.62516 0.013929 0.0150129
0 0.627298 0.785676 0.0143688 0.0140851
0 0.324066 0.733926 0.0154374 0.0192081
0 0.120529 0.524475 0.0167568 0.0160621
0 0.0297646 0.746587 0.011651 0.013549
0 0.628006 0.705053 0.0120931 0.0112759
0 0.613451 0.643501 0.0116874 0.0106542
0 0.323802 0.734249 0.0188575 0.0227453
0 0.594867 0.633005 0.00954932 0.0110472
0 0.671743 0.734121 0.010049 0.0140856
0 0.567153 0.697371 0.00764948 0.00783771
0 0.59896 0.689874 0.00777185 0.00743216
0 0.657074 0.503165 0.0135279 0.0124792
0 0.0349155 0.662246 0.0136264 0.0180099
0 0.799026 0.66989 0.0122759 0.0120387
0 0.69828 0.722546 0.015619 0.0145817
0 0.571434 0.541416 0.0125771 0.0121656
0 0.618765 0.726243 0.0162209 0.0194876
0 0.779358 0.685449 0.0116155 0.0099228
0 0.0349765 0.662883 0.0182769 0.0222138
0 0.18389 0.0115249 0.0108029 0.0110571
0 0.122297 0.718478 0.0146196 0.0144323
0 0.627727 0.641538 0.0075385 0.0107908
0 0.671583 0.735319 0.0120462 0.0170894
0 0.561196 0.87614 0.0143248 0.0137401
0 0.627698 0.644334 0.00746179 0.00997138
0 0.380495 0.688425 0.00922674 0.00970995
