0 0.871367 0.834772 0.0100033 0.0107817
0 0.942286 0.483844 0.0094288 0.00971499
0 0.930465 0.465762 0.00923294 0.00953037
0 0.827946 0.679162 0.0100471 0.0100061
0 0.898153 0.704731 0.00810623 0.00847524
0 0.945441 0.795157 0.00904274 0.00893039
0 0.787786 0.789802 0.00957662 0.0106644
0 0.990785 0.451465 0.00803375 0.00933188
0 0.821992 0.590601 0.00862825 0.0102023
0 0.983766 0.607743 0.00754052 0.00795472
0 0.983865 0.267693 0.00934905 0.0107331
0 0.979998 0.89085 0.00860745 0.00991213
0 0.991548 0.427657 0.00686228 0.00918883
0 0.941284 0.167314 0.00809169 0.00904197
0 0.907488 0.634855 0.00908774 0.00969911
0 0.916588 0.699599 0.00920296 0.0111761
0 0.947215 0.765364 0.00834769 0.00891423
0 0.852655 0.739911 0.00963402 0.0100924
0 0.860188 0.335441 0.0103006 0.00984833
0 0.878342 0.642519 0.0104393 0.0101795
0 0.986164 0.76101 0.00931132 0.00997776
0 0.897706 0.439314 0.00830138 0.00783643
0 0.828587 0.74656 0.0104145 0.0116245
0 0.901915 0.420643 0.00828683 0.00810242
0 0.802469 0.756864 0.00908071 0.00921726
0 0.962965 0.229052 0.00943983 0.00906067
0 0.946824 0.548985 0.0101101 0.0115716
0 0.937558 0.307366 0.00963074 0.0105507
0 0.890175 0.728258 0.00899464 0.00860304
0 0.938735 0.354989 0.00885201 0.00967494
0 0.815185 0.620957 0.0111759 0.0119318
0 0.771485 0.794122 0.0102687 0.010204
0 0.920875 0.722973 0.00917321 0.00993061
0 0.90416 0.188517 0.0107743 0.0112709
0 0.869443 0.477553 0.00934672 0.0111355
0 0.929908 0.732818 0.00845528 0.00918686
0 0.989706 0.13999 0.0102608 0.00972083
0 0.95759 0.560394 0.0114754 0.00991952
0 0.950247 0.922226 0.00896299 0.00921023
0 0.79994 0.70855 0.0124794 0.0102264
0 0.980908 0.700544 0.00991935 0.0103584
0 0.976214 0.121061 0.0102134 0.0115949
0 0.908822 0.594043 0.00946981 0.00839865
0 0.981265 0.55481 0.0103573 0.00999469
0 0.857683 0.445647 0.00852966 0.00863302
0 0.967458 0.771211 0.009148 0.0102493
0 0.910863 0.612669 0.0104138 0.0135437
0 0.882388 0.611897 0.00978583 0.0101873
0 0.970252 0.611324 0.0111927 0.00986576
0 0.927313 0.370317 0.0089882 0.00970352
0 0.95679 0.428402 0.00854111 0.0127116
0 0.818185 0.577889 0.00831145 0.00977266
0 0.849877 0.327371 0.00810492 0.00945982
0 0.925724 0.986993 0.00939482 0.0105122
0 0.978113 0.587054 0.00855786 0.00908238
0 0.825801 0.565562 0.00965768 0.0108486
0 0.90378 0.401252 0.00680691 0.00737342
0 0.807961 0.570167 0.0107059 0.0115256
0 0.928033 0.296837 0.00974959 0.0100702
0 0.914053 0.414687 0.00721055 0.00644094
0 0.8905 0.636573 0.00813216 0.00891054
0 0.812551 0.778028 0.00896418 0.0100482
0 0.895314 0.548156 0.00795138 0.00878251
0 0.968917 0.933935 0.00823253 0.00958824
0 0.774289 0.744926 0.00844783 0.00895178
0 0.795091 0.583827 0.0104906 0.00997627
0 0.875314 0.173623 0.016032 0.014722
0 0.846441 0.772676 0.00905591 0.00959057
0 0.937029 0.324601 0.00790787 0.00833976
0 0.791956 0.776012 0.0076561 0.00747985
0 0.97345 0.623423 0.00812191 0.00792718
0 0.992546 0.304871 0.00993419 0.00889882
0 0.844141 0.59776 0.00883526 0.0103696
0 0.947055 0.82301 0.0063284 0.00754684
0 0.95128 0.147599 0.00902081 0.0112345
0 0.974497 0.920552 0.00803488 0.00823766
0 0.879513 0.449889 0.00928229 0.010152
0 0.942732 0.373022 0.00999337 0.0110243
0 0.970387 0.860941 0.0102935 0.00968325
0 0.807692 0.588243 0.00857008 0.0103814
0 0.866506 0.648196 0.00838929 0.00868142
0 0.893932 0.600682 0.00958598 0.00928897
0 0.913664 0.403972 0.00688004 0.00733757
0 0.974921 0.298318 0.00938869 0.00915727
0 0.995548 0.282411 0.00890368 0.010525
0 0.830076 0.706897 0.007967 0.00850451
0 0.993228 0.665356 0.0115816 0.0167701
0 0.971163 0.289123 0.0123165 0.0107994
0 0.88017 0.477316 0.00842404 0.0102102
0 0.772128 0.609906 0.00841027 0.0104128
0 0.774359 0.745279 0.0102472 0.01068
0 0.942401 0.993129 0.0151119 0.010448
0 0.926173 0.384701 0.0103031 0.00926602
0 0.954616 0.888498 0.00661123 0.00787526
0 0.99191 0.315834 0.0075649 0.00839952
0 0.923967 0.600552 0.00842893 0.00875497
0 0.990506 0.802088 0.0105324 0.00884092
0 0.766037 0.753095 0.00854659 0.00863916
0 0.966904 0.360205 0.00872654 0.00895739
0 0.951051 0.594445 0.00885946 0.00980973
0 0.953728 0.865154 0.00671309 0.00765914
0 0.878251 0.680395 0.00670624 0.00746894
0 0.976463 0.863649 0.00649738 0.00763685
0 0.964786 0.218057 0.00695896 0.00716656
0 0.913165 0.977309 0.00871217 0.00943446
0 0.944868 0.993416 0.0156037 0.0113381
0 0.812913 0.694483 0.0080843 0.00898391
0 0.990023 0.775626 0.00870359 0.00752419
0 0.897195 0.61266 0.00813824 0.0091629
0 0.916712 0.378132 0.00828475 0.00914726
0 0.997216 0.441015 0.00556773 0.00906143
0 0.978086 0.925064 0.00900114 0.00875241
0 0.994543 0.250641 0.00999737 0.0101849
0 0.722631 0.786283 0.0183406 0.0185876
0 0.972063 0.861831 0.0136204 0.0115337
0 0.88685 0.437329 0.00755501 0.00773585
0 0.972783 0.287913 0.0127079 0.0088976
0 0.944541 0.376127 0.00830913 0.0120639
