0 0.565462 0.0208844 0.00991571 0.0109024
0 0.0716357 0.0473795 0.00858423 0.00902102
0 0.097243 0.116249 0.00834553 0.00926296
0 0.085334 0.0456695 0.00698826 0.00797795
0 0.0529098 0.140773 0.00852692 0.0101221
0 0.561598 0.0370979 0.0103124 0.0101203
0 0.558066 0.0715863 0.00715619 0.00903573
0 0.440264 0.0389839 0.00895748 0.00958691
0 0.567727 0.0843674 0.00856817 0.00894409
0 0.533126 0.0107119 0.0117905 0.0140779
0 0.0706145 0.0621041 0.00779917 0.00752919
0 0.173446 0.0216085 0.00942087 0.00949153
0 0.564599 0.0569159 0.00996476 0.0095139
0 0.463942 0.0823234 0.00877723 0.00892472
0 0.0925382 0.0358794 0.0080503 0.00874479
0 0.380271 0.0527434 0.00868636 0.00956483
0 0.625596 0.0525177 0.00840718 0.00949785
0 0.0614429 0.153574 0.00831328 0.00972819
0 0.0640435 0.101598 0.0083109 0.00820202
0 0.0254174 0.170429 0.0103927 0.010071
0 0.367645 0.0915869 0.00746116 0.00842643
0 0.636641 0.0954746 0.0078907 0.00912941
0 0.526063 0.0261617 0.0076912 0.0080927
0 0.161431 0.115579 0.0089599 0.010192
0 0.0929467 0.0574899 0.00753236 0.00751233
0 0.225924 0.115172 0.00844698 0.00892715
0 0.0397903 0.0969482 0.00799866 0.00881709
0 0.428518 0.164043 0.010271 0.0113159
0 0.442144 0.112239 0.00948879 0.0098618
0 0.0511101 0.0588539 0.00688648 0.00799761
0 0.648664 0.0261992 0.00790614 0.00846434
0 0.443273 0.0173231 0.00776911 0.00858639
0 0.0131246 0.0470278 0.00847265 0.00970405
0 0.634915 0.0112945 0.00800645 0.00809746
0 0.0964151 0.0131751 0.00853 0.00978119
0 0.11218 0.0582299 0.00793786 0.00942599
0 0.321134 0.0231613 0.00792733 0.0085381
0 0.136073 0.0585207 0.0113202 0.0141079
0 0.313827 0.0388283 0.0111476 0.0125073
0 0.0592589 0.112957 0.00976257 0.0106604
0 0.495817 0.0127732 0.00767651 0.00825459
0 0.111731 0.113176 0.00820053 0.00971923
0 0.27509 0.0410755 0.00840384 0.00979685
0 0.0598988 0.0693704 0.00810571 0.0079819
0 0.538421 0.050849 0.00854605 0.00885527
0 0.185124 0.0443855 0.00859392 0.0087688
0 0.454126 0.094351 0.00875083 0.00911486
0 0.0666375 0.173889 0.00917001 0.0100152
0 0.0368132 0.122589 0.00817204 0.010011
0 0.465361 0.120475 0.00861987 0.00910439
0 0.212323 0.16614 0.00811772 0.00934561
0 0.340024 0.0391132 0.0070017 0.0079268
0 0.216564 0.0252884 0.0109984 0.00917882
0 0.498781 0.077761 0.0081856 0.00972874
0 0.11687 0.142487 0.0095943 0.00941572
0 0.0246941 0.0863057 0.00859519 0.00841919
0 0.0310038 0.15751 0.00852306 0.00956146
0 0.24625 0.0993284 0.00798349 0.00960535
0 0.38541 0.0892862 0.00970411 0.00944015
0 0.380926 0.102869 0.00796655 0.00894151
0 0.398572 0.0450244 0.00735816 0.00767108
0 0.0499431 0.074236 0.00740781 0.0078171
0 0.533954 0.06755 0.00665623 0.00805686
0 0.0598086 0.0679522 0.00838063 0.00712749
0 0.334621 0.00413479 0.00804356 0.00826958
0 0.42704 0.0914171 0.00682563 0.00735443
0 0.178454 0.0895373 0.0078689 0.00872413
0 0.50839 0.00273048 0.00766999 0.00546095
0 0.452632 0.00443622 0.0123505 0.00887244
0 0.291543 0.0754384 0.00787011 0.00907691
0 0.0189479 0.0619391 0.00852655 0.00952903
0 0.00393827 0.152608 0.00760927 0.0108966
0 0.0736056 0.0101288 0.0110762 0.0135236
0 0.642278 0.00362873 0.00865376 0.00714624
0 0.0664717 0.200714 0.0088683 0.007581
0 0.40133 0.108355 0.00749642 0.00773511
0 0.516672 0.064172 0.00570792 0.0062894
0 0.525001 0.0268135 0.00768167 0.00905701
0 0.51196 0.0811652 0.00779176 0.0081348
0 0.168388 0.0990641 0.00756101 0.00860675
0 0.351091 0.0696105 0.00630686 0.00700124
0 0.315004 0.249123 0.0089592 0.00852327
0 0.013328 0.159016 0.00712303 0.00760131
0 0.470324 0.0477031 0.0106978 0.0109069
0 0.644298 0.0154934 0.00807416 0.00897617
0 0.348403 0.0324666 0.00664264 0.00698719
0 0.07324 0.184517 0.00903957 0.00864831
0 0.0836327 0.0783725 0.00583882 0.00632051
0 0.518601 0.0181218 0.00739688 0.00849593
0 0.380128 0.0912331 0.00742656 0.00809274
0 0.0254925 0.0873873 0.00898715 0.0104069
0 0.526738 0.0614482 0.00804269 0.00825839
0 0.468787 0.0458983 0.0130858 0.0130487
0 0.408487 0.100436 0.00849283 0.00722227
