0 0.753717 0.87208 0.0104966 0.00985837
0 0.642039 0.873961 0.00867432 0.00914878
0 0.903651 0.921381 0.00877041 0.008506
0 0.708544 0.9528 0.00951785 0.00986177
0 0.904881 0.909328 0.00826073 0.00843662
0 0.659747 0.905462 0.0099476 0.00894392
0 0.90781 0.939442 0.00955355 0.00895351
0 0.643139 0.8546 0.00927758 0.00967181
0 0.948516 0.852542 0.00997734 0.0104554
0 0.658019 0.847698 0.00991875 0.00916708
0 0.81173 0.933166 0.00884283 0.00968778
0 0.692986 0.916614 0.0077709 0.00959551
0 0.646048 0.653664 0.00974983 0.00982827
0 0.601318 0.882674 0.00866306 0.0091188
0 0.697429 0.721895 0.0106351 0.00994915
0 0.653839 0.872011 0.00613195 0.00731617
0 0.909613 0.961353 0.00938606 0.00891185
0 0.681185 0.881145 0.0100323 0.0105499
0 0.646278 0.72068 0.00843757 0.00899774
0 0.626091 0.766358 0.00988865 0.00972408
0 0.692103 0.978438 0.00872922 0.00810242
0 0.626757 0.666993 0.00900346 0.00899202
0 0.80129 0.954286 0.00916481 0.0101886
0 0.659329 0.939067 0.0108814 0.012784
0 0.682996 0.92649 0.00888824 0.00919914
0 0.785819 0.90041 0.01055 0.0114155
0 0.661879 0.791985 0.00796515 0.00971872
0 0.954918 0.913021 0.0105486 0.0103207
0 0.693266 0.872918 0.00789851 0.00983316
0 0.677969 0.712775 0.011535 0.0103895
0 0.606369 0.908694 0.00875574 0.00976789
0 0.567908 0.841288 0.00874257 0.00932807
0 0.69718 0.900199 0.00839972 0.0081169
0 0.660201 0.622549 0.00934792 0.00896293
0 0.778086 0.869386 0.010762 0.0107678
0 0.625022 0.862739 0.00922382 0.0111683
0 0.629387 0.937995 0.0102378 0.0128655
0 0.669334 0.868681 0.00944746 0.00954551
0 0.980069 0.920329 0.00948977 0.00867236
0 0.524354 0.839626 0.00892472 0.00977778
0 0.732628 0.802424 0.009211 0.0100552
0 0.623634 0.841148 0.00931233 0.010354
0 0.860735 0.973913 0.0105701 0.0112236
0 0.570174 0.969844 0.00941336 0.00934601
0 0.667758 0.637808 0.00916338 0.00990331
0 0.532941 0.956551 0.00901735 0.00885582
0 0.608543 0.852961 0.00867707 0.00859946
0 0.940139 0.892809 0.0114197 0.0112263
0 0.669975 0.767081 0.00937688 0.00920486
0 0.814321 0.955786 0.00835872 0.00979388
0 0.616381 0.646679 0.00870347 0.00990653
0 0.576215 0.817029 0.00873381 0.00921476
0 0.766102 0.896739 0.00963843 0.0116062
0 0.603599 0.77214 0.00884658 0.00833523
0 0.543672 0.908858 0.0143452 0.0102856
0 0.802338 0.829569 0.01112 0.013048
0 0.652814 0.961974 0.00812131 0.00905836
0 0.5716 0.89891 0.0102604 0.00933307
0 0.820307 0.83924 0.010413 0.0105032
0 0.961396 0.89811 0.00953239 0.0103211
0 0.671845 0.783095 0.00898266 0.0101976
0 0.721249 0.87722 0.00673085 0.00678331
0 0.663511 0.920464 0.00829506 0.00789833
0 0.735077 0.880057 0.00772905 0.00867271
0 0.136771 0.989931 0.00890332 0.0092079
0 0.757084 0.754491 0.010078 0.00912952
0 0.748349 0.805169 0.00933444 0.00930977
0 0.580737 0.907667 0.00865257 0.00882268
0 0.76743 0.841178 0.00740337 0.00747037
0 0.702561 0.776161 0.0105071 0.0107206
0 0.629394 0.64889 0.00904363 0.00856882
0 0.536456 0.854717 0.00880402 0.0103791
0 0.96352 0.851761 0.0105062 0.010104
0 0.646057 0.925758 0.0113306 0.00884134
0 0.741441 0.758537 0.00924349 0.0103884
0 0.609738 0.585049 0.01253 0.010459
0 0.617336 0.829927 0.00778389 0.00775528
0 0.585053 0.840353 0.00853133 0.00914019
0 0.631554 0.970883 0.00860828 0.0100346
0 0.594398 0.927566 0.0128019 0.00965118
0 0.665034 0.597201 0.0129801 0.0114246
0 0.966724 0.91993 0.0079056 0.00769764
0 0.551018 0.786 0.00943971 0.0104368
0 0.979803 0.873047 0.00927699 0.00951004
0 0.588996 0.94422 0.00946593 0.011507
0 0.554613 0.852422 0.008403 0.00716001
0 0.696274 0.796296 0.0086686 0.00930852
0 0.724249 0.946693 0.0113134 0.0091539
0 0.953415 0.888576 0.0076195 0.00796717
0 0.663751 0.598267 0.0159305 0.0129284
0 0.803091 0.83292 0.0118019 0.0160255
0 0.760719 0.917215 0.00923693 0.0113314
0 0.577725 0.847477 0.00909173 0.00844115
0 0.764122 0.739623 0.0114485 0.012239
0 0.727481 0.972886 0.00736845 0.00766945
0 0.650106 0.613093 0.00924975 0.0103335
0 0.972636 0.904193 0.00759619 0.00770211
0 0.597723 0.834219 0.00723839 0.00769538
0 0.706946 0.75773 0.0145868 0.0127177
0 0.680551 0.606193 0.00910318 0.00927782
0 0.741906 0.84774 0.00948185 0.00869882
0 0.60794 0.625298 0.00878817 0.0085873
0 0.673993 0.730982 0.00852013 0.010107
0 0.21493 0.964584 0.0112052 0.00923669
0 0.591534 0.957157 0.00785255 0.00759429
0 0.75432 0.827613 0.00722206 0.0074594
0 0.711118 0.913418 0.00845301 0.0083639
0 0.714452 0.825913 0.00846839 0.008407
0 0.74054 0.921275 0.0105958 0.0113474
0 0.332533 0.983805 0.00977707 0.00709194
0 0.669782 0.893413 0.00815088 0.00824529
0 0.71348 0.841009 0.00904673 0.0103569
0 0.906667 0.893118 0.0099892 0.0098049
0 0.585908 0.828592 0.00696641 0.0070309
0 0.754494 0.900806 0.0090307 0.00877953
0 0.695401 0.619584 0.0121813 0.0111029
0 0.377056 0.976516 0.00936174 0.00879097
0 0.747769 0.951223 0.0096404 0.00914019
0 0.550962 0.817326 0.00913948 0.00808525
0 0.560906 0.797066 0.00720805 0.00812131
0 0.75075 0.737879 0.0104296 0.013241
0 0.601063 0.791232 0.0102993 0.010066
0 0.74609 0.884444 0.00666177 0.00816363
0 0.67211 0.933521 0.00725043 0.00762939
0 0.613668 0.570603 0.0101673 0.00985289
0 0.710431 0.787806 0.00958061 0.00768077
0 0.720676 0.795997 0.0119234 0.0121007
0 0.674392 0.74846 0.00881863 0.00815952
0 0.992388 0.90935 0.00691682 0.00702739
0 0.607058 0.932462 0.00799215 0.00884289
0 0.75566 0.888945 0.00722486 0.00860065
0 0.681026 0.606125 0.0117884 0.0105407
0 0.643737 0.590938 0.00908434 0.0101805
0 0.684529 0.956561 0.0100762 0.00902939
0 0.637603 0.892493 0.007065 0.00883484
0 0.736086 0.776549 0.00784326 0.00843334
0 0.771757 0.802675 0.0103569 0.0100927
0 0.622631 0.746451 0.00656956 0.00826436
0 0.561784 0.811227 0.00942153 0.0101292
0 0.791707 0.863466 0.0101721 0.0133339
0 0.766595 0.811506 0.009992 0.010208
0 0.743763 0.893484 0.00787914 0.00893247
0 0.234741 0.838817 0.0123032 0.0150398
0 0.693127 0.735081 0.00784892 0.0101335
0 0.630369 0.91664 0.00787705 0.00978106
0 0.803347 0.771538 0.0109085 0.0101879
0 0.509182 0.840407 0.00868291 0.00755286
0 0.563121 0.812198 0.00847018 0.0105072
0 0.744154 0.846612 0.0114757 0.00942689
0 0.719268 0.797091 0.0106211 0.0110836
0 0.587847 0.94543 0.0102797 0.0124798
0 0.620591 0.984104 0.00913191 0.0106807
0 0.985695 0.862026 0.00862277 0.00786823
0 0.296503 0.990756 0.0151908 0.013176
0 0.0720531 0.95307 0.00811855 0.00939429
0 0.711805 0.839486 0.0131351 0.0134206
0 0.602457 0.99489 0.0143463 0.00976849
0 0.562354 0.813634 0.00861406 0.00853616
0 0.650568 0.551075 0.00779581 0.00778198
0 0.71402 0.824849 0.00979936 0.00852281
0 0.628654 0.897046 0.00689328 0.00810778
0 0.675877 0.997407 0.00974309 0.00500143
0 0.661078 0.921169 0.0102724 0.00948125
0 0.539311 0.833877 0.00631809 0.0063259
0 0.708735 0.836584 0.0138142 0.0104719
0 0.0369273 0.92964 0.0107687 0.0132939
0 0.607634 0.947901 0.00724185 0.00871336
0 0.543567 0.704123 0.00901961 0.0083679
0 0.592906 0.966587 0.00814652 0.0089317
0 0.744792 0.818053 0.00796109 0.00806236
0 0.663948 0.880472 0.00741053 0.00713903
0 0.0883826 0.964771 0.00839445 0.00794029
0 0.73178 0.921243 0.0104719 0.0106881
0 0.0568767 0.889927 0.00882862 0.0106357
0 0.585382 0.917329 0.0087629 0.00746959
0 0.756445 0.935694 0.0111257 0.0156578
0 0.643316 0.805068 0.00670886 0.00686526
0 0.204936 0.809242 0.0117508 0.0116154
