0 0.92116 0.00704082 0.0145186 0.0124028
0 0.572647 0.788269 0.0113735 0.0107328
0 0.894715 0.52897 0.0146832 0.011095
0 0.571494 0.572053 0.0216446 0.0172554
0 0.543762 0.506738 0.0158407 0.0123888
0 0.456729 0.570679 0.0162944 0.0126325
0 0.109848 0.378571 0.0144165 0.0188503
0 0.732519 0.569612 0.0172383 0.0153868
0 0.924484 0.0276283 0.0104923 0.0113975
0 0.484344 0.659684 0.0102195 0.011278
0 0.579077 0.829777 0.0148342 0.0183102
0 0.837076 0.00949405 0.00808215 0.0085161
0 0.859411 0.185629 0.0241919 0.0176544
0 0.583838 0.590924 0.0235346 0.0131726
0 0.826837 0.493843 0.00968438 0.0117888
0 0.85482 0.485383 0.0158092 0.016381
0 0.933196 0.18272 0.0106995 0.0128306
0 0.567269 0.177633 0.0115488 0.013465
0 0.487307 0.566774 0.0162751 0.0102468
0 0.579761 0.0517015 0.00950116 0.0123898
0 0.457886 0.627449 0.0180508 0.0211418
0 0.565923 0.696096 0.00891113 0.00959337
0 0.0750764 0.698187 0.0112178 0.0102148
0 0.544089 0.598228 0.0189881 0.017845
