0 0.852623 0.548479 0.00602031 0.00692272
0 0.445783 0.802122 0.00752002 0.00743675
0 0.429674 0.830753 0.00760365 0.00923008
0 0.365228 0.50777 0.0077382 0.00786471
0 0.839511 0.646484 0.0083853 0.00842464
0 0.772217 0.604318 0.00654697 0.00677353
0 0.554697 0.73387 0.00708795 0.00686204
0 0.411712 0.634724 0.00864342 0.00919205
0 0.824115 0.571709 0.0113014 0.010986
0 0.80271 0.660507 0.00888956 0.00910437
0 0.485628 0.90194 0.00724754 0.00712126
0 0.46006 0.77814 0.0057869 0.00647956
0 0.348141 0.576639 0.00811395 0.00802994
0 0.386214 0.641963 0.00697112 0.0073092
0 0.471196 0.626828 0.0091345 0.00877404
0 0.579195 0.809842 0.00587595 0.00673866
0 0.482985 0.797675 0.00734273 0.00834596
0 0.436146 0.81066 0.00795364 0.00847358
0 0.379518 0.677855 0.0080263 0.008838
0 0.0658637 0.98441 0.0092298 0.00837827
0 0.438499 0.695628 0.00958431 0.00987792
0 0.561601 0.723136 0.00775385 0.0087679
0 0.692204 0.685421 0.00935954 0.00857282
0 0.363604 0.562969 0.00754529 0.00712013
0 0.558655 0.776707 0.0072093 0.0077858
0 0.939909 0.721141 0.0080803 0.00780392
0 0.365974 0.5229 0.00778142 0.00790113
0 0.653921 0.73398 0.00617296 0.00693196
0 0.428203 0.801186 0.00656319 0.00688815
0 0.449556 0.867831 0.00807211 0.00859755
0 0.603901 0.714819 0.0065099 0.00683481
0 0.752682 0.685164 0.00948876 0.0101818
0 0.468026 0.652053 0.00960922 0.00938016
0 0.425145 0.760476 0.00988466 0.00928921
0 0.427706 0.602008 0.00719404 0.00701183
0 0.157348 0.916259 0.00752711 0.00810504
0 0.73971 0.666738 0.00698185 0.00721091
0 0.696626 0.673069 0.00887948 0.00961858
0 0.154595 0.89476 0.0115696 0.0125025
0 0.610351 0.634624 0.00748885 0.00836432
0 0.428162 0.639214 0.0057745 0.00566518
0 0.542899 0.702165 0.0120128 0.0132511
0 0.38888 0.80256 0.00616199 0.00716537
0 0.395444 0.563087 0.00864401 0.00749552
0 0.107701 0.890292 0.00860006 0.00783575
0 0.50053 0.747049 0.00777826 0.0103165
0 0.514861 0.861416 0.00904948 0.00811577
0 0.445147 0.733894 0.00764027 0.00883329
0 0.343047 0.559363 0.00769144 0.00779134
0 0.741808 0.590988 0.00844002 0.00846863
0 0.46609 0.614131 0.00664452 0.00762057
0 0.49207 0.766896 0.00772133 0.00861716
0 0.392434 0.792675 0.00823173 0.00779074
0 0.4536 0.652189 0.00676566 0.00700915
0 0.171339 0.922043 0.00687714 0.00754625
0 0.411023 0.822453 0.00734082 0.00725323
0 0.662734 0.540454 0.00877744 0.00892162
0 0.46407 0.583117 0.00701362 0.00686342
0 0.353327 0.601842 0.00723034 0.00780106
0 0.416044 0.874538 0.0121262 0.0106197
0 0.655229 0.697661 0.00911713 0.00989491
0 0.704946 0.85812 0.00648499 0.00747639
0 0.59562 0.815502 0.0101417 0.00978774
0 0.45918 0.857827 0.00706175 0.00673676
0 0.448894 0.841608 0.00657693 0.00636941
0 0.310215 0.549212 0.00968021 0.00980407
0 0.689952 0.710289 0.0065676 0.00705338
0 0.857621 0.539457 0.00763071 0.00864142
0 0.458481 0.765825 0.00648212 0.00665158
0 0.622322 0.703964 0.00766861 0.00783437
0 0.748645 0.582013 0.00627202 0.00628144
0 0.655377 0.763648 0.00669098 0.00763559
0 0.653768 0.860518 0.00619155 0.00635183
0 0.660875 0.65478 0.00696683 0.00741613
0 0.555023 0.573133 0.00769472 0.00833738
0 0.413125 0.621623 0.00637132 0.00744581
0 0.398511 0.827212 0.0074926 0.00708699
0 0.841291 0.577053 0.0126925 0.0138878
0 0.479214 0.619937 0.00553933 0.00584352
0 0.503018 0.558499 0.00777417 0.00714558
0 0.695298 0.807347 0.00776505 0.00726354
0 0.505564 0.630581 0.00684202 0.00734067
0 0.603895 0.69712 0.0059917 0.00604677
0 0.946615 0.702925 0.00568312 0.00726622
0 0.659214 0.710891 0.00792193 0.00828028
0 0.416477 0.580291 0.00781116 0.00741243
0 0.722791 0.853476 0.00853729 0.00903648
0 0.657235 0.846833 0.00787216 0.00887603
0 0.502074 0.579359 0.00656748 0.00736493
0 0.322989 0.746782 0.00665054 0.00696689
0 0.351163 0.550819 0.00773215 0.00745434
0 0.623651 0.716245 0.00619078 0.0065217
0 0.167492 0.908051 0.00750436 0.00728935
0 0.645963 0.641136 0.00706732 0.0076344
0 0.405485 0.86293 0.00977403 0.00919223
0 0.678999 0.527909 0.00821656 0.0113425
0 0.298457 0.863359 0.0080142 0.00820196
0 0.574145 0.782934 0.00985622 0.00911331
0 0.334414 0.613172 0.0100753 0.00867289
0 0.528367 0.848804 0.00677854 0.00740242
0 0.108366 0.853155 0.00617141 0.00700223
0 0.826881 0.591873 0.0119034 0.0106312
0 0.32616 0.93201 0.00802773 0.00784761
0 0.890187 0.707531 0.00693244 0.00755036
0 0.150563 0.940168 0.00771637 0.00774097
0 0.331638 0.811165 0.0138496 0.0127968
0 0.835716 0.55924 0.00613135 0.00839841
0 0.376857 0.499071 0.00729322 0.00742686
0 0.308887 0.858502 0.00676996 0.00712663
0 0.916737 0.727111 0.00909346 0.00911093
0 0.408068 0.667482 0.00701961 0.00758791
0 0.952434 0.741431 0.00674188 0.00660193
0 0.71987 0.580677 0.0131209 0.0122697
0 0.0839358 0.88317 0.00672749 0.00665337
0 0.593185 0.803722 0.0074442 0.00802958
0 0.689683 0.602113 0.00902712 0.00877476
0 0.486386 0.627513 0.00755501 0.00667113
0 0.547195 0.783849 0.00603008 0.00659716
0 0.460083 0.829293 0.00613499 0.00613654
0 0.573045 0.718121 0.00870132 0.00791627
0 0.464493 0.737943 0.00796187 0.00710201
0 0.575423 0.783803 0.009637 0.0100441
0 0.938425 0.808963 0.00782734 0.00887221
0 0.764079 0.634314 0.00994647 0.0106249
0 0.429948 0.840467 0.00605717 0.00583607
0 0.678269 0.524944 0.00884515 0.0129404
0 0.327178 0.580183 0.00781783 0.00791609
0 0.692073 0.571888 0.00809491 0.00953996
0 0.765763 0.615268 0.00750065 0.0098812
0 0.521831 0.906222 0.0118073 0.0086298
0 0.882269 0.567711 0.0120587 0.0122207
0 0.947655 0.690967 0.00568008 0.007415
0 0.671109 0.581709 0.00820261 0.00690019
0 0.369791 0.667342 0.00759017 0.00972772
0 0.718023 0.531691 0.00874615 0.00978166
0 0.658817 0.668362 0.00842333 0.00961554
0 0.733859 0.600659 0.00705409 0.00811154
0 0.634999 0.632662 0.00621533 0.00595015
0 0.77757 0.514473 0.00753844 0.00876015
0 0.509454 0.729021 0.00545561 0.00679529
0 0.701448 0.765941 0.00637722 0.00646764
0 0.530263 0.829688 0.00607908 0.00627059
0 0.304522 0.588481 0.0113846 0.0114582
0 0.345103 0.733294 0.00688115 0.0070852
0 0.974301 0.990902 0.0119598 0.0121202
0 0.578723 0.77187 0.00936246 0.00845927
0 0.848044 0.704339 0.00784874 0.00777364
0 0.803164 0.549307 0.00896096 0.0115158
0 0.896393 0.690782 0.00630665 0.00606745
0 0.869347 0.551162 0.00888485 0.010083
0 0.718745 0.532707 0.00880629 0.00958121
0 0.650504 0.874775 0.00897253 0.0100832
0 0.918702 0.396504 0.0119198 0.0102172
0 0.365457 0.695554 0.00710401 0.00686264
0 0.21234 0.93985 0.00865059 0.00971264
0 0.659995 0.808042 0.00591266 0.00620365
0 0.559108 0.651189 0.00751519 0.00746387
0 0.70899 0.868913 0.00818759 0.00759292
0 0.895927 0.717905 0.00675428 0.00792724
0 0.412209 0.621369 0.00719738 0.00851244
0 0.651004 0.821889 0.00592256 0.00645101
0 0.397882 0.688634 0.00792217 0.00845402
0 0.690255 0.847834 0.00545573 0.00563449
0 0.391149 0.682645 0.00757673 0.00788385
0 0.679096 0.659251 0.00777781 0.00858653
0 0.430227 0.571555 0.00792351 0.00710642
0 0.128786 0.861064 0.00716801 0.00807685
0 0.474454 0.759813 0.00662154 0.00682735
0 0.545743 0.912502 0.00737369 0.00716859
0 0.539814 0.592105 0.0125582 0.00997102
0 0.657328 0.586704 0.0080806 0.00728643
0 0.515007 0.809551 0.0082798 0.00861454
0 0.383556 0.73183 0.00764447 0.00729632
0 0.504056 0.85077 0.00770682 0.00879723
0 0.452878 0.744788 0.0105787 0.0104052
0 0.503656 0.848697 0.00757369 0.00792426
0 0.396969 0.812927 0.00787911 0.00712532
0 0.584352 0.958692 0.00825077 0.00860959
0 0.19236 0.352517 0.0105084 0.00907364
0 0.119468 0.900335 0.00777679 0.00748497
0 0.386415 0.573256 0.00801134 0.00774997
0 0.491904 0.724524 0.00790024 0.00792724
0 0.0861905 0.930941 0.00835752 0.00781208
0 0.124193 0.990433 0.00677658 0.00642735
0 0.466674 0.839579 0.00710803 0.00662327
0 0.49592 0.830499 0.0063017 0.00647849
0 0.552492 0.685266 0.00672394 0.00943851
0 0.594252 0.815501 0.00997466 0.00864792
0 0.37198 0.744378 0.00610468 0.00657654
0 0.552984 0.815223 0.00688034 0.00674039
0 0.523171 0.576951 0.00700676 0.00948173
0 0.669663 0.70908 0.00704747 0.00985616
0 0.560882 0.854884 0.0075298 0.00869274
0 0.914141 0.444864 0.00866085 0.0121531
0 0.535266 0.859035 0.0123184 0.0108886
0 0.552775 0.764908 0.00751442 0.00910705
0 0.683523 0.553008 0.00862092 0.0078733
0 0.648787 0.522807 0.00838745 0.00730115
0 0.949524 0.284481 0.0077427 0.00866082
0 0.470572 0.627507 0.0114782 0.0104883
0 0.455561 0.69059 0.00824127 0.00975859
0 0.0650099 0.909876 0.0067088 0.00717431
0 0.579709 0.622957 0.00727898 0.0073778
0 0.727866 0.733314 0.0074507 0.00766999
0 0.468193 0.794853 0.00662839 0.00648403
0 0.697268 0.615934 0.00633544 0.0109173
0 0.472277 0.855017 0.00707912 0.00809747
0 0.453169 0.743218 0.0102723 0.00911039
0 0.191278 0.307881 0.00782014 0.00995016
0 0.357357 0.542268 0.0069268 0.00695157
0 0.572854 0.824472 0.00731552 0.00721991
0 0.243622 0.878784 0.0109155 0.0104252
0 0.402123 0.70676 0.00750029 0.00686342
0 0.140508 0.988102 0.00683093 0.00651473
0 0.867161 0.476128 0.00866151 0.0132929
0 0.642584 0.66609 0.00769502 0.0109379
0 0.634983 0.702138 0.00605875 0.00719106
0 0.416786 0.831724 0.00576726 0.00667071
0 0.51206 0.785236 0.00694042 0.00757062
0 0.537278 0.860567 0.0104886 0.0120687
0 0.658761 0.670908 0.00926036 0.0105855
0 0.979187 0.270964 0.0064159 0.00766096
0 0.361831 0.607056 0.00730905 0.00719404
0 0.929719 0.69575 0.00524002 0.00522316
0 0.502935 0.763748 0.00694889 0.00720596
0 0.933796 0.786609 0.00744343 0.00755274
0 0.411709 0.704976 0.00622693 0.0066967
0 0.328521 0.540117 0.00767452 0.00797415
0 0.5554 0.760604 0.00707293 0.00916415
0 0.502107 0.591633 0.00624508 0.00621432
0 0.946419 0.769774 0.00652623 0.00657952
0 0.85372 0.695219 0.00593817 0.00566632
0 0.329976 0.794837 0.00786018 0.00794047
0 0.377744 0.811007 0.00843492 0.00722772
0 0.918051 0.755116 0.00709134 0.00757122
0 0.457761 0.852578 0.00763968 0.00926208
0 0.367286 0.734046 0.00741071 0.00782037
0 0.915987 0.742117 0.00643539 0.0076279
0 0.42805 0.58031 0.00791684 0.00660437
0 0.383457 0.704397 0.00639015 0.00734234
0 0.385492 0.742715 0.00635147 0.00641769
0 0.630717 0.77246 0.00671995 0.00713593
0 0.540394 0.593416 0.0108522 0.0088321
0 0.326796 0.581003 0.00900793 0.0101081
0 0.431748 0.570894 0.00699463 0.0063715
0 0.941943 0.740498 0.00744474 0.00814915
0 0.635705 0.868062 0.00820732 0.00916559
0 0.452927 0.570023 0.00729808 0.00950623
0 0.876483 0.433781 0.0123608 0.00979596
0 0.764564 0.69001 0.00749284 0.00882941
0 0.902189 0.353848 0.00917548 0.0100622
0 0.477849 0.876611 0.00768241 0.00799412
0 0.643419 0.832295 0.00671178 0.00734866
0 0.952657 0.722419 0.00686741 0.00764859
0 0.420711 0.714027 0.00950184 0.00868738
0 0.653893 0.665594 0.00714666 0.00776374
0 0.651551 0.75296 0.00598562 0.00617218
0 0.106327 0.891035 0.00929499 0.00818974
0 0.546497 0.59 0.00899351 0.00895673
0 0.572895 0.873851 0.00955051 0.00983542
0 0.52042 0.788653 0.00623381 0.00607848
0 0.584609 0.613438 0.00766951 0.00792104
0 0.964794 0.658013 0.012098 0.0133835
0 0.583753 0.534444 0.00676072 0.0068469
0 0.453169 0.567565 0.00706863 0.00796145
0 0.554592 0.890823 0.00827575 0.0086838
0 0.564496 0.801503 0.00707948 0.00796515
0 0.460714 0.840454 0.00684014 0.00684851
0 0.778723 0.672599 0.00558031 0.0066635
0 0.36158 0.48061 0.00796175 0.00861624
0 0.566462 0.795698 0.00661755 0.00831318
0 0.244978 0.377842 0.0117794 0.0125179
0 0.681652 0.657259 0.0118863 0.0089581
0 0.343077 0.732471 0.0105038 0.00860548
0 0.57199 0.676294 0.00863659 0.00780505
0 0.868271 0.703835 0.00641787 0.00680178
0 0.319744 0.535512 0.00710192 0.00747949
0 0.571502 0.875392 0.0113136 0.00944406
0 0.380439 0.575635 0.00670862 0.00657362
0 0.26154 0.846589 0.00802395 0.0089134
0 0.47437 0.558005 0.00721684 0.00722206
0 0.521963 0.648217 0.00689828 0.00632077
0 0.566198 0.873521 0.00938189 0.00908619
0 0.786106 0.465386 0.00771004 0.0076786
0 0.485641 0.810119 0.00566176 0.00624257
0 0.422255 0.84455 0.00595322 0.00568467
0 0.42382 0.697316 0.00641558 0.00721878
0 0.515903 0.558422 0.00854421 0.00822657
0 0.620893 0.725287 0.00858754 0.00704026
0 0.614032 0.708018 0.00571311 0.00640029
0 0.65009 0.653958 0.00773674 0.00791168
0 0.569824 0.850372 0.00702858 0.00768888
0 0.458476 0.722053 0.00748053 0.00684994
0 0.770604 0.678869 0.00678211 0.00755739
0 0.400968 0.727794 0.00760946 0.00816387
0 0.727587 0.685951 0.00906056 0.0081147
0 0.466559 0.69884 0.00882855 0.00910968
0 0.489575 0.865332 0.00553685 0.00561523
0 0.577019 0.544667 0.0062294 0.00962704
0 0.689265 0.820644 0.00566733 0.00752753
