0 0.495827 0.959702 0.0113083 0.0103313
0 0.624788 0.861879 0.0143394 0.0145237
0 0.951534 0.135985 0.012315 0.0116904
0 0.437846 0.918273 0.0141712 0.0142338
0 0.946082 0.784071 0.0118479 0.0124376
0 0.91709 0.110338 0.0132412 0.0142262
0 0.111522 0.849272 0.0150095 0.0139297
0 0.597718 0.749657 0.0138031 0.0130869
0 0.960199 0.611133 0.0121963 0.0122124
0 0.776936 0.941845 0.0105482 0.0098604
0 0.904427 0.127617 0.0122337 0.0123575
0 0.649048 0.832481 0.0137907 0.0127928
0 0.937386 0.0807948 0.0131161 0.0123268
0 0.170174 0.306574 0.0138227 0.0130183
0 0.956146 0.153028 0.0130646 0.0126868
0 0.761532 0.952092 0.0126109 0.0104769
0 0.548921 0.361308 0.0124938 0.0114484
0 0.102631 0.353387 0.0105835 0.009413
0 0.867731 0.321514 0.0136999 0.0124463
0 0.434248 0.953122 0.0148888 0.0140314
0 0.211219 0.864199 0.0125311 0.0122067
0 0.153282 0.138847 0.0131337 0.0133998
0 0.748917 0.917986 0.0125589 0.0137352
0 0.693684 0.924407 0.0132288 0.012695
0 0.90281 0.144033 0.012408 0.0116406
0 0.809936 0.247057 0.0118347 0.0112787
0 0.642725 0.896919 0.0124695 0.0121277
0 0.292112 0.928289 0.0127438 0.0106102
0 0.922054 0.0655859 0.0133219 0.0126597
0 0.458351 0.963051 0.0134146 0.0138464
0 0.516775 0.571142 0.0146639 0.0133132
0 0.445671 0.859447 0.0143642 0.0128025
0 0.65344 0.909272 0.013788 0.01245
0 0.963207 0.103527 0.0117459 0.0115074
0 0.367313 0.00880793 0.00999039 0.0109183
0 0.985098 0.45244 0.0120175 0.010915
0 0.959111 0.768492 0.0128422 0.0124636
0 0.270826 0.928458 0.0150659 0.013463
0 0.896521 0.227317 0.0124258 0.0125425
0 0.97871 0.119371 0.0117108 0.0116742
0 0.216767 0.954937 0.0124021 0.0109863
0 0.848858 0.24539 0.0105102 0.0108342
0 0.226157 0.0773182 0.0147206 0.011716
0 0.761586 0.899692 0.0129513 0.0145068
0 0.144357 0.293763 0.0135719 0.0112332
0 0.477203 0.934384 0.00920334 0.0100647
0 0.636561 0.746609 0.0137281 0.0117722
0 0.828361 0.316897 0.0116055 0.010537
0 0.96055 0.117513 0.0109577 0.012307
0 0.792673 0.6879 0.01156 0.0109265
0 0.913926 0.216112 0.0139251 0.0122283
0 0.672952 0.797002 0.0146946 0.0113745
0 0.985871 0.0395692 0.0116184 0.00934568
0 0.656191 0.97154 0.0131577 0.0111485
0 0.967269 0.0455206 0.0137547 0.012489
0 0.621357 0.798852 0.0111334 0.0105543
0 0.20179 0.514375 0.0160311 0.0203802
0 0.0349283 0.438316 0.0134638 0.0119202
0 0.836597 0.628667 0.0164379 0.0164961
0 0.984209 0.256167 0.013916 0.0119878
0 0.684698 0.871163 0.0137236 0.0117252
0 0.873605 0.762823 0.0107207 0.0125122
0 0.597672 0.271805 0.0115227 0.0112025
0 0.0521154 0.531685 0.0145112 0.013505
0 0.913506 0.552161 0.0137064 0.0126358
0 0.0652539 0.947307 0.0130819 0.0114973
0 0.0150016 0.912149 0.0125216 0.0137016
0 0.4837 0.881942 0.0130299 0.0125186
0 0.537338 0.775565 0.0179382 0.0127442
0 0.102502 0.109148 0.0134595 0.0131741
0 0.790118 0.254198 0.0108334 0.0103859
0 0.480767 0.962736 0.0110057 0.0106525
0 0.313733 0.824612 0.01373 0.0111412
0 0.505801 0.947192 0.0101555 0.0112501
0 0.0780285 0.787181 0.0128454 0.0127482
0 0.16129 0.183142 0.0108687 0.0133048
0 0.237062 0.966118 0.010949 0.0108528
0 0.00559184 0.931664 0.0111837 0.0133951
0 0.858925 0.282171 0.0114645 0.0120605
0 0.290897 0.977792 0.0130418 0.0121189
0 0.863475 0.302503 0.011372 0.0118693
0 0.67125 0.958288 0.0127459 0.0118893
0 0.786514 0.911206 0.010702 0.0101784
0 0.006462 0.977999 0.0103012 0.0132509
0 0.805736 0.264603 0.0101044 0.0103552
0 0.0356595 0.883884 0.0119223 0.0115528
0 0.46682 0.890807 0.0128055 0.0122318
0 0.656751 0.987117 0.014038 0.0108519
0 0.544117 0.990449 0.0108637 0.00897944
0 0.607139 0.704195 0.0142366 0.011434
0 0.906913 0.259586 0.0114294 0.0107929
0 0.260817 0.98591 0.00880203 0.00906527
0 0.654816 0.735616 0.0106053 0.0103363
0 0.829887 0.279808 0.0113518 0.00971746
0 0.939731 0.465666 0.0105843 0.0111485
0 0.77593 0.99164 0.0115867 0.00882947
0 0.655786 0.984964 0.0184265 0.0151398
0 0.811783 0.61138 0.0125583 0.012825
0 0.218186 0.091318 0.00935516 0.00829384
0 0.494852 0.9403 0.00978079 0.0099529
0 0.542613 0.990107 0.0164683 0.0108856
0 0.808946 0.953252 0.0124375 0.0130579
0 0.655192 0.975447 0.0191593 0.0193157
0 0.202345 0.515104 0.0135507 0.016825
0 0.652954 0.983265 0.0194193 0.0141487
0 0.504335 0.786143 0.0141472 0.0116245
0 0.194242 0.953961 0.0100663 0.011045
0 0.467517 0.923888 0.0102583 0.010389
0 0.458824 0.933044 0.00712815 0.00709611
