0 0.0852264 0.981712 0.0141412 0.014357
0 0.0935179 0.862108 0.0148704 0.0142905
0 0.112543 0.970464 0.0172832 0.0139633
0 0.535845 0.133609 0.0169404 0.0170567
0 0.649341 0.763241 0.0133044 0.013181
0 0.0157894 0.973053 0.0142437 0.0122673
0 0.856512 0.589367 0.0133591 0.0127504
0 0.844775 0.798399 0.0137528 0.0120039
0 0.752028 0.184603 0.013015 0.0122428
0 0.837414 0.57473 0.0167894 0.0148828
0 0.96439 0.583983 0.0153763 0.0130884
0 0.517636 0.0462829 0.0143414 0.0140485
0 0.111103 0.890517 0.0123442 0.0121128
0 0.489035 0.0491736 0.0147463 0.0143813
0 0.694847 0.50473 0.012491 0.0102919
0 0.682255 0.298818 0.0158354 0.0146112
0 0.306172 0.205726 0.0136834 0.0120973
0 0.648145 0.440844 0.0149031 0.0157436
0 0.370957 0.632741 0.0115145 0.0107908
0 0.0897819 0.962703 0.0166994 0.0145008
0 0.0273637 0.944705 0.0117305 0.0114113
0 0.633625 0.458998 0.0116911 0.0116646
0 0.917869 0.370367 0.0112009 0.00992051
0 0.303006 0.944689 0.0116471 0.0103537
0 0.680315 0.277338 0.0113543 0.011357
0 0.62289 0.429306 0.0204248 0.0151444
0 0.100938 0.0148635 0.0134316 0.0116731
0 0.60322 0.180117 0.0142437 0.0174605
0 0.14249 0.0213439 0.0120088 0.00986084
0 0.0384221 0.0733131 0.0126047 0.0100713
0 0.602236 0.179621 0.0187114 0.0193963
0 0.470283 0.0860112 0.0135452 0.0146599
0 0.861187 0.415251 0.0114055 0.0134554
0 0.816104 0.441058 0.0136845 0.0125028
0 0.0303881 0.961464 0.0100952 0.0105724
0 0.865138 0.716101 0.011968 0.0105713
0 0.779419 0.965507 0.0127622 0.010701
0 0.564228 0.110605 0.0091176 0.00857612
0 0.961521 0.0139903 0.0125797 0.013632
0 0.988553 0.567821 0.0101845 0.010856
