0 0.329318 0.820048 0.0194456 0.019862
0 0.340326 0.707516 0.0181343 0.0195562
0 0.0585109 0.892306 0.016034 0.0161402
0 0.259311 0.849808 0.0148069 0.016687
0 0.325962 0.653796 0.0207334 0.0176063
0 0.499522 0.672672 0.0144733 0.0172167
0 0.306213 0.790757 0.0172213 0.0192165
0 0.275235 0.770398 0.0137948 0.0159326
0 0.588011 0.488919 0.0158321 0.0187881
0 0.94462 0.217883 0.0207302 0.0185373
0 0.408705 0.643575 0.0213189 0.0192335
0 0.601028 0.863169 0.014249 0.0185611
0 0.491982 0.644326 0.0191046 0.0152166
0 0.108125 0.647939 0.0139742 0.0158548
0 0.767563 0.368211 0.0147735 0.0167383
0 0.0543091 0.792561 0.0185645 0.0177531
0 0.342756 0.579107 0.0172417 0.0180035
0 0.817638 0.811356 0.0128543 0.0142017
0 0.368724 0.814661 0.0156919 0.0185686
0 0.273107 0.6828 0.0172833 0.0166333
0 0.224949 0.856924 0.0134225 0.0159889
0 0.214808 0.0757174 0.0161895 0.0149203
0 0.830363 0.703564 0.015511 0.0162407
0 0.559481 0.560456 0.0158259 0.0178764
0 0.976202 0.0350914 0.0155998 0.018979
0 0.845888 0.670306 0.0194492 0.0184067
0 0.171451 0.480343 0.0220114 0.0186405
0 0.952275 0.16607 0.0230999 0.0223504
0 0.330775 0.899894 0.0190278 0.0179699
0 0.321301 0.0386005 0.0148938 0.0188622
0 0.107047 0.647573 0.0173312 0.0185831
0 0.135895 0.815543 0.0193732 0.0168402
0 0.243594 0.298732 0.0151662 0.0198519
0 0.277174 0.0265022 0.0109749 0.0123119
0 0.504143 0.467894 0.0170672 0.0171408
0 0.241458 0.181239 0.0144513 0.0171727
0 0.756932 0.41266 0.0138259 0.0169743
0 0.240009 0.325127 0.019061 0.0171395
0 0.0646802 0.632137 0.0161563 0.021179
0 0.169281 0.204163 0.0182812 0.0160779
0 0.128972 0.246053 0.016633 0.0161754
0 0.133866 0.815671 0.0253209 0.020165
0 0.398746 0.134576 0.0154885 0.0146976
0 0.919622 0.307627 0.0132044 0.013679
0 0.456927 0.471267 0.0154963 0.0186742
0 0.144437 0.304613 0.018401 0.0208869
0 0.783419 0.56707 0.0149254 0.0165358
0 0.267413 0.0420923 0.0141423 0.0168717
0 0.938403 0.305057 0.015662 0.0154843
0 0.0137299 0.6182 0.0271005 0.0202986
0 0.484565 0.0825084 0.0177318 0.014806
0 0.732055 0.406614 0.0162341 0.0180256
0 0.707116 0.393077 0.0180488 0.0175215
0 0.164784 0.236923 0.0169043 0.0170099
0 0.155446 0.791498 0.0173869 0.0203091
0 0.0280068 0.844493 0.0173399 0.0168339
0 0.236411 0.982234 0.0131753 0.0180829
0 0.980315 0.20347 0.0188724 0.0170774
0 0.00871317 0.677067 0.0146701 0.0201536
0 0.0819456 0.921918 0.0134236 0.0131595
0 0.452325 0.0376533 0.0164332 0.0172227
0 0.125016 0.4509 0.0199727 0.0160649
0 0.556757 0.537373 0.0173783 0.0193142
0 0.778716 0.392789 0.0197459 0.0173131
0 0.495669 0.0622973 0.0130413 0.0179616
0 0.78449 0.352833 0.0112028 0.0145788
0 0.796439 0.813788 0.0160946 0.0179905
0 0.0922225 0.452458 0.00919195 0.010182
0 0.0168462 0.465113 0.0156316 0.0178792
0 0.937131 0.3034 0.0175872 0.0199352
0 0.898014 0.554281 0.0140206 0.0110176
0 0.668861 0.0458006 0.0177934 0.0129288
0 0.293739 0.0487349 0.0141267 0.0145453
0 0.00847357 0.868037 0.0141035 0.0118546
0 0.132772 0.814669 0.0219622 0.0157328
0 0.253566 0.49867 0.0222341 0.0195183
0 0.939161 0.32467 0.0148824 0.0134922
0 0.0482455 0.501177 0.0155819 0.0141003
0 0.203231 0.692155 0.0195492 0.0155399
0 0.20911 0.127695 0.00980964 0.0140096
0 0.0210476 0.508742 0.0122786 0.0115893
0 0.771286 0.339629 0.0139623 0.0152301
0 0.825973 0.575522 0.0171124 0.0149885
0 0.276939 0.0245781 0.0135264 0.0156229
0 0.0694847 0.491947 0.0130447 0.0104416
0 0.011742 0.708514 0.0108502 0.0144911
0 0.0346807 0.790991 0.0105837 0.0087595
0 0.625639 0.878584 0.0159683 0.0178757
0 0.86738 0.155707 0.015107 0.0173177
0 0.994685 0.119161 0.0106308 0.0162744
0 0.2065 0.127316 0.0166109 0.016276
0 0.785908 0.721285 0.0141281 0.0134277
0 0.401519 0.606136 0.0126776 0.0173991
0 0.292592 0.045953 0.0150312 0.0151718
0 0.253787 0.500292 0.0204023 0.0148814
0 0.0407731 0.458535 0.00727366 0.00795209
0 0.148323 0.266042 0.0152228 0.0159169
0 0.921912 0.330067 0.0114487 0.0131752
0 0.401092 0.604075 0.0148963 0.0217407
0 0.47823 0.877576 0.0192199 0.0240993
0 0.265788 0.829225 0.00965703 0.0135603
0 0.0401036 0.941137 0.0180595 0.0179585
0 0.919074 0.330705 0.0183784 0.0159998
