0 0.289549 0.409485 0.0118328 0.0120329
0 0.338486 0.47378 0.0128498 0.0119457
0 0.229868 0.746613 0.0125768 0.0117331
0 0.265038 0.391898 0.0120173 0.0106457
0 0.224665 0.802328 0.0124696 0.0126387
0 0.499471 0.672206 0.0122485 0.0127621
0 0.243098 0.912156 0.0140481 0.0134003
0 0.316295 0.461753 0.0121802 0.0125125
0 0.411163 0.588792 0.011101 0.0130154
0 0.166267 0.588494 0.01388 0.013229
0 0.0947539 0.769591 0.014198 0.0138841
0 0.299879 0.354063 0.0140331 0.0137258
0 0.306493 0.42409 0.0118263 0.0130628
0 0.0590602 0.728908 0.0127355 0.0127707
0 0.204818 0.491288 0.012173 0.0103672
0 0.338844 0.359616 0.0141141 0.014365
0 0.209085 0.933027 0.0127866 0.0127864
0 0.308583 0.388393 0.0116386 0.0124753
0 0.471722 0.423972 0.0101863 0.00851879
0 0.324602 0.387871 0.0115375 0.0117114
0 0.162153 0.957623 0.0158231 0.0130188
0 0.536677 0.498131 0.0107164 0.0113918
0 0.276715 0.355963 0.0110551 0.0116851
0 0.265952 0.965244 0.0141024 0.0134258
0 0.274447 0.912825 0.012908 0.0127098
0 0.218337 0.0421161 0.0168123 0.0200112
0 0.166814 0.87294 0.0110266 0.0102474
0 0.241046 0.866283 0.0117315 0.0107185
0 0.497445 0.452316 0.0102159 0.00942442
0 0.397921 0.51926 0.012711 0.0114336
0 0.217624 0.897611 0.0140978 0.0128261
0 0.446873 0.634005 0.0123923 0.0121979
0 0.160684 0.859127 0.010626 0.0126675
0 0.164932 0.892648 0.0118523 0.0119629
0 0.349419 0.508144 0.0112712 0.0112686
0 0.404598 0.983468 0.0110915 0.0106217
0 0.223174 0.947847 0.0129469 0.012364
0 0.204374 0.797371 0.0127953 0.0129753
0 0.85743 0.294217 0.0133206 0.0140663
0 0.129524 0.87606 0.0127176 0.013377
0 0.455365 0.651852 0.0107515 0.0130168
0 0.277849 0.931332 0.0139801 0.0130173
0 0.191635 0.720819 0.0129432 0.0125814
0 0.488687 0.00891261 0.0100857 0.010953
0 0.360919 0.481246 0.0132752 0.012198
0 0.291649 0.465372 0.0105999 0.0111433
0 0.238752 0.937403 0.0135329 0.013826
0 0.0973912 0.654805 0.0108043 0.00985146
0 0.315118 0.405979 0.0140287 0.0141799
0 0.122328 0.590676 0.0112804 0.011395
0 0.132552 0.550344 0.0122635 0.0117901
0 0.0474025 0.845276 0.0133311 0.0132086
0 0.258555 0.433132 0.0114051 0.0119092
0 0.287267 0.36892 0.0135175 0.0130495
0 0.183837 0.852479 0.0129311 0.0127956
0 0.479908 0.442224 0.00890368 0.0098936
0 0.0826788 0.841271 0.0148278 0.0119244
0 0.483387 0.420477 0.00826818 0.00851536
0 0.233792 0.958444 0.0101922 0.010471
0 0.626016 0.203782 0.0112326 0.0109382
0 0.225783 0.882555 0.0150269 0.0125118
0 0.500374 0.201976 0.011244 0.00930715
0 0.331741 0.547063 0.0111459 0.01135
0 0.462254 0.484567 0.0116193 0.0109822
0 0.177811 0.763326 0.0114359 0.0118895
0 0.340029 0.399041 0.0120717 0.0129325
0 0.2006 0.517638 0.0125138 0.0095247
0 0.465083 0.695373 0.00892583 0.0133967
0 0.213312 0.737649 0.0127409 0.0123162
0 0.15359 0.845541 0.0114069 0.0120428
0 0.00625127 0.840289 0.0110354 0.0128809
0 0.33115 0.516346 0.0118584 0.0102518
0 0.337792 0.357692 0.0162046 0.0177196
0 0.350608 0.387633 0.0133391 0.0111623
0 0.306633 0.443615 0.0130953 0.012367
0 0.450984 0.435175 0.0103741 0.0106243
0 0.249104 0.477399 0.0109472 0.0115761
0 0.1671 0.892525 0.0173232 0.0142002
0 0.342063 0.536639 0.00923043 0.0100398
0 0.253727 0.460886 0.0139299 0.0130588
0 0.188177 0.785971 0.0135268 0.0139744
0 0.178328 0.80948 0.00763625 0.00674993
0 0.494182 0.420742 0.00874937 0.00947177
0 0.724225 0.441838 0.00978565 0.0105688
0 0.258364 0.925142 0.0122182 0.0131642
0 0.476569 0.385581 0.0122488 0.0119934
0 0.119563 0.433597 0.0117497 0.0117236
0 0.166989 0.874133 0.0130528 0.0114632
0 0.464792 0.697047 0.0112154 0.0161912
0 0.118292 0.759903 0.0123662 0.0103168
0 0.173227 0.892831 0.0155382 0.0169742
0 0.23332 0.576885 0.0106785 0.00964355
0 0.146136 0.684107 0.0135895 0.0129469
0 0.261448 0.87122 0.0129718 0.0153908
0 0.141799 0.582052 0.0103804 0.0118124
0 0.464408 0.446544 0.00943601 0.0097498
