0 0.593852 0.983254 0.0155611 0.0129137
0 0.0531014 0.241794 0.0217589 0.0178377
0 0.553196 0.403106 0.0192232 0.0135431
0 0.552345 0.541671 0.0138636 0.0136269
0 0.23148 0.542897 0.0197503 0.015317
0 0.480563 0.927655 0.0114418 0.0113956
0 0.0207084 0.992638 0.0099313 0.0133712
0 0.592089 0.961856 0.016969 0.0133467
0 0.0308502 0.0551642 0.0184087 0.0129541
0 0.214135 0.682787 0.0176661 0.014926
0 0.429905 0.140456 0.020245 0.0158847
0 0.181058 0.842412 0.0135595 0.00896609
0 0.549915 0.626794 0.0211233 0.0152287
0 0.214268 0.679888 0.0198277 0.0216525
0 0.455704 0.873447 0.0139313 0.0110718
0 0.0447955 0.766634 0.00957646 0.0113432
0 0.485095 0.95265 0.0113251 0.00968033
