0 0.595333 0.146635 0.0105014 0.0112092
0 0.791229 0.328025 0.00827199 0.00869405
0 0.852909 0.290891 0.00873142 0.00986215
0 0.0328544 0.191343 0.0088001 0.0096361
0 0.513344 0.140736 0.00803143 0.00969468
0 0.559216 0.123737 0.00913024 0.00948419
0 0.64499 0.126159 0.010186 0.0118001
0 0.700713 0.0843943 0.00967979 0.0105442
0 0.446236 0.188918 0.0068056 0.00829883
0 0.490211 0.0325262 0.00942516 0.0110009
0 0.466928 0.201228 0.00850698 0.00918326
0 0.576081 0.0396169 0.00866878 0.0093687
0 0.0120619 0.144878 0.00984366 0.010239
0 0.803018 0.329517 0.00750828 0.0082382
0 0.906683 0.303783 0.0112732 0.010818
0 0.0209263 0.219381 0.00803296 0.00823554
0 0.445258 0.167991 0.00890264 0.00911155
0 0.519728 0.117706 0.00967848 0.0092535
0 0.86375 0.333866 0.00955373 0.0104081
0 0.753701 0.333354 0.00642723 0.00740498
0 0.124047 0.217223 0.0076102 0.00846592
0 0.983753 0.144592 0.0108417 0.0105505
0 0.850482 0.305053 0.00875854 0.00993404
0 0.407224 0.171028 0.00836545 0.00893183
0 0.567003 0.156928 0.00780368 0.00752781
0 0.0142936 0.244625 0.00779044 0.0099649
0 0.101586 0.234373 0.00697537 0.00730532
0 0.0956428 0.197672 0.00666722 0.00725946
0 0.0258904 0.141408 0.00811432 0.00943816
0 0.550873 0.156832 0.00758362 0.00801015
0 0.597211 0.0395539 0.00834298 0.00879344
0 0.577188 0.0799727 0.00784916 0.00815225
0 0.463611 0.121917 0.0068922 0.0071867
0 0.563054 0.0176987 0.00926226 0.0102221
0 0.571508 0.00674449 0.00968647 0.0105229
0 0.054449 0.177639 0.00676496 0.00717053
0 0.764008 0.330113 0.00714153 0.00799254
0 0.31347 0.189219 0.00794789 0.00822034
0 0.0968208 0.181699 0.0110023 0.0112099
0 0.537366 0.198985 0.00918752 0.00909114
0 0.712669 0.227074 0.00882989 0.0104719
0 0.0623361 0.202806 0.00772541 0.00951993
0 0.48503 0.180369 0.00682849 0.00753869
0 0.412237 0.191568 0.00913885 0.0094265
0 0.102009 0.223335 0.00645752 0.00690193
0 0.0382684 0.27921 0.00777916 0.00882542
0 0.62859 0.00461357 0.0085575 0.00922714
0 0.0945935 0.154518 0.00857475 0.00896378
0 0.613161 0.0702129 0.00763911 0.00840492
0 0.798721 0.346706 0.00692725 0.00642857
0 0.760304 0.345631 0.00770009 0.00763977
0 0.755302 0.24407 0.00777334 0.00804168
0 0.457678 0.145207 0.00908145 0.0107237
0 0.886338 0.504376 0.00948524 0.00918445
0 0.48166 0.116913 0.00777856 0.00889893
0 0.948726 0.538892 0.0111515 0.00975537
0 0.813641 0.334651 0.00685155 0.00725234
0 0.485055 0.0958868 0.00723943 0.00918386
0 0.0618683 0.271888 0.00682793 0.00656691
