0 0.86567 0.647303 0.00986403 0.0111504
0 0.666369 0.369911 0.00875998 0.0108343
0 0.353547 0.204448 0.0102718 0.00935856
0 0.748224 0.426848 0.0093382 0.00911808
0 0.663335 0.390574 0.00954401 0.0106184
0 0.387624 0.894339 0.0143385 0.014872
0 0.224803 0.446026 0.0131498 0.0139768
0 0.373042 0.595706 0.00953645 0.00998706
0 0.506554 0.283214 0.00872803 0.00930044
0 0.694951 0.502004 0.0113297 0.0102703
0 0.711263 0.451647 0.0082463 0.00947532
0 0.605162 0.202345 0.00775355 0.00761929
0 0.575674 0.294888 0.00904995 0.0090864
0 0.45428 0.6193 0.0103863 0.0109297
0 0.836523 0.413693 0.0100228 0.00968924
0 0.633082 0.259914 0.00725174 0.0074943
0 0.204363 0.266507 0.0074348 0.00747094
0 0.740165 0.526203 0.00925285 0.00982857
0 0.634382 0.489781 0.00895643 0.00962278
0 0.850892 0.64821 0.00963187 0.00957924
0 0.653838 0.528227 0.00858843 0.00904083
0 0.356792 0.542026 0.00909147 0.00953519
0 0.592584 0.301995 0.00829148 0.00984403
0 0.713443 0.473959 0.00901705 0.00944003
0 0.266708 0.5417 0.00679779 0.00744039
0 0.693806 0.240621 0.00875485 0.00930743
0 0.726013 0.439313 0.00894433 0.00991744
0 0.666871 0.441613 0.0105065 0.0105068
0 0.691988 0.276995 0.0122072 0.00889805
0 0.655037 0.433106 0.00905973 0.0101499
0 0.853928 0.41771 0.00943124 0.0097824
0 0.86219 0.775826 0.0122568 0.0137079
0 0.397822 0.932436 0.00914115 0.0107212
0 0.216287 0.647291 0.00914392 0.00927448
0 0.633608 0.273769 0.00655782 0.00711897
0 0.732849 0.495135 0.00826687 0.0094448
0 0.653109 0.362023 0.00887048 0.00918213
0 0.502398 0.228206 0.00864413 0.00922669
0 0.849391 0.483929 0.00857311 0.0101641
0 0.789909 0.472715 0.0117909 0.0116464
0 0.333964 0.264319 0.00604552 0.00638762
0 0.299214 0.155117 0.0105749 0.0123833
0 0.337162 0.252213 0.00810012 0.00940321
0 0.317302 0.229979 0.00827646 0.0086391
0 0.319711 0.87036 0.00861093 0.00927007
0 0.593231 0.216565 0.00985533 0.00932609
0 0.647555 0.275393 0.00859737 0.0088228
0 0.336847 0.586225 0.0101336 0.010193
0 0.246599 0.520546 0.0106101 0.0109305
0 0.261669 0.865765 0.0103976 0.0104651
0 0.173272 0.288718 0.0068325 0.00794637
0 0.328627 0.79774 0.00674924 0.00820994
0 0.692811 0.252902 0.00663406 0.00696211
0 0.646096 0.179979 0.00812393 0.00768937
0 0.835428 0.444705 0.0100613 0.0100845
0 0.259415 0.0968425 0.00838843 0.00885765
0 0.89253 0.639962 0.00878942 0.0105438
0 0.542039 0.304274 0.00749993 0.00792539
0 0.121982 0.383992 0.00965343 0.0102064
0 0.232671 0.2879 0.00667524 0.00680712
0 0.670314 0.501485 0.00870746 0.00878105
0 0.384662 0.913444 0.00836825 0.0104605
0 0.601413 0.237771 0.00835663 0.00898814
0 0.592313 0.154894 0.00759286 0.00754872
0 0.84938 0.433099 0.0103439 0.0110521
0 0.597087 0.989485 0.00744534 0.00924188
0 0.331609 0.703958 0.00864354 0.00964069
0 0.341703 0.239219 0.0075199 0.00792117
0 0.352147 0.640807 0.00808927 0.00895572
0 0.477816 0.235375 0.0111227 0.0104092
0 0.738487 0.54248 0.00867003 0.0096041
0 0.567956 0.402457 0.00831985 0.0105641
0 0.255315 0.147538 0.00727805 0.00728638
0 0.622622 0.538438 0.00987321 0.0102081
0 0.37873 0.260702 0.00719941 0.00869986
0 0.271533 0.0954038 0.00661922 0.00737739
0 0.65169 0.513863 0.00739211 0.00831056
0 0.617289 0.344754 0.0101246 0.0109692
0 0.339553 0.808914 0.0116255 0.0118816
0 0.47103 0.929432 0.00862959 0.00875247
0 0.154027 0.4307 0.00935081 0.00928229
0 0.398747 0.53868 0.0104832 0.0108018
0 0.486132 0.947095 0.0061473 0.00675523
0 0.676624 0.19034 0.00628567 0.00690039
0 0.492425 0.894812 0.00861567 0.00922889
0 0.646044 0.346303 0.00707126 0.00900471
0 0.412942 0.272323 0.0117332 0.0107566
0 0.431471 0.491998 0.00882474 0.00983784
0 0.802303 0.410208 0.00805587 0.0107818
0 0.234295 0.513685 0.0111372 0.0105219
0 0.807048 0.960142 0.00924838 0.00950545
0 0.06628 0.297242 0.0116412 0.00996828
0 0.453995 0.188986 0.00817013 0.00954589
0 0.404113 0.263468 0.00840655 0.00845096
0 0.0593903 0.473023 0.0111174 0.0103132
0 0.351196 0.496207 0.0115591 0.0137196
0 0.492168 0.920243 0.00752899 0.00737
0 0.691959 0.361335 0.00924009 0.00894606
0 0.484974 0.279922 0.00950527 0.0090242
0 0.44162 0.201103 0.00882378 0.00960054
0 0.575312 0.20428 0.0113643 0.0101344
0 0.239242 0.314226 0.00725622 0.00605816
0 0.696837 0.558793 0.00860929 0.00989276
0 0.338001 0.185575 0.00844851 0.0121228
0 0.15816 0.36812 0.00911742 0.00864792
0 0.441237 0.602607 0.00897217 0.0080694
0 0.267724 0.140913 0.0071477 0.00796394
0 0.396207 0.860818 0.0123045 0.00970346
0 0.407183 0.875808 0.0121702 0.012043
0 0.856952 0.676964 0.0103611 0.0099079
0 0.977607 0.646841 0.0109291 0.013176
0 0.638176 0.326851 0.00775623 0.00949478
0 0.44554 0.96847 0.0111184 0.0105184
0 0.790051 0.396831 0.00856304 0.00827053
0 0.834872 0.483296 0.0107712 0.0108111
0 0.814074 0.37304 0.0141277 0.00997323
0 0.307327 0.62371 0.00964642 0.00907803
0 0.29557 0.132711 0.00904521 0.00905125
0 0.892881 0.918074 0.0107455 0.0102121
0 0.698478 0.482631 0.00675553 0.00730762
0 0.433169 0.738605 0.00868511 0.00849533
0 0.803823 0.471355 0.00814956 0.00932199
0 0.753881 0.491672 0.011373 0.010948
0 0.784092 0.502212 0.0090456 0.0112419
0 0.36425 0.199943 0.00734732 0.00863849
0 0.375562 0.529519 0.00838995 0.00965351
0 0.542494 0.280058 0.00654447 0.00687113
0 0.539578 0.315089 0.00703031 0.00760278
0 0.347683 0.768782 0.0104742 0.0108166
0 0.276587 0.58161 0.0104065 0.0108259
0 0.877085 0.443469 0.0104786 0.010805
0 0.290323 0.853189 0.0107665 0.0124502
0 0.213575 0.177304 0.0077012 0.00882924
0 0.846508 0.894107 0.00857431 0.0096401
0 0.415811 0.254318 0.0107659 0.00886832
0 0.390375 0.560418 0.0105254 0.0117135
0 0.9441 0.730555 0.00957263 0.0108045
0 0.361996 0.648099 0.00767431 0.00862467
0 0.602 0.410409 0.00921947 0.0107111
0 0.354857 0.032836 0.00585595 0.00632349
0 0.0992406 0.353228 0.00775341 0.00837135
0 0.625583 0.506442 0.00929183 0.00832778
0 0.878885 0.472521 0.00949425 0.0100149
0 0.395601 0.511314 0.00967863 0.00835294
0 0.468172 0.889538 0.0113193 0.0114433
0 0.840742 0.693637 0.008219 0.0108542
0 0.631005 0.30386 0.00873184 0.00898632
0 0.552276 0.299257 0.00767136 0.0074777
0 0.605957 0.532758 0.00985849 0.00886095
0 0.0586928 0.460609 0.00730653 0.00760117
0 0.183773 0.433771 0.010966 0.0119974
0 0.171104 0.43347 0.00763258 0.00959301
0 0.0280094 0.331192 0.00818923 0.00914109
0 0.392709 0.255677 0.00765601 0.00795648
0 0.308003 0.272742 0.00635836 0.0066663
0 0.871092 0.457789 0.0080002 0.00870371
0 0.386603 0.540481 0.00837174 0.00975758
0 0.319159 0.0788681 0.00832474 0.00867903
0 0.365068 0.607367 0.00989628 0.00964069
0 0.598641 0.506587 0.0080651 0.00794727
0 0.547913 0.919462 0.0085305 0.00862962
0 0.279339 0.257144 0.00833595 0.00883007
0 0.185658 0.336309 0.00837167 0.00849956
0 0.573011 0.149258 0.0077135 0.00767748
0 0.658435 0.475528 0.0074867 0.00739002
0 0.449509 0.940334 0.00735065 0.00820732
0 0.69775 0.542887 0.00902784 0.00887197
0 0.358624 0.0644453 0.00620681 0.00686928
0 0.57022 0.958763 0.010097 0.00928998
0 0.235634 0.221149 0.00754608 0.00832833
0 0.574075 0.166525 0.010526 0.010097
0 0.638203 0.42964 0.0106306 0.0118912
0 0.237118 0.278517 0.00663094 0.00717497
0 0.36503 0.261807 0.00805345 0.00743383
0 0.953199 0.76276 0.00776029 0.00812638
0 0.197728 0.275439 0.00723015 0.00640211
0 0.754899 0.493861 0.0125818 0.0152257
0 0.224212 0.223545 0.00768013 0.00922766
0 0.338554 0.830076 0.011187 0.0102917
0 0.585574 0.144381 0.00730765 0.00737441
0 0.233005 0.30495 0.00694284 0.00647879
0 0.177687 0.360969 0.0115331 0.010939
0 0.909531 0.658302 0.00652045 0.00722361
0 0.230561 0.176288 0.00859366 0.00966555
0 0.353397 0.52086 0.00851908 0.0105061
0 0.23055 0.0652387 0.00926203 0.0122657
0 0.202086 0.564597 0.00808172 0.00898725
0 0.862042 0.662594 0.0088802 0.0089249
0 0.505164 0.33515 0.00938767 0.0099507
0 0.564269 0.379314 0.00805664 0.00885668
0 0.447491 0.593285 0.00788575 0.00821763
0 0.379715 0.30027 0.00769174 0.00707489
0 0.826464 0.754348 0.007375 0.00791299
0 0.461311 0.737345 0.0108658 0.011434
0 0.565541 0.281553 0.0108581 0.00815392
0 0.123102 0.707994 0.00922155 0.0100496
0 0.28379 0.883453 0.010063 0.0101513
0 0.626536 0.291834 0.00693452 0.00765216
0 0.190583 0.285201 0.0085104 0.00739405
0 0.425574 0.459317 0.00911093 0.0116426
0 0.446511 0.733666 0.0115595 0.0138389
0 0.701957 0.0273824 0.00661469 0.00675179
0 0.138224 0.333084 0.00991809 0.00860399
0 0.267323 0.057924 0.00775489 0.00752134
0 0.0894493 0.423015 0.00684148 0.0069727
0 0.342152 0.7084 0.00739327 0.00729042
0 0.114398 0.465742 0.00680165 0.00811177
0 0.848593 0.735665 0.0078007 0.00815135
0 0.315072 0.31716 0.00794125 0.00692841
0 0.750208 0.913158 0.0116568 0.0111321
0 0.419028 0.968832 0.0118399 0.0107781
0 0.279421 0.255877 0.00783166 0.00810838
0 0.276049 0.132807 0.00619146 0.00673348
0 0.504497 0.21764 0.00859123 0.00812206
0 0.427966 0.58764 0.00762367 0.00802594
0 0.802099 0.4649 0.00897592 0.0105407
0 0.0555913 0.290329 0.00907885 0.00978678
0 0.052539 0.460508 0.0111417 0.00861922
0 0.688527 0.530433 0.0115385 0.0150046
0 0.469738 0.260191 0.00654662 0.00738153
0 0.290684 0.622385 0.00732824 0.00835645
0 0.65446 0.373913 0.00870788 0.00801349
0 0.69107 0.522869 0.0108733 0.0105886
0 0.514006 0.238262 0.00757939 0.00868578
0 0.83214 0.50099 0.0100094 0.0110597
0 0.379213 0.261805 0.00745562 0.00905532
0 0.698103 0.229562 0.00723302 0.00725751
0 0.578957 0.422787 0.0092445 0.00976065
0 0.771933 0.867706 0.00952226 0.0101519
0 0.574484 0.205774 0.0115683 0.00931263
0 0.212744 0.508016 0.0133642 0.0143604
0 0.563097 0.281381 0.00920242 0.00748515
0 0.15592 0.333185 0.00782219 0.00866738
0 0.628423 0.984912 0.00693321 0.00728148
0 0.449001 0.0445724 0.0086138 0.00908181
0 0.307601 0.285467 0.00644359 0.00670046
0 0.393262 0.299637 0.010701 0.0119947
0 0.3689 0.295222 0.00763258 0.00884789
0 0.0841431 0.282563 0.00767288 0.00745916
0 0.197567 0.946171 0.00996912 0.0077278
0 0.392786 0.241919 0.00799578 0.00916062
0 0.346673 0.175484 0.00819236 0.00703493
0 0.955335 0.746349 0.0107763 0.0118375
0 0.613152 0.520501 0.00778288 0.00945044
0 0.583636 0.165844 0.00777197 0.00897865
0 0.329945 0.228993 0.00713408 0.00727658
0 0.624906 0.49291 0.00731033 0.00838163
0 0.198741 0.532251 0.00922808 0.0106186
0 0.346895 0.025557 0.00956106 0.00952865
0 0.626274 0.267209 0.00715411 0.00783938
0 0.255668 0.32822 0.00657806 0.00713748
0 0.325436 0.213457 0.0074622 0.00777964
0 0.12337 0.383152 0.0118093 0.0114978
0 0.0955334 0.431482 0.00762191 0.00758016
0 0.4756 0.942071 0.00714856 0.00856113
0 0.276331 0.534689 0.00831804 0.0082342
0 0.394546 0.298328 0.00764504 0.00795785
0 0.450941 0.212727 0.00726414 0.00777626
0 0.1094 0.354187 0.00954647 0.0081628
0 0.287998 0.117369 0.00619259 0.00635934
0 0.937675 0.748358 0.00813901 0.0105893
0 0.447231 0.73582 0.0105671 0.0126478
0 0.653398 0.307643 0.00931931 0.0098702
0 0.425146 0.857227 0.00767019 0.00918007
0 0.445217 0.732452 0.0106343 0.0124016
0 0.595888 0.353716 0.0071038 0.00802252
0 0.0586037 0.428569 0.00704905 0.00759906
0 0.625023 0.267448 0.00773221 0.00749922
0 0.0757484 0.276512 0.00738297 0.00896969
0 0.343964 0.510104 0.0097636 0.00890136
0 0.307127 0.623743 0.0121333 0.0107269
0 0.481843 0.900373 0.00836191 0.0081318
0 0.480881 0.213133 0.0122194 0.0126896
0 0.671987 0.167875 0.00603944 0.0066001
0 0.587954 0.416499 0.0109631 0.0100555
0 0.286561 0.87275 0.00787857 0.00840229
0 0.0127993 0.399222 0.014996 0.0171829
0 0.318057 0.231003 0.00960332 0.0105752
0 0.480781 0.899441 0.00912821 0.00891989
0 0.223985 0.308022 0.00606938 0.00672254
0 0.243889 0.416172 0.0134211 0.0121922
0 0.267351 0.0834532 0.0061937 0.00737389
0 0.305083 0.343129 0.0071651 0.00778711
0 0.334578 0.501343 0.00861421 0.00852376
0 0.337074 0.142586 0.011667 0.0134073
0 0.410285 0.577539 0.0117432 0.0131212
0 0.393087 0.2403 0.0095602 0.0108593
0 0.657837 0.303094 0.00747901 0.00959131
0 0.111122 0.269192 0.00809586 0.00721502
0 0.137185 0.353302 0.0105252 0.0106287
0 0.399518 0.499757 0.00858313 0.00826854
0 0.491816 0.292378 0.00793877 0.0097301
0 0.158638 0.380157 0.00877269 0.00790417
0 0.195615 0.341343 0.00683178 0.00814524
0 0.480589 0.0924356 0.00667459 0.00682449
0 0.363688 0.524722 0.00803193 0.00821435
0 0.757167 0.857347 0.0113533 0.0127876
0 0.300302 0.607972 0.00830555 0.0116321
0 0.744113 0.972854 0.00778246 0.00778449
0 0.163002 0.521754 0.0107454 0.0102995
