0 0.322116 0.903766 0.00752905 0.00773889
0 0.0901842 0.690161 0.00690138 0.00755423
0 0.386833 0.975991 0.0108098 0.0113182
0 0.103929 0.739924 0.00856408 0.00847787
0 0.160569 0.773072 0.00725895 0.00799084
0 0.114341 0.577794 0.0126302 0.00965577
0 0.11948 0.792266 0.00822513 0.00865036
0 0.319949 0.915206 0.00778571 0.00833738
0 0.499312 0.648893 0.00854138 0.00919664
0 0.203828 0.740152 0.00781356 0.00902855
0 0.108566 0.67376 0.00893066 0.00849473
0 0.0229589 0.553788 0.00766284 0.0105712
0 0.188299 0.628595 0.00773969 0.00836438
0 0.274135 0.945996 0.00710547 0.00690591
0 0.140877 0.66564 0.0061195 0.00680315
0 0.028289 0.760289 0.00686188 0.00757945
0 0.289591 0.952064 0.00821733 0.00792772
0 0.066941 0.610456 0.00718147 0.00800967
0 0.488491 0.678425 0.00762463 0.00892651
0 0.215259 0.650953 0.0084424 0.0101069
0 0.236373 0.93494 0.00691539 0.00883371
0 0.496204 0.623448 0.00909463 0.010231
0 0.0710046 0.776265 0.00573997 0.00654793
0 0.0967567 0.680383 0.00823081 0.00799161
0 0.211657 0.851468 0.00885253 0.00922662
0 0.204119 0.802731 0.00831366 0.00819761
0 0.0354414 0.700899 0.00637947 0.00757903
0 0.00940419 0.782341 0.00743303 0.00768834
0 0.0151369 0.763868 0.007354 0.00740057
0 0.0566801 0.767203 0.0076673 0.00846422
0 0.110102 0.704266 0.00705075 0.00840491
0 0.327194 0.936375 0.00806856 0.00797403
0 0.469214 0.72883 0.00856793 0.00886667
0 0.401318 0.816774 0.00642061 0.00730056
0 0.40314 0.966162 0.00778359 0.00840718
0 0.24559 0.931953 0.00600863 0.00704825
0 0.0971477 0.800752 0.00613727 0.00663757
0 0.395322 0.959689 0.00673524 0.00779778
0 0.0192963 0.82737 0.00786322 0.00834584
0 0.491493 0.864776 0.00684947 0.00844228
0 0.143108 0.67408 0.00706686 0.00749439
