0 0.851502 0.959771 0.022323 0.0233482
0 0.684888 0.983173 0.0208001 0.0152111
0 0.834134 0.80563 0.0254593 0.0151943
0 0.726426 0.263846 0.015843 0.0135013
0 0.739374 0.787306 0.0174125 0.0137858
0 0.960627 0.518628 0.0182026 0.0184314
0 0.370482 0.777467 0.0122175 0.0115156
0 0.0165214 0.420495 0.0198435 0.0149982
0 0.877984 0.978248 0.017379 0.0189942
0 0.539796 0.911215 0.0237965 0.0207253
0 0.0587421 0.563257 0.0117462 0.0103546
0 0.969812 0.40656 0.0139898 0.014378
0 0.800487 0.750522 0.0212317 0.016035
0 0.732664 0.932965 0.00882018 0.00875509
0 0.747765 0.974914 0.00793612 0.0114158
0 0.15785 0.988542 0.0166277 0.0130451
0 0.970738 0.407268 0.0175274 0.0181049
0 0.706739 0.860182 0.0144976 0.012167
0 0.972266 0.548389 0.0196875 0.0158617
0 0.0178677 0.564805 0.0093068 0.00914419
0 0.312824 0.634734 0.0126585 0.0126852
0 0.84 0.98521 0.0151697 0.0181866
0 0.298822 0.723436 0.0109635 0.00938606
0 0.139679 0.507064 0.0121974 0.00803822
0 0.960658 0.460829 0.0126414 0.0143335
0 0.0642539 0.444627 0.00801018 0.00703362
0 0.280645 0.700626 0.0121765 0.014415
0 0.994654 0.606287 0.0106912 0.0119383
0 0.545277 0.179016 0.0110588 0.0103611
0 0.156046 0.861625 0.0108031 0.0157204
0 0.697074 0.207967 0.0106518 0.0110944
0 0.988742 0.11475 0.00917625 0.010375
0 0.671516 0.367216 0.00882179 0.00997281
0 0.990412 0.978523 0.00548935 0.00624126
0 0.777979 0.95526 0.0103712 0.0112862
0 0.416545 0.828887 0.00809336 0.00876808
0 0.929675 0.490617 0.014423 0.0127745
0 0.691515 0.861893 0.00904793 0.00826567
0 0.957658 0.27676 0.00770456 0.00872335
0 0.725328 0.95996 0.00889003 0.0101867
0 0.945863 0.953668 0.010622 0.0101892
0 0.106099 0.141604 0.0118335 0.0161514
0 0.70395 0.908806 0.00960797 0.00942159
0 0.859261 0.922836 0.0165136 0.016206
0 0.135617 0.520264 0.00811376 0.00820065
0 0.593672 0.845753 0.0190769 0.0193232
0 0.12373 0.516411 0.00650196 0.00754237
0 0.937989 0.221779 0.0121608 0.0127173
0 0.452158 0.369701 0.0090557 0.00783595
0 0.429523 0.352875 0.00786591 0.00946513
0 0.929393 0.513836 0.00925446 0.0101477
0 0.397067 0.904167 0.0235689 0.0149975
0 0.846778 0.297856 0.00767326 0.00920367
0 0.683268 0.983516 0.026989 0.0169666
0 0.861818 0.923867 0.0193663 0.0172127
0 0.15677 0.987369 0.0199144 0.016716
0 0.931282 0.491735 0.0173928 0.014982
0 0.862423 0.7898 0.0147278 0.0167804
0 0.10096 0.428087 0.0090518 0.0118198
0 0.862376 0.327977 0.0118729 0.0124073
