0 0.424643 0.918867 0.0176438 0.0185326
0 0.841168 0.784079 0.0198349 0.0174105
0 0.526716 0.968874 0.0159081 0.0113752
0 0.397761 0.370691 0.0155856 0.0138845
0 0.647687 0.401629 0.0205599 0.0197955
0 0.299728 0.386791 0.0142716 0.0123067
0 0.939338 0.744093 0.0156423 0.0183266
0 0.896541 0.823189 0.0217556 0.0170509
0 0.395931 0.371728 0.0205228 0.0159074
0 0.646969 0.314386 0.0167697 0.0142187
0 0.601922 0.374555 0.0137467 0.0156947
0 0.545083 0.388602 0.0117096 0.00877017
0 0.353745 0.315346 0.0146158 0.0182823
0 0.217083 0.951902 0.0125977 0.0157339
0 0.931926 0.819418 0.0145931 0.0108246
0 0.250381 0.948619 0.0204957 0.0157549
0 0.504991 0.901372 0.0155962 0.0148972
0 0.590445 0.35614 0.0121734 0.0115826
0 0.560849 0.395026 0.0101185 0.0116998
0 0.85399 0.73855 0.0293526 0.0182098
0 0.392256 0.45705 0.00551426 0.00666466
0 0.902528 0.745228 0.0201019 0.0144638
0 0.444091 0.376236 0.0134189 0.00997502
0 0.280833 0.662536 0.0180806 0.0156838
0 0.932636 0.787696 0.00966913 0.0121624
0 0.333294 0.685295 0.0250585 0.0137318
0 0.415995 0.446921 0.00508139 0.00555915
0 0.614353 0.343063 0.0109306 0.0147769
