0 0.228045 0.243737 0.0164692 0.0164302
0 0.362591 0.340236 0.0208755 0.0258364
0 0.163815 0.348147 0.022066 0.0205197
0 0.447224 0.4515 0.0197092 0.02114
0 0.653272 0.443572 0.0163843 0.0171305
0 0.318385 0.2983 0.0130976 0.0150052
0 0.337233 0.298877 0.0195096 0.0194205
0 0.785431 0.188595 0.01441 0.0162413
0 0.400461 0.429271 0.0169579 0.0158991
0 0.179349 0.398127 0.0174065 0.0194207
0 0.203247 0.386805 0.0174087 0.0172727
0 0.330921 0.325956 0.0200063 0.0194849
0 0.383161 0.45722 0.015482 0.017072
0 0.177914 0.749388 0.01964 0.0252941
0 0.844158 0.173086 0.0185146 0.017065
0 0.492365 0.26787 0.0187618 0.0164279
0 0.599395 0.224002 0.0169765 0.0155414
0 0.712552 0.358055 0.0157934 0.0209436
0 0.0286311 0.604835 0.0179794 0.0237371
0 0.116509 0.326928 0.0172601 0.0175172
0 0.599585 0.475537 0.0168434 0.0165029
0 0.155805 0.774099 0.0133068 0.0210884
0 0.602372 0.518512 0.0151689 0.0177664
0 0.644789 0.394811 0.0117867 0.0117961
0 0.232739 0.868286 0.0178453 0.0147716
0 0.0669644 0.550129 0.0141085 0.0136568
0 0.114588 0.77983 0.0177876 0.0183703
0 0.748634 0.190459 0.0152222 0.0197484
0 0.621551 0.492174 0.0159752 0.0175757
0 0.399804 0.968455 0.0129576 0.0158968
0 0.482671 0.726642 0.0174457 0.0189977
0 0.304084 0.330601 0.0179696 0.023573
0 0.274773 0.844401 0.015808 0.0184288
0 0.371621 0.991146 0.0115869 0.0156932
0 0.179371 0.625918 0.0166852 0.0117634
0 0.127049 0.518263 0.0174608 0.0151409
0 0.529122 0.369585 0.0142088 0.0155403
0 0.506601 0.72497 0.0161792 0.0224497
0 0.169435 0.562745 0.0205154 0.0264953
0 0.0921171 0.612947 0.0227627 0.0186012
0 0.171296 0.521395 0.0155497 0.0220423
0 0.0643486 0.609083 0.0191159 0.0198957
0 0.0410966 0.924443 0.012641 0.0166401
0 0.271384 0.278594 0.0164967 0.0199638
0 0.662914 0.470922 0.0166205 0.0150772
0 0.258523 0.78805 0.0227835 0.0201891
0 0.581644 0.269486 0.0176783 0.019624
0 0.669364 0.432778 0.0175514 0.0146301
0 0.075349 0.567698 0.0200693 0.0150884
0 0.543411 0.624836 0.0140093 0.019385
0 0.511451 0.377519 0.0120529 0.013548
0 0.604237 0.379489 0.0103106 0.012071
0 0.103753 0.80783 0.0183547 0.0201094
0 0.588881 0.547882 0.0116628 0.0111936
0 0.527674 0.666959 0.0158428 0.0181566
0 0.209919 0.340801 0.0178826 0.0238315
0 0.51539 0.695949 0.0160931 0.0242308
0 0.107057 0.720898 0.011088 0.0129929
0 0.0727298 0.281393 0.0174502 0.0155168
0 0.371364 0.991189 0.0141778 0.0176222
0 0.554831 0.75844 0.0179238 0.0171047
0 0.518432 0.391533 0.0128782 0.0134763
0 0.575968 0.507374 0.0187044 0.0202549
0 0.464242 0.313001 0.017314 0.0175853
0 0.533824 0.651624 0.0191945 0.0185369
0 0.452145 0.328707 0.0144632 0.0150384
0 0.10215 0.658257 0.0202516 0.0138602
0 0.675939 0.490368 0.0108706 0.0122539
0 0.586451 0.533838 0.0107167 0.0123337
0 0.0784259 0.347794 0.0161389 0.023876
0 0.605637 0.380187 0.0131283 0.0136212
0 0.171504 0.315115 0.0166609 0.0196145
0 0.105313 0.721039 0.0138554 0.0141902
0 0.176865 0.747676 0.0171112 0.0201085
0 0.119896 0.791906 0.0115565 0.0103853
0 0.0973097 0.689397 0.0129676 0.016135
0 0.236098 0.302487 0.00999299 0.0138077
0 0.816298 0.153486 0.0055508 0.00707325
0 0.499412 0.769794 0.0115057 0.0112253
0 0.00349137 0.56631 0.0065731 0.0193797
0 0.599442 0.244559 0.0135782 0.0154554
0 0.612032 0.582471 0.0119295 0.0121462
0 0.0399079 0.92445 0.0178814 0.0201737
0 0.273506 0.279312 0.0220559 0.0214093
0 0.516446 0.698446 0.0144976 0.0197924
0 0.541212 0.530818 0.0212421 0.0183378
0 0.541128 0.528708 0.0191498 0.0141209
0 0.450011 0.328066 0.0173236 0.0169618
0 0.490933 0.408615 0.00988159 0.0142721
0 0.634849 0.396112 0.00792348 0.00881308
0 0.223543 0.300313 0.00886956 0.0139409
0 0.103391 0.719168 0.0173744 0.0146651
0 0.726133 0.168099 0.0219064 0.0156315
0 0.04578 0.578365 0.0113214 0.00793433
0 0.602885 0.497343 0.0118607 0.0130686
0 0.514034 0.694414 0.0197784 0.0289509
0 0.569518 0.540186 0.0102834 0.0104629
0 0.00446055 0.567527 0.0089211 0.0192234
0 0.168801 0.315387 0.0225835 0.0218714
0 0.58055 0.270482 0.0229588 0.0240618
0 0.165211 0.316892 0.0155017 0.0179811
