0 0.55442 0.238062 0.0154735 0.0141001
0 0.120349 0.861948 0.0182862 0.0222412
0 0.590938 0.115172 0.0187262 0.0207291
0 0.548059 0.509354 0.0170572 0.018086
0 0.190977 0.279338 0.0118281 0.0109982
0 0.0976248 0.0853674 0.0207812 0.0242227
0 0.0301763 0.0822 0.0171208 0.0175631
0 0.051599 0.0721843 0.0219547 0.0208437
0 0.162366 0.968179 0.0142524 0.0184563
0 0.630497 0.942283 0.0125605 0.0124977
0 0.510055 0.449587 0.0130206 0.0157332
0 0.333305 0.448124 0.0191207 0.0191167
0 0.308978 0.45386 0.0173791 0.0167383
0 0.364296 0.0321345 0.0190917 0.0209348
0 0.291118 0.875396 0.0183632 0.01977
0 0.142423 0.118 0.0156271 0.0178484
0 0.513776 0.419002 0.0113457 0.0131945
0 0.585627 0.273729 0.0143995 0.0157986
0 0.241625 0.266571 0.0149205 0.0141359
0 0.57579 0.156989 0.0126547 0.0157597
0 0.557289 0.202328 0.0126791 0.014005
0 0.474217 0.857541 0.0182617 0.0144623
0 0.430343 0.326632 0.0211219 0.0189981
0 0.556602 0.425152 0.0164399 0.0167971
0 0.640607 0.663288 0.020493 0.0188997
0 0.174451 0.295497 0.0158006 0.0182213
0 0.572545 0.18856 0.00977916 0.0148072
0 0.405617 0.349006 0.0143788 0.0135325
0 0.523653 0.44032 0.00860268 0.0102018
0 0.648254 0.155626 0.0144238 0.0185912
0 0.570173 0.920822 0.0129225 0.018306
0 0.310485 0.827753 0.0157467 0.0149906
0 0.570424 0.91755 0.0116199 0.0153906
0 0.0139367 0.866184 0.011805 0.017136
0 0.558137 0.426273 0.022283 0.0215092
0 0.472683 0.855616 0.0210539 0.0179556
0 0.566625 0.169346 0.00786924 0.00954984
0 0.0455963 0.960799 0.0195315 0.0237277
0 0.556702 0.205231 0.0161536 0.0196739
0 0.206526 0.273695 0.0126399 0.0107503
0 0.208238 0.343429 0.0120455 0.0125676
0 0.595766 0.616631 0.0209696 0.0206003
0 0.559252 0.259778 0.0127608 0.0128716
0 0.615835 0.494667 0.0189522 0.0170397
