0 0.491484 0.269724 0.0205214 0.0202581
0 0.417857 0.324748 0.0175705 0.0182302
0 0.366434 0.408199 0.0140052 0.0191976
0 0.410836 0.254067 0.0169074 0.0188964
0 0.730901 0.31775 0.0174564 0.0191883
0 0.482108 0.863189 0.0166366 0.0153503
0 0.438042 0.890181 0.0165236 0.0208931
0 0.45849 0.536151 0.0225562 0.0208399
0 0.338928 0.547971 0.0164931 0.0210366
0 0.903468 0.800153 0.0142713 0.0157444
0 0.595536 0.744466 0.0162252 0.0191359
0 0.750667 0.394783 0.01977 0.0211214
0 0.428366 0.915344 0.0115952 0.0111298
0 0.669588 0.925235 0.020894 0.0224716
0 0.378666 0.544347 0.0153072 0.0193331
0 0.630261 0.635453 0.0199165 0.0215346
0 0.546249 0.9601 0.0187685 0.0185574
0 0.340586 0.373016 0.0120021 0.0161761
0 0.754996 0.313061 0.0119728 0.0181859
0 0.308444 0.539692 0.0188637 0.0216274
0 0.775104 0.271126 0.0187818 0.0199089
0 0.421375 0.281923 0.0153104 0.0202803
0 0.66409 0.35679 0.0202433 0.0263928
0 0.262132 0.533977 0.0175963 0.0164802
0 0.438374 0.329552 0.014802 0.0209403
0 0.565852 0.386335 0.0220282 0.0261128
0 0.238086 0.576368 0.0185851 0.014573
0 0.893879 0.760778 0.0187176 0.0162836
0 0.366703 0.500904 0.0170051 0.0132338
0 0.830718 0.319077 0.0216005 0.0223966
0 0.846381 0.626925 0.0234619 0.0228581
0 0.451658 0.221985 0.019146 0.0191872
0 0.637087 0.662113 0.0173078 0.0202246
0 0.404092 0.501965 0.00947934 0.011218
0 0.479135 0.36479 0.0236613 0.0216043
0 0.408141 0.297114 0.0104714 0.0107925
0 0.257182 0.597965 0.0135843 0.0116559
0 0.76013 0.336279 0.0127603 0.0160181
0 0.83366 0.348915 0.0213936 0.0287686
0 0.362408 0.25414 0.0254812 0.0247788
0 0.807227 0.737887 0.0157461 0.0218208
0 0.366517 0.366998 0.0153487 0.0205147
0 0.311626 0.700198 0.0196654 0.0179052
0 0.581488 0.239138 0.0103243 0.0123655
0 0.387031 0.499602 0.013885 0.0180146
0 0.622165 0.987512 0.00852823 0.0129989
0 0.5853 0.300934 0.0122552 0.0139691
0 0.795298 0.692338 0.0172693 0.0183197
0 0.604997 0.784699 0.0151712 0.0132734
0 0.595392 0.219348 0.0180189 0.014504
0 0.598304 0.769759 0.0130808 0.0115565
0 0.836499 0.352304 0.0146856 0.0195362
0 0.832514 0.346769 0.016991 0.0227014
0 0.564661 0.382791 0.0190579 0.0181508
0 0.459408 0.874882 0.0162397 0.0180694
0 0.547339 0.996471 0.0101207 0.0065462
0 0.623249 0.277662 0.0096857 0.0114654
0 0.594086 0.218272 0.0150247 0.0120885
0 0.807038 0.604141 0.0205265 0.024277
0 0.616121 0.967931 0.0118706 0.0161538
0 0.807656 0.279273 0.0212376 0.0295022
0 0.363491 0.253427 0.0230944 0.0184518
0 0.398314 0.933939 0.0200815 0.0198534
0 0.806448 0.276297 0.017987 0.0228353
0 0.849642 0.627886 0.0147527 0.0192633
0 0.755687 0.354762 0.0117019 0.0139357
0 0.345108 0.495252 0.014224 0.01523
0 0.281044 0.616704 0.0164908 0.00976789
0 0.401482 0.938881 0.0165976 0.0158287
0 0.560737 0.238525 0.0176144 0.0163502
0 0.592248 0.244002 0.0123642 0.00966491
0 0.770493 0.46992 0.0156668 0.013828
0 0.552136 0.480127 0.0118418 0.0110152
0 0.620205 0.260035 0.00931734 0.00891393
0 0.437818 0.891888 0.0190454 0.0260353
0 0.79941 0.605958 0.0192534 0.0254661
0 0.282047 0.629531 0.0144827 0.0132562
0 0.399246 0.935922 0.025175 0.0254436
0 0.839011 0.682038 0.017046 0.0163677
0 0.394556 0.52127 0.0153199 0.0137304
0 0.616799 0.965845 0.0162393 0.0172173
0 0.973529 0.74306 0.00990999 0.00967461
0 0.847625 0.596533 0.00938892 0.011861
0 0.237351 0.576039 0.0219087 0.0179235
0 0.598741 0.254998 0.0131832 0.0116892
0 0.434837 0.316406 0.0135524 0.0149953
0 0.366 0.408799 0.0173835 0.0228481
0 0.951269 0.855767 0.00915068 0.010743
0 0.397596 0.932293 0.0176175 0.0154192
0 0.582 0.463678 0.0248964 0.0273596
0 0.580046 0.773582 0.0164889 0.0152834
0 0.40827 0.53825 0.0101755 0.0125973
0 0.473745 0.361187 0.0149181 0.0171401
0 0.601502 0.99418 0.0141319 0.0116392
0 0.835205 0.702316 0.00635034 0.00758964
0 0.403887 0.492808 0.0104281 0.00936544
0 0.243262 0.646795 0.0164116 0.0189416
0 0.422738 0.928741 0.0124308 0.0121267
0 0.94493 0.870664 0.0136601 0.0123613
0 0.363117 0.250632 0.0252492 0.0211868
0 0.391922 0.456481 0.0169396 0.0201218
0 0.396692 0.930392 0.0163578 0.0129181
0 0.281766 0.623172 0.0200917 0.0236296
0 0.243355 0.642884 0.0184207 0.0267102
0 0.588378 0.302012 0.0191574 0.0193309
0 0.58198 0.461232 0.0206267 0.0174677
0 0.803943 0.606068 0.0288022 0.0301583
0 0.940983 0.854158 0.00872576 0.00969809
0 0.951859 0.856782 0.0113079 0.0115444
0 0.618518 0.968696 0.0157925 0.0166443
0 0.360283 0.252204 0.0180116 0.0180063
