0 0.629559 0.647227 0.00784653 0.00844288
0 0.309101 0.866339 0.0100819 0.00996435
0 0.52196 0.836205 0.00723916 0.00767767
0 0.67235 0.822191 0.00915009 0.00970417
0 0.446516 0.896717 0.00832024 0.00939101
0 0.469932 0.603747 0.0087887 0.00829631
0 0.688897 0.715823 0.0087992 0.0097338
0 0.626954 0.632405 0.00789237 0.0075658
0 0.629477 0.6602 0.0100396 0.00997084
0 0.514593 0.897382 0.00793666 0.00884479
0 0.473126 0.829185 0.00995922 0.00919515
0 0.423081 0.884043 0.0123468 0.0113465
0 0.595456 0.72239 0.00783843 0.00859898
0 0.242394 0.49149 0.00778037 0.00807115
0 0.508581 0.88393 0.00787544 0.00859946
0 0.702547 0.753375 0.00745296 0.00881577
0 0.147282 0.1834 0.00675468 0.00704265
0 0.515047 0.796766 0.00751209 0.0084433
0 0.384629 0.74577 0.00820646 0.00865263
0 0.512573 0.365882 0.0106543 0.0103974
0 0.290676 0.873011 0.00985861 0.00951099
0 0.407255 0.979151 0.00967485 0.010808
0 0.372068 0.916514 0.00712848 0.007613
0 0.491028 0.845223 0.00813693 0.00848734
0 0.379695 0.92647 0.0104818 0.00993043
0 0.953468 0.92081 0.00871319 0.00944251
0 0.192558 0.488311 0.00779653 0.00797614
0 0.691807 0.891076 0.00808197 0.00933897
0 0.247185 0.733712 0.00813286 0.00883061
0 0.33137 0.704391 0.00977165 0.0103572
0 0.482212 0.778596 0.00787267 0.00854629
0 0.420516 0.977168 0.00847396 0.0102227
0 0.41481 0.759883 0.00658646 0.00768262
0 0.402775 0.798748 0.00950277 0.00924033
0 0.559285 0.327656 0.00749046 0.00873929
0 0.372939 0.756098 0.010622 0.0105753
0 0.373922 0.697671 0.00805458 0.00844347
0 0.620904 0.400978 0.0108395 0.0107422
0 0.645162 0.866837 0.00890106 0.00890696
0 0.438777 0.621668 0.00858384 0.00965923
0 0.690514 0.774602 0.00882912 0.00911081
0 0.416065 0.821661 0.00920162 0.00981063
0 0.508306 0.82846 0.00772387 0.00755119
0 0.705706 0.735109 0.00912744 0.0102131
0 0.540266 0.673968 0.00917989 0.00915307
0 0.205023 0.804832 0.007973 0.00811195
0 0.609018 0.698557 0.00919211 0.00834411
0 0.454197 0.608867 0.00525782 0.00586617
0 0.409364 0.65324 0.00696984 0.00798243
0 0.346424 0.908396 0.00824761 0.00924414
0 0.5353 0.361352 0.00917757 0.00898772
0 0.226869 0.746726 0.00864382 0.0107921
0 0.304904 0.965004 0.0103856 0.011298
0 0.487025 0.972497 0.0106585 0.00986141
0 0.584615 0.694409 0.00878841 0.00881726
0 0.309973 0.840492 0.00965044 0.0099535
0 0.423572 0.421045 0.0112006 0.0106547
0 0.533099 0.634078 0.00758219 0.00800508
0 0.384923 0.702753 0.00865945 0.00901872
0 0.934904 0.9229 0.0088318 0.00980914
0 0.386006 0.666158 0.0078907 0.00864643
0 0.578744 0.752537 0.0103903 0.0103205
0 0.376708 0.57994 0.00806502 0.00816667
0 0.67113 0.670768 0.00904399 0.0093751
0 0.235547 0.541979 0.00792575 0.00832921
0 0.232451 0.723971 0.00754839 0.00782824
0 0.751121 0.888651 0.0113572 0.00975728
0 0.290229 0.846927 0.00668848 0.00740051
0 0.61131 0.895527 0.008461 0.00930101
0 0.582287 0.394351 0.00957286 0.0105644
0 0.490238 0.614557 0.00671434 0.00691378
0 0.666728 0.810176 0.00855446 0.0104336
0 0.599524 0.738234 0.0090974 0.00953901
0 0.220123 0.779721 0.00965519 0.00925523
0 0.671336 0.770617 0.00731796 0.00760418
0 0.502898 0.898502 0.0087969 0.0084675
0 0.223824 0.714737 0.00682029 0.00754511
0 0.686656 0.624132 0.00913447 0.00891161
0 0.638486 0.395051 0.00967389 0.00907841
0 0.496701 0.931858 0.00900573 0.00943446
0 0.630594 0.412929 0.0104576 0.0103886
0 0.192783 0.809154 0.00776324 0.00955617
0 0.679314 0.786097 0.00730574 0.00749797
0 0.392061 0.808488 0.00818768 0.00876504
0 0.284141 0.83997 0.00702247 0.00661433
0 0.898813 0.991589 0.00757939 0.00806332
0 0.327853 0.322767 0.0114128 0.0118909
0 0.893861 0.80404 0.0115284 0.0115761
0 0.396815 0.931037 0.00942832 0.00885844
0 0.468963 0.775498 0.0105014 0.00978202
0 0.6867 0.877799 0.00693119 0.00765896
0 0.659344 0.670001 0.00716996 0.00787371
0 0.568385 0.808721 0.00888443 0.00974405
0 0.20828 0.141059 0.0108748 0.0103983
0 0.578099 0.645 0.0110366 0.00889903
0 0.395942 0.635521 0.00704333 0.00664473
0 0.69468 0.866435 0.00648075 0.00802422
0 0.554924 0.616547 0.008533 0.00833374
0 0.209619 0.689833 0.00865453 0.00861198
0 0.554898 0.831785 0.00890344 0.00900954
0 0.47638 0.332837 0.0088166 0.00926596
0 0.528878 0.344863 0.0098322 0.00925124
0 0.661866 0.638765 0.00726908 0.00816995
0 0.523895 0.790878 0.00601292 0.00668561
0 0.374107 0.672658 0.00800535 0.00760901
0 0.898171 0.905045 0.00827217 0.00827521
0 0.539326 0.491836 0.00890613 0.00972709
0 0.55837 0.497224 0.0089829 0.00931379
0 0.571451 0.635148 0.00626892 0.00725818
0 0.925846 0.983389 0.00992852 0.0103929
0 0.521374 0.624692 0.0107933 0.00812566
0 0.393331 0.736433 0.00976628 0.00805598
0 0.410266 0.646041 0.00609702 0.00737381
0 0.357995 0.785421 0.00754625 0.00840724
0 0.753025 0.811336 0.0101075 0.00868165
0 0.521524 0.60773 0.00752586 0.00790721
0 0.57806 0.496367 0.00882149 0.00896153
0 0.468011 0.589102 0.00702727 0.00781667
0 0.569354 0.785427 0.0119946 0.0111439
0 0.167212 0.498591 0.00823784 0.00849506
0 0.355066 0.915603 0.00858316 0.0100319
0 0.464191 0.723973 0.00785503 0.00812644
0 0.261057 0.712099 0.00834566 0.00865269
0 0.490174 0.960427 0.00814217 0.00817418
0 0.408629 0.434596 0.00813618 0.0090085
0 0.209531 0.46423 0.00667362 0.00713998
0 0.361971 0.580651 0.00783825 0.00809193
0 0.45296 0.667474 0.00855941 0.00785142
0 0.663609 0.778647 0.00678653 0.00690508
0 0.580854 0.711916 0.00848007 0.00856686
0 0.175544 0.820246 0.00848995 0.00900614
0 0.273725 0.674641 0.0137956 0.0172489
0 0.523327 0.85054 0.00697285 0.00704211
0 0.694815 0.846544 0.00694466 0.0072273
0 0.679372 0.731677 0.00813395 0.00774956
0 0.246963 0.199352 0.0107984 0.00976019
0 0.187029 0.796067 0.00697136 0.00754082
0 0.672442 0.622252 0.00815368 0.00935203
0 0.3326 0.951618 0.00857553 0.0085274
0 0.173323 0.145771 0.00788836 0.00819354
0 0.943002 0.883461 0.00869012 0.00878549
0 0.239117 0.696897 0.010355 0.00865209
0 0.672219 0.720197 0.00685346 0.00756997
0 0.561089 0.728681 0.00794423 0.00880134
0 0.36155 0.671828 0.00786981 0.00830865
0 0.524016 0.676579 0.00664204 0.00673091
0 0.296348 0.360632 0.00863662 0.00870255
0 0.544462 0.318221 0.00816292 0.00974303
0 0.167428 0.800844 0.00926042 0.00933516
0 0.514158 0.672943 0.00647283 0.00716382
0 0.704709 0.833452 0.00708008 0.00772762
0 0.50985 0.761461 0.00819606 0.00886959
0 0.524842 0.867708 0.00845402 0.00842214
0 0.607569 0.372822 0.0070529 0.00774503
0 0.458107 0.629973 0.00643969 0.00660491
0 0.61573 0.655202 0.00711048 0.00744534
0 0.224159 0.832163 0.00751027 0.00758094
0 0.900125 0.893534 0.0112047 0.00967944
0 0.489399 0.702932 0.00698397 0.00776571
0 0.467758 0.439005 0.0103397 0.0109219
0 0.191002 0.786819 0.00864549 0.00792485
0 0.983023 0.753725 0.00889087 0.00936651
0 0.481585 0.669638 0.00751227 0.00742161
0 0.393754 0.91604 0.00760698 0.00887108
0 0.705181 0.865404 0.00659519 0.00742382
0 0.252862 0.217943 0.00858365 0.00810638
0 0.66766 0.85023 0.0089224 0.00860119
0 0.411991 0.772357 0.00626439 0.00646657
0 0.632641 0.618307 0.00860727 0.0080142
0 0.762469 0.220145 0.0188675 0.0144733
0 0.331166 0.705487 0.0116564 0.0132738
0 0.250439 0.230081 0.00915875 0.00866385
0 0.526042 0.314998 0.00728863 0.0081799
0 0.62861 0.858444 0.00701296 0.00715256
0 0.349047 0.692535 0.00671861 0.00752318
0 0.554178 0.715466 0.00590801 0.00587636
0 0.70082 0.897612 0.00683522 0.0077644
0 0.187959 0.796539 0.00822768 0.00815427
0 0.190172 0.451952 0.00645709 0.00772497
0 0.559584 0.85112 0.00662553 0.00725996
0 0.425882 0.758163 0.00753689 0.00733864
0 0.198115 0.179101 0.0101124 0.00943443
0 0.191591 0.210784 0.00941755 0.00812626
0 0.564586 0.628306 0.00625342 0.00700158
0 0.515133 0.636756 0.00875127 0.00884122
0 0.488544 0.635988 0.00851861 0.00823408
0 0.565908 0.488858 0.00795221 0.00807512
0 0.622245 0.676127 0.00662673 0.00645941
0 0.62404 0.802161 0.00770122 0.00769025
0 0.496836 0.688475 0.00745738 0.00759012
0 0.908391 0.903101 0.00653195 0.00719106
0 0.449232 0.601158 0.00657368 0.00682873
0 0.685432 0.743025 0.00962311 0.00872946
0 0.546678 0.73611 0.00694084 0.00743902
0 0.319477 0.987066 0.0100918 0.0117664
0 0.340256 0.592748 0.00823379 0.00834811
0 0.335845 0.311568 0.00895023 0.00897649
0 0.299326 0.61177 0.0115534 0.00935328
0 0.467548 0.437598 0.0121937 0.0152201
0 0.651184 0.661843 0.00784856 0.00749493
0 0.642309 0.626582 0.00771731 0.00789702
0 0.560151 0.396768 0.0090012 0.00945559
0 0.287318 0.620304 0.010179 0.00935161
0 0.68173 0.639082 0.00844002 0.00907576
0 0.195271 0.221928 0.00741968 0.00737585
0 0.228892 0.435811 0.00849962 0.00837135
0 0.494902 0.95043 0.00835592 0.0108948
0 0.459427 0.705622 0.00766087 0.00776899
0 0.968672 0.756366 0.00935042 0.00889999
0 0.628292 0.816265 0.0059886 0.00702357
0 0.311414 0.45857 0.00884554 0.00916463
0 0.238506 0.166713 0.00909671 0.00939031
0 0.938029 0.894944 0.0082109 0.00832784
0 0.688842 0.855382 0.00742912 0.00715119
0 0.233231 0.707644 0.00551683 0.00636423
0 0.36474 0.924089 0.00787154 0.00822639
0 0.694492 0.908825 0.0075773 0.0075689
0 0.174724 0.482438 0.0068748 0.00765401
0 0.529864 0.458749 0.00877702 0.0103057
0 0.468491 0.933518 0.00751054 0.00824487
0 0.361138 0.589951 0.0067834 0.00723505
0 0.12257 0.137312 0.00833214 0.00983477
0 0.148635 0.816937 0.00895195 0.00873435
0 0.347959 0.940707 0.00904197 0.00973779
0 0.826996 0.836023 0.0097996 0.00873297
0 0.69642 0.739725 0.00573635 0.00667518
0 0.557466 0.817913 0.007707 0.00761223
0 0.184953 0.810466 0.00716262 0.00811273
0 0.547595 0.331747 0.00767922 0.00704738
0 0.274125 0.625571 0.0105202 0.010644
0 0.311027 0.312866 0.0115581 0.0110066
0 0.218857 0.20117 0.0095292 0.00933042
0 0.469235 0.43525 0.0113479 0.0152633
0 0.395399 0.773471 0.0063991 0.00681114
0 0.499514 0.755896 0.00788307 0.00760382
0 0.210711 0.812973 0.00714636 0.00704002
0 0.30094 0.610952 0.0126128 0.00965595
0 0.363011 0.581509 0.00927618 0.0090431
0 0.575014 0.485302 0.00812167 0.00796643
0 0.257732 0.843598 0.00848481 0.00879383
0 0.154628 0.17455 0.0075008 0.00767931
0 0.255503 0.179627 0.0084554 0.0089047
0 0.671421 0.635106 0.00654221 0.00755006
0 0.642905 0.824756 0.007137 0.0075981
0 0.653323 0.648936 0.00606382 0.00608522
0 0.48843 0.335254 0.00796643 0.00867385
0 0.394253 0.737385 0.0106394 0.00920123
0 0.66765 0.809405 0.0104847 0.012941
0 0.667387 0.807443 0.0081414 0.0119686
0 0.37643 0.67391 0.00881067 0.00763285
0 0.638071 0.63314 0.0083676 0.00674742
0 0.619686 0.666627 0.00600815 0.00720608
0 0.507491 0.815507 0.00605375 0.00670666
0 0.61279 0.827341 0.00748903 0.0079971
0 0.693299 0.755505 0.00740397 0.00875646
0 0.635304 0.60995 0.00698906 0.00681478
0 0.533707 0.332296 0.00773352 0.007806
0 0.263672 0.990941 0.00920516 0.0108204
0 0.280124 0.65421 0.0117027 0.0116085
0 0.589721 0.354403 0.00676006 0.00735465
