0 0.658714 0.333003 0.0220234 0.0223466
0 0.822118 0.288958 0.018796 0.0204542
0 0.754944 0.232356 0.0178024 0.0134384
0 0.797556 0.257751 0.022288 0.0208634
0 0.844604 0.393629 0.0193176 0.0185406
0 0.527666 0.0911925 0.019445 0.0192118
0 0.828948 0.371169 0.0128586 0.0127456
0 0.633634 0.836632 0.0215274 0.0195873
0 0.795285 0.258421 0.0280242 0.0249604
0 0.816981 0.213877 0.0221035 0.0148745
0 0.0994952 0.200988 0.0148132 0.0146512
0 0.181524 0.726046 0.0188657 0.0200539
0 0.98977 0.609525 0.0204609 0.01943
0 0.595189 0.823021 0.0128084 0.0136884
0 0.842996 0.209841 0.0195743 0.0151637
0 0.786947 0.215252 0.0248793 0.029316
0 0.0776678 0.129968 0.0158506 0.0213403
0 0.895531 0.428082 0.0156959 0.016061
0 0.0469312 0.129562 0.019156 0.0183737
0 0.132511 0.39026 0.0184493 0.0161657
0 0.689072 0.551749 0.0210196 0.0217435
0 0.117382 0.267805 0.0110032 0.0115238
0 0.1505 0.260722 0.0132795 0.0174604
0 0.886307 0.367339 0.0147384 0.0146608
0 0.712004 0.916652 0.0189012 0.0216435
0 0.112915 0.185955 0.0160976 0.0161532
0 0.043627 0.19366 0.012412 0.0160139
0 0.11429 0.187428 0.0199336 0.0198159
0 0.022689 0.178012 0.00956712 0.0140589
0 0.990092 0.230312 0.0190155 0.0179714
0 0.570912 0.0758085 0.0113089 0.0135866
0 0.737213 0.306377 0.0125527 0.0172477
0 0.59373 0.823313 0.0158968 0.0159678
0 0.689929 0.551045 0.0261477 0.0267746
0 0.585347 0.878683 0.00947821 0.0119927
0 0.711841 0.449961 0.0261099 0.0342211
0 0.952415 0.50269 0.0124027 0.0140999
0 0.147172 0.175663 0.0180692 0.0165626
0 0.824247 0.434297 0.0130913 0.0110887
0 0.545663 0.0881885 0.0092392 0.0106419
0 0.0817169 0.234995 0.0151433 0.0148715
0 0.901224 0.391043 0.0127681 0.0164579
0 0.737592 0.608857 0.0187457 0.016903
0 0.176431 0.196811 0.0148265 0.015246
0 0.0623766 0.145977 0.0146118 0.0161518
0 0.939234 0.368454 0.0209597 0.0256589
0 0.951588 0.503463 0.0160515 0.016554
0 0.73724 0.606114 0.0208397 0.0216948
0 0.0253516 0.105155 0.0118729 0.0136004
0 0.0623081 0.147565 0.016253 0.0208003
0 0.636785 0.0268427 0.0158542 0.0185525
0 0.972352 0.435926 0.0100435 0.0111938
0 0.921603 0.396108 0.0141943 0.0270084
0 0.974138 0.37798 0.0130413 0.0135942
0 0.789815 0.21624 0.0208561 0.0246771
