0 0.961576 0.875492 0.0191342 0.0195797
0 0.929716 0.897033 0.0157776 0.0167252
0 0.979122 0.846439 0.0179154 0.018293
0 0.743822 0.826788 0.0204514 0.0250189
0 0.561948 0.811628 0.0205636 0.0189301
0 0.957789 0.835941 0.0131325 0.010339
0 0.639473 0.760685 0.016 0.0189148
0 0.599375 0.761229 0.0168516 0.0174547
0 0.991152 0.679415 0.0125614 0.0118578
0 0.987916 0.641512 0.0160915 0.0148928
0 0.865887 0.322167 0.0233063 0.0209124
0 0.928828 0.914744 0.0121224 0.00909388
0 0.993159 0.951915 0.0117775 0.0208683
0 0.858226 0.562931 0.0186609 0.0220552
