0 0.151393 0.618785 0.0208816 0.0233771
0 0.288649 0.629587 0.0191192 0.0234141
0 0.213388 0.163365 0.0170182 0.0182306
0 0.262361 0.271962 0.0189115 0.0198552
0 0.733781 0.581794 0.01736 0.0180858
0 0.510957 0.048977 0.0140873 0.0158881
0 0.3818 0.574308 0.0144395 0.0160049
0 0.0671181 0.909641 0.0178983 0.018969
0 0.21374 0.710563 0.0193333 0.0161866
0 0.142253 0.111204 0.0163937 0.0162007
0 0.649539 0.920083 0.0182953 0.0187603
0 0.613065 0.343728 0.01538 0.0193453
0 0.262986 0.622094 0.0171731 0.0202473
0 0.19189 0.294709 0.0130599 0.0142122
0 0.695601 0.528995 0.0129358 0.013618
0 0.416006 0.601006 0.0190438 0.0187399
0 0.652698 0.969271 0.0145712 0.0142973
0 0.671333 0.963897 0.0138119 0.0153309
0 0.147871 0.14168 0.0169993 0.0147392
0 0.221159 0.229324 0.0159117 0.0170569
0 0.179246 0.214173 0.0176066 0.0207175
0 0.0179219 0.968912 0.019169 0.0181438
0 0.807091 0.536828 0.0156446 0.0168455
0 0.176049 0.294261 0.0121876 0.0147399
0 0.492882 0.0157638 0.0186814 0.0238751
0 0.295783 0.546248 0.0237518 0.0208063
0 0.280086 0.806454 0.014351 0.0182156
0 0.806213 0.556758 0.0174921 0.0165685
0 0.696549 0.776211 0.011158 0.013294
0 0.42061 0.157333 0.01456 0.0151716
0 0.775223 0.532059 0.0157838 0.0173179
0 0.635606 0.942215 0.0301901 0.0182862
0 0.763233 0.595099 0.0147429 0.0195643
0 0.754468 0.800149 0.0121734 0.0158791
0 0.559345 0.882361 0.0115493 0.0115551
0 0.724298 0.828708 0.0138924 0.0139092
0 0.093939 0.952865 0.0152059 0.0168198
0 0.34938 0.947866 0.0134048 0.0153072
0 0.312955 0.520733 0.0183887 0.0197521
0 0.0777169 0.932167 0.0127176 0.0168968
0 0.697675 0.847721 0.0122176 0.0126473
0 0.551495 0.371115 0.0159397 0.0175067
0 0.0714984 0.954565 0.0101161 0.0118599
0 0.592482 0.887269 0.0136469 0.0156269
0 0.837533 0.536063 0.0111393 0.0178038
0 0.96402 0.431477 0.0125872 0.0114592
0 0.640855 0.27139 0.0124146 0.0127731
0 0.769466 0.56554 0.0115323 0.0121516
0 0.0475694 0.567516 0.0128275 0.00984275
0 0.21786 0.551386 0.00908977 0.0100129
0 0.723076 0.516352 0.0112098 0.0146778
0 0.639256 0.941914 0.0214771 0.0190853
0 0.944287 0.639299 0.00836676 0.0108728
0 0.457805 0.0672783 0.0118628 0.0128685
0 0.707856 0.517438 0.0101969 0.0108923
0 0.944234 0.452861 0.0192353 0.0212975
0 0.230149 0.690564 0.00715061 0.00879747
0 0.200538 0.640952 0.0104498 0.0123127
0 0.674519 0.279891 0.0124211 0.0128554
0 0.746337 0.444462 0.0102933 0.0148142
0 0.201047 0.574785 0.0113984 0.0156776
0 0.445741 0.142734 0.0137815 0.0193671
0 0.722286 0.51384 0.0111983 0.012977
0 0.434147 0.817679 0.0101143 0.0095976
0 0.926467 0.661443 0.00788081 0.00788522
0 0.328639 0.553465 0.016749 0.0169258
0 0.90346 0.599036 0.011491 0.00944084
0 0.638939 0.26989 0.012149 0.0115852
0 0.577974 0.300816 0.00979024 0.0127158
0 0.26442 0.330321 0.014468 0.0172152
0 0.944633 0.637709 0.00942445 0.0138632
0 0.898749 0.703387 0.00595111 0.00724566
0 0.698297 0.848215 0.0148827 0.01498
0 0.982026 0.434194 0.00928742 0.0119932
0 0.0341012 0.954634 0.0106725 0.0108929
0 0.659801 0.409132 0.018388 0.0180494
0 0.0870336 0.55102 0.0145464 0.011903
0 0.78284 0.0417907 0.00758594 0.00902908
