0 0.464344 0.700461 0.0142341 0.0162502
0 0.430693 0.707583 0.0162342 0.015984
0 0.467397 0.730927 0.0144936 0.0140076
0 0.464711 0.64158 0.0136551 0.0123464
0 0.442416 0.663313 0.0135362 0.0156527
0 0.494428 0.678289 0.0105074 0.0122367
0 0.487266 0.748076 0.0149338 0.0175373
0 0.517841 0.654788 0.0103503 0.0117761
0 0.529986 0.820726 0.00828916 0.0118648
0 0.53885 0.768523 0.0165186 0.0140826
0 0.847792 0.760423 0.0144318 0.0146756
0 0.504039 0.6662 0.0110718 0.0122123
0 0.465139 0.605898 0.0117181 0.0115681
0 0.485337 0.772937 0.00721616 0.00768244
0 0.468513 0.594112 0.0103903 0.0121624
0 0.530716 0.742149 0.0089159 0.0128344
0 0.551633 0.754231 0.0129508 0.0115026
0 0.570514 0.608909 0.0230165 0.0220222
0 0.647168 0.499907 0.024437 0.0207649
0 0.505149 0.66581 0.0129587 0.014559
0 0.472995 0.480062 0.0098505 0.00977746
0 0.668124 0.473238 0.011676 0.0120601
