0 0.287241 0.912491 0.0153133 0.0185574
0 0.267373 0.968765 0.0162564 0.018066
0 0.880678 0.942515 0.0159998 0.0173918
0 0.898371 0.913666 0.0215622 0.0224951
0 0.0438842 0.589544 0.0184724 0.0196493
0 0.129576 0.959442 0.0196054 0.0213521
0 0.689654 0.844116 0.0179129 0.018631
0 0.298878 0.952616 0.0160546 0.017334
0 0.271044 0.533515 0.0254349 0.0214656
0 0.956361 0.966939 0.0181561 0.0142778
0 0.612184 0.918593 0.0178427 0.0204605
0 0.331462 0.968197 0.0142192 0.014172
0 0.827764 0.454073 0.0199021 0.0213448
0 0.132741 0.527704 0.00637984 0.00677419
0 0.574025 0.630542 0.0178196 0.0176191
0 0.956678 0.967717 0.021107 0.0180725
0 0.350323 0.0850634 0.0156204 0.0150312
0 0.660498 0.177778 0.0155424 0.0167118
0 0.3516 0.0838678 0.0183005 0.018424
0 0.866527 0.897728 0.00863057 0.0115454
0 0.673829 0.520829 0.017524 0.0204715
0 0.650762 0.966052 0.0177419 0.0141548
0 0.271779 0.531647 0.0206561 0.0213416
0 0.329049 0.648286 0.0170515 0.0211908
0 0.066871 0.983093 0.0183109 0.0178526
0 0.445237 0.986828 0.0110023 0.0117981
0 0.625405 0.481466 0.0162219 0.018666
0 0.0580119 0.808877 0.0227463 0.0227321
0 0.0112713 0.607228 0.0200316 0.0218235
0 0.673757 0.938014 0.0243824 0.0141747
0 0.330752 0.648683 0.0126643 0.0173181
0 0.670847 0.938471 0.0164839 0.00997335
0 0.917773 0.302764 0.0100847 0.0114486
0 0.269762 0.532185 0.0297858 0.0284951
0 0.0557285 0.808836 0.0172669 0.0180292
0 0.0678895 0.985381 0.0240324 0.0222435
