0 0.407804 0.149765 0.018168 0.0155261
0 0.703583 0.0381669 0.0155037 0.0138904
0 0.500985 0.242509 0.0151999 0.0165907
0 0.81475 0.0368746 0.0168766 0.016014
0 0.454632 0.131512 0.0197904 0.0144043
0 0.728814 0.43114 0.0105468 0.0116912
0 0.30268 0.400469 0.0152779 0.0160328
0 0.804637 0.0186072 0.0136874 0.0113886
0 0.320252 0.423484 0.0161419 0.0189874
0 0.401176 0.111431 0.0171162 0.016643
0 0.967791 0.217972 0.0126162 0.0134917
0 0.453655 0.131974 0.0216621 0.0189081
0 0.847667 0.421403 0.0072279 0.00795785
0 0.675671 0.614645 0.0144928 0.0134886
0 0.737098 0.507391 0.0109652 0.0109299
0 0.921123 0.584343 0.01054 0.0109299
0 0.720877 0.0122332 0.0132871 0.016107
0 0.888412 0.0928365 0.0138035 0.0106014
0 0.481878 0.427251 0.0137333 0.0149283
0 0.859415 0.425904 0.00819016 0.00832254
0 0.446159 0.00536346 0.0109142 0.0103651
0 0.698313 0.586835 0.0142608 0.0167502
0 0.63309 0.435661 0.0153704 0.0122337
0 0.589585 0.394076 0.0114477 0.0129044
0 0.487524 0.014471 0.0139337 0.0113278
0 0.507574 0.278163 0.00719678 0.00935966
0 0.874688 0.357667 0.0127329 0.01219
0 0.59976 0.0603719 0.0118365 0.0111591
0 0.470622 0.17534 0.0174061 0.0121835
0 0.38248 0.0965674 0.0148354 0.0157104
0 0.315051 0.267998 0.0110343 0.0103722
0 0.526785 0.216398 0.0093562 0.0114345
0 0.76933 0.619691 0.0126692 0.00826192
0 0.464667 0.277133 0.0160906 0.010409
0 0.757595 0.41166 0.0137741 0.0108378
0 0.685155 0.545307 0.00979292 0.00942159
0 0.13064 0.23263 0.0190346 0.0206036
0 0.0373371 0.428431 0.00933141 0.0112793
