0 0.625981 0.765336 0.0171324 0.0160143
0 0.77016 0.211432 0.0142571 0.0175025
0 0.807706 0.136738 0.016357 0.01907
0 0.937896 0.891139 0.0164318 0.0168797
0 0.840655 0.456336 0.013274 0.0151014
0 0.531331 0.463417 0.0168249 0.0194349
0 0.662723 0.318311 0.0187498 0.0180266
0 0.543555 0.550659 0.0149283 0.0168249
0 0.650251 0.671518 0.0148964 0.0155622
0 0.418405 0.91456 0.0140441 0.0158104
0 0.50574 0.824492 0.0175948 0.018348
0 0.806412 0.39453 0.0186146 0.0184921
0 0.707681 0.330636 0.0171543 0.0187171
0 0.592877 0.645684 0.0149778 0.0155153
0 0.445247 0.94062 0.013992 0.0157696
0 0.875488 0.44537 0.01721 0.0171955
0 0.769482 0.2669 0.0159535 0.0158534
0 0.831871 0.787434 0.0138092 0.0162863
0 0.294537 0.430422 0.0148146 0.0156164
0 0.410847 0.310119 0.0170965 0.0183345
0 0.69963 0.739362 0.0142794 0.0152634
0 0.967738 0.883769 0.0137073 0.0135048
0 0.467769 0.664537 0.0152788 0.0180903
0 0.641485 0.113353 0.0172631 0.0190822
0 0.923812 0.762707 0.0199118 0.018124
0 0.326317 0.732441 0.0189392 0.0210741
0 0.769002 0.868889 0.0142849 0.0185093
0 0.385168 0.313817 0.0114571 0.014052
0 0.667425 0.805826 0.0164881 0.0207991
0 0.0444429 0.804841 0.0193783 0.0154743
0 0.262715 0.0923657 0.0148664 0.0139038
0 0.816694 0.803137 0.0117573 0.0139779
0 0.417145 0.595115 0.0168103 0.0196864
0 0.420548 0.517538 0.0153669 0.0197685
0 0.595199 0.663327 0.0151781 0.0147339
0 0.879648 0.699687 0.0134201 0.018163
0 0.16376 0.610111 0.0183169 0.0172254
0 0.307298 0.943991 0.0148082 0.0189644
0 0.766336 0.8956 0.0133532 0.0159315
0 0.897216 0.389593 0.0138113 0.0151601
0 0.360675 0.371264 0.0172639 0.0174588
0 0.746641 0.415637 0.0156118 0.0174269
0 0.442648 0.67471 0.0102245 0.014413
0 0.781281 0.853247 0.0121356 0.0167502
0 0.0565557 0.825537 0.0151997 0.0153683
0 0.726067 0.402409 0.0165532 0.0158584
0 0.55918 0.78439 0.0130568 0.0124532
0 0.198234 0.589438 0.0114203 0.0124662
0 0.537156 0.638165 0.0135832 0.0176994
0 0.926907 0.319002 0.0162788 0.0216937
0 0.591057 0.595739 0.00819218 0.0112414
0 0.832041 0.285741 0.0184589 0.0218609
0 0.645814 0.258805 0.0164732 0.0165133
0 0.816627 0.46154 0.0110832 0.0120455
0 0.601225 0.691662 0.0140024 0.0120522
0 0.0235767 0.840394 0.0157275 0.0160723
0 0.356361 0.876647 0.0136812 0.0163368
0 0.172693 0.93433 0.00988084 0.0118139
0 0.894398 0.457868 0.0149502 0.0189953
0 0.527328 0.573484 0.0167137 0.0181473
0 0.619095 0.126275 0.0125633 0.0145861
0 0.414484 0.64946 0.0139287 0.0152245
0 0.905391 0.801647 0.0109367 0.0145264
0 0.060076 0.105181 0.0161026 0.0155818
0 0.603712 0.159607 0.0165949 0.0195484
0 0.552356 0.459859 0.0137402 0.0133308
0 0.888624 0.243722 0.0170067 0.0184857
0 0.967773 0.80314 0.0126076 0.0161705
0 0.584528 0.52858 0.0104477 0.0110388
0 0.404864 0.379752 0.00861797 0.00982112
0 0.39791 0.359402 0.0161208 0.0209405
0 0.494912 0.741077 0.0133266 0.0158092
0 0.707019 0.690432 0.0142202 0.0137064
0 0.541377 0.849694 0.016215 0.0187689
0 0.407871 0.618664 0.0157057 0.016481
0 0.670581 0.653512 0.0164927 0.0141211
0 0.689052 0.492143 0.0209377 0.0235326
0 0.465492 0.414 0.0120606 0.0131535
0 0.728447 0.905655 0.0132879 0.0160087
0 0.0890771 0.854474 0.0180648 0.0188003
0 0.848232 0.74683 0.0233082 0.0238743
0 0.141996 0.42457 0.0196275 0.0180807
0 0.494335 0.529456 0.0131312 0.0181013
0 0.723457 0.15367 0.0111433 0.0101958
0 0.972077 0.725606 0.0157303 0.0178884
0 0.981632 0.926845 0.015197 0.0153549
0 0.138222 0.136491 0.016506 0.0155015
0 0.0956643 0.438078 0.0146606 0.0188207
0 0.738287 0.566687 0.0175278 0.0282331
0 0.670286 0.294193 0.0168198 0.0173907
0 0.291874 0.547726 0.0233558 0.0318119
0 0.244315 0.116223 0.0229315 0.022347
0 0.504945 0.700904 0.0174856 0.0188414
0 0.233092 0.194763 0.0182311 0.0177862
0 0.769753 0.57304 0.0216764 0.0244047
0 0.217779 0.917367 0.0113036 0.0133074
0 0.0793489 0.818287 0.0166445 0.0150387
0 0.801403 0.826898 0.0106989 0.0114594
0 0.466632 0.855562 0.0103472 0.00922471
0 0.354547 0.9078 0.0121076 0.00956762
0 0.428081 0.883929 0.0128805 0.0185173
0 0.968609 0.70055 0.0177414 0.0188248
0 0.261938 0.837306 0.0156804 0.0187313
0 0.746329 0.31688 0.0120959 0.0121968
0 0.92881 0.259297 0.01707 0.0197302
0 0.646518 0.362895 0.0128632 0.0164947
0 0.68686 0.518586 0.0209814 0.0155202
0 0.441494 0.419301 0.0171312 0.0197506
0 0.692758 0.429864 0.0189437 0.0172623
0 0.332226 0.388896 0.0176242 0.0182042
0 0.762898 0.533227 0.0176254 0.0147444
0 0.540556 0.818459 0.0112742 0.0121853
0 0.422172 0.958427 0.0160961 0.0168125
0 0.145264 0.167396 0.0133902 0.00975628
0 0.118167 0.416168 0.018038 0.019516
0 0.182915 0.645997 0.00984687 0.0115447
0 0.760185 0.733253 0.00867981 0.0104322
0 0.919089 0.535326 0.0101246 0.0116235
0 0.435185 0.748257 0.0131677 0.0131531
0 0.734077 0.236969 0.0131207 0.0158352
0 0.560914 0.373194 0.00655633 0.0073787
0 0.758329 0.450852 0.016033 0.0116757
0 0.885143 0.487917 0.010846 0.0118565
0 0.659862 0.380663 0.00893611 0.0115555
0 0.5057 0.700953 0.0217381 0.0222147
0 0.870954 0.515134 0.0118309 0.0141008
0 0.379859 0.263827 0.0208797 0.0214617
0 0.415991 0.4538 0.0133871 0.0149162
0 0.631365 0.492374 0.00914228 0.0100073
0 0.803011 0.875587 0.0120938 0.013734
0 0.97752 0.846809 0.0084126 0.00924838
0 0.627303 0.141883 0.0116684 0.0132371
0 0.814984 0.276654 0.0111771 0.0135127
0 0.698523 0.674793 0.00956172 0.0114861
0 0.796268 0.303005 0.0128744 0.0186436
0 0.381215 0.267344 0.0197146 0.0167663
0 0.757619 0.478216 0.0102457 0.0104578
0 0.759116 0.696976 0.0129991 0.0135841
0 0.295167 0.177683 0.0140132 0.0143657
0 0.376416 0.263008 0.0143359 0.0176626
0 0.512288 0.477627 0.0153895 0.0155487
0 0.735265 0.489429 0.0140761 0.0158417
0 0.500609 0.401454 0.0133011 0.0129245
0 0.575604 0.316156 0.0111898 0.00993598
0 0.241615 0.861689 0.0178687 0.0145924
0 0.215568 0.453839 0.0118188 0.0109414
0 0.773447 0.500147 0.0135796 0.0112123
0 0.853082 0.479441 0.00968242 0.0108048
0 0.439159 0.748664 0.0218602 0.0150173
0 0.333168 0.90088 0.00924006 0.0153572
0 0.479772 0.760472 0.0166254 0.0125014
0 0.202657 0.868503 0.0141217 0.0120682
0 0.311782 0.786799 0.0105767 0.0106074
0 0.646945 0.710188 0.00811446 0.00861615
0 0.219308 0.861992 0.0126054 0.0153446
0 0.797262 0.766084 0.00813293 0.0144851
0 0.97994 0.851575 0.00877225 0.0112233
0 0.0441769 0.343103 0.0131822 0.0175702
0 0.225003 0.830396 0.0242712 0.0199106
0 0.662105 0.204062 0.0115425 0.0208171
0 0.66213 0.20708 0.0122534 0.0166517
0 0.739232 0.172188 0.00582939 0.00688453
0 0.243407 0.861148 0.0136576 0.0128202
0 0.742922 0.531603 0.0121473 0.0173042
0 0.436932 0.356191 0.00813818 0.00951079
0 0.450408 0.472952 0.0108725 0.0118728
0 0.56088 0.823012 0.0145035 0.0181084
0 0.815484 0.686067 0.0138269 0.0134348
0 0.334078 0.15205 0.0220947 0.0236753
0 0.551884 0.461926 0.0153521 0.0186808
0 0.825821 0.841731 0.00929755 0.00962067
0 0.714001 0.200826 0.00917679 0.0141898
0 0.938316 0.833812 0.00696409 0.00999677
0 0.92146 0.723122 0.0136974 0.020072
0 0.557394 0.42688 0.0176653 0.0182744
0 0.0711596 0.85048 0.0108171 0.0123291
0 0.991066 0.809418 0.0168875 0.0166981
0 0.971724 0.72769 0.0184166 0.0209797
0 0.31341 0.789089 0.0124423 0.0127892
0 0.984198 0.836689 0.00683975 0.00708103
0 0.052038 0.733082 0.0109001 0.0128521
0 0.715499 0.664368 0.00693244 0.0103952
0 0.955864 0.266085 0.0131824 0.0163785
0 0.547751 0.601432 0.0140417 0.0147545
0 0.09387 0.567748 0.0146255 0.0119826
0 0.601067 0.87636 0.00894493 0.00916177
0 0.827192 0.164281 0.00809002 0.0108968
0 0.781872 0.283161 0.0154554 0.0142263
0 0.559085 0.824827 0.0159975 0.0191809
0 0.779057 0.304024 0.011102 0.0115985
0 0.684876 0.327828 0.0149766 0.0138958
0 0.708931 0.198784 0.0188709 0.018939
0 0.216798 0.690812 0.0148744 0.0176471
0 0.216303 0.689015 0.0127428 0.0153661
0 0.229675 0.82909 0.0148092 0.0162349
0 0.990039 0.833725 0.00775641 0.00876826
0 0.820886 0.881754 0.00972766 0.013261
0 0.851137 0.502199 0.00931209 0.0100226
0 0.791584 0.716426 0.0139666 0.0187498
0 0.640966 0.40521 0.00980663 0.00993803
0 0.833842 0.283655 0.016745 0.0208184
0 0.766262 0.534087 0.0264592 0.0181513
0 0.824919 0.749658 0.013554 0.0109134
0 0.222563 0.830967 0.0213995 0.0166096
0 0.771549 0.533753 0.0139997 0.0133832
0 0.179312 0.911974 0.0130332 0.0182835
0 0.686654 0.814426 0.0109621 0.0122375
0 0.333522 0.150117 0.0187343 0.0194216
0 0.741359 0.924203 0.00928098 0.0126786
0 0.610328 0.719461 0.00924742 0.0084551
0 0.234024 0.422427 0.00951281 0.00936937
0 0.828371 0.222396 0.00923175 0.0101768
0 0.690574 0.77086 0.0102255 0.0162836
0 0.858935 0.459584 0.0123177 0.0152386
0 0.00496592 0.78226 0.00880833 0.0165972
0 0.730497 0.519495 0.0096857 0.0100578
0 0.629454 0.519709 0.00614566 0.00849169
0 0.928755 0.257612 0.0202209 0.0272421
0 0.838888 0.508071 0.00844002 0.00930464
0 0.814433 0.241229 0.0075134 0.0099784
0 0.719553 0.244222 0.0122908 0.0120845
0 0.761189 0.695956 0.0117062 0.0144907
0 0.497472 0.4279 0.0148687 0.019129
0 0.561208 0.340844 0.0061844 0.00687754
0 0.450771 0.440253 0.00851506 0.0104872
0 0.509357 0.495602 0.00844806 0.00996098
0 0.733141 0.238045 0.0155768 0.0195581
0 0.984511 0.308084 0.00683594 0.00724199
0 0.282789 0.452717 0.0133814 0.0115011
0 0.566956 0.531487 0.0100216 0.0084185
0 0.351871 0.500216 0.00861034 0.0100739
0 0.473808 0.761095 0.0275679 0.0141699
0 0.376455 0.38053 0.011035 0.014919
0 0.760126 0.698521 0.015702 0.0153849
0 0.409764 0.262995 0.0118455 0.0108516
0 0.505907 0.751929 0.0080654 0.0127386
0 0.89867 0.985534 0.00822562 0.00806081
0 0.0692014 0.853002 0.0118739 0.0134735
0 0.33397 0.920993 0.0066787 0.00839996
0 0.694738 0.427745 0.0153069 0.0140469
0 0.101854 0.134884 0.0181161 0.0142147
0 0.467456 0.754675 0.0163442 0.0197868
0 0.437163 0.355269 0.0101358 0.0114208
0 0.184595 0.930179 0.00861269 0.0104969
0 0.375612 0.382626 0.0119752 0.0183763
0 0.475489 0.311467 0.00901195 0.0150193
0 0.210401 0.494757 0.011253 0.00755596
0 0.673452 0.48436 0.011414 0.0160818
0 0.96328 0.752469 0.0203163 0.0163572
0 0.960288 0.754245 0.0267487 0.019484
0 0.0534525 0.501898 0.0123458 0.0164597
0 0.69878 0.814373 0.0114084 0.0136414
0 0.54929 0.467904 0.0108723 0.014938
0 0.955899 0.26368 0.0150173 0.0221991
0 0.544951 0.522949 0.00978488 0.0127758
0 0.958709 0.754858 0.0223266 0.0158739
0 0.705006 0.196772 0.010631 0.0148631
0 0.496104 0.429856 0.0147526 0.0175608
0 0.246993 0.235286 0.0150332 0.0185627
0 0.938357 0.850576 0.007119 0.00763017
0 0.505464 0.501591 0.00799716 0.00711328
0 0.912604 0.51064 0.0143526 0.0183684
0 0.499976 0.422514 0.00970253 0.0117836
