0 0.153289 0.119041 0.0157901 0.018294
0 0.569397 0.855842 0.0143161 0.0170969
0 0.513257 0.174245 0.0188114 0.0178835
0 0.0824299 0.0770734 0.0172843 0.0186444
0 0.764679 0.458203 0.0140529 0.0143089
0 0.709104 0.781257 0.0186081 0.019018
0 0.557183 0.909695 0.0112873 0.0120188
0 0.473855 0.119978 0.0118246 0.0134648
0 0.772733 0.883705 0.0151324 0.0199463
0 0.572365 0.743773 0.0169417 0.0157782
0 0.84932 0.806167 0.0112842 0.0168602
0 0.778768 0.824931 0.0178282 0.0177094
0 0.214702 0.0122376 0.0168525 0.0149039
0 0.347519 0.942958 0.0131409 0.0159727
0 0.307722 0.371332 0.0147784 0.0139825
0 0.624842 0.318771 0.0201291 0.0198793
0 0.619111 0.637843 0.0174741 0.0155134
0 0.140772 0.0820769 0.0113251 0.0109391
0 0.554301 0.725042 0.0121248 0.0172455
0 0.721866 0.799264 0.0142025 0.0160898
0 0.612592 0.944284 0.0122983 0.0132183
0 0.663558 0.988851 0.0127673 0.0112602
0 0.177609 0.129398 0.0187076 0.0183012
0 0.341583 0.726952 0.0144385 0.0163333
0 0.570467 0.829176 0.0157524 0.0176245
0 0.800406 0.875137 0.0134647 0.0158978
0 0.182537 0.504108 0.0171855 0.0164967
0 0.338094 0.784634 0.0119506 0.0152866
0 0.553624 0.977398 0.00926262 0.0116543
0 0.231707 0.887718 0.0152493 0.0176008
0 0.647512 0.294893 0.0175005 0.0157681
0 0.635264 0.801432 0.0180727 0.0197876
0 0.121853 0.189059 0.0254758 0.0275171
0 0.568654 0.630201 0.0174935 0.0194111
0 0.723548 0.903342 0.0212981 0.0163254
0 0.0447607 0.0990344 0.0151131 0.0157786
0 0.987775 0.383577 0.0207264 0.0207888
0 0.331457 0.669279 0.0170692 0.0157458
0 0.499133 0.391339 0.0104768 0.00971621
0 0.32442 0.907584 0.0227643 0.0194584
0 0.592015 0.854496 0.0142073 0.0142506
0 0.649837 0.0994886 0.0141224 0.0151961
0 0.685251 0.934282 0.0158124 0.0158052
0 0.661338 0.316724 0.0169612 0.0206158
0 0.586876 0.660202 0.0149892 0.0135764
0 0.444236 0.959394 0.012419 0.0116993
0 0.202842 0.282067 0.0185728 0.0272056
0 0.209575 0.636725 0.0104902 0.00893593
0 0.642505 0.677639 0.0107068 0.00970364
0 0.383997 0.918915 0.0140565 0.0174358
0 0.714612 0.976719 0.0137954 0.0149181
0 0.629444 0.048165 0.00937623 0.00766893
0 0.323634 0.361651 0.0136131 0.0134217
0 0.202824 0.775182 0.0128418 0.0168159
0 0.628813 0.401599 0.0112707 0.0112054
0 0.921902 0.204924 0.0129248 0.0143234
0 0.201863 0.281227 0.0212537 0.0341403
0 0.59535 0.77501 0.0120249 0.0115385
0 0.613336 0.0659187 0.013315 0.0116949
0 0.237298 0.202219 0.0117785 0.0131607
0 0.984159 0.691091 0.00857353 0.0106411
0 0.00594626 0.0604948 0.0100131 0.0124004
0 0.510687 0.123158 0.016955 0.0134
0 0.872885 0.487833 0.0177603 0.0134235
0 0.593274 0.622204 0.0161576 0.0105158
0 0.167968 0.356993 0.0182442 0.0148167
0 0.177687 0.106339 0.00996292 0.0115485
0 0.574842 0.726988 0.013267 0.0120966
0 0.207747 0.866599 0.0116887 0.0086109
0 0.248018 0.273774 0.0134125 0.0181694
0 0.633002 0.948841 0.0120764 0.00997066
0 0.876935 0.534972 0.0152454 0.0136514
0 0.534096 0.132809 0.0162169 0.0141908
0 0.080322 0.0433317 0.00769591 0.00945463
0 0.34501 0.650282 0.0138954 0.0147263
0 0.587112 0.952324 0.00898629 0.0115997
0 0.723132 0.902359 0.0229756 0.0217487
0 0.70969 0.146484 0.00951242 0.0100776
0 0.617782 0.759641 0.0110178 0.011008
0 0.120312 0.186519 0.0231789 0.0214617
0 0.910366 0.836556 0.0154511 0.0115162
0 0.932199 0.550052 0.0181084 0.0174417
0 0.337871 0.802091 0.0159608 0.0101242
0 0.439492 0.996749 0.0064148 0.00637859
0 0.796097 0.842655 0.0124095 0.0179024
0 0.82973 0.659718 0.0165012 0.0197092
0 0.505355 0.094942 0.0172348 0.0134365
0 0.759217 0.624607 0.0174788 0.0166028
0 0.142126 0.222192 0.00871377 0.009202
0 0.478902 0.935776 0.00525209 0.00547636
0 0.614662 0.7976 0.0112442 0.0141041
0 0.602306 0.804965 0.0124865 0.0166557
0 0.666655 0.738564 0.0111489 0.0155918
0 0.390391 0.938311 0.00775224 0.00831181
0 0.115938 0.693377 0.0221957 0.0206242
0 0.544599 0.997593 0.00993162 0.00481337
0 0.653656 0.997427 0.00654334 0.00514632
0 0.431167 0.939348 0.00804996 0.0113236
