0 0.560882 0.0392024 0.0106533 0.0100524
0 0.180448 0.0327967 0.0113322 0.0111261
0 0.542801 0.273371 0.0158049 0.0153441
0 0.953958 0.438584 0.00943202 0.00866842
0 0.106799 0.00967383 0.00977387 0.00890044
0 0.470531 0.816746 0.0132627 0.0120182
0 0.569226 0.333554 0.0135033 0.0103547
0 0.237835 0.0767161 0.0164509 0.013764
0 0.355375 0.703351 0.0162719 0.0153478
0 0.525399 0.103773 0.00961322 0.00935908
0 0.104249 0.0949096 0.00957599 0.00941188
0 0.432023 0.811905 0.0144159 0.0151249
0 0.161182 0.0368099 0.0109429 0.0120656
0 0.133649 0.31785 0.0188499 0.0171575
0 0.542536 0.27275 0.0175823 0.0198486
0 0.278614 0.738126 0.00959563 0.00741291
