0 0.293031 0.0192145 0.0182287 0.0198362
0 0.389294 0.0688016 0.0147891 0.0170276
0 0.294753 0.110282 0.0161456 0.017514
0 0.0275882 0.0328794 0.019674 0.0216378
0 0.410927 0.0190542 0.0148256 0.014455
0 0.750492 0.243661 0.0231816 0.0243875
0 0.277684 0.147612 0.0153362 0.0157634
0 0.361334 0.146199 0.0166536 0.0213636
0 0.639744 0.241111 0.0151157 0.0196446
0 0.557855 0.862715 0.016268 0.0182087
0 0.934731 0.736301 0.0147202 0.0160549
0 0.714715 0.143892 0.0157892 0.017251
0 0.920034 0.784436 0.016906 0.0162448
0 0.0315555 0.082447 0.0171562 0.0219037
0 0.467786 0.0776823 0.0172658 0.0175555
0 0.479428 0.468686 0.0191599 0.0195798
0 0.618898 0.23641 0.0133755 0.0156736
0 0.816513 0.394629 0.0181274 0.0185991
0 0.328908 0.0918426 0.0135357 0.017036
0 0.557606 0.602634 0.0164617 0.0176871
0 0.899874 0.780654 0.0113146 0.0153769
0 0.053101 0.0527841 0.0168486 0.0159996
0 0.0869452 0.0744088 0.0160989 0.0190007
0 0.655938 0.120216 0.0158657 0.0147632
0 0.0761777 0.659363 0.0170213 0.0171124
0 0.650328 0.470329 0.0164467 0.0157337
0 0.320142 0.178096 0.0138359 0.0147269
0 0.456841 0.474685 0.0138569 0.0176315
0 0.30847 0.0705783 0.0164029 0.0161042
0 0.948056 0.036206 0.0104687 0.0121519
0 0.185967 0.00771636 0.0144631 0.0150869
0 0.241204 0.040424 0.0173086 0.0196351
0 0.731523 0.223016 0.0109468 0.015717
0 0.582035 0.772465 0.0150219 0.0138802
0 0.589608 0.642078 0.0126523 0.0132974
0 0.884484 0.200451 0.0136019 0.0154096
0 0.673894 0.634441 0.0173767 0.0172377
0 0.621535 0.493764 0.0154669 0.0182434
0 0.615667 0.925514 0.0149914 0.0163509
0 0.951077 0.103832 0.0169414 0.0207704
0 0.280809 0.504468 0.0140456 0.0155766
0 0.980575 0.0825771 0.0121143 0.0142887
0 0.710265 0.401011 0.0154028 0.0142563
0 0.684884 0.432168 0.0219109 0.0259631
0 0.330364 0.0163521 0.0157743 0.0196566
0 0.717489 0.765305 0.0171288 0.0166645
0 0.487497 0.11304 0.0125498 0.015458
0 0.974611 0.122689 0.0166473 0.0186983
0 0.885656 0.655904 0.00999832 0.0139974
0 0.619954 0.444696 0.0196505 0.0139473
0 0.781486 0.33139 0.0116956 0.0120019
0 0.314707 0.672793 0.0126367 0.0114795
0 0.946737 0.0774066 0.00968933 0.0170338
0 0.202644 0.0970555 0.0123281 0.0117972
0 0.304574 0.654921 0.0163869 0.0170364
0 0.606241 0.397209 0.0149567 0.0177023
0 0.841048 0.333687 0.0132747 0.0147207
0 0.168813 0.559375 0.0112045 0.0155779
0 0.443113 0.0050121 0.0137216 0.0100242
0 0.531947 0.00496817 0.016346 0.00993633
0 0.916854 0.0942533 0.0181382 0.0158349
0 0.17415 0.227534 0.0097613 0.0114171
0 0.189819 0.695443 0.0166591 0.0193003
0 0.81335 0.664367 0.0158207 0.0127428
0 0.807523 0.339941 0.0140869 0.0164371
0 0.918638 0.0937549 0.0137657 0.0144262
0 0.798705 0.650652 0.0157329 0.0161285
0 0.918103 0.207677 0.0141008 0.0161122
0 0.639798 0.414446 0.010029 0.0106686
0 0.173546 0.763061 0.0117109 0.0122358
0 0.702501 0.209589 0.0117753 0.00969611
0 0.351171 0.650924 0.0206136 0.0238766
0 0.483385 0.530591 0.0189811 0.01889
0 0.617811 0.53898 0.0064761 0.00895822
0 0.538615 0.886991 0.0173777 0.0156294
0 0.609988 0.398622 0.0249599 0.0231214
0 0.485563 0.530283 0.0251961 0.0216687
0 0.721031 0.991589 0.0168958 0.0156681
0 0.695239 0.322995 0.0111477 0.0170931
0 0.753358 0.241721 0.0180197 0.0185662
0 0.809308 0.846273 0.0134445 0.0166523
0 0.841013 0.33425 0.0152413 0.0189883
0 0.62754 0.54009 0.00723559 0.0120648
0 0.683722 0.433708 0.0276906 0.0315702
0 0.850263 0.714662 0.00722462 0.00728607
0 0.63032 0.429908 0.0148845 0.015832
0 0.288254 0.77978 0.00871277 0.0124844
0 0.499081 0.126347 0.0114913 0.0130221
0 0.718537 0.441714 0.00886494 0.00851393
0 0.753876 0.450698 0.0106571 0.013706
0 0.995131 0.0749806 0.00856 0.0176927
0 0.179122 0.893719 0.0140907 0.0148182
0 0.721281 0.343932 0.0155676 0.0170622
0 0.674125 0.307385 0.0143722 0.0162706
0 0.261024 0.774734 0.00871116 0.0117033
0 0.0257347 0.194298 0.0180164 0.0168852
0 0.155946 0.884924 0.0118548 0.0112339
0 0.518991 0.989857 0.0181026 0.0202856
0 0.777089 0.227572 0.00801235 0.0114407
0 0.957839 0.161733 0.0155056 0.0230229
0 0.746544 0.335542 0.0119452 0.0107692
0 0.772195 0.267983 0.0100441 0.0126778
