0 0.814442 0.700771 0.015223 0.0159666
0 0.839414 0.665053 0.0141319 0.0149552
0 0.886675 0.712382 0.017251 0.017462
0 0.849456 0.750148 0.0119392 0.0141254
0 0.693872 0.126913 0.0162981 0.0146868
0 0.796001 0.0953118 0.0114841 0.0131339
0 0.574054 0.395704 0.0139073 0.0167288
0 0.748679 0.0771928 0.0150312 0.0143122
0 0.745586 0.733836 0.0118642 0.0122629
0 0.643431 0.544115 0.0154419 0.0151461
0 0.369991 0.0133328 0.0143875 0.0133584
0 0.210675 0.053777 0.0140979 0.0150326
0 0.44159 0.426651 0.0129665 0.0135202
0 0.878367 0.377475 0.0158833 0.0150113
0 0.49529 0.490011 0.0182802 0.0217169
0 0.25813 0.849769 0.0126308 0.0156374
0 0.271006 0.0156541 0.0152425 0.0204118
0 0.25494 0.767602 0.0143418 0.0145683
0 0.311912 0.311906 0.0167992 0.0156149
0 0.694766 0.104307 0.0100223 0.00975277
0 0.453913 0.384216 0.0224017 0.0305321
0 0.769106 0.101889 0.0137312 0.0181984
0 0.474944 0.261694 0.0161159 0.0185488
0 0.434601 0.462762 0.0130728 0.0134798
0 0.578938 0.994014 0.0137581 0.0119715
0 0.30774 0.924234 0.0129253 0.0190083
0 0.643868 0.477586 0.0150951 0.0148058
0 0.710826 0.940133 0.0105471 0.0117161
0 0.560602 0.00986418 0.0172021 0.0178158
0 0.742724 0.0417088 0.0135754 0.0132748
0 0.309968 0.984759 0.0117908 0.0145685
0 0.746894 0.0763405 0.0194475 0.015812
0 0.366703 0.874399 0.00711727 0.00912547
0 0.511218 0.255029 0.0139014 0.0108011
0 0.745442 0.458019 0.0175592 0.018244
0 0.561353 0.0120132 0.019643 0.0226988
0 0.949952 0.665643 0.0219145 0.0281383
0 0.585778 0.17771 0.0143126 0.0153358
0 0.782775 0.69992 0.0116463 0.0138437
0 0.452889 0.381267 0.0191471 0.0266157
0 0.857636 0.377153 0.0151086 0.013965
0 0.550376 0.0316127 0.0178303 0.0109646
0 0.271188 0.859598 0.0116729 0.0154526
0 0.282156 0.952469 0.0103568 0.0115265
0 0.65184 0.0452525 0.00814867 0.0124017
0 0.634897 0.0670893 0.00884575 0.00894952
0 0.666029 0.868526 0.0150226 0.0164497
0 0.493718 0.362627 0.0129925 0.0144489
0 0.666361 0.808802 0.0214957 0.0227615
0 0.677189 0.510362 0.0199755 0.0197165
0 0.764911 0.540331 0.0110028 0.0109134
0 0.74455 0.459685 0.0212591 0.0204449
0 0.549092 0.494418 0.0161527 0.0108892
0 0.552288 0.263998 0.0212875 0.0190672
0 0.525179 0.467393 0.0172972 0.0249984
0 0.55151 0.495292 0.0154997 0.0133103
0 0.522405 0.469718 0.0201613 0.0321655
0 0.56443 0.00657066 0.0149637 0.0130994
0 0.61543 0.0941859 0.00739431 0.0066347
0 0.255899 0.878703 0.0124705 0.0145168
0 0.737737 0.068234 0.0193146 0.0234711
