0 0.233279 0.386857 0.0176712 0.0171361
0 0.883614 0.686888 0.0162495 0.0179613
0 0.46868 0.696894 0.0170719 0.0188454
0 0.0123322 0.604264 0.0233458 0.0239092
0 0.899907 0.730075 0.0159203 0.0221391
0 0.644268 0.717935 0.0160437 0.0180036
0 0.888562 0.849893 0.0158344 0.0148949
0 0.270553 0.921491 0.0174992 0.0162077
0 0.853576 0.775924 0.0166011 0.0201709
0 0.912344 0.85734 0.0162169 0.0197617
0 0.75689 0.978129 0.0136023 0.0168864
0 0.549768 0.720152 0.0147257 0.0188277
0 0.740841 0.846604 0.0160246 0.0148582
0 0.878527 0.63094 0.0176636 0.0178217
0 0.952091 0.712024 0.0141087 0.0173998
0 0.021365 0.343586 0.0149348 0.0179996
0 0.504203 0.79059 0.0133721 0.0150641
0 0.875944 0.768656 0.0169548 0.0195673
0 0.272099 0.538672 0.017747 0.0171312
0 0.944257 0.646734 0.0184743 0.0160595
0 0.721019 0.853723 0.0137919 0.0169834
0 0.167909 0.778951 0.0166013 0.0175405
0 0.73494 0.697016 0.0146689 0.0163116
0 0.677613 0.910982 0.016346 0.0151972
0 0.185707 0.967196 0.01628 0.0198299
0 0.224183 0.93145 0.0150873 0.0169544
0 0.844843 0.614824 0.0125418 0.0152158
0 0.657291 0.669757 0.0134958 0.0135607
0 0.834014 0.638733 0.0173334 0.0165243
0 0.671116 0.796974 0.016122 0.0170749
0 0.683518 0.637057 0.0133269 0.0149958
0 0.03751 0.388123 0.0192683 0.0189304
0 0.186401 0.353359 0.0181897 0.0154932
0 0.118687 0.0892105 0.0168327 0.0198728
0 0.534132 0.963672 0.0141159 0.0121384
0 0.0710382 0.518701 0.0154184 0.0202844
0 0.213197 0.337439 0.0168761 0.0197538
0 0.684608 0.662636 0.011943 0.015564
0 0.716444 0.660069 0.0176813 0.0193428
0 0.845576 0.858888 0.00763774 0.00707966
0 0.871598 0.889699 0.00963283 0.00996357
0 0.573244 0.842403 0.0119916 0.0134533
0 0.128794 0.739345 0.01536 0.0154293
0 0.836723 0.639722 0.0122361 0.0137274
0 0.905944 0.898303 0.011103 0.0161316
0 0.605161 0.707569 0.0151608 0.0170968
0 0.458553 0.495145 0.0175633 0.0163473
0 0.799197 0.600914 0.0175803 0.0166796
0 0.326282 0.992562 0.0144945 0.0143188
0 0.0650455 0.0949787 0.0128529 0.0150364
0 0.848546 0.985006 0.0086714 0.00860709
0 0.787963 0.670968 0.0164567 0.0190552
0 0.481522 0.653378 0.0179535 0.0220429
0 0.705499 0.599855 0.015309 0.0190231
0 0.672954 0.623751 0.0142864 0.0157954
0 0.851294 0.871535 0.00572163 0.00652832
0 0.833929 0.81448 0.00929374 0.0112696
0 0.800737 0.60096 0.0220008 0.0193809
0 0.652812 0.475664 0.0164525 0.0217482
0 0.867767 0.806566 0.00683498 0.00746
0 0.846622 0.821854 0.00491464 0.00527936
0 0.603327 0.82953 0.0151658 0.0172779
0 0.981863 0.689732 0.0103806 0.0132089
0 0.653276 0.949282 0.0104294 0.0111198
0 0.893074 0.816109 0.00738525 0.00723457
0 0.196013 0.876959 0.00971155 0.0105499
0 0.982748 0.688382 0.00887221 0.0131642
0 0.663866 0.81002 0.00933981 0.0101832
0 0.783913 0.990011 0.00973588 0.0103111
0 0.216543 0.433149 0.00858244 0.011464
0 0.650766 0.948008 0.0147848 0.01255
0 0.405901 0.430208 0.0140098 0.0167126
0 0.396907 0.49552 0.00683546 0.0077711
0 0.504803 0.819898 0.0112457 0.0132588
0 0.110668 0.6602 0.0109987 0.0149252
0 0.906518 0.897146 0.0131539 0.0204468
0 0.782579 0.859576 0.0086506 0.0103374
0 0.134157 0.375246 0.0112355 0.0133017
0 0.741512 0.921723 0.005009 0.00539953
0 0.347151 0.809373 0.00703073 0.00736314
0 0.647856 0.946737 0.012421 0.0101681
