0 0.250519 0.614438 0.0157539 0.0150911
0 0.193627 0.621623 0.0157818 0.0155745
0 0.50632 0.906922 0.0163839 0.0160046
0 0.296024 0.957072 0.0130378 0.0159313
0 0.0423192 0.120791 0.0150156 0.0191513
0 0.107267 0.140447 0.0170604 0.0174475
0 0.206271 0.459473 0.0172053 0.0176754
0 0.199194 0.554737 0.0157198 0.0187891
0 0.358956 0.689601 0.0192317 0.0194246
0 0.391517 0.678622 0.0153266 0.0172072
0 0.126699 0.0812436 0.0160578 0.0160895
0 0.0440004 0.0566395 0.0132636 0.0128341
0 0.257768 0.778938 0.0150239 0.0179827
0 0.25576 0.663281 0.0169474 0.0197266
0 0.216805 0.602523 0.0171061 0.0185943
0 0.229506 0.630224 0.0144065 0.0144669
0 0.532273 0.579495 0.0131804 0.0162008
0 0.204239 0.144948 0.0137831 0.0165312
0 0.0397167 0.824872 0.0168154 0.018598
0 0.0965166 0.444244 0.0185493 0.0188122
0 0.362014 0.641857 0.0126626 0.0175291
0 0.104155 0.666588 0.0167848 0.0186518
0 0.027129 0.276345 0.0138886 0.0143248
0 0.276521 0.66826 0.0155581 0.0191486
0 0.179218 0.466991 0.0146292 0.016473
0 0.0487781 0.630694 0.01556 0.0174627
0 0.175695 0.2184 0.0135174 0.017181
0 0.305633 0.928781 0.0132559 0.0169281
0 0.356032 0.587361 0.0138311 0.0169321
0 0.953117 0.293582 0.0156277 0.0186768
0 0.57986 0.521241 0.0120098 0.0112588
0 0.628502 0.577326 0.00673062 0.0074749
0 0.421571 0.987181 0.012345 0.0112936
0 0.137577 0.455283 0.0140938 0.0164828
0 0.968184 0.224044 0.0153335 0.0210073
0 0.342634 0.966872 0.0144179 0.0140764
0 0.29893 0.291955 0.0132748 0.0179648
0 0.258758 0.581747 0.015976 0.0178593
0 0.561003 0.950971 0.0142534 0.0163918
0 0.661123 0.26393 0.012129 0.0140349
0 0.111327 0.628872 0.0118091 0.0153522
0 0.39463 0.624379 0.0185668 0.0175827
0 0.421934 0.199508 0.00815907 0.0110032
0 0.200373 0.772148 0.0134727 0.0134199
0 0.97776 0.550861 0.0148567 0.01651
0 0.230778 0.761796 0.0121912 0.0153203
0 0.692082 0.922217 0.0125894 0.013438
0 0.0127517 0.019599 0.0205818 0.0278182
0 0.316726 0.705727 0.0135727 0.0181181
0 0.432579 0.200552 0.00685349 0.00951339
0 0.227222 0.794752 0.0113409 0.0104139
0 0.387121 0.583375 0.0108373 0.00964642
0 0.187855 0.591588 0.018387 0.0169592
0 0.0652134 0.096124 0.00892927 0.0102062
0 0.395658 0.622119 0.0224648 0.0228623
0 0.143299 0.0389537 0.0142808 0.0283229
0 0.315894 0.717038 0.0144319 0.0173147
0 0.381439 0.514811 0.0101281 0.00902325
0 0.416599 0.95942 0.00659171 0.00714988
0 0.401706 0.616836 0.012147 0.012274
0 0.316864 0.712884 0.0154417 0.0239252
0 0.325728 0.547127 0.00716481 0.00831759
0 0.568924 0.203188 0.00824147 0.0120163
0 0.632837 0.5703 0.00800323 0.00889146
0 0.484913 0.970756 0.0141157 0.0132698
0 0.0927347 0.121114 0.0110277 0.0111311
0 0.371751 0.0425316 0.0113505 0.0134549
0 0.141975 0.039584 0.0154358 0.0231374
0 0.289509 0.557101 0.0107256 0.0126041
0 0.0434562 0.859138 0.0125895 0.0128857
0 0.123596 0.431342 0.0159042 0.0175063
0 0.515977 0.560128 0.00956839 0.00871867
0 0.130749 0.416835 0.0159402 0.0249696
0 0.309672 0.663155 0.00949594 0.0107867
0 0.184052 0.591453 0.0268647 0.0171867
0 0.0427183 0.664535 0.0150694 0.0132925
0 0.504607 0.870775 0.00798225 0.0077526
0 0.0100139 0.795461 0.0191626 0.0211204
0 0.210506 0.866952 0.00798483 0.0086174
0 0.451395 0.993062 0.0172957 0.0138761
0 0.287657 0.556171 0.0149438 0.0149816
0 0.0487467 0.321638 0.0166426 0.021737
0 0.321135 0.210698 0.015086 0.0176215
0 0.410933 0.715955 0.0107756 0.0163679
0 0.90298 0.226423 0.011318 0.0135329
0 0.27324 0.55597 0.0124788 0.013258
0 0.00677906 0.680125 0.0132167 0.0155213
0 0.669896 0.522938 0.0151426 0.015289
0 0.357728 0.00806032 0.00694036 0.0068382
0 0.629374 0.404427 0.00970101 0.0126531
0 0.680192 0.213681 0.00771922 0.0103612
0 0.560154 0.160635 0.00951725 0.0126011
0 0.0140402 0.0222411 0.0166202 0.0222076
0 0.712075 0.941466 0.0172633 0.0198326
0 0.359917 0.733571 0.0196259 0.0229062
0 0.801427 0.959441 0.016013 0.0204758
