0 0.391519 0.56663 0.00925419 0.00954038
0 0.491758 0.520349 0.00882033 0.00964302
0 0.742861 0.244301 0.0108957 0.0116382
0 0.320867 0.69772 0.0106438 0.0117422
0 0.466534 0.51511 0.00690308 0.00711954
0 0.365636 0.540368 0.00899076 0.00969189
0 0.277977 0.541678 0.0090088 0.0115694
0 0.041353 0.302747 0.0101679 0.0110769
0 0.983943 0.414427 0.00872022 0.00993213
0 0.30562 0.632599 0.00923589 0.00986451
0 0.464893 0.539374 0.00761414 0.00791633
0 0.438168 0.551737 0.00861558 0.00934982
0 0.26873 0.765297 0.0149522 0.0127413
0 0.483971 0.558028 0.0074169 0.00886321
0 0.508425 0.551331 0.00891989 0.00952548
0 0.436275 0.574176 0.00795421 0.00780487
0 0.404838 0.62757 0.00802267 0.00921214
0 0.266049 0.544787 0.00847551 0.0104489
0 0.461905 0.526303 0.00718611 0.00767326
0 0.504187 0.522868 0.00948542 0.00945032
0 0.454908 0.535931 0.00811547 0.00782669
0 0.379984 0.554757 0.00725704 0.00838411
0 0.295588 0.883551 0.00954479 0.0107714
0 0.302964 0.592916 0.00904533 0.00876284
0 0.350423 0.353381 0.00923443 0.00935888
0 0.550986 0.646917 0.0081895 0.00911379
0 0.364058 0.560664 0.00878897 0.00944233
0 0.00700204 0.356361 0.0095648 0.0110253
0 0.382201 0.670056 0.00823811 0.00832176
0 0.278251 0.904658 0.00840509 0.0097881
0 0.392691 0.625486 0.00856996 0.00920451
0 0.423004 0.524153 0.00721398 0.0081057
0 0.0211503 0.422616 0.010826 0.0112623
0 0.718843 0.226054 0.0150006 0.0163604
0 0.298547 0.736366 0.0113499 0.0119694
0 0.677713 0.268702 0.010972 0.0114514
0 0.256695 0.899192 0.0110742 0.0144453
0 0.740171 0.288882 0.00916249 0.0116966
0 0.7995 0.270455 0.0101132 0.0113729
0 0.42979 0.623416 0.00677469 0.00743771
0 0.439735 0.536179 0.0106983 0.00932431
0 0.514461 0.525853 0.00772268 0.00898075
0 0.790517 0.263872 0.00875032 0.0101099
0 0.372593 0.967656 0.00937822 0.0101143
0 0.765459 0.27796 0.00964594 0.011687
0 0.401028 0.53618 0.00761613 0.00798112
0 0.30057 0.743836 0.010184 0.0126455
0 0.0423145 0.461043 0.00879685 0.0103441
0 0.371402 0.567618 0.00675127 0.00762784
0 0.765053 0.274792 0.008986 0.0129238
0 0.250314 0.885636 0.0104132 0.0114647
0 0.00714724 0.28475 0.0101746 0.0127826
0 0.748639 0.285953 0.0115017 0.0170117
0 0.0570356 0.417135 0.00880599 0.0093728
0 0.415766 0.592419 0.00800487 0.00866199
0 0.488718 0.573548 0.00698259 0.00773031
0 0.664822 0.611917 0.00922936 0.00893891
0 0.400549 0.555625 0.00762597 0.00931585
0 0.0434144 0.398345 0.00958335 0.00968817
0 0.777858 0.257086 0.00862581 0.00807118
0 0.269459 0.888373 0.00894004 0.0102211
0 0.745274 0.286553 0.0171558 0.0164153
0 0.400426 0.537929 0.0082652 0.0109394
0 0.0548549 0.376723 0.00928638 0.0125863
0 0.299669 0.740315 0.0128908 0.0195406
0 0.259944 0.878915 0.00868881 0.00978416
0 0.408843 0.58215 0.00876904 0.00902081
0 0.505818 0.523097 0.0127992 0.0118906
0 0.0258216 0.453138 0.011299 0.00897312
0 0.408778 0.580828 0.00745621 0.00776768
0 0.0366212 0.446432 0.00912691 0.00822982
0 0.400498 0.536748 0.00958955 0.00939339
