0 0.640053 0.840107 0.0105993 0.0126122
0 0.699166 0.718456 0.0110741 0.0135645
0 0.727607 0.722208 0.0090977 0.00986558
0 0.689376 0.733198 0.0110521 0.0111344
0 0.865218 0.867373 0.011869 0.0150883
0 0.719377 0.819951 0.00953674 0.0105343
0 0.865956 0.836957 0.0109377 0.0115089
0 0.964878 0.952264 0.0115183 0.0102522
0 0.639196 0.760822 0.00928462 0.00970626
0 0.841666 0.786666 0.0108891 0.0104946
0 0.976464 0.892129 0.00630283 0.00683284
0 0.702952 0.767062 0.0097807 0.0111529
0 0.963991 0.93485 0.0127144 0.0102382
0 0.666203 0.78428 0.0111265 0.0098539
0 0.751206 0.73637 0.00897473 0.00883996
0 0.693856 0.779053 0.00921965 0.0126925
0 0.993439 0.905273 0.00987971 0.0137035
0 0.71624 0.722192 0.00792331 0.00806499
0 0.961463 0.889199 0.00789928 0.00814819
0 0.959921 0.900447 0.0093801 0.00913197
0 0.654344 0.790367 0.00710702 0.00843346
