0 0.791443 0.271924 0.0093686 0.00982028
0 0.918444 0.249734 0.0120687 0.0131534
0 0.750954 0.259007 0.00987142 0.0108367
0 0.873089 0.928213 0.00818521 0.00959319
0 0.545923 0.2974 0.00898647 0.00974283
0 0.572278 0.348042 0.00937361 0.010386
0 0.576949 0.315649 0.00926113 0.0100477
0 0.942416 0.564664 0.0102951 0.0107132
0 0.776623 0.266028 0.00771946 0.00848943
0 0.306787 0.926271 0.0122045 0.0150871
0 0.783785 0.229587 0.0090332 0.0092701
0 0.723396 0.265072 0.00781345 0.00826338
0 0.751802 0.339756 0.00947869 0.0100849
0 0.959559 0.291119 0.00749743 0.00783253
0 0.738237 0.341041 0.00841349 0.0106126
0 0.840714 0.897627 0.0107979 0.0104507
0 0.910866 0.308368 0.00844878 0.0100369
0 0.478724 0.640314 0.00866526 0.0104422
0 0.963368 0.310128 0.00811273 0.00973886
0 0.553017 0.632656 0.011301 0.0113958
0 0.767589 0.257646 0.00756299 0.008214
0 0.934935 0.347994 0.00764734 0.00893146
0 0.888444 0.53845 0.0114832 0.0133106
0 0.267094 0.984386 0.00801501 0.00873601
0 0.882871 0.333134 0.00909442 0.00974709
0 0.775291 0.364489 0.00816542 0.0094178
0 0.826765 0.42104 0.00948334 0.00945872
0 0.902449 0.282494 0.00854033 0.00843889
0 0.784613 0.321865 0.00727844 0.00761455
0 0.582014 0.302435 0.00879914 0.0103024
0 0.926635 0.317008 0.00805473 0.00997385
0 0.980645 0.684271 0.0104271 0.0127994
0 0.945344 0.358407 0.00867385 0.00919604
0 0.942035 0.610455 0.00873876 0.0100042
0 0.9186 0.345283 0.00900823 0.00963879
0 0.759695 0.248233 0.00874901 0.00909415
0 0.503258 0.482383 0.00963002 0.0103323
0 0.785863 0.310898 0.0066582 0.00799397
0 0.859234 0.34014 0.00849307 0.00982356
0 0.932955 0.602219 0.00947458 0.00953752
0 0.487296 0.715719 0.00999793 0.0106733
0 0.9477 0.268182 0.0103319 0.0104208
0 0.990088 0.669967 0.00831008 0.0100533
0 0.925733 0.984936 0.00799257 0.00851399
0 0.904304 0.957026 0.010582 0.0122265
0 0.827431 0.910265 0.00830001 0.0101624
0 0.584039 0.332979 0.00724429 0.00805211
0 0.846932 0.301221 0.00753057 0.00807601
0 0.780292 0.253518 0.00727546 0.00948162
0 0.90572 0.632868 0.0074116 0.00968885
0 0.892746 0.292239 0.00854278 0.00962639
0 0.492098 0.665224 0.0125781 0.0142205
0 0.908754 0.234576 0.00814664 0.00845642
0 0.738505 0.308008 0.0126064 0.0178986
0 0.25646 0.991482 0.00905994 0.00947535
0 0.807827 0.351934 0.00800192 0.00906566
0 0.8584 0.277176 0.0090782 0.00855878
0 0.907912 0.553368 0.0128899 0.0128026
0 0.836504 0.297159 0.00778389 0.00792411
0 0.91019 0.61338 0.00754565 0.00821763
0 0.757182 0.379535 0.0101101 0.00945449
0 0.865458 0.266188 0.0076046 0.00737897
0 0.98075 0.26802 0.00842988 0.011084
0 0.90427 0.298487 0.00809175 0.00859156
0 0.873984 0.319478 0.00801468 0.00918067
0 0.906472 0.953055 0.0106239 0.0128822
0 0.915951 0.29298 0.00819016 0.00789481
0 0.571768 0.285869 0.0086 0.0118342
0 0.96437 0.263177 0.0113174 0.0136839
0 0.552205 0.646306 0.00967753 0.00921917
0 0.542878 0.669979 0.00949085 0.00931185
0 0.766263 0.310957 0.00742781 0.00885603
0 0.932779 0.335504 0.00683957 0.00742704
0 0.982609 0.712731 0.00872898 0.00993192
0 0.308344 0.88844 0.0152948 0.0149664
0 0.790728 0.338877 0.00732058 0.00854054
0 0.779572 0.281761 0.00950748 0.0101421
0 0.906744 0.555414 0.0123556 0.0140654
0 0.862856 0.288994 0.0111946 0.00977477
0 0.879526 0.23812 0.00736427 0.0082716
0 0.914269 0.329905 0.00817299 0.00791401
0 0.495148 0.726116 0.00968647 0.00860041
0 0.274656 0.953407 0.00787029 0.00936466
0 0.840033 0.44414 0.00820065 0.0094077
0 0.905572 0.95479 0.013438 0.0163635
0 0.327851 0.838532 0.00835171 0.0111908
0 0.983274 0.607239 0.00620311 0.00632191
0 0.992164 0.344177 0.00657785 0.00759622
0 0.963519 0.265197 0.0102314 0.0115116
0 0.272731 0.966746 0.00785169 0.00870323
0 0.840394 0.286677 0.0066942 0.00702417
0 0.792226 0.370379 0.00792247 0.00816479
0 0.828522 0.439524 0.00963098 0.0107187
0 0.804663 0.282568 0.00691295 0.00719747
0 0.567389 0.105305 0.0135221 0.0138885
0 0.903899 0.163309 0.0088228 0.0104651
0 0.964774 0.27771 0.00839728 0.00937653
0 0.939376 0.375734 0.0058434 0.00664473
0 0.775726 0.311578 0.00629407 0.00722352
0 0.278095 0.980483 0.00782284 0.00914001
0 0.506133 0.724507 0.00912613 0.00932181
0 0.542142 0.658228 0.00794107 0.00901181
0 0.902099 0.234848 0.00956249 0.00888987
0 0.91726 0.994589 0.0134853 0.00986898
