0 0.144974 0.0976146 0.00952664 0.00993733
0 0.109646 0.0451415 0.00927944 0.0100145
0 0.1158 0.0612335 0.00830992 0.0100325
0 0.076934 0.0333522 0.0114312 0.0108529
0 0.0768952 0.046996 0.0110959 0.0106855
0 0.107747 0.157219 0.0088262 0.00889194
0 0.0614465 0.0614346 0.00946383 0.00993225
0 0.103407 0.107824 0.0131158 0.011301
0 0.158353 0.0926573 0.00772275 0.0084691
0 0.110315 0.140612 0.0103876 0.0108405
0 0.016649 0.0952173 0.00992031 0.0113177
0 0.148463 0.127819 0.00897709 0.0108773
0 0.153706 0.131241 0.0130607 0.0128003
0 0.0856919 0.0569456 0.00719737 0.00741239
0 0.112722 0.142982 0.0086834 0.0121189
0 0.765764 0.0164739 0.012636 0.0120759
0 0.111392 0.142474 0.0113391 0.0144004
0 0.0296789 0.100053 0.0114412 0.0158102
0 0.0338959 0.109871 0.013703 0.00967092
0 0.0412722 0.100824 0.00661858 0.0099507
0 0.00608488 0.0300746 0.0110466 0.012333
0 0.154984 0.132962 0.0114354 0.010619
0 0.0297629 0.0964819 0.00933529 0.0115463
0 0.152251 0.129819 0.0157575 0.0161878
