0 0.604363 0.401414 0.00890249 0.00917646
0 0.502645 0.489841 0.00826418 0.00921106
0 0.729514 0.0288477 0.0106766 0.0112409
0 0.522859 0.284946 0.00619662 0.00987545
0 0.528419 0.5778 0.00581855 0.00785667
0 0.542504 0.303926 0.00946027 0.00894755
0 0.522555 0.553348 0.0055607 0.00560856
0 0.643962 0.373067 0.00961637 0.00847495
0 0.562834 0.24938 0.00846577 0.00892726
0 0.509454 0.392409 0.00654525 0.00990742
0 0.554902 0.39945 0.00767958 0.00987035
0 0.528756 0.429431 0.00670052 0.00813255
0 0.465393 0.566919 0.00789738 0.0102272
0 0.584724 0.401002 0.00638485 0.00658113
0 0.622723 0.377871 0.00674659 0.00880393
0 0.567962 0.39901 0.00754243 0.00920379
0 0.526669 0.446923 0.00617617 0.00825518
0 0.544532 0.510769 0.00794429 0.00949651
0 0.51985 0.603117 0.00760001 0.0101705
0 0.519591 0.350766 0.006827 0.00772849
0 0.0195777 0.18933 0.0119556 0.0115291
0 0.748877 0.00779665 0.00800669 0.00938995
0 0.757607 0.0138773 0.00643831 0.00870727
0 0.498803 0.46086 0.00611725 0.00807598
0 0.628563 0.00442548 0.0110295 0.00885096
0 0.533128 0.414972 0.00679356 0.00720635
0 0.554097 0.40052 0.00687623 0.00923768
0 0.546701 0.554291 0.00681216 0.00777376
0 0.607223 0.304102 0.00831282 0.00905287
0 0.608062 0.353215 0.0101222 0.0103641
0 0.538906 0.602786 0.00670552 0.00853002
0 0.803859 0.0535531 0.0116205 0.0120622
0 0.207141 0.0154531 0.00986968 0.00995222
0 0.540566 0.329517 0.00573808 0.00678602
0 0.651347 0.3356 0.00693297 0.00869101
0 0.588443 0.36947 0.00819814 0.00969389
0 0.706122 0.0102951 0.0178606 0.0159515
0 0.582787 0.409792 0.0068115 0.0061287
0 0.633093 0.379951 0.00685632 0.00735551
0 0.533813 0.379789 0.00679719 0.00771761
0 0.552898 0.538636 0.0066843 0.00770092
0 0.429973 0.335438 0.0141861 0.0135223
0 0.185845 0.0142712 0.00960216 0.0111316
0 0.543637 0.265509 0.00692272 0.00836259
0 0.538803 0.415518 0.00737005 0.0078353
0 0.486679 0.583104 0.00574514 0.00576913
0 0.253202 0.378287 0.0118199 0.0119588
0 0.533385 0.29579 0.0074532 0.0091356
0 0.508702 0.635468 0.00487995 0.00578946
0 0.574825 0.237847 0.00799733 0.0101117
0 0.639639 0.396953 0.00604439 0.00779036
0 0.682413 0.158569 0.00733221 0.0080508
0 0.633329 0.402432 0.00607282 0.00692275
0 0.560483 0.558474 0.00589538 0.00871134
0 0.640481 0.39229 0.00625038 0.00760716
0 0.542709 0.386068 0.00763196 0.00914448
0 0.216331 0.799364 0.014079 0.0160278
0 0.60605 0.356621 0.00766832 0.00863639
0 0.853644 0.0349078 0.0103226 0.0112149
0 0.615331 0.292573 0.00835651 0.00868541
0 0.490621 0.517232 0.00626963 0.0066967
0 0.57614 0.547561 0.00743473 0.00766391
0 0.43009 0.338216 0.0153477 0.0191075
0 0.634947 0.18674 0.00656569 0.00644346
0 0.520889 0.397302 0.00797075 0.00959942
0 0.305733 0.356358 0.0110294 0.0136373
0 0.542396 0.388113 0.00757182 0.00880066
0 0.632434 0.381998 0.00698483 0.0092043
0 0.560925 0.553632 0.00630379 0.00812203
0 0.550976 0.373462 0.00734651 0.00953358
0 0.542472 0.549322 0.00596428 0.00662363
0 0.547783 0.416572 0.00655574 0.00993949
0 0.48412 0.329161 0.00733489 0.00873852
0 0.606033 0.42299 0.00664061 0.00777856
0 0.585041 0.433812 0.00693542 0.00764361
0 0.513435 0.56666 0.00578958 0.00661469
0 0.306993 0.537242 0.0174573 0.0174918
0 0.260346 0.797093 0.0100637 0.0108741
0 0.0293283 0.151677 0.0103003 0.00839615
0 0.714693 0.192018 0.00586891 0.00569122
0 0.496109 0.471709 0.00531635 0.00615835
0 0.642209 0.420909 0.00602376 0.00558966
0 0.547623 0.419016 0.00639975 0.00977039
0 0.608821 0.00244164 0.00653213 0.00488328
0 0.525339 0.681718 0.00715828 0.00734025
0 0.939959 0.203384 0.00770837 0.0115032
0 0.608356 0.354166 0.0136778 0.0142445
0 0.595514 0.428342 0.00663227 0.00951061
0 0.472523 0.328627 0.0101407 0.0108488
0 0.617556 0.421848 0.00613564 0.00637028
0 0.569362 0.563751 0.00664943 0.00839758
0 0.552259 0.537062 0.00688678 0.00821799
0 0.61093 0.282152 0.00625944 0.00674886
0 0.587342 0.568458 0.00683445 0.00804305
0 0.492674 0.494635 0.00586927 0.00653735
0 0.423143 0.531475 0.00783977 0.01168
0 0.542574 0.615659 0.00599861 0.00641841
0 0.569961 0.576712 0.00629002 0.00695479
0 0.534022 0.614868 0.00702268 0.00680828
0 0.936709 0.176188 0.0121042 0.020131
0 0.531951 0.313 0.00704998 0.00763968
