0 0.227874 0.553651 0.0103149 0.0110633
0 0.645466 0.215032 0.0108237 0.0113437
0 0.282409 0.616889 0.00905877 0.010071
0 0.30132 0.641089 0.00921375 0.0102274
0 0.72105 0.691694 0.010396 0.0104467
0 0.722698 0.708697 0.0100124 0.0100465
0 0.266634 0.60337 0.00957069 0.0105425
0 0.939698 0.771727 0.00945359 0.00973415
0 0.316678 0.651768 0.00928274 0.0106023
0 0.961994 0.738054 0.010239 0.0100337
0 0.157729 0.486579 0.00997035 0.0119039
0 0.171755 0.423486 0.00824571 0.00981262
0 0.618932 0.209626 0.00989586 0.0106626
0 0.323976 0.626409 0.0122766 0.0117189
0 0.169742 0.494843 0.00997609 0.0124179
0 0.809192 0.923008 0.0139537 0.0122299
0 0.527434 0.786322 0.00971872 0.010416
0 0.209114 0.542135 0.0119494 0.0150782
0 0.62808 0.19906 0.0104001 0.0126717
0 0.908679 0.704982 0.00925827 0.0116161
0 0.186056 0.541995 0.0096342 0.00954759
0 0.525647 0.771101 0.010294 0.0108154
0 0.958701 0.764729 0.0101288 0.0120628
0 0.184704 0.438146 0.0105191 0.0100981
0 0.503877 0.81673 0.00866413 0.00946653
0 0.35175 0.610587 0.00701398 0.00805265
0 0.196433 0.541314 0.00753008 0.00886172
0 0.522666 0.823043 0.00981414 0.0103669
0 0.361773 0.608373 0.00679854 0.00803149
0 0.517278 0.809809 0.00928938 0.00907993
0 0.336371 0.602129 0.00990218 0.0105315
0 0.227566 0.497693 0.00835314 0.00996616
0 0.211314 0.516958 0.00785747 0.00966281
0 0.530671 0.802751 0.00748175 0.00990027
0 0.927275 0.970161 0.00846118 0.00913066
0 0.367114 0.617745 0.00741893 0.00809306
0 0.211459 0.503429 0.00947852 0.0110424
