0 0.385245 0.589266 0.00882292 0.00959015
0 0.323108 0.927791 0.0117027 0.0135441
0 0.265283 0.553987 0.00719815 0.00812978
0 0.621762 0.341608 0.00921577 0.00878724
0 0.314714 0.634188 0.00742608 0.0081833
0 0.316033 0.546466 0.00797856 0.00909299
0 0.359707 0.439302 0.00751027 0.00803766
0 0.466123 0.561463 0.00971356 0.00917625
0 0.3407 0.432465 0.0100745 0.00977573
0 0.422086 0.592396 0.00787848 0.00843287
0 0.221819 0.622843 0.00715093 0.00727558
0 0.709342 0.232842 0.00805932 0.00972605
0 0.503461 0.329149 0.00893232 0.00954846
0 0.546745 0.690985 0.00839078 0.00949037
0 0.709498 0.384176 0.00920391 0.010078
0 0.384047 0.5649 0.00707978 0.00717926
0 0.223078 0.609165 0.00768471 0.00898647
0 0.681965 0.121407 0.00863075 0.0104973
0 0.354066 0.538935 0.00768098 0.00828385
0 0.679402 0.60303 0.00948942 0.0092929
0 0.548784 0.558905 0.00821149 0.0102711
0 0.446105 0.54769 0.00923193 0.00908184
0 0.442346 0.625796 0.00923812 0.0106962
0 0.282714 0.897647 0.0100606 0.00961685
0 0.243109 0.553868 0.00642844 0.00707114
0 0.44711 0.454059 0.0103413 0.0104542
0 0.423581 0.916161 0.00735399 0.00872308
0 0.528899 0.650548 0.00896186 0.0106628
0 0.440215 0.652526 0.00927296 0.00967085
0 0.405502 0.546425 0.00697878 0.0076443
0 0.561979 0.70353 0.0103598 0.0110997
0 0.277264 0.572999 0.00834665 0.009229
0 0.67824 0.297625 0.00744915 0.00895652
0 0.198942 0.677501 0.00761704 0.00898743
0 0.698362 0.589789 0.00887048 0.0101563
0 0.340626 0.57915 0.00638437 0.00727922
0 0.254625 0.55408 0.00754479 0.00841022
0 0.357404 0.347505 0.0082323 0.0089041
0 0.967259 0.186293 0.00912017 0.00964265
0 0.458672 0.517187 0.00875127 0.00868279
0 0.308742 0.510583 0.00670186 0.00709933
0 0.234398 0.564249 0.00794677 0.00743502
0 0.450804 0.944553 0.00843525 0.00881809
0 0.315267 0.500559 0.00888798 0.00873032
0 0.403136 0.586835 0.00885865 0.00794542
0 0.461474 0.683489 0.00797376 0.00968003
0 0.186248 0.840627 0.00764979 0.0093441
0 0.616209 0.35312 0.00661248 0.00779745
0 0.453902 0.5673 0.00712997 0.00741571
0 0.186521 0.63317 0.00927472 0.00882185
0 0.167918 0.533703 0.00764565 0.00984555
0 0.216286 0.688836 0.00748029 0.00753993
0 0.164217 0.88934 0.00851648 0.00959605
0 0.686537 0.254348 0.00795275 0.0100238
0 0.464911 0.44228 0.00850525 0.0097107
0 0.377609 0.578929 0.00692111 0.0076279
0 0.167607 0.654433 0.00734544 0.00801355
0 0.334651 0.649861 0.00908998 0.00862956
0 0.748502 0.39539 0.00774437 0.0092912
0 0.819656 0.303632 0.00976372 0.00930959
0 0.359121 0.554916 0.0075241 0.00767154
0 0.371005 0.552128 0.00832286 0.00977784
0 0.131478 0.234421 0.0210598 0.0235976
0 0.241794 0.522043 0.00785361 0.00833476
0 0.453182 0.674158 0.00781307 0.009085
0 0.240518 0.602151 0.00631142 0.00665587
0 0.711851 0.265884 0.00684988 0.00732213
0 0.20228 0.694442 0.00608549 0.00712645
0 0.260385 0.909315 0.00804615 0.00850147
0 0.702197 0.36765 0.00958556 0.00988892
0 0.913313 0.177269 0.00977707 0.00963797
0 0.677828 0.585005 0.00834429 0.00904638
0 0.333177 0.420623 0.00891083 0.00830173
0 0.258574 0.523401 0.00723135 0.00883228
0 0.48812 0.434768 0.00893021 0.0104818
0 0.196243 0.910847 0.00709926 0.00793475
0 0.702875 0.492259 0.0107814 0.0123049
0 0.384564 0.604304 0.00608492 0.00686723
0 0.171775 0.739131 0.0100259 0.0105573
0 0.404708 0.916343 0.00657502 0.00763094
0 0.468303 0.269654 0.0101519 0.011484
0 0.402102 0.365461 0.00870287 0.00956425
0 0.543591 0.657894 0.00899863 0.0109551
0 0.166896 0.81806 0.00816603 0.00879019
0 0.390718 0.89248 0.0075483 0.00888747
0 0.352927 0.419906 0.00766629 0.00745362
0 0.417898 0.684736 0.00724468 0.00844991
0 0.388744 0.545298 0.00686046 0.00807625
0 0.492463 0.570308 0.00687638 0.00734597
0 0.589679 0.688078 0.00806457 0.00935823
0 0.367903 0.398267 0.00588906 0.00698701
0 0.347665 0.659393 0.00867072 0.00973624
0 0.735195 0.322587 0.00636601 0.00624028
0 0.390936 0.947042 0.00637808 0.00718653
0 0.234157 0.582966 0.00770903 0.0102285
0 0.327002 0.422484 0.00921747 0.00915527
0 0.588444 0.560102 0.0084002 0.0111042
0 0.184863 0.47859 0.00852247 0.0108673
0 0.279656 0.913237 0.008313 0.0076887
0 0.344332 0.954473 0.0083186 0.00882018
0 0.41074 0.258544 0.00703886 0.00826907
0 0.340819 0.685889 0.00885144 0.00899011
0 0.664605 0.138212 0.00916576 0.0100505
0 0.480377 0.637169 0.00825393 0.00959069
0 0.31809 0.623069 0.00706369 0.00779361
0 0.248193 0.51102 0.00749898 0.00804251
0 0.371132 0.861569 0.00799569 0.00900322
0 0.371571 0.548894 0.00814992 0.00985324
0 0.353802 0.40274 0.00609449 0.00683108
0 0.488439 0.477347 0.00964585 0.0111107
0 0.624754 0.545812 0.00807661 0.00862902
0 0.414839 0.552016 0.00730458 0.00822067
0 0.209584 0.738636 0.00617896 0.00715464
0 0.316168 0.422272 0.0069541 0.00800952
0 0.324955 0.436041 0.0074569 0.0087328
0 0.66579 0.183686 0.00891018 0.00837894
0 0.152766 0.664148 0.00796938 0.007967
0 0.323765 0.671942 0.00957242 0.00923389
0 0.22289 0.727091 0.00708084 0.00619012
0 0.25213 0.541948 0.00725879 0.00712031
0 0.291066 0.411438 0.00616127 0.00631103
0 0.30264 0.438663 0.00747114 0.00911692
0 0.443101 0.694253 0.00739756 0.00852436
0 0.728186 0.280385 0.00815129 0.00827634
0 0.524488 0.667976 0.00763303 0.00782299
0 0.329797 0.490578 0.00685596 0.00816575
0 0.973331 0.451103 0.0101433 0.0125951
0 0.239724 0.532281 0.00700979 0.00622863
0 0.448468 0.289112 0.0133505 0.0102264
0 0.469653 0.573434 0.00888062 0.00837135
0 0.292952 0.910201 0.00771689 0.0097965
0 0.986119 0.464489 0.00909692 0.0120996
0 0.275169 0.883888 0.00881806 0.0101864
0 0.338653 0.561954 0.00792682 0.00876921
0 0.131492 0.98477 0.0077108 0.0105648
0 0.143507 0.971695 0.00785203 0.00986212
0 0.476893 0.449955 0.00943774 0.00998285
0 0.302615 0.463027 0.00720835 0.00822723
0 0.468426 0.425988 0.00918314 0.00969851
0 0.227785 0.629047 0.00679569 0.0080269
0 0.4205 0.707559 0.00866354 0.00970316
0 0.143206 0.866803 0.00843805 0.00967634
0 0.406241 0.572555 0.00817358 0.00905216
0 0.619551 0.328978 0.00689268 0.00845984
0 0.334614 0.4007 0.00868893 0.00856295
0 0.689491 0.482402 0.00867331 0.00928137
0 0.632452 0.377533 0.00713903 0.00714922
0 0.652899 0.572682 0.0111503 0.013036
0 0.179693 0.650621 0.00878458 0.00759429
0 0.172136 0.503057 0.00796242 0.00850201
0 0.131829 0.606593 0.00958456 0.0103849
0 0.760904 0.306521 0.00784737 0.00875586
0 0.20195 0.693575 0.00780135 0.00833738
0 0.694584 0.453891 0.0113828 0.0110745
0 0.886849 0.177033 0.00787354 0.00950162
0 0.715191 0.470006 0.0119807 0.0158434
0 0.344723 0.83507 0.00923723 0.00916809
0 0.760537 0.537486 0.00867081 0.0104738
0 0.178814 0.895089 0.00657409 0.00735742
0 0.229906 0.465284 0.00810795 0.00835991
0 0.749374 0.278729 0.00679475 0.00759548
0 0.659631 0.560867 0.0101444 0.0093109
0 0.664935 0.60637 0.00949532 0.0116494
0 0.468994 0.959064 0.00832462 0.00928611
0 0.426619 0.517514 0.0104866 0.00912225
0 0.961025 0.448451 0.00900573 0.0102025
0 0.255134 0.993129 0.00928515 0.00969887
0 0.778743 0.404353 0.00898838 0.00905743
0 0.647301 0.217535 0.0087347 0.00916938
0 0.389153 0.966632 0.00622433 0.00747585
0 0.504235 0.635712 0.00670433 0.00729918
0 0.223692 0.560202 0.00702886 0.00761092
0 0.108332 0.813448 0.00837181 0.00960159
0 0.600069 0.558643 0.00946629 0.0102996
0 0.751171 0.528927 0.0090965 0.0104284
0 0.172764 0.641586 0.00666504 0.00763798
0 0.492471 0.632651 0.00812855 0.00922072
0 0.540708 0.569961 0.00779402 0.00817251
0 0.331813 0.619853 0.00665548 0.00789964
0 0.178237 0.6824 0.00771765 0.00639707
0 0.380409 0.965608 0.00633505 0.00742459
0 0.969621 0.240111 0.00823438 0.01046
0 0.603142 0.261224 0.00627309 0.00749284
0 0.241598 0.715961 0.0100679 0.00918293
0 0.418547 0.501693 0.00760612 0.00917095
0 0.349079 0.630247 0.00726986 0.00776577
0 0.729132 0.440832 0.00935346 0.00967941
0 0.321658 0.850458 0.0095706 0.0114298
0 0.609307 0.362003 0.00867623 0.00837833
0 0.504941 0.466329 0.00847793 0.00902098
0 0.430213 0.698841 0.0079008 0.00854528
0 0.128284 0.711101 0.00816145 0.00836676
0 0.504092 0.623577 0.00890693 0.0090645
0 0.0889939 0.94017 0.011278 0.00998783
0 0.626001 0.565204 0.00874054 0.00928909
0 0.345364 0.406705 0.00729528 0.00674257
0 0.899211 0.183587 0.00744671 0.00755438
0 0.270449 0.908543 0.00597572 0.00696772
0 0.614722 0.557802 0.00780052 0.00763381
0 0.408774 0.881689 0.00825605 0.00838888
0 0.495264 0.687271 0.0083828 0.00804693
0 0.47169 0.70246 0.00638086 0.00807762
0 0.291021 0.605335 0.0095225 0.0101377
0 0.679392 0.185028 0.00872898 0.0124812
0 0.204241 0.509073 0.00647341 0.00904018
0 0.302447 0.916265 0.00745961 0.00740892
0 0.464067 0.584145 0.00603828 0.00712085
0 0.945215 0.22683 0.0072313 0.00969124
0 0.158119 0.539099 0.00732069 0.00767744
0 0.524198 0.267518 0.0077768 0.00828695
0 0.565436 0.760889 0.00705862 0.00889993
0 0.361472 0.68823 0.00981563 0.0107647
0 0.26475 0.599247 0.00865385 0.00934458
0 0.197449 0.657864 0.0130758 0.00898093
0 0.155265 0.779564 0.00832653 0.0103827
0 0.202822 0.618437 0.00908197 0.00862789
0 0.168276 0.853672 0.00796628 0.0100708
0 0.152069 0.808776 0.00711498 0.00739253
0 0.408398 0.99329 0.00845745 0.00849473
0 0.200504 0.658156 0.00902849 0.00787503
0 0.484223 0.464476 0.00670269 0.00771093
0 0.167979 0.498366 0.00827169 0.00970882
0 0.721939 0.290195 0.00677043 0.00806046
0 0.689994 0.219121 0.00919056 0.010524
0 0.178059 0.539618 0.00655778 0.00679111
0 0.219311 0.46017 0.00884275 0.00980741
0 0.513652 0.680428 0.00847167 0.00876731
0 0.272068 0.407428 0.0070222 0.00720271
0 0.369513 0.951132 0.00706148 0.00781345
0 0.308283 0.923047 0.00862437 0.00971335
0 0.124522 0.830896 0.00788722 0.00922161
0 0.57294 0.435031 0.00862736 0.00960788
0 0.202975 0.619617 0.0105297 0.00963455
0 0.16449 0.548556 0.00707006 0.00808662
0 0.377946 0.611593 0.00758657 0.00735092
0 0.343289 0.851982 0.00709552 0.00803715
0 0.481663 0.681228 0.00929716 0.0114845
0 0.333801 0.663085 0.00800037 0.0074544
0 0.238297 0.726879 0.00911675 0.00837666
0 0.171246 0.943145 0.00764813 0.00918537
0 0.384961 0.336968 0.00723612 0.00739178
0 0.125047 0.736418 0.00921316 0.00952524
0 0.310964 0.480199 0.00693294 0.00754929
0 0.633427 0.333694 0.00711 0.00726241
0 0.187994 0.619858 0.00782657 0.00889838
0 0.60255 0.336462 0.00707656 0.00750121
0 0.921003 0.224703 0.00932652 0.009486
0 0.374566 0.381402 0.00762755 0.00821811
0 0.170841 0.717167 0.00691116 0.00729263
0 0.468277 0.481252 0.0104844 0.0103748
0 0.202124 0.49507 0.00731811 0.00782698
0 0.93035 0.233579 0.00747013 0.0091794
0 0.971788 0.262433 0.0116603 0.0113975
0 0.231147 0.477247 0.00928946 0.00857985
0 0.119882 0.71834 0.00927906 0.0108371
0 0.343255 0.978739 0.00644127 0.00702494
0 0.342187 0.341098 0.00906381 0.00956163
0 0.147744 0.800726 0.00763521 0.00801122
0 0.683789 0.277598 0.00697345 0.00659442
0 0.347576 0.599579 0.00801486 0.00830233
0 0.375507 0.890668 0.00837374 0.00881463
0 0.351735 0.613247 0.00682372 0.00688893
0 0.610062 0.57554 0.0117853 0.0123734
0 0.687544 0.471197 0.00849515 0.00895098
0 0.305764 0.489903 0.00798073 0.00823861
0 0.22676 0.551004 0.0080618 0.00753289
0 0.417909 0.926312 0.00748539 0.00776595
0 0.581458 0.472151 0.0120764 0.0164922
0 0.285548 0.426743 0.0060026 0.00573835
0 0.726986 0.308913 0.00674975 0.00691071
0 0.222401 0.703294 0.0105757 0.0110493
0 0.959456 0.259237 0.0076744 0.00866207
0 0.196829 0.749129 0.00661002 0.0074541
0 0.662478 0.193923 0.0118948 0.0118189
0 0.379615 0.874971 0.00781044 0.00809973
0 0.738856 0.413397 0.0077734 0.00767985
0 0.106478 0.714839 0.00903153 0.0118092
0 0.226142 0.73939 0.00652513 0.00744724
0 0.483931 0.501508 0.006172 0.00634727
0 0.880401 0.308567 0.00835532 0.0089466
0 0.452445 0.289912 0.0129397 0.0110133
0 0.887381 0.318615 0.0091272 0.0104628
0 0.296484 0.506808 0.00694963 0.00672007
0 0.399304 0.559345 0.00776997 0.00764656
0 0.337117 0.458268 0.0070343 0.00834447
0 0.438133 0.897477 0.00840417 0.00943947
0 0.333992 0.827097 0.00671029 0.00835931
0 0.213876 0.478378 0.00792484 0.00835592
0 0.208128 0.621763 0.00841275 0.00937921
0 0.220086 0.736487 0.00722677 0.00639105
0 0.495158 0.46262 0.00813502 0.00930193
0 0.400844 0.558094 0.00871143 0.00733548
0 0.27203 0.472086 0.0066472 0.00706884
0 0.066179 0.318687 0.0122193 0.0189133
0 0.227657 0.476699 0.00987087 0.0082058
0 0.148683 0.625348 0.00773239 0.00769979
0 0.241475 0.757155 0.00690538 0.00788081
0 0.641603 0.369168 0.00810832 0.0077261
0 0.465168 0.664031 0.00582421 0.00597233
0 0.279996 0.436644 0.00723571 0.00769958
