0 0.541967 0.0919942 0.0120384 0.0118215
0 0.5566 0.0256631 0.0134092 0.0151461
0 0.521893 0.0726205 0.0124124 0.0128261
0 0.820754 0.124695 0.0140144 0.0150943
0 0.521128 0.110004 0.0108896 0.0117052
0 0.844655 0.134397 0.0146088 0.0145853
0 0.502279 0.0697564 0.0110594 0.01353
0 0.360381 0.0673736 0.0150027 0.015494
0 0.526903 0.0524869 0.0165268 0.0181897
0 0.838429 0.111602 0.0147778 0.0110849
0 0.550994 0.0788251 0.0125614 0.0115789
0 0.551022 0.0621265 0.0141493 0.0133999
0 0.513639 0.0940368 0.0118723 0.0116168
0 0.48954 0.0953236 0.0100498 0.0104463
0 0.334395 0.0650689 0.0184556 0.0206622
0 0.489246 0.0945474 0.0135792 0.0136356
0 0.398691 0.0571319 0.011866 0.0123393
0 0.83539 0.153481 0.0152489 0.0149254
0 0.502191 0.104511 0.00996926 0.0103136
0 0.733028 0.027597 0.00895274 0.00912764
0 0.385287 0.0454863 0.0171619 0.0127871
