0 0.988207 0.317448 0.0193802 0.01989
0 0.957042 0.65895 0.0115457 0.011576
0 0.982898 0.709024 0.0136153 0.0108051
0 0.937165 0.164496 0.00784701 0.0088971
0 0.959858 0.621395 0.00877893 0.00805044
0 0.931442 0.242917 0.00984955 0.010055
0 0.984557 0.724799 0.0068264 0.0141615
0 0.99278 0.274956 0.0137171 0.0127293
0 0.94913 0.252734 0.00934947 0.0102348
0 0.962778 0.156256 0.0119599 0.0146263
0 0.769789 0.906009 0.0136018 0.0158318
0 0.965636 0.608157 0.00996208 0.00789452
0 0.965368 0.582845 0.00629461 0.00831568
0 0.987242 0.156991 0.0116741 0.0102251
0 0.982387 0.0859841 0.00918561 0.00958157
0 0.992062 0.554995 0.00607491 0.00693744
0 0.923061 0.429444 0.00887585 0.00960377
