0 0.256066 0.00920443 0.0174664 0.0152242
0 0.314154 0.761436 0.0186318 0.0163065
0 0.299539 0.435523 0.0166752 0.0157759
0 0.144591 0.729568 0.017053 0.0142379
0 0.333601 0.46674 0.015516 0.0116014
0 0.0104267 0.250898 0.0208534 0.0207
0 0.127291 0.0890883 0.0231228 0.0191873
0 0.193823 0.15561 0.0163416 0.0162345
0 0.132028 0.198495 0.0197486 0.0180261
0 0.0727671 0.452714 0.0161453 0.0131284
0 0.0111084 0.459733 0.010268 0.0110294
0 0.144751 0.759166 0.0186894 0.0147678
0 0.117886 0.0281109 0.0214243 0.0142358
0 0.00797312 0.422671 0.014642 0.0183743
0 0.197055 0.740839 0.0101857 0.00745904
0 0.0702964 0.42075 0.0196785 0.0137876
0 0.043498 0.373199 0.0144246 0.0129767
0 0.151282 0.681551 0.0143423 0.0108017
0 0.536854 0.840873 0.0187826 0.014825
0 0.0644599 0.0262746 0.015258 0.0148998
0 0.036473 0.71888 0.0266201 0.0271828
0 0.253273 0.156549 0.0185485 0.0117957
0 0.516992 0.907083 0.0217298 0.0214603
0 0.283566 0.789 0.0137268 0.00860715
0 0.142819 0.0469283 0.0201368 0.0197499
