0 0.463778 0.0824187 0.00929642 0.00950797
0 0.0855099 0.0459764 0.00841184 0.00879636
0 0.173495 0.0216903 0.00951795 0.00988214
0 0.561316 0.0374744 0.0112201 0.0113742
0 0.0707347 0.0618012 0.00822113 0.00876148
0 0.092766 0.0361685 0.00863953 0.00909071
0 0.56579 0.0207908 0.00984073 0.0108114
0 0.0715972 0.0481548 0.0087338 0.00973782
0 0.0132788 0.0470189 0.0085228 0.00987444
0 0.380429 0.0526986 0.0083952 0.00950065
0 0.442174 0.112629 0.00965014 0.010344
0 0.454491 0.0945489 0.00842401 0.00982207
0 0.439983 0.0389725 0.00950718 0.00986776
0 0.0971741 0.116166 0.00884683 0.00983524
0 0.507894 0.00290173 0.00800759 0.00517175
0 0.533017 0.0115817 0.0112665 0.0145737
0 0.111886 0.112634 0.0085187 0.0101674
0 0.112232 0.0583476 0.00872898 0.00990283
0 0.050839 0.0590244 0.0070785 0.00887449
0 0.564188 0.0571993 0.0101764 0.0114998
0 0.0670306 0.174203 0.00909729 0.0104372
0 0.0930618 0.0582171 0.00845051 0.00854135
0 0.321268 0.0232652 0.00823042 0.00840424
0 0.185006 0.0438057 0.0094163 0.00977249
0 0.0590862 0.112236 0.00899347 0.0101365
0 0.0634029 0.10148 0.0089354 0.00830853
0 0.136253 0.0585308 0.0107137 0.0139327
0 0.53821 0.0510938 0.00823212 0.00903935
0 0.0531243 0.140346 0.00796552 0.0107326
0 0.225936 0.115101 0.00878958 0.00917888
0 0.0620293 0.153749 0.00794568 0.00908418
0 0.161402 0.115479 0.00885431 0.010377
0 0.313982 0.0390981 0.0114877 0.0123531
0 0.636649 0.0954153 0.00791627 0.00924546
0 0.178446 0.0893634 0.00800623 0.00960915
0 0.216263 0.0253409 0.0122147 0.00973575
0 0.398701 0.0450442 0.00763026 0.00838913
0 0.0399046 0.0969159 0.00757821 0.00953837
0 0.625736 0.0523818 0.00766164 0.00922034
0 0.0965365 0.0126685 0.00933382 0.0103495
0 0.0310619 0.15761 0.00854337 0.00986929
0 0.644694 0.0150426 0.00825596 0.00803726
0 0.465738 0.120412 0.00822067 0.00913271
0 0.648714 0.0264104 0.00827754 0.00912306
0 0.0601968 0.069932 0.00920956 0.00971718
0 0.558234 0.0715167 0.00778854 0.00934717
0 0.567848 0.0846533 0.00838828 0.00940493
0 0.036632 0.12249 0.00846538 0.0107716
0 0.367484 0.0914523 0.00670728 0.00838309
0 0.44293 0.0172452 0.00774401 0.00830256
0 0.15421 0.0448023 0.00894518 0.00951419
0 0.0249949 0.170421 0.00898937 0.00925818
0 0.0504058 0.0740444 0.00744932 0.00789382
0 0.0188122 0.0620751 0.00860302 0.0088741
0 0.340398 0.0390414 0.00767371 0.0082928
0 0.498739 0.0775347 0.00814542 0.00957207
0 0.274675 0.0413916 0.00821623 0.00959463
0 0.526057 0.0267707 0.00897503 0.00961596
0 0.42883 0.163923 0.00924987 0.0111049
0 0.21208 0.166312 0.00819913 0.00900893
0 0.386369 0.089104 0.00789121 0.00941415
0 0.52607 0.0614414 0.00719601 0.00857884
0 0.0244149 0.0864724 0.00871239 0.00900061
0 0.533976 0.0676751 0.00696987 0.00801474
0 0.117209 0.143179 0.00885984 0.0103097
0 0.495879 0.0126543 0.00769347 0.00849285
0 0.245714 0.0996243 0.00866669 0.00934193
0 0.634275 0.0117132 0.00728792 0.00798645
0 0.0597569 0.0688567 0.00787349 0.0088711
0 0.00382743 0.152587 0.00707426 0.0100536
0 0.29154 0.0753405 0.00770941 0.00943773
0 0.516704 0.0644678 0.00688648 0.00797763
0 0.012202 0.171204 0.00754537 0.00861897
0 0.412284 0.0425476 0.00790691 0.00892564
0 0.168434 0.0989649 0.00775142 0.00865731
0 0.509507 0.0649394 0.00837231 0.0103581
0 0.172329 0.080617 0.00746818 0.00819211
0 0.452322 0.00428953 0.0134264 0.00795665
0 0.642858 0.00320822 0.00873911 0.00641645
0 0.426951 0.0916479 0.00764456 0.00747124
0 0.51863 0.0180959 0.00782984 0.00875461
0 0.35085 0.0699917 0.00643697 0.00745507
0 0.0133371 0.159019 0.00674311 0.00832586
0 0.512087 0.0811013 0.00837117 0.00926167
0 0.406844 0.0992197 0.00832891 0.00817534
0 0.348416 0.0325928 0.00721586 0.00785134
0 0.451496 0.00573029 0.013393 0.00937503
0 0.33854 0.0279952 0.00733471 0.00782819
0 0.401195 0.108665 0.00727975 0.00789712
0 0.315001 0.249414 0.00860569 0.00850454
0 0.380849 0.102541 0.00832158 0.0090286
0 0.469045 0.0464352 0.0133089 0.0146237
0 0.533855 0.0678604 0.00886834 0.00945561
0 0.224353 0.0672053 0.00804166 0.0082083
0 0.0667188 0.20078 0.00908281 0.00824431
0 0.0502939 0.074297 0.00903696 0.0103933
0 0.542086 0.0387174 0.00808239 0.00786404
0 0.073036 0.184129 0.00952328 0.00860314
0 0.407952 0.100166 0.00911751 0.00900654
0 0.334638 0.00366115 0.00782073 0.0073223
0 0.526861 0.0619311 0.00872546 0.0112378
0 0.507509 0.002503 0.0118458 0.00500601
0 0.0930063 0.0364513 0.0103867 0.0111023
