0 0.0895858 0.963026 0.015231 0.0132422
0 0.535743 0.134011 0.016849 0.0172901
0 0.647761 0.44073 0.016593 0.0161315
0 0.110895 0.89044 0.0123684 0.0124794
0 0.837004 0.574788 0.0168583 0.0143984
0 0.488893 0.0486902 0.0143563 0.0144234
0 0.015637 0.973117 0.013031 0.0125831
0 0.0274786 0.944541 0.0121997 0.0121887
0 0.517264 0.0454451 0.0162241 0.0151407
0 0.0851535 0.982171 0.0144248 0.0147732
0 0.112332 0.970415 0.0169423 0.0148603
0 0.963668 0.584066 0.0144459 0.0133591
0 0.0929703 0.861921 0.016135 0.0142121
0 0.856791 0.589207 0.0146894 0.0134853
0 0.751649 0.184639 0.013645 0.0125577
0 0.306405 0.206097 0.0141055 0.0136051
0 0.649053 0.763462 0.0142933 0.013382
0 0.303001 0.945089 0.0136252 0.0122312
0 0.62277 0.429499 0.0203953 0.0171226
0 0.679976 0.277036 0.0118294 0.0111495
0 0.469981 0.085915 0.0154299 0.0134825
0 0.682374 0.298914 0.0151503 0.0149153
0 0.633427 0.458894 0.0129536 0.0123692
0 0.84481 0.798599 0.0166639 0.0141794
0 0.695488 0.505539 0.01402 0.012105
0 0.371122 0.632394 0.013597 0.0119826
0 0.917793 0.370242 0.0127945 0.0113271
0 0.0379315 0.0736867 0.0114802 0.0106001
0 0.860753 0.414671 0.0140842 0.0153622
0 0.602804 0.178851 0.0182604 0.0191174
0 0.142137 0.0199904 0.0127385 0.0117437
0 0.816525 0.440607 0.0142824 0.0144249
0 0.864872 0.716183 0.0129053 0.0112222
0 0.0300717 0.961897 0.0095008 0.00950468
0 0.100787 0.0147137 0.0144742 0.011673
0 0.015904 0.973353 0.0161728 0.0150206
0 0.961479 0.0137137 0.0137104 0.014252
0 0.988914 0.567065 0.0118682 0.0134515
0 0.901312 0.229656 0.0135102 0.0116847
0 0.564252 0.110841 0.00984275 0.00877929
0 0.778972 0.965281 0.0139273 0.0109391
0 0.602028 0.178963 0.0218037 0.0231352
0 0.396975 0.378313 0.0153474 0.0155074
0 0.796015 0.906126 0.020224 0.0146068
