0 0.595308 0.146162 0.0102056 0.0107044
0 0.466897 0.200877 0.00866282 0.00944147
0 0.490045 0.0320501 0.00923538 0.0107369
0 0.55893 0.123579 0.00933284 0.00977702
0 0.513339 0.140374 0.00889069 0.010097
0 0.791182 0.328289 0.00818688 0.00930798
0 0.0325859 0.191517 0.00823862 0.00957288
0 0.519751 0.117938 0.010793 0.0099854
0 0.0205119 0.219226 0.00861325 0.00975288
0 0.645038 0.125933 0.0102993 0.0114064
0 0.101793 0.22337 0.00717442 0.00764741
0 0.445917 0.188761 0.00664502 0.00841145
0 0.12416 0.217424 0.00744737 0.00892429
0 0.597538 0.0391041 0.00732881 0.00803656
0 0.700864 0.08398 0.0100544 0.0107192
0 0.407057 0.170402 0.00964901 0.0109759
0 0.853052 0.290871 0.00930631 0.0101636
0 0.0142196 0.244399 0.00819257 0.00993605
0 0.444898 0.168142 0.00879487 0.00876844
0 0.551065 0.156644 0.00827885 0.00856349
0 0.803228 0.329877 0.00847244 0.00857601
0 0.576986 0.0804944 0.00892127 0.00921152
0 0.613138 0.0700193 0.0080086 0.00885208
0 0.575877 0.0392502 0.00866526 0.0101948
0 0.0261132 0.14174 0.00845039 0.00946525
0 0.566636 0.157147 0.00769722 0.00831017
0 0.31326 0.189122 0.00770235 0.00855075
0 0.563139 0.0179053 0.0102895 0.0110801
0 0.850538 0.305441 0.00923276 0.00964528
0 0.463114 0.121773 0.00844973 0.00781532
0 0.0122244 0.144736 0.00875322 0.0102827
0 0.101227 0.234214 0.00710802 0.0074822
0 0.457728 0.145028 0.00975245 0.0107797
0 0.412366 0.191862 0.0090977 0.00980668
0 0.863869 0.333183 0.0098446 0.0104827
0 0.0966256 0.180792 0.0102472 0.0110147
0 0.753545 0.333183 0.00712377 0.00805387
0 0.537302 0.198909 0.00919646 0.00895949
0 0.095493 0.197838 0.00778339 0.00764561
0 0.571204 0.00717151 0.0101182 0.0112621
0 0.984536 0.145108 0.0117103 0.0117405
0 0.0627494 0.202337 0.00807955 0.0105363
0 0.054416 0.177839 0.00624628 0.00765948
0 0.481456 0.117046 0.00836602 0.00926013
0 0.485038 0.180435 0.00729162 0.00744136
0 0.76406 0.330102 0.00740337 0.00866604
0 0.0619775 0.27211 0.00727525 0.00763616
0 0.906502 0.303542 0.011269 0.011003
0 0.628425 0.00478504 0.00766319 0.00860429
0 0.0435093 0.210864 0.00732177 0.00785355
0 0.0556833 0.19495 0.00745676 0.00878187
0 0.284289 0.14353 0.00868759 0.00799087
0 0.587719 0.0367411 0.00732577 0.00838553
0 0.712477 0.226585 0.00878358 0.0102738
0 0.0985788 0.204901 0.00826066 0.00890136
0 0.561253 0.138054 0.00779754 0.00842299
0 0.48522 0.0956543 0.0077033 0.00977329
0 0.0380597 0.279085 0.0080431 0.00903013
0 0.813183 0.334781 0.00707662 0.00785238
0 0.701078 0.0840759 0.0120093 0.0133368
0 0.0261746 0.141338 0.0102109 0.0117232
0 0.292209 0.0465569 0.00743017 0.00821373
0 0.0943661 0.154591 0.00755048 0.00788511
0 0.02004 0.219444 0.0110398 0.0115065
0 0.317423 0.169209 0.00660685 0.00745285
0 0.256524 0.194289 0.0059208 0.00624156
