0 0.308562 0.38838 0.0118609 0.0121888
0 0.324295 0.387531 0.0111063 0.0117134
0 0.28945 0.409642 0.0117989 0.0119112
0 0.315831 0.462233 0.0126971 0.0123881
0 0.264744 0.392154 0.0113528 0.0107456
0 0.338311 0.473933 0.0123045 0.0111507
0 0.306496 0.423603 0.0120677 0.0117536
0 0.349704 0.508384 0.0108269 0.0111403
0 0.410506 0.588395 0.0117401 0.0131449
0 0.299862 0.353915 0.0131803 0.0127648
0 0.276221 0.355872 0.0111378 0.0119438
0 0.238429 0.937638 0.0134731 0.0124294
0 0.287322 0.368854 0.0106916 0.0106366
0 0.225568 0.882623 0.0151344 0.0119854
0 0.166322 0.873757 0.0117646 0.00984806
0 0.446807 0.633804 0.0118725 0.012764
0 0.20441 0.491409 0.0123144 0.0105958
0 0.31541 0.406197 0.0128692 0.0127422
0 0.274949 0.912316 0.0129695 0.0127752
0 0.222892 0.948138 0.012955 0.0121067
0 0.229646 0.746689 0.0126431 0.0120978
0 0.242871 0.9118 0.0133001 0.0121962
0 0.536727 0.498004 0.0106254 0.0115433
0 0.183368 0.852458 0.0138095 0.0131904
0 0.499203 0.672128 0.0121406 0.0129293
0 0.177255 0.762991 0.0126038 0.0125796
0 0.241023 0.866908 0.0119121 0.0114064
0 0.483318 0.420045 0.00836888 0.00996122
0 0.21367 0.737611 0.0123958 0.0123705
0 0.132583 0.550277 0.0125244 0.0119848
0 0.204334 0.79803 0.0131186 0.0136433
0 0.192091 0.721203 0.0121465 0.0128633
0 0.165778 0.58775 0.0149185 0.0136475
0 0.217378 0.897391 0.0149214 0.0133293
0 0.224945 0.801821 0.012798 0.0136526
0 0.397408 0.519083 0.0126187 0.0113983
0 0.258345 0.925042 0.0120403 0.0121437
0 0.471285 0.424243 0.00886938 0.00888976
0 0.350591 0.387528 0.0129244 0.0114288
0 0.26454 0.965224 0.0160556 0.0138741
0 0.208987 0.933024 0.0132987 0.0127729
0 0.0955011 0.769378 0.0153499 0.0137882
0 0.497138 0.452235 0.0105007 0.0101877
0 0.218465 0.0409442 0.0171204 0.0201026
0 0.277724 0.931862 0.0130662 0.0125316
0 0.0832523 0.841128 0.0154948 0.013494
0 0.0597725 0.729281 0.0127602 0.0125023
0 0.160793 0.85913 0.0109232 0.0123682
0 0.233577 0.958436 0.0107393 0.0112793
0 0.338397 0.357714 0.0162028 0.0177444
0 0.360879 0.48132 0.0132183 0.0116587
0 0.161497 0.957687 0.0163269 0.0136173
0 0.121916 0.590741 0.0118716 0.012174
0 0.0471291 0.844997 0.0124108 0.0127113
0 0.464422 0.695484 0.0112154 0.0149406
0 0.306829 0.443561 0.0128446 0.0129012
0 0.857682 0.293748 0.0130012 0.0148214
0 0.340526 0.398977 0.0136213 0.0125314
0 0.34208 0.536878 0.00962895 0.0104882
0 0.455219 0.65189 0.0113443 0.0142429
0 0.500064 0.201451 0.011484 0.0104835
0 0.258725 0.432624 0.0108844 0.0109423
0 0.141422 0.581878 0.0111876 0.0120093
0 0.12909 0.874754 0.0138722 0.0150692
0 0.330796 0.516561 0.0106395 0.0103565
0 0.625719 0.203864 0.0116521 0.0110797
0 0.525383 0.482935 0.0103035 0.0118204
0 0.480612 0.442748 0.00919381 0.00985071
0 0.331676 0.547208 0.0115024 0.01208
0 0.188426 0.785279 0.0133031 0.0144104
0 0.494786 0.42035 0.00850508 0.00901556
0 0.463001 0.623713 0.00987473 0.0117382
0 0.450279 0.435099 0.0111715 0.0112556
0 0.461937 0.484842 0.0103428 0.0101107
0 0.166775 0.892562 0.0170604 0.0127466
0 0.16858 0.893444 0.0228809 0.0171671
0 0.404677 0.983356 0.0113383 0.0112083
0 0.248751 0.477478 0.0107169 0.0115328
0 0.145798 0.6842 0.0153874 0.0134034
0 0.511243 0.449982 0.00891531 0.00976831
0 0.4686 0.582247 0.0103989 0.0127195
0 0.00639081 0.840568 0.0106002 0.012482
0 0.119511 0.433527 0.0120761 0.0114982
0 0.863324 0.185459 0.0127005 0.0135724
0 0.208783 0.709849 0.011957 0.010442
0 0.290974 0.464221 0.0112869 0.0125843
0 0.724241 0.441532 0.0107142 0.0119492
0 0.488689 0.00845124 0.0105772 0.0118705
0 0.153716 0.845332 0.0121153 0.0128954
0 0.200283 0.51806 0.0111544 0.00918156
0 0.254946 0.460386 0.0149918 0.013599
0 0.0971248 0.655519 0.0112759 0.0102545
0 0.476576 0.385214 0.0138096 0.0134122
0 0.499663 0.20203 0.0150898 0.0143113
0 0.118456 0.76041 0.0133533 0.0115297
0 0.233241 0.576698 0.0103004 0.00936699
0 0.110547 0.649254 0.0109752 0.0101804
0 0.234712 0.95945 0.0123378 0.0127472
0 0.161035 0.85854 0.0140007 0.0139405
0 0.16645 0.874302 0.0139633 0.0118847
0 0.463474 0.447009 0.0112763 0.0101998
0 0.361027 0.482142 0.0152231 0.0147625
0 0.338137 0.474248 0.0147734 0.0137676
0 0.126421 0.639401 0.0098763 0.0103211
0 0.126041 0.713462 0.00996515 0.00933987
0 0.494801 0.420125 0.0100183 0.0117303
0 0.489768 0.622065 0.0106544 0.0111544
0 0.535836 0.161119 0.010355 0.00888105
0 0.125935 0.699512 0.0132125 0.0122528
0 0.699631 0.809478 0.010132 0.0105944
0 0.26948 0.420236 0.0123277 0.0126736
0 0.482981 0.419609 0.00730419 0.00743085
0 0.624992 0.204386 0.0145912 0.0133506
0 0.898984 0.448627 0.00749075 0.00819302
0 0.595571 0.658762 0.00930232 0.010754
0 0.261976 0.871765 0.0122274 0.0147564
0 0.482331 0.419659 0.0105908 0.0125954
