0 0.366364 0.522894 0.00800216 0.00797045
0 0.438196 0.695698 0.00964537 0.0106125
0 0.365247 0.508195 0.00860023 0.00883108
0 0.42896 0.83051 0.00884324 0.00813711
0 0.394907 0.563389 0.00867569 0.0085243
0 0.35275 0.601408 0.00835425 0.0081501
0 0.44553 0.802091 0.00740862 0.0080837
0 0.363496 0.563267 0.0075697 0.00790787
0 0.357175 0.541791 0.00792792 0.00738931
0 0.350286 0.551166 0.00844651 0.00848222
0 0.416104 0.580248 0.00755748 0.00721723
0 0.343127 0.55935 0.00808591 0.00748789
0 0.347984 0.576891 0.00829467 0.00820673
0 0.44499 0.733976 0.0072751 0.00838959
0 0.460259 0.77831 0.00615433 0.0066976
0 0.427809 0.602123 0.00754204 0.00778651
0 0.410884 0.82234 0.0082117 0.00772154
0 0.0657904 0.984196 0.00921201 0.00827181
0 0.377112 0.499228 0.00787973 0.00788763
0 0.436085 0.811093 0.00808218 0.00756037
0 0.327073 0.580063 0.00840244 0.00834465
0 0.427805 0.801455 0.00746536 0.00768894
0 0.157367 0.916439 0.00752492 0.00796354
0 0.386246 0.64184 0.00696 0.00714475
0 0.802379 0.660848 0.009206 0.00901747
0 0.171029 0.922308 0.00692953 0.007774
0 0.328746 0.540139 0.00865883 0.00843042
0 0.470666 0.627418 0.00999224 0.0100724
0 0.32354 0.746799 0.00711182 0.00753337
0 0.5843 0.958655 0.00896138 0.00970149
0 0.83932 0.646561 0.00800973 0.00890195
0 0.427373 0.639355 0.00675097 0.0069958
0 0.392239 0.792388 0.00941274 0.00791687
0 0.543035 0.701947 0.0112236 0.0126581
0 0.468381 0.651778 0.0097557 0.00911218
0 0.411652 0.634838 0.00888062 0.00841969
0 0.298337 0.863257 0.00835684 0.00849724
0 0.31025 0.549217 0.0091548 0.00847381
0 0.692607 0.685266 0.00935531 0.00847518
0 0.739357 0.666948 0.0067274 0.00697446
0 0.154621 0.894557 0.012286 0.0138817
0 0.752615 0.685437 0.00921267 0.00998151
0 0.482922 0.797878 0.00917873 0.00844574
0 0.561793 0.72304 0.00749779 0.00883287
0 0.128799 0.861325 0.0072495 0.00808048
0 0.379917 0.677111 0.00868383 0.00946218
0 0.459244 0.857574 0.00804931 0.00748366
0 0.326204 0.932016 0.00803643 0.00795096
0 0.554888 0.734043 0.00765657 0.00672203
0 0.425417 0.760556 0.0108145 0.00945443
0 0.466134 0.613441 0.00701201 0.00753039
0 0.704318 0.858006 0.00713271 0.00772929
0 0.413349 0.622009 0.00702989 0.00810146
0 0.408034 0.667041 0.00748959 0.00675273
0 0.30877 0.858365 0.00685826 0.00756437
0 0.304807 0.587628 0.0104578 0.010907
0 0.662837 0.540619 0.00856012 0.0088585
0 0.595677 0.815631 0.0104122 0.00953484
0 0.453178 0.744917 0.0110729 0.0110814
0 0.677832 0.523316 0.00926834 0.0100912
0 0.405474 0.862658 0.0103354 0.0104664
0 0.487037 0.627782 0.00776768 0.00792712
0 0.679339 0.526935 0.00896055 0.0125837
0 0.107073 0.890689 0.00907312 0.00760972
0 0.2128 0.939438 0.00825873 0.00916803
0 0.421366 0.844857 0.00675142 0.00717026
0 0.835263 0.559465 0.00706577 0.00778663
0 0.505303 0.630348 0.00734693 0.00768864
0 0.66084 0.65517 0.00830591 0.00795048
0 0.361591 0.48082 0.00820628 0.00938454
0 0.463994 0.583837 0.00718287 0.00840151
0 0.463589 0.73805 0.0076538 0.00791454
0 0.852321 0.548447 0.00567913 0.00621265
0 0.824063 0.571687 0.0118828 0.0116693
0 0.722591 0.853348 0.0091598 0.00891459
0 0.361851 0.60745 0.00706729 0.00781596
0 0.741561 0.59103 0.00846887 0.0089888
0 0.38869 0.802336 0.00720698 0.00699538
0 0.334679 0.612845 0.0103225 0.00882477
0 0.415828 0.874409 0.0127482 0.011562
0 0.558374 0.777073 0.00810337 0.00837004
0 0.68956 0.710594 0.00681752 0.00771964
0 0.42752 0.580084 0.0077503 0.00732327
0 0.573784 0.782272 0.0101347 0.00950831
0 0.6501 0.653819 0.00760174 0.00725609
0 0.383131 0.731723 0.00807229 0.00849843
0 0.603664 0.714445 0.00710237 0.00683713
0 0.694753 0.807503 0.00687712 0.00747108
0 0.453229 0.652491 0.00687045 0.00759411
0 0.31976 0.535585 0.00733766 0.00733882
0 0.573417 0.718497 0.00889951 0.00776273
0 0.561199 0.854997 0.0073123 0.00878793
0 0.578988 0.809971 0.00633144 0.00667208
0 0.45297 0.567935 0.00746289 0.00809574
0 0.522362 0.905026 0.0108858 0.00843924
0 0.431648 0.571409 0.0077076 0.00693476
0 0.442313 0.666991 0.00602427 0.00640804
0 0.167553 0.908 0.00824766 0.00792623
0 0.527973 0.84844 0.0077219 0.00758284
0 0.701231 0.766274 0.0064497 0.0065468
0 0.397982 0.827041 0.00816756 0.0075981
0 0.398829 0.840469 0.00688952 0.0072304
0 0.841293 0.577011 0.0126969 0.0129414
0 0.777455 0.514835 0.00773031 0.00861073
0 0.386721 0.573 0.0078207 0.00767827
0 0.646028 0.641003 0.00734693 0.00795668
0 0.653927 0.733802 0.00644761 0.00710452
0 0.765904 0.615317 0.00876522 0.0111012
0 0.401907 0.707148 0.00780994 0.00785869
0 0.555205 0.573123 0.00692213 0.00783879
0 0.655465 0.763935 0.00720537 0.0077858
0 0.501998 0.579221 0.00751811 0.00804347
0 0.0647374 0.909877 0.00873458 0.00766677
0 0.344688 0.733947 0.00726479 0.00784957
0 0.437844 0.860057 0.00684738 0.00714266
0 0.515219 0.86126 0.00922149 0.00823861
0 0.326767 0.580436 0.0096674 0.0107653
0 0.807793 0.563818 0.00710946 0.00644648
0 0.65316 0.860496 0.00713772 0.00675541
0 0.119384 0.900537 0.00771184 0.00795043
0 0.503523 0.558705 0.00758952 0.00800204
0 0.914338 0.444586 0.00924134 0.0130311
0 0.902249 0.354093 0.00871807 0.00968355
0 0.93819 0.808776 0.00734061 0.00877267
0 0.41699 0.662999 0.00821859 0.00728261
0 0.952539 0.722562 0.00702137 0.00742763
0 0.44892 0.841866 0.00649318 0.00625533
0 0.38028 0.575616 0.00744846 0.00759715
0 0.150558 0.940196 0.00802436 0.00755596
0 0.643514 0.832278 0.00527364 0.00582868
0 0.748149 0.582299 0.00738078 0.00738102
0 0.655397 0.69738 0.00878686 0.0113175
0 0.522442 0.577945 0.00736731 0.0120323
0 0.449491 0.867689 0.00848827 0.0083847
0 0.578828 0.77155 0.00977272 0.00856358
0 0.503157 0.84897 0.00718662 0.00859606
0 0.593085 0.804257 0.007267 0.00764346
0 0.939779 0.721229 0.0085274 0.00857317
0 0.455517 0.690889 0.00893518 0.00926661
0 0.718176 0.531923 0.00897336 0.0106907
0 0.604472 0.564636 0.00671005 0.0065462
0 0.458002 0.765657 0.0073165 0.00713485
0 0.77178 0.604057 0.00648057 0.00654489
0 0.670446 0.581451 0.00904655 0.00789768
0 0.604137 0.697116 0.00613391 0.00598699
0 0.85739 0.539476 0.0070858 0.00907326
0 0.952279 0.741219 0.00617313 0.00632209
0 0.88926 0.707522 0.00649965 0.00708139
0 0.192576 0.351983 0.0113185 0.00974235
0 0.696357 0.672897 0.00899178 0.00937313
0 0.701129 0.79501 0.0082134 0.00858837
0 0.934203 0.786611 0.00771064 0.0071764
0 0.708959 0.868899 0.00826752 0.00813067
0 0.391543 0.68234 0.00742865 0.00874412
0 0.493347 0.552669 0.00778198 0.00893414
0 0.411474 0.851448 0.00782949 0.00882912
0 0.108238 0.85323 0.00642195 0.00692332
0 0.392435 0.792603 0.00729886 0.00660837
0 0.689937 0.847831 0.00564456 0.00585592
0 0.474719 0.760038 0.00693396 0.00698507
0 0.669759 0.664806 0.00708067 0.00853169
0 0.429208 0.841026 0.00771448 0.00724256
0 0.385102 0.742499 0.00743383 0.00742018
0 0.555254 0.761089 0.00775737 0.0100245
0 0.369846 0.667751 0.0072839 0.010149
0 0.914632 0.443791 0.00742012 0.0103342
0 0.979113 0.270977 0.00672799 0.00839034
0 0.37664 0.810809 0.00843117 0.00754929
0 0.657632 0.636768 0.00738543 0.00846785
0 0.659161 0.710587 0.00739348 0.00681359
0 0.815849 0.559452 0.00712144 0.0078972
0 0.786515 0.465188 0.00725955 0.00785542
0 0.479292 0.619904 0.00745544 0.00748563
0 0.610225 0.633988 0.00719208 0.00980788
0 0.33054 0.794978 0.00905311 0.00994641
0 0.330838 0.810465 0.0120987 0.0121692
0 0.670048 0.708819 0.0083192 0.0113815
0 0.474895 0.558009 0.00784779 0.00730324
0 0.452842 0.570309 0.00861493 0.0110237
0 0.584444 0.739236 0.00988728 0.0107588
0 0.918135 0.75479 0.0069744 0.00720251
0 0.500403 0.747168 0.00800461 0.00938278
0 0.643273 0.832323 0.00663728 0.00737345
0 0.733834 0.600259 0.00783747 0.00846404
0 0.338219 0.731624 0.0103158 0.00796068
0 0.365023 0.695193 0.00617895 0.00645888
0 0.565299 0.873463 0.00779587 0.00763053
0 0.467827 0.794476 0.00584373 0.0062955
0 0.312117 0.911088 0.0103607 0.00804371
0 0.261939 0.846869 0.00730833 0.00941104
0 0.397341 0.813259 0.00794125 0.00758189
0 0.657151 0.586775 0.0080986 0.00757158
0 0.974436 0.99089 0.0106354 0.011375
0 0.473704 0.860469 0.00869951 0.0100105
0 0.502027 0.592128 0.00696298 0.00731617
0 0.869692 0.550877 0.00862622 0.0108609
0 0.0836345 0.882846 0.00694748 0.00640315
0 0.401656 0.728983 0.00815564 0.00889444
0 0.545453 0.911828 0.00751132 0.00732231
0 0.396096 0.754328 0.00826132 0.00723708
0 0.530314 0.830127 0.0066641 0.00656891
0 0.389056 0.812035 0.00809973 0.00708389
0 0.382371 0.717691 0.00849348 0.0074926
0 0.469794 0.628307 0.00804004 0.00922072
0 0.776244 0.610526 0.00614107 0.00719088
0 0.460187 0.829134 0.0067277 0.00711006
0 0.896674 0.434764 0.00675088 0.00760069
0 0.0863688 0.931458 0.00808698 0.0076229
0 0.495754 0.830513 0.0061737 0.00656915
0 0.47987 0.619059 0.00602493 0.00514454
0 0.485275 0.902138 0.00723627 0.00704539
0 0.975117 0.286383 0.00845605 0.00838965
0 0.0556836 0.923696 0.00708085 0.00754261
0 0.398494 0.687118 0.00845945 0.00845164
0 0.433296 0.708507 0.00903246 0.0104302
0 0.215537 0.953646 0.00701714 0.00789833
0 0.492175 0.766832 0.00699654 0.00890505
0 0.948185 0.788208 0.00696164 0.00760901
0 0.695257 0.807301 0.0059855 0.00580901
0 0.719396 0.579654 0.0123248 0.0135868
0 0.896276 0.690492 0.0073086 0.00665092
0 0.594668 0.744744 0.00717187 0.00810188
0 0.5644 0.802372 0.00805986 0.00779015
0 0.51503 0.861752 0.0106903 0.0102394
0 0.393097 0.712831 0.00727591 0.00748181
0 0.577411 0.543182 0.00627655 0.0083046
0 0.516513 0.687143 0.00700587 0.00728989
0 0.651052 0.873524 0.00933033 0.00975418
0 0.429796 0.830825 0.00688991 0.00719875
0 0.802936 0.547708 0.00882053 0.0133281
0 0.554321 0.890675 0.00783521 0.00720257
0 0.658588 0.671588 0.00914919 0.0103791
0 0.965234 0.657238 0.0127384 0.0119303
0 0.0587115 0.911579 0.0107946 0.00776559
0 0.442007 0.711956 0.0115654 0.00946254
0 0.458333 0.545602 0.00663385 0.00657368
0 0.342527 0.732835 0.0107703 0.00864291
0 0.443306 0.712347 0.0124868 0.0114452
0 0.916205 0.742141 0.00807071 0.00842834
0 0.523406 0.585194 0.00794601 0.0117281
0 0.38807 0.821776 0.0077078 0.00774312
0 0.397095 0.812111 0.00849238 0.0075779
0 0.916925 0.727098 0.0095787 0.0101568
0 0.521336 0.647336 0.00757682 0.00683898
0 0.191038 0.308142 0.00857501 0.00974539
0 0.634243 0.63276 0.00603312 0.00678444
0 0.520157 0.657018 0.00717431 0.00737894
0 0.411639 0.705136 0.00797015 0.00792664
0 0.428486 0.850636 0.00709248 0.00695938
0 0.411294 0.734006 0.00656471 0.00853252
0 0.553558 0.764569 0.00798035 0.0102218
0 0.585502 0.737771 0.0094021 0.0103659
0 0.763072 0.453326 0.00859183 0.00873566
0 0.765511 0.613297 0.0081501 0.0104136
0 0.843446 0.554146 0.00746953 0.00648326
0 0.734612 0.527367 0.0107009 0.0109125
0 0.407949 0.847374 0.00815466 0.00892717
0 0.0577769 0.912722 0.00963066 0.00815827
0 0.588158 0.854594 0.00735939 0.00753421
0 0.416791 0.831612 0.00651386 0.00719374
0 0.380424 0.574841 0.00901765 0.00782681
0 0.491465 0.724024 0.00766581 0.00737983
0 0.554772 0.75977 0.00795972 0.00912893
0 0.37233 0.744498 0.00710991 0.00699967
0 0.642466 0.66506 0.00723821 0.0107595
0 0.559005 0.651005 0.00869578 0.00870949
0 0.584217 0.534103 0.0076248 0.0071702
0 0.495174 0.831549 0.00766373 0.00781512
0 0.273833 0.927755 0.00723201 0.00925517
0 0.520468 0.656492 0.00541019 0.00518823
0 0.774411 0.623938 0.00724959 0.00791675
0 0.421471 0.713851 0.00992337 0.00891668
0 0.825831 0.558479 0.00728565 0.00814849
0 0.966756 0.790682 0.00689048 0.00798005
0 0.401737 0.705884 0.00715023 0.00714588
0 0.347975 0.575585 0.0089677 0.00896704
0 0.823029 0.570252 0.0126747 0.0120737
0 0.352639 0.600255 0.00915623 0.0082739
0 0.244711 0.377501 0.0109508 0.0112273
0 0.803478 0.549763 0.00903302 0.0108096
0 0.467873 0.650539 0.0111427 0.00870478
0 0.690054 0.602231 0.00979269 0.00965309
0 0.532919 0.857995 0.0088129 0.00755501
0 0.648884 0.522789 0.00853974 0.00770462
0 0.374001 0.924007 0.0112266 0.0137691
0 0.5664 0.795282 0.00744706 0.00817949
0 0.198512 0.941048 0.00702897 0.00704497
0 0.54712 0.783828 0.00677282 0.00721473
0 0.547175 0.589649 0.00996453 0.0091064
0 0.337308 0.730893 0.00767586 0.00772423
0 0.400865 0.727961 0.0104264 0.0101497
0 0.50371 0.850201 0.00872308 0.011256
0 0.680172 0.658608 0.0100351 0.00918728
0 0.571836 0.824159 0.00729084 0.00729483
0 0.650572 0.87499 0.00912613 0.0106674
0 0.444454 0.588132 0.00669327 0.00731832
0 0.681087 0.657653 0.0115744 0.00977695
0 0.479614 0.618625 0.00721207 0.00741959
0 0.88602 0.392251 0.0097059 0.0084151
0 0.322093 0.543722 0.00806129 0.00790709
