0 0.681529 0.88122 0.010981 0.0106068
0 0.660363 0.62327 0.00949514 0.00918347
0 0.643768 0.855383 0.0109456 0.0113232
0 0.657964 0.848067 0.0108845 0.00934696
0 0.753983 0.871982 0.0104439 0.0103084
0 0.571582 0.899108 0.00991058 0.0094288
0 0.623877 0.841976 0.00935155 0.00933802
0 0.903625 0.921588 0.00953823 0.0097937
0 0.601348 0.882586 0.00885999 0.00941348
0 0.568549 0.841663 0.00895053 0.00905687
0 0.629732 0.937825 0.0102145 0.0128635
0 0.811889 0.933759 0.00838298 0.00952148
0 0.682857 0.926697 0.008708 0.00923461
0 0.659533 0.905421 0.00958061 0.00894278
0 0.90773 0.939419 0.00975573 0.0100647
0 0.667779 0.638044 0.00884753 0.00996912
0 0.669674 0.893048 0.00863433 0.00986826
0 0.732537 0.80188 0.00896436 0.0101055
0 0.576014 0.817119 0.00879365 0.00941467
0 0.608399 0.852853 0.00895149 0.009354
0 0.760553 0.917225 0.00929111 0.0105228
0 0.606378 0.908448 0.00909865 0.00995791
0 0.641834 0.874198 0.00903004 0.00924987
0 0.646274 0.653213 0.00946218 0.00994414
0 0.66908 0.868937 0.010726 0.0104923
0 0.617464 0.830026 0.00832677 0.00841069
0 0.637732 0.892422 0.00768501 0.00820637
0 0.980568 0.920487 0.0098545 0.00948793
0 0.785915 0.900171 0.0108715 0.0115193
0 0.904878 0.909213 0.0084976 0.0084908
0 0.860741 0.97431 0.0104862 0.0106499
0 0.659444 0.938655 0.0116628 0.0136868
0 0.693321 0.874107 0.0088312 0.00960368
0 0.95476 0.912874 0.0106152 0.0113594
0 0.708385 0.952581 0.00967276 0.00982434
0 0.631773 0.970522 0.00827324 0.00938034
0 0.764522 0.739367 0.011529 0.012698
0 0.6933 0.91663 0.00792539 0.00883543
0 0.626866 0.667171 0.00947046 0.00926799
0 0.524806 0.839135 0.00887889 0.00874978
0 0.669976 0.767387 0.00898039 0.00888491
0 0.972633 0.904925 0.00809252 0.0081768
0 0.814508 0.955816 0.00833017 0.0088976
0 0.692151 0.978451 0.00890982 0.00835818
0 0.778289 0.869062 0.0097034 0.011422
0 0.736037 0.776792 0.00793207 0.00916672
0 0.626454 0.766555 0.0097996 0.009103
0 0.603523 0.77203 0.00847083 0.00876999
0 0.607 0.932671 0.00855547 0.0099445
0 0.755064 0.900954 0.00861067 0.00933993
0 0.746076 0.883831 0.00760001 0.0074932
0 0.672135 0.783198 0.00874692 0.0121453
0 0.73501 0.88021 0.00782806 0.00841504
0 0.663397 0.920629 0.00817072 0.00923157
0 0.597464 0.833974 0.00794548 0.00807762
0 0.555167 0.85211 0.00849628 0.00753748
0 0.801527 0.954515 0.00947726 0.0094074
0 0.625127 0.862075 0.00997484 0.0130901
0 0.696947 0.900029 0.0088892 0.00914288
0 0.724463 0.94692 0.0100063 0.00878489
0 0.665522 0.596603 0.0119875 0.0108118
0 0.70306 0.775852 0.0111976 0.0113031
0 0.646122 0.925034 0.0139099 0.0110415
0 0.757112 0.754534 0.0099203 0.010047
0 0.710604 0.787564 0.0101732 0.00981832
0 0.909196 0.961808 0.00956917 0.00876999
0 0.8024 0.828201 0.0108358 0.0117844
0 0.616182 0.646454 0.00846761 0.00980854
0 0.671111 0.781664 0.00992846 0.0123787
0 0.67121 0.933188 0.00850618 0.00882912
0 0.646323 0.720606 0.00767058 0.00871718
0 0.766404 0.896879 0.00902748 0.0116207
0 0.953129 0.888816 0.00873297 0.00897068
0 0.650187 0.612987 0.00947112 0.0107739
0 0.96198 0.897709 0.00924832 0.0105971
0 0.948372 0.852261 0.0105053 0.0102736
0 0.696092 0.796358 0.00934505 0.00930709
0 0.652573 0.962188 0.00897402 0.00877798
0 0.820439 0.838867 0.0103083 0.0100544
0 0.532951 0.956453 0.00934178 0.00944752
0 0.963154 0.852174 0.0112942 0.0110489
0 0.733506 0.816308 0.00858563 0.00857812
0 0.584421 0.840284 0.0101576 0.00961345
0 0.62934 0.649026 0.00951356 0.00799519
0 0.940063 0.892447 0.0110569 0.0112469
0 0.577741 0.846882 0.00931102 0.00974596
0 0.332031 0.983841 0.00883305 0.00741732
0 0.581255 0.907571 0.010197 0.00942439
0 0.697746 0.722051 0.00967294 0.00968933
0 0.749006 0.805114 0.00959015 0.00978929
0 0.70744 0.757373 0.0140972 0.0141815
0 0.741971 0.921634 0.00946116 0.0106751
0 0.654349 0.872358 0.00819612 0.00778198
0 0.551026 0.817678 0.00911188 0.00881845
0 0.727548 0.972952 0.00793034 0.00801164
0 0.561073 0.797101 0.00720787 0.0084421
0 0.588634 0.943876 0.00943166 0.0109699
0 0.730769 0.92048 0.00892782 0.0103657
0 0.55118 0.786063 0.00968474 0.0105004
0 0.680267 0.606239 0.0089156 0.0100811
0 0.620908 0.983768 0.00902748 0.0105583
0 0.536951 0.855371 0.0093627 0.0118157
0 0.591686 0.957172 0.00868624 0.00840932
0 0.663868 0.880795 0.0076769 0.0076189
0 0.750065 0.738378 0.0104758 0.0135378
0 0.630991 0.916673 0.00919515 0.0105
0 0.54515 0.842739 0.00913489 0.0138161
0 0.662091 0.79182 0.00768441 0.00954515
0 0.67795 0.712741 0.010898 0.0111887
0 0.622871 0.746769 0.00718135 0.00886989
0 0.906476 0.893894 0.00937653 0.00941426
0 0.594098 0.927604 0.0128443 0.00980037
0 0.720584 0.79586 0.0100418 0.0116516
0 0.980474 0.873013 0.00893801 0.00940919
0 0.74188 0.757847 0.00930202 0.00998908
0 0.714496 0.825947 0.00827217 0.00896585
0 0.610027 0.585355 0.0115227 0.0105911
0 0.613947 0.570317 0.0100189 0.00995255
0 0.985384 0.862008 0.00978315 0.0076645
0 0.608023 0.625498 0.00950277 0.00932276
0 0.377461 0.976223 0.00938603 0.00876564
0 0.600766 0.791141 0.00940764 0.0103011
0 0.569805 0.969663 0.00934023 0.00954854
0 0.613803 0.973724 0.00809401 0.00873107
0 0.214971 0.964371 0.0113393 0.00914955
0 0.136982 0.990011 0.00864415 0.00879914
0 0.743709 0.937706 0.00818366 0.0101818
0 0.767533 0.841148 0.00751293 0.0073244
0 0.755836 0.888899 0.00859398 0.009247
0 0.747893 0.951624 0.0094018 0.00958329
0 0.357031 0.992357 0.00700906 0.00778502
0 0.743623 0.893768 0.00895023 0.00927389
0 0.563119 0.812093 0.00857604 0.00904524
0 0.593786 0.910753 0.0077284 0.00818902
0 0.674163 0.748632 0.008443 0.00751454
0 0.509203 0.840216 0.00902843 0.00753516
0 0.710793 0.913239 0.00872231 0.00825959
0 0.585323 0.916731 0.00867856 0.00824928
0 0.55487 0.805759 0.00834352 0.00773472
0 0.539384 0.833949 0.00698757 0.00654143
0 0.627554 0.896999 0.00751269 0.00877267
0 0.570479 0.798344 0.00696909 0.00719184
0 0.684503 0.955849 0.00926948 0.00853348
0 0.916541 0.888833 0.00675201 0.00738186
0 0.543757 0.908223 0.0142402 0.0101948
0 0.744355 0.819108 0.00799352 0.00876713
0 0.803763 0.833383 0.0112889 0.0158863
0 0.643742 0.590803 0.00982952 0.00980836
0 0.650331 0.551134 0.00763988 0.00848466
0 0.662331 0.921473 0.0121434 0.0109565
0 0.713905 0.840438 0.00952893 0.0114678
0 0.742017 0.848008 0.00885314 0.00798684
0 0.12821 0.997368 0.00800704 0.00526333
0 0.70979 0.837031 0.0156364 0.0138756
0 0.803091 0.770894 0.0114697 0.0099318
0 0.60247 0.994817 0.0137865 0.0103667
0 0.967289 0.919921 0.00808734 0.00836927
0 0.721368 0.793829 0.0100092 0.0103104
0 0.643169 0.804752 0.00612605 0.00675851
0 0.608021 0.948189 0.00758773 0.00856072
0 0.939989 0.892977 0.0128458 0.0138981
0 0.547484 0.886203 0.00689638 0.00645792
0 0.771759 0.802478 0.0118948 0.0109742
0 0.398352 0.995886 0.0105698 0.00822842
0 0.802699 0.830204 0.0124326 0.0177216
0 0.675806 0.997314 0.00938171 0.00537145
0 0.955626 0.943359 0.00862658 0.0078972
0 0.720861 0.877503 0.00705284 0.00659311
0 0.693183 0.734775 0.00819683 0.00953579
0 0.743473 0.89372 0.00469863 0.00585061
0 0.344471 0.992358 0.0082441 0.00877345
0 0.581628 0.906307 0.00874597 0.00842667
0 0.297193 0.990042 0.0142824 0.0128663
0 0.680164 0.605983 0.010705 0.0120493
0 0.644288 0.924552 0.0100788 0.00959039
0 0.762774 0.823452 0.00738448 0.00686169
0 0.0721381 0.953184 0.00821831 0.00909191
0 0.561032 0.810621 0.0104718 0.0105301
0 0.673936 0.730516 0.00821334 0.00848424
0 0.696133 0.618464 0.0139948 0.0121229
0 0.766952 0.809402 0.0108042 0.0139292
0 0.668629 0.868204 0.00834298 0.00794792
0 0.579493 0.960538 0.00641441 0.0071274
0 0.708324 0.835602 0.0130784 0.0100268
0 0.276419 0.920698 0.0112412 0.0117954
0 0.75482 0.82727 0.00763607 0.00833929
0 0.61779 0.559268 0.00868988 0.00850898
0 0.593379 0.966618 0.0094862 0.0109096
0 0.52215 0.855071 0.0100743 0.00951767
0 0.581859 0.844141 0.0134897 0.0127201
0 0.793518 0.774527 0.00897264 0.00956035
0 0.939806 0.996578 0.011628 0.00656873
0 0.586878 0.980819 0.00857091 0.00789046
0 0.980697 0.87148 0.0105996 0.00872439
