0 0.597373 0.749581 0.0132309 0.0124566
0 0.960185 0.118145 0.0112219 0.0115287
0 0.958988 0.768352 0.0127531 0.012584
0 0.624094 0.861805 0.0142614 0.0133665
0 0.65336 0.909146 0.0128036 0.0122387
0 0.496144 0.959785 0.0104532 0.00937152
0 0.951319 0.135665 0.0126522 0.0121405
0 0.916843 0.110061 0.0125774 0.0131853
0 0.761054 0.899272 0.0123833 0.0138577
0 0.648847 0.832175 0.0137302 0.0133796
0 0.642742 0.896967 0.0122197 0.0123711
0 0.111216 0.849285 0.0142416 0.013377
0 0.93713 0.0806578 0.0138798 0.0123487
0 0.434366 0.952941 0.0129912 0.0130493
0 0.90437 0.127835 0.0118381 0.0121265
0 0.776702 0.942445 0.0111483 0.0103096
0 0.921934 0.0657573 0.0129132 0.0131374
0 0.97818 0.119316 0.012779 0.0125587
0 0.437986 0.918023 0.0158865 0.0143646
0 0.959618 0.611692 0.0123535 0.0128521
0 0.693268 0.924439 0.0131602 0.0121643
0 0.748512 0.918153 0.0123028 0.0135944
0 0.548492 0.361666 0.0132877 0.0121644
0 0.955878 0.153163 0.0122644 0.0124177
0 0.809791 0.247457 0.0118254 0.0109843
0 0.153231 0.138375 0.0140066 0.0145328
0 0.170557 0.306823 0.0133448 0.0134224
0 0.896494 0.227207 0.0123574 0.0125494
0 0.446054 0.859535 0.0155676 0.0139225
0 0.913559 0.216338 0.0132387 0.0122474
0 0.902411 0.143781 0.0120974 0.0118691
0 0.867687 0.32166 0.0134472 0.0126805
0 0.480933 0.962672 0.00988713 0.0106251
0 0.684725 0.871581 0.0136521 0.012566
0 0.848619 0.245236 0.011401 0.0114391
0 0.762114 0.952064 0.0112165 0.010735
0 0.962575 0.103662 0.0113264 0.0112762
0 0.672671 0.797141 0.0144358 0.0115561
0 0.102601 0.353634 0.0111203 0.0101285
0 0.516235 0.570686 0.0159316 0.0145844
0 0.211246 0.863949 0.0128566 0.0132389
0 0.945546 0.783769 0.0118946 0.0123532
0 0.102736 0.109238 0.0137581 0.0134584
0 0.836798 0.629074 0.0201668 0.0194255
0 0.790277 0.254322 0.0113201 0.0113411
0 0.79224 0.68754 0.0119959 0.0115603
0 0.291985 0.928805 0.0119613 0.0104511
0 0.828116 0.317278 0.0119518 0.0110198
0 0.2013 0.513447 0.0169685 0.0196953
0 0.967225 0.045329 0.0128693 0.0119354
0 0.0146406 0.911923 0.0136301 0.0143711
0 0.0517261 0.531192 0.0152313 0.0136595
0 0.216497 0.955131 0.0115949 0.0106407
0 0.63648 0.74654 0.0142375 0.0121313
0 0.458594 0.963285 0.0136797 0.0133063
0 0.858966 0.281965 0.0118137 0.0126175
0 0.863693 0.302271 0.0114029 0.0117091
0 0.985694 0.0390464 0.0122089 0.0104783
0 0.656585 0.972058 0.0129579 0.0114479
0 0.597296 0.271497 0.0119587 0.0121584
0 0.873062 0.763606 0.0124916 0.0140556
0 0.225842 0.0767158 0.0151937 0.0116502
0 0.984687 0.256193 0.014201 0.0144104
0 0.606988 0.704805 0.0139203 0.0110801
0 0.495619 0.940616 0.00960216 0.00983161
0 0.805942 0.264587 0.0104113 0.0111488
0 0.034394 0.438465 0.0141513 0.0126999
0 0.506441 0.94736 0.0106279 0.0105346
0 0.65466 0.735796 0.0108085 0.0102072
0 0.984937 0.451899 0.0127758 0.0125612
0 0.0647642 0.947354 0.0127971 0.0117595
0 0.143934 0.294163 0.0139826 0.0111991
0 0.153942 0.0751246 0.012942 0.012094
0 0.313555 0.824993 0.0134124 0.0109245
0 0.808703 0.953456 0.0126883 0.0131079
0 0.366832 0.00884362 0.0104683 0.0114284
0 0.536946 0.774152 0.0173572 0.0129147
0 0.476744 0.934411 0.00855276 0.0104837
0 0.237378 0.966423 0.00925069 0.00991559
0 0.161665 0.183414 0.0141277 0.015849
0 0.270745 0.928311 0.0147616 0.013361
0 0.621447 0.79911 0.010905 0.0101709
0 0.511751 0.957126 0.00934559 0.00901169
0 0.786219 0.9113 0.00993687 0.00956649
0 0.670353 0.958034 0.01107 0.0116162
0 0.0779243 0.786884 0.0132611 0.0131453
0 0.503508 0.786457 0.0134481 0.0109543
0 0.483361 0.881212 0.0138935 0.0123014
0 0.811733 0.611079 0.013481 0.0134218
0 0.467415 0.924127 0.00977156 0.0104275
0 0.709592 0.910691 0.015611 0.0140451
0 0.787994 0.283238 0.013308 0.0129485
0 0.9133 0.55214 0.0145507 0.0135667
0 0.939591 0.46556 0.0109427 0.0112398
0 0.00598114 0.978125 0.0105882 0.0126736
0 0.00570184 0.931794 0.0114037 0.013641
0 0.907211 0.25973 0.0111666 0.0110046
0 0.466793 0.890609 0.0125198 0.0119137
0 0.829457 0.280079 0.0120575 0.0101952
0 0.035852 0.883801 0.0110646 0.0107712
0 0.21808 0.0915728 0.0100546 0.00871846
0 0.29076 0.977681 0.0124254 0.0121288
0 0.776109 0.991864 0.0106604 0.0089466
0 0.455826 0.790155 0.0131947 0.0123064
0 0.770798 0.777751 0.0111141 0.00989866
0 0.175714 0.086726 0.012838 0.0135938
0 0.624334 0.912865 0.00976819 0.0085209
0 0.656967 0.98719 0.014229 0.0105194
0 0.292205 0.929456 0.0141146 0.0134632
0 0.7971 0.882481 0.0103555 0.00873905
0 0.0799552 0.787773 0.0175438 0.0150133
0 0.644185 0.930641 0.00895345 0.00871527
