0 0.975035 0.830184 0.0116995 0.0114982
0 0.68377 0.916656 0.0126321 0.0156334
0 0.982077 0.814294 0.0147913 0.0154305
0 0.578987 0.0415681 0.0182179 0.0150538
0 0.732549 0.929343 0.0123826 0.0148354
0 0.872826 0.771143 0.0170709 0.0158248
0 0.557594 0.0564606 0.0183535 0.019247
0 0.241823 0.820324 0.00918169 0.0111847
0 0.980601 0.248215 0.0131092 0.0142548
0 0.881639 0.751451 0.0153072 0.0131546
0 0.994239 0.288358 0.0115219 0.012677
0 0.934892 0.866753 0.0219692 0.0176279
0 0.948804 0.639968 0.0118362 0.0108202
0 0.842723 0.146232 0.0137054 0.0185667
0 0.419373 0.985418 0.0170048 0.0137509
0 0.995251 0.825736 0.00949764 0.0126255
0 0.776206 0.846311 0.0133144 0.0143551
0 0.32326 0.224933 0.0140302 0.0132578
0 0.944733 0.602963 0.0142862 0.0144577
0 0.767771 0.238405 0.014579 0.014109
0 0.925941 0.619354 0.0101498 0.0127484
0 0.767443 0.278222 0.0136711 0.0134646
0 0.576187 0.32978 0.0108907 0.0129756
0 0.369308 0.255806 0.0205382 0.01367
0 0.953969 0.848411 0.0121452 0.0149902
0 0.418318 0.620739 0.0205146 0.0170394
0 0.700106 0.852171 0.0161892 0.0170444
0 0.264421 0.895509 0.0148 0.0124825
0 0.938225 0.786969 0.0157171 0.0147105
0 0.588697 0.0243745 0.0123425 0.011513
0 0.519713 0.0808097 0.020367 0.0197824
0 0.791477 0.71049 0.0152798 0.0181414
0 0.5364 0.179654 0.0135295 0.016297
0 0.917752 0.600036 0.0178417 0.0148061
0 0.384807 0.990878 0.0178065 0.0146042
0 0.961781 0.720064 0.00843281 0.00879806
0 0.593477 0.0115278 0.0159253 0.0152698
0 0.663273 0.278395 0.0146204 0.0146835
0 0.516399 0.471018 0.0195951 0.0160797
0 0.614967 0.0540296 0.0223479 0.017888
0 0.767038 0.237984 0.0171271 0.0174325
0 0.941074 0.673909 0.0176556 0.0161901
0 0.913213 0.645669 0.0234306 0.0222192
0 0.247517 0.892446 0.00876789 0.0110823
0 0.506797 0.539119 0.0155617 0.0118362
0 0.584054 0.176326 0.0113217 0.0164493
0 0.586028 0.176667 0.0171434 0.0195746
0 0.952509 0.768884 0.0215683 0.0201616
0 0.948625 0.639835 0.0144325 0.0144737
0 0.367427 0.402491 0.0115166 0.0132364
0 0.791971 0.710855 0.0177714 0.0229608
0 0.915856 0.648353 0.0176451 0.0170685
0 0.663008 0.27766 0.018725 0.0202022
0 0.884818 0.179449 0.0117524 0.00884433
0 0.699086 0.852677 0.0203758 0.0209601
0 0.952736 0.83321 0.0106896 0.00997502
0 0.940303 0.917912 0.0114002 0.0107681
0 0.709326 0.921046 0.0148056 0.0127756
0 0.957389 0.665214 0.0144707 0.0139906
0 0.886294 0.179501 0.0146008 0.0105982
0 0.601087 0.205566 0.0222872 0.0197589
0 0.322821 0.22462 0.0169427 0.0162336
0 0.754369 0.815285 0.0154497 0.0121346
0 0.596943 0.172751 0.00960475 0.0146493
0 0.33092 0.418111 0.0215518 0.0194033
0 0.996087 0.195179 0.00766224 0.0204358
0 0.899234 0.156758 0.00847054 0.0103274
0 0.981001 0.717057 0.0129761 0.0144464
