0 0.5936 0.982804 0.0153401 0.0128696
0 0.430104 0.140474 0.0215691 0.016431
0 0.554174 0.402971 0.0202937 0.0149008
0 0.0301944 0.0547586 0.0182836 0.0127415
0 0.659344 0.835202 0.0164267 0.0116718
0 0.592287 0.962487 0.018428 0.0143265
0 0.230976 0.542509 0.0180677 0.0141883
0 0.425493 0.786273 0.0176662 0.012134
0 0.0165929 0.00375257 0.0216568 0.00685584
0 0.213981 0.68319 0.0193635 0.0143013
0 0.0207843 0.992425 0.00954894 0.0119446
0 0.6602 0.835629 0.0210077 0.0133381
0 0.543363 0.831299 0.0202554 0.0126068
0 0.019449 0.915916 0.00804936 0.00821567
