0 0.371056 0.777345 0.0110097 0.0112158
0 0.682413 0.983544 0.0242293 0.0176007
0 0.834671 0.80523 0.0254795 0.0144292
0 0.156315 0.861787 0.0103611 0.0158592
0 0.73912 0.787018 0.0164141 0.0127875
0 0.877769 0.977766 0.0170426 0.0193253
0 0.727288 0.263483 0.0150147 0.0145908
0 0.706892 0.860082 0.0131255 0.0123594
0 0.140161 0.507254 0.0118136 0.00876969
0 0.85137 0.958902 0.022681 0.0231583
0 0.83999 0.985835 0.014921 0.0188732
0 0.015956 0.420139 0.0200388 0.0136213
0 0.747542 0.974788 0.00888878 0.0112736
0 0.731229 0.995295 0.0105231 0.00829887
0 0.994886 0.606241 0.0102286 0.0112535
0 0.732772 0.932873 0.00852126 0.00901258
0 0.31282 0.635377 0.0121171 0.0122315
0 0.960487 0.517712 0.0188614 0.0178002
0 0.93716 0.220738 0.0127844 0.013625
0 0.691124 0.862053 0.00889331 0.00874251
0 0.135587 0.520222 0.0087295 0.00915945
0 0.800657 0.750036 0.0219113 0.0166662
0 0.0305598 0.60544 0.0101574 0.0104632
0 0.00294588 0.570255 0.00589177 0.00731409
0 0.281087 0.70042 0.0108856 0.012882
0 0.105039 0.140898 0.0103892 0.0147183
0 0.685888 0.98267 0.0186836 0.0155073
0 0.00857809 0.126938 0.0170252 0.0135917
0 0.990571 0.36948 0.010236 0.011463
0 0.141082 0.507297 0.00835542 0.00784039
0 0.594494 0.84635 0.0222526 0.0175461
0 0.928304 0.966535 0.00537187 0.00578082
0 0.95448 0.425386 0.0104067 0.0126476
0 0.785264 0.920734 0.00854993 0.0148625
0 0.123712 0.516669 0.00682967 0.00851446
