0 0.694969 0.501884 0.0125637 0.0106317
0 0.666618 0.369698 0.00937873 0.0114018
0 0.65541 0.432645 0.00969136 0.0107419
0 0.711573 0.451729 0.00868016 0.00983047
0 0.63439 0.49011 0.00916117 0.00957185
0 0.739927 0.526233 0.00930709 0.0104109
0 0.86582 0.647525 0.00922161 0.0107441
0 0.651501 0.513837 0.00750583 0.00873607
0 0.233835 0.513437 0.0106121 0.0109295
0 0.713522 0.474429 0.00967884 0.00918302
0 0.247029 0.519987 0.0110899 0.011215
0 0.849967 0.432614 0.0094732 0.0113169
0 0.653076 0.361932 0.00937122 0.00850698
0 0.667164 0.442106 0.0101681 0.0109688
0 0.72568 0.438884 0.00866979 0.0102361
0 0.5021 0.228171 0.00961551 0.00928916
0 0.663513 0.390278 0.00949556 0.0105535
0 0.74785 0.426765 0.00950682 0.00944358
0 0.654107 0.528255 0.0083946 0.00920379
0 0.204266 0.266055 0.00807706 0.00786054
0 0.319687 0.870001 0.00908995 0.00968784
0 0.506763 0.28296 0.00830078 0.00923353
0 0.592927 0.301785 0.00867271 0.00993839
0 0.4712 0.92905 0.00908825 0.00911826
0 0.503694 0.217698 0.00944865 0.00811529
0 0.299182 0.155686 0.0104806 0.0112472
0 0.539603 0.315364 0.00794888 0.00797749
0 0.387546 0.894318 0.0137678 0.0135658
0 0.328488 0.797943 0.00771782 0.00878447
0 0.454175 0.619296 0.0105792 0.0113027
0 0.445505 0.968727 0.0113795 0.0105282
0 0.89277 0.917627 0.0105621 0.0106447
0 0.216528 0.64727 0.00888118 0.00920504
0 0.670392 0.501353 0.00881737 0.00927573
0 0.633298 0.260195 0.00693452 0.00799322
0 0.592716 0.15509 0.00705868 0.00753672
0 0.836691 0.413337 0.00995368 0.0102793
0 0.835009 0.445035 0.00923347 0.00998592
0 0.337113 0.586404 0.0101674 0.0102643
0 0.492125 0.920729 0.00827426 0.0086208
0 0.732718 0.495115 0.00839424 0.00946456
0 0.628335 0.984631 0.00728726 0.00856781
0 0.601336 0.237756 0.00838125 0.00954303
0 0.605114 0.20264 0.0086112 0.0078114
0 0.647867 0.275296 0.00904846 0.00971249
0 0.407664 0.875416 0.0114433 0.01138
0 0.575644 0.294802 0.00859225 0.00899372
0 0.738367 0.542336 0.00817108 0.00924939
0 0.617322 0.344643 0.00985414 0.0107821
0 0.541847 0.30463 0.00748748 0.00744563
0 0.692027 0.361177 0.00870752 0.00840265
0 0.978055 0.646526 0.0109375 0.0131237
0 0.348306 0.767951 0.00916633 0.0102381
0 0.468366 0.889187 0.0104322 0.0114551
0 0.602205 0.410586 0.00843722 0.0111128
0 0.397913 0.932518 0.00915384 0.0104851
0 0.337466 0.252106 0.00907651 0.0102668
0 0.441687 0.201469 0.00916013 0.00961947
0 0.492243 0.894465 0.00945815 0.00960064
0 0.804361 0.471865 0.00758326 0.00853708
0 0.691978 0.276856 0.0127785 0.00951067
0 0.441037 0.602547 0.00906619 0.00836021
0 0.862645 0.775781 0.0127266 0.012911
0 0.461641 0.737059 0.00970086 0.00989461
0 0.80198 0.464193 0.00793362 0.00924605
0 0.261826 0.865736 0.00989467 0.0102089
0 0.364947 0.60686 0.0102619 0.0106173
0 0.624923 0.505958 0.00854552 0.0089432
0 0.486077 0.94718 0.0072256 0.0071184
0 0.31723 0.230177 0.0105753 0.0112471
0 0.753736 0.491685 0.0116938 0.0114059
0 0.59328 0.216756 0.00984818 0.00902304
0 0.351682 0.640853 0.00832939 0.00962889
0 0.475417 0.942412 0.00760517 0.00864261
0 0.357065 0.542338 0.00904477 0.008968
0 0.696451 0.558863 0.00933683 0.0104971
0 0.564486 0.379486 0.00835419 0.00873116
0 0.645998 0.3461 0.00814533 0.00967646
0 0.853311 0.417742 0.00868398 0.00977018
0 0.453862 0.188977 0.00748482 0.00973843
0 0.802284 0.410404 0.00839287 0.0104094
0 0.646143 0.179961 0.0081383 0.00732304
0 0.354508 0.0328885 0.00657269 0.00675177
0 0.638163 0.326752 0.00874275 0.00893241
0 0.61049 0.986041 0.00731105 0.00741464
0 0.299996 0.607967 0.00842831 0.0104735
0 0.339534 0.808461 0.0118176 0.0117605
0 0.307577 0.624028 0.0105636 0.00954676
0 0.0329183 0.710925 0.00740436 0.00766122
0 0.849253 0.484045 0.00845701 0.0105789
0 0.485225 0.280206 0.00948772 0.00888234
0 0.481401 0.899875 0.0100874 0.0104736
0 0.373255 0.595503 0.00993079 0.00954628
0 0.331706 0.703577 0.00876656 0.00903189
0 0.692256 0.25296 0.00694674 0.00683975
0 0.447241 0.0212751 0.00755271 0.00815373
0 0.275624 0.132953 0.00668314 0.00800306
0 0.295444 0.132499 0.00890532 0.00954203
0 0.568114 0.402331 0.00858438 0.0108227
0 0.834569 0.482758 0.0118328 0.0112009
0 0.40383 0.263547 0.00808007 0.00872913
0 0.18537 0.336538 0.00917196 0.00812721
0 0.850987 0.648152 0.00939411 0.00848001
0 0.224972 0.446002 0.0130734 0.0137859
0 0.789821 0.397015 0.00872386 0.00893232
0 0.195228 0.341803 0.0075244 0.00806025
0 0.676195 0.190434 0.00666255 0.00707865
0 0.698488 0.483069 0.00704747 0.00755748
0 0.654692 0.374445 0.00728947 0.00774577
0 0.239233 0.314678 0.00756025 0.00663429
0 0.259361 0.0971405 0.00819939 0.00914228
0 0.123014 0.70795 0.00914826 0.0104841
0 0.876244 0.925345 0.0105915 0.0115171
0 0.551522 0.299323 0.00702345 0.00755903
0 0.183585 0.433626 0.0107463 0.0115314
0 0.784367 0.501929 0.00920421 0.0112223
0 0.267926 0.141033 0.00763351 0.00807104
0 0.384947 0.91384 0.00814441 0.00979382
0 0.633871 0.273929 0.00632036 0.00694451
0 0.37533 0.530002 0.0082351 0.00986707
0 0.623037 0.538172 0.00860196 0.00956219
0 0.0665165 0.297077 0.0116737 0.00996548
0 0.814309 0.373072 0.0143846 0.0099923
0 0.313374 0.296488 0.0076322 0.00717294
0 0.569849 0.958594 0.0100785 0.00886673
0 0.0894576 0.422835 0.007866 0.00773135
0 0.892419 0.640046 0.00840759 0.0106772
0 0.0757236 0.276251 0.00716303 0.00890326
0 0.352992 0.204061 0.0104946 0.00986505
0 0.519664 0.30517 0.00769669 0.00793839
0 0.415808 0.254557 0.0126761 0.00900581
0 0.344903 0.509812 0.0100362 0.0100238
0 0.790202 0.472488 0.00989377 0.0111634
0 0.196786 0.946042 0.00782028 0.0081898
0 0.447213 0.593478 0.00747547 0.00753498
0 0.598541 0.506591 0.00763243 0.00820661
0 0.369459 0.295051 0.00718889 0.00768805
0 0.364374 0.199491 0.00736588 0.0084189
0 0.172861 0.288947 0.0070302 0.00789395
0 0.387347 0.540268 0.00990897 0.00952214
0 0.575089 0.204499 0.0110508 0.0102235
0 0.279601 0.256681 0.00942898 0.00946391
0 0.542292 0.280105 0.00654626 0.00706783
0 0.449551 0.940553 0.00733796 0.00804937
0 0.697748 0.543056 0.00879675 0.00922924
0 0.255483 0.147313 0.00793371 0.00712764
0 0.450796 0.212874 0.00742072 0.00902046
0 0.625986 0.267381 0.00679761 0.00694785
0 0.413667 0.27152 0.010957 0.0103442
0 0.192206 0.28468 0.00962634 0.00869036
0 0.0583182 0.460378 0.00826685 0.00815952
0 0.477904 0.235256 0.011272 0.0101733
0 0.39268 0.020966 0.00838262 0.00956396
0 0.49441 0.238176 0.00805694 0.00812054
0 0.43299 0.738567 0.00895479 0.0087353
0 0.394926 0.511873 0.00901642 0.00909084
0 0.399493 0.539116 0.0102797 0.0104908
0 0.232976 0.304716 0.0074205 0.00712967
0 0.840734 0.693014 0.00802743 0.00889313
0 0.43158 0.492635 0.00889739 0.00950181
0 0.693925 0.240773 0.00828511 0.00841264
0 0.197145 0.275398 0.00923385 0.00813842
0 0.448336 0.737458 0.00939 0.0101207
0 0.378502 0.260668 0.00762829 0.00977659
0 0.232905 0.288033 0.00683865 0.00740251
0 0.857674 0.676644 0.0100212 0.00977629
0 0.573969 0.382963 0.00648594 0.00734878
0 0.631353 0.303611 0.00860155 0.00887874
0 0.111008 0.715855 0.00973835 0.00911981
0 0.605927 0.532989 0.00828475 0.00839919
0 0.638347 0.42904 0.0104933 0.0113899
0 0.57371 0.166109 0.0105047 0.01043
0 0.846608 0.89406 0.0089922 0.00960141
0 0.597107 0.989511 0.00844026 0.00945723
0 0.35299 0.520802 0.00851581 0.012141
0 0.121928 0.383599 0.0093611 0.0102594
0 0.347421 0.0243647 0.00951728 0.00861401
0 0.392193 0.255577 0.00840589 0.00791937
0 0.449269 0.0446209 0.00849876 0.00935974
0 0.46598 0.196747 0.00768098 0.0105284
0 0.658258 0.475755 0.00709242 0.00772142
0 0.267374 0.0582157 0.0076673 0.00782325
0 0.330574 0.229256 0.00903979 0.00759602
0 0.861521 0.662961 0.0103081 0.00978899
0 0.481037 0.0926207 0.00568438 0.00582764
0 0.399236 0.499445 0.00916266 0.00870773
0 0.235629 0.221005 0.00704326 0.00783099
0 0.0208362 0.707064 0.0116452 0.00874668
0 0.199045 0.532378 0.00974198 0.0108641
0 0.481731 0.211997 0.0118232 0.0137721
0 0.424789 0.857697 0.00755721 0.00855392
0 0.386323 0.575889 0.00889492 0.00796688
0 0.825991 0.456922 0.00711173 0.00966376
0 0.282265 0.268126 0.00919318 0.00836009
0 0.585277 0.144324 0.00799471 0.0078567
0 0.903532 0.93074 0.00912988 0.010199
0 0.83204 0.500063 0.00923389 0.010873
0 0.224452 0.223585 0.00798273 0.00898571
0 0.427904 0.58762 0.00734863 0.00854343
0 0.337996 0.184787 0.00914603 0.0129586
0 0.46978 0.260276 0.00660983 0.00674579
0 0.615182 0.939419 0.00921077 0.00960296
0 0.701763 0.0277149 0.00716972 0.00738755
0 0.754708 0.494185 0.0121616 0.0158955
0 0.827842 0.465401 0.00703543 0.0078226
0 0.58362 0.166318 0.00771928 0.00824112
0 0.271235 0.0953697 0.0066354 0.00779802
0 0.380034 0.30036 0.00804701 0.00795579
0 0.444757 0.73082 0.00932455 0.00853318
0 0.743253 0.498585 0.00717223 0.00842211
0 0.124516 0.307682 0.00725245 0.00807086
0 0.547713 0.91942 0.00812429 0.00910419
0 0.800277 0.371348 0.0084427 0.00873509
0 0.170926 0.432666 0.00787711 0.00902709
0 0.396772 0.586632 0.00839025 0.0075779
0 0.3634 0.523934 0.00770491 0.00771618
0 0.573073 0.149363 0.0081293 0.00754261
0 0.0552472 0.290142 0.00900297 0.0095098
0 0.276469 0.581391 0.0102348 0.0101092
0 0.771869 0.867782 0.00977755 0.0105451
0 0.395127 0.86013 0.0124364 0.012207
0 0.908689 0.996228 0.00941545 0.00754416
0 0.506971 0.282851 0.00730729 0.00734013
0 0.288343 0.117475 0.00616273 0.00624661
0 0.32542 0.213891 0.00778815 0.00926638
0 0.614587 0.409122 0.00729036 0.0109152
0 0.965124 0.996818 0.00850296 0.00636405
0 0.836507 0.469301 0.0086937 0.00834924
0 0.953306 0.762296 0.00774443 0.00943929
0 0.834213 0.48321 0.00946468 0.00925636
0 0.0126946 0.715937 0.00816592 0.00826335
0 0.267104 0.542215 0.00704679 0.00749278
0 0.446581 0.734156 0.0113684 0.0133215
0 0.624951 0.49288 0.00781363 0.00859633
0 0.312396 0.241708 0.00884619 0.00692053
0 0.683752 0.514212 0.00788784 0.00940531
0 0.653044 0.30821 0.00940311 0.00995436
0 0.095528 0.430442 0.00622892 0.00683555
0 0.361819 0.648201 0.00810283 0.00825334
0 0.05953 0.473582 0.0105046 0.00937042
0 0.314078 0.30545 0.010531 0.00845417
0 0.301322 0.278687 0.00776362 0.0063242
0 0.651961 0.29389 0.00862056 0.00826856
0 0.566231 0.28164 0.0114384 0.00942582
0 0.286747 0.872185 0.00868103 0.00888842
0 0.0270956 0.330737 0.00874574 0.0107931
0 0.432209 0.974161 0.0068534 0.00807709
0 0.276042 0.535468 0.00810555 0.00785333
0 0.346842 0.175635 0.0094353 0.0083207
0 0.308442 0.272676 0.00593054 0.00648445
0 0.334018 0.264218 0.00628918 0.00680867
0 0.290874 0.852751 0.0100368 0.0119579
0 0.909552 0.658234 0.00721586 0.00786114
0 0.707736 0.511311 0.00884306 0.00806713
0 0.237069 0.278433 0.00719881 0.00731418
0 0.870778 0.457493 0.00748271 0.00850943
0 0.153571 0.430962 0.00870603 0.00870076
0 0.514097 0.23816 0.00803554 0.00891829
0 0.390383 0.560299 0.0103387 0.0114202
0 0.567075 0.281432 0.0084393 0.00740939
0 0.314666 0.317035 0.00832158 0.00650227
0 0.313281 0.306701 0.0118586 0.00840837
0 0.319313 0.0789448 0.00755966 0.00832812
0 0.350628 0.097941 0.00937882 0.012708
0 0.690863 0.522942 0.0115846 0.0130572
0 0.284555 0.883299 0.00984496 0.00963956
0 0.0583978 0.411419 0.00611663 0.00708199
0 0.364963 0.570103 0.00939798 0.00915962
0 0.757246 0.857489 0.0113422 0.0130493
0 0.334441 0.500945 0.0108815 0.00990823
0 0.395141 0.511784 0.01145 0.0103031
0 0.0214982 0.314752 0.0104508 0.0124227
0 0.57925 0.422192 0.00985605 0.0106792
0 0.358615 0.0642332 0.00668642 0.00711148
0 0.493653 0.930618 0.00604647 0.00598186
0 0.230685 0.0645557 0.00919734 0.0115425
0 0.393096 0.240995 0.00932476 0.0110023
0 0.196036 0.995303 0.011714 0.0093931
0 0.56439 0.980659 0.00628489 0.00683022
0 0.4917 0.292526 0.00763109 0.00870389
0 0.593939 0.167457 0.0073694 0.0078405
0 0.394443 0.298043 0.00771335 0.00752649
0 0.646488 0.344612 0.00982797 0.00960636
0 0.504953 0.335658 0.00889128 0.0101633
0 0.393717 0.239045 0.00964212 0.0115861
0 0.621193 0.923948 0.0108194 0.00979096
0 0.419603 0.968347 0.00981447 0.00968665
0 0.213407 0.177356 0.00755496 0.00884843
0 0.36517 0.261433 0.00771695 0.0084703
0 0.877807 0.443288 0.0108288 0.0105734
0 0.386582 0.224801 0.00699297 0.00726604
0 0.413501 0.704504 0.00884646 0.0091961
0 0.411386 0.575248 0.0126243 0.0104738
0 0.82638 0.75429 0.00705838 0.00761104
0 0.391087 0.303186 0.00949508 0.0104567
0 0.157853 0.367905 0.00898853 0.00847188
0 0.893117 0.931225 0.00853616 0.00843585
0 0.212849 0.508292 0.0150248 0.0140255
0 0.438243 0.868569 0.00806561 0.0098843
0 0.23121 0.17626 0.00871153 0.010252
