0 0.321977 0.903973 0.00765082 0.00825119
0 0.160925 0.773158 0.00788927 0.00857878
0 0.10831 0.673949 0.00872547 0.00841379
0 0.0899528 0.690579 0.00783956 0.00843805
0 0.204124 0.802359 0.00887638 0.00914079
0 0.114501 0.577783 0.0120481 0.0100365
0 0.0958353 0.680643 0.00933614 0.0092634
0 0.499104 0.648916 0.00887489 0.00950998
0 0.119035 0.792698 0.00918629 0.00859892
0 0.387535 0.976269 0.0105087 0.0105549
0 0.0999422 0.706272 0.00840329 0.00896692
0 0.140444 0.666013 0.0070252 0.00692612
0 0.103847 0.739208 0.00783724 0.0086264
0 0.0563536 0.76705 0.00647695 0.00627565
0 0.203999 0.739914 0.00799422 0.00911772
0 0.110864 0.704782 0.00718299 0.00878048
0 0.495995 0.623428 0.00915468 0.0109002
0 0.319751 0.9154 0.00715527 0.00768799
0 0.0670482 0.610533 0.00713476 0.0076676
0 0.142856 0.674044 0.00727803 0.00781578
0 0.0930924 0.781569 0.00602634 0.00608617
0 0.188258 0.628592 0.00802089 0.00817084
0 0.215182 0.650697 0.00934325 0.00999504
0 0.0349444 0.700344 0.00671303 0.00841272
0 0.0280645 0.760546 0.00686562 0.00710702
0 0.056099 0.76719 0.00741644 0.0078581
0 0.0192374 0.827198 0.00803033 0.00838298
0 0.488597 0.678595 0.00786591 0.0090065
0 0.211662 0.850303 0.00991097 0.0117412
0 0.236466 0.935334 0.00716515 0.00825733
0 0.327134 0.936567 0.00819987 0.0083859
0 0.267534 0.930736 0.00623983 0.00634402
0 0.273795 0.945935 0.0071561 0.00685728
0 0.289175 0.951998 0.00805196 0.00809705
0 0.469257 0.728995 0.00846273 0.00927049
0 0.462963 0.684962 0.0079011 0.00882304
0 0.403401 0.966246 0.0080393 0.00807261
0 0.559038 0.665358 0.0106471 0.0159398
0 0.0146835 0.764252 0.007081 0.0081144
0 0.267453 0.930846 0.00675645 0.00847477
0 0.00938262 0.78257 0.00790496 0.0088262
0 0.426102 0.787472 0.0100276 0.00927007
