0 0.72422 0.474315 0.0148174 0.0150032
0 0.788548 0.571473 0.0156269 0.0153288
0 0.756947 0.619834 0.0145568 0.0153392
0 0.0489108 0.696114 0.0165804 0.0152032
0 0.670285 0.0142792 0.0157856 0.0146932
0 0.120615 0.524282 0.0162826 0.0169162
0 0.55899 0.604395 0.0160449 0.0148678
0 0.161748 0.59867 0.0167701 0.0157965
0 0.1221 0.718214 0.0164068 0.015299
0 0.551239 0.672915 0.0155369 0.0153729
0 0.62309 0.263505 0.0158705 0.0158374
0 0.0419543 0.817064 0.0178251 0.0181484
0 0.093209 0.214823 0.0156589 0.0150069
0 0.933564 0.700845 0.01301 0.0149816
0 0.598328 0.72683 0.0121635 0.0107136
0 0.540358 0.718189 0.0137424 0.0151104
0 0.841967 0.678731 0.0133193 0.0138443
0 0.282165 0.61644 0.0236458 0.0170597
0 0.942397 0.40108 0.012557 0.0125408
0 0.990087 0.330092 0.011686 0.013079
0 0.273439 0.193216 0.0141881 0.0149065
0 0.6203 0.570148 0.0138486 0.0131469
0 0.0757574 0.104467 0.0190991 0.0153271
0 0.604786 0.626324 0.0117327 0.0116601
0 0.576028 0.645247 0.0141371 0.0131281
0 0.914856 0.650749 0.0140173 0.0154964
0 0.0558758 0.671491 0.0156982 0.0160146
0 0.0345668 0.662147 0.0167343 0.0215946
0 0.591874 0.795074 0.0156189 0.0148649
0 0.832344 0.625954 0.0133049 0.0134377
0 0.0291151 0.745433 0.0154647 0.0167478
0 0.627315 0.785542 0.0137779 0.0138791
0 0.914951 0.712101 0.014472 0.0118492
0 0.657081 0.503124 0.0138066 0.0130381
0 0.323831 0.731542 0.0221579 0.0281247
0 0.618787 0.726555 0.0178947 0.0201277
0 0.617772 0.726732 0.0138006 0.0182431
0 0.702149 0.00536261 0.0105667 0.00989382
0 0.571296 0.541703 0.0123873 0.012502
0 0.757036 0.532412 0.0143301 0.0141611
0 0.594251 0.632577 0.00894183 0.0108907
0 0.697887 0.722518 0.0156371 0.0144801
0 0.79874 0.669415 0.0120964 0.0115625
0 0.323956 0.731969 0.0167973 0.0238414
0 0.970353 0.710009 0.0148112 0.0159461
0 0.860371 0.667335 0.0115649 0.011602
0 0.613453 0.643562 0.0103987 0.00951481
0 0.671608 0.734016 0.0106567 0.0149107
0 0.57307 0.730785 0.0110257 0.00986415
0 0.298254 0.719842 0.0135661 0.0129496
0 0.811614 0.52963 0.0126692 0.00918305
0 0.789255 0.459514 0.0186989 0.0161659
0 0.561457 0.876226 0.0151638 0.0142751
0 0.832383 0.615737 0.0147241 0.0135388
0 0.184341 0.01212 0.0108484 0.010925
0 0.766989 0.472788 0.0150619 0.0135468
0 0.334282 0.111902 0.0138484 0.0132586
0 0.360632 0.687045 0.012331 0.0135734
0 0.623836 0.520591 0.0100383 0.00991744
0 0.0341533 0.664713 0.014785 0.0175818
0 0.0289284 0.747221 0.0132393 0.0141317
0 0.948955 0.691649 0.0103624 0.00973111
0 0.812169 0.530144 0.0154026 0.0114527
0 0.324032 0.734208 0.0134126 0.0191596
0 0.786988 0.606916 0.0127112 0.0133914
0 0.671244 0.734902 0.0140294 0.0178667
0 0.0425381 0.778473 0.0144181 0.0116112
0 0.616138 0.695675 0.0122837 0.0101381
0 0.915173 0.65056 0.0178154 0.0183849
0 0.647598 0.850669 0.0155759 0.0156482
0 0.603749 0.626241 0.0166694 0.0137697
