0 0.586743 0.812214 0.018182 0.0165626
0 0.569935 0.777908 0.0177517 0.0153701
0 0.459184 0.664895 0.0175179 0.0162261
0 0.506953 0.766201 0.0203762 0.0181074
0 0.303601 0.386457 0.0182637 0.0157335
0 0.902867 0.959119 0.0177101 0.014731
0 0.61894 0.770112 0.020826 0.0178654
0 0.649407 0.664648 0.0181111 0.0163755
0 0.199921 0.221977 0.0189324 0.0181119
0 0.917965 0.938002 0.0129621 0.0120401
0 0.557864 0.117565 0.0210266 0.0182547
0 0.0966801 0.549282 0.0158765 0.017572
0 0.511643 0.844179 0.0194992 0.0155813
0 0.0837821 0.303061 0.0163387 0.0164421
0 0.0800462 0.210833 0.0204989 0.0269065
0 0.0272684 0.259562 0.019658 0.0180414
0 0.510498 0.843868 0.0147411 0.0138378
0 0.63921 0.37243 0.0204565 0.0184377
0 0.351295 0.670053 0.0170609 0.0134829
0 0.292477 0.695732 0.0152129 0.0137366
0 0.411064 0.7192 0.0161012 0.0134405
0 0.642081 0.591784 0.021648 0.0182117
0 0.492101 0.814119 0.0136 0.0126955
0 0.493334 0.816176 0.0163933 0.0184761
0 0.440361 0.718348 0.017189 0.0144442
0 0.0725511 0.327298 0.0162003 0.0160639
0 0.548937 0.803135 0.01717 0.00968689
0 0.911848 0.814987 0.0166066 0.0152987
0 0.923306 0.79149 0.0147899 0.0170494
0 0.514156 0.844632 0.0250153 0.0176548
0 0.18918 0.0131532 0.0169746 0.0160308
0 0.143648 0.0344547 0.017794 0.0156456
0 0.23066 0.64933 0.0166466 0.0161389
0 0.496786 0.825508 0.0100275 0.0089975
0 0.918947 0.938854 0.0167596 0.0150272
0 0.217547 0.775451 0.0141996 0.0132058
0 0.244549 0.676329 0.0156941 0.0168421
0 0.073417 0.329817 0.014791 0.0126159
0 0.219072 0.776046 0.0189722 0.0143671
0 0.705018 0.805935 0.0217544 0.018132
0 0.0968231 0.98248 0.0120479 0.0119041
0 0.496023 0.823863 0.0116417 0.0105882
