0 0.986136 0.760916 0.00900424 0.00987244
0 0.91637 0.700465 0.0101225 0.0128094
0 0.920744 0.723016 0.00924551 0.00967866
0 0.787954 0.789438 0.0093509 0.0102618
0 0.898159 0.704905 0.00835305 0.00903642
0 0.983861 0.60805 0.00742418 0.00825787
0 0.945486 0.795284 0.0097847 0.0100741
0 0.897706 0.439408 0.00795573 0.0094018
0 0.878628 0.642735 0.00967735 0.0104587
0 0.929893 0.732715 0.00897944 0.0097208
0 0.94675 0.549564 0.00958598 0.0127872
0 0.927361 0.369927 0.00916934 0.0104253
0 0.890401 0.636645 0.00791126 0.00940549
0 0.911082 0.613373 0.0114712 0.0145602
0 0.871333 0.834543 0.00967371 0.0103722
0 0.827753 0.679075 0.00984764 0.0104384
0 0.907676 0.634731 0.00935364 0.00967294
0 0.980065 0.891164 0.00860059 0.00976503
0 0.9307 0.465897 0.0091446 0.00977439
0 0.983855 0.267852 0.00960886 0.0104794
0 0.821858 0.590985 0.00872666 0.00955784
0 0.938898 0.355127 0.00922817 0.0098013
0 0.860671 0.335819 0.00957608 0.00967255
0 0.802117 0.756642 0.00976127 0.00984573
0 0.942367 0.483884 0.00980872 0.00987235
0 0.977508 0.587287 0.00938147 0.00990772
0 0.937926 0.307394 0.00845659 0.0110291
0 0.947547 0.765169 0.00790673 0.0092749
0 0.908925 0.594086 0.0102951 0.0101561
0 0.808087 0.569307 0.0110475 0.0108288
0 0.85285 0.739687 0.010115 0.0103126
0 0.957993 0.560456 0.0114838 0.0100158
0 0.771419 0.79387 0.0102793 0.0102324
0 0.903749 0.401383 0.00688136 0.00817037
0 0.927666 0.297044 0.00958407 0.00941306
0 0.913633 0.414591 0.00677603 0.00686777
0 0.903813 0.188304 0.0103756 0.0110481
0 0.963288 0.229097 0.00954533 0.0093122
0 0.967612 0.770942 0.00911254 0.00965834
0 0.941254 0.167655 0.00793856 0.00888106
0 0.882062 0.611566 0.00846368 0.00958389
0 0.774318 0.744852 0.00962603 0.0097639
0 0.913704 0.404172 0.00749552 0.00764942
0 0.901492 0.420764 0.00850028 0.00907019
0 0.894037 0.600621 0.00948715 0.0101629
0 0.991091 0.427588 0.0080784 0.0100349
0 0.976507 0.120888 0.00992244 0.0114983
0 0.981306 0.555059 0.00987738 0.0105289
0 0.857849 0.445774 0.00864083 0.0089556
0 0.973124 0.623437 0.00822598 0.00788909
0 0.936928 0.32477 0.0080359 0.00873163
0 0.800167 0.708477 0.0110806 0.00965482
0 0.890177 0.728183 0.00954759 0.0091368
0 0.970182 0.611814 0.00999373 0.00950539
0 0.950155 0.9225 0.00896913 0.00868946
0 0.828513 0.74624 0.0108124 0.0122444
0 0.924336 0.600323 0.00896853 0.0109211
0 0.989919 0.139577 0.00965345 0.00990374
0 0.990896 0.451161 0.00824529 0.0101952
0 0.995296 0.281621 0.00940877 0.0096634
0 0.879968 0.450228 0.00833279 0.0109131
0 0.815583 0.620673 0.0118824 0.0121765
0 0.886734 0.437753 0.00810319 0.00924179
0 0.991928 0.30466 0.00869143 0.00848463
0 0.869409 0.477817 0.0102828 0.0110275
0 0.981143 0.700187 0.0100099 0.0114818
0 0.913129 0.977568 0.00829446 0.00940609
0 0.826352 0.565125 0.00948447 0.00995523
0 0.946566 0.82321 0.00696754 0.0081535
0 0.925462 0.986763 0.00813144 0.00923711
0 0.951214 0.146636 0.00984132 0.0132906
0 0.875123 0.17344 0.0154791 0.0146328
0 0.849832 0.327356 0.00803506 0.00919008
0 0.968472 0.934446 0.00800669 0.00997925
0 0.964241 0.218125 0.00823939 0.00782147
0 0.895178 0.548491 0.00816041 0.00844479
0 0.897473 0.613203 0.00895649 0.0104359
0 0.970057 0.86101 0.0103617 0.0109105
0 0.953369 0.865076 0.00751418 0.00811648
0 0.791479 0.7765 0.00842643 0.00887352
0 0.966888 0.360611 0.00994682 0.00907201
0 0.818694 0.578537 0.00821954 0.00922126
0 0.990566 0.801686 0.0113308 0.0104103
0 0.996603 0.769913 0.00634539 0.00937212
0 0.974485 0.920665 0.00948203 0.00945854
0 0.880848 0.477568 0.00740284 0.0100216
0 0.812875 0.694178 0.00859696 0.00930995
0 0.989324 0.775323 0.00849766 0.00847733
0 0.956675 0.427905 0.00863683 0.0129231
0 0.974923 0.298945 0.00867045 0.00804928
0 0.917281 0.378368 0.00885314 0.0105452
0 0.766271 0.753058 0.00742209 0.00955504
0 0.971662 0.861285 0.0142008 0.012949
0 0.954133 0.888138 0.00617671 0.00776714
0 0.90417 0.331078 0.00958443 0.0102427
0 0.761251 0.737629 0.00867563 0.00858015
0 0.997422 0.61178 0.00515538 0.00935781
0 0.991459 0.837851 0.00949234 0.010672
0 0.94257 0.372013 0.00986332 0.011137
0 0.991508 0.316064 0.00681996 0.00739861
0 0.939266 0.993008 0.0109658 0.0104458
0 0.807419 0.587791 0.00845069 0.00935191
0 0.927302 0.384243 0.0101349 0.0093227
0 0.901655 0.976315 0.00776923 0.00876826
0 0.975657 0.86321 0.00836486 0.00930077
0 0.951117 0.593924 0.00896227 0.00932723
0 0.99356 0.66583 0.011941 0.0169861
0 0.997441 0.44149 0.0051176 0.00865594
0 0.923829 0.399002 0.00715292 0.00692043
0 0.995024 0.250283 0.00995123 0.00954196
0 0.972296 0.346015 0.016338 0.0123684
0 0.846121 0.772692 0.00945091 0.00969404
0 0.877833 0.680598 0.00680995 0.00761569
0 0.988491 0.801013 0.0137008 0.0106205
0 0.899951 0.343147 0.00881153 0.00864029
0 0.963759 0.218728 0.00982511 0.00948182
0 0.812691 0.777811 0.00834221 0.00972843
0 0.911921 0.353934 0.00935823 0.00951475
0 0.989841 0.402276 0.00693852 0.00883865
0 0.830223 0.706939 0.00774497 0.00931627
0 0.947374 0.994151 0.0115278 0.0110666
0 0.844234 0.59768 0.00867575 0.0101773
0 0.866461 0.648642 0.00807077 0.00896978
0 0.986118 0.713403 0.00991631 0.0096454
0 0.97443 0.287804 0.00980246 0.00832281
0 0.976897 0.923276 0.0113724 0.0106362
0 0.969734 0.288668 0.0101471 0.00905675
0 0.971668 0.288563 0.0126543 0.0089753
0 0.978302 0.924737 0.00934809 0.0103316
0 0.997702 0.418216 0.00459564 0.00760153
0 0.958159 0.126337 0.00940132 0.00990438
0 0.916654 0.330788 0.0077967 0.011104
0 0.963101 0.997602 0.008169 0.00479543
0 0.771842 0.609742 0.0074892 0.0100892
0 0.795164 0.583162 0.00848126 0.00867581
0 0.977467 0.811294 0.00624162 0.00694042
0 0.835966 0.980098 0.00807303 0.00920331
0 0.98492 0.608505 0.00876045 0.00922316
0 0.938821 0.355402 0.012152 0.0122841
0 0.726599 0.786008 0.0102989 0.0141403
0 0.754888 0.771804 0.00863028 0.00967503
0 0.964049 0.886907 0.00637078 0.00748003
