0 0.329402 0.81958 0.0204337 0.0200148
0 0.33986 0.707479 0.017312 0.0193676
0 0.326466 0.652882 0.0221701 0.0181754
0 0.30663 0.790008 0.0172636 0.0180283
0 0.0583868 0.892207 0.0150301 0.0153282
0 0.275257 0.770281 0.0128897 0.0148913
0 0.499565 0.672855 0.0148798 0.0163763
0 0.409425 0.643472 0.0218011 0.019792
0 0.398703 0.134454 0.0152585 0.0163109
0 0.277172 0.0261257 0.0113527 0.0132976
0 0.846539 0.670488 0.0190941 0.0190982
0 0.342813 0.578659 0.016143 0.0172033
0 0.320867 0.0390566 0.0136039 0.0169028
0 0.491469 0.644276 0.0204502 0.0174436
0 0.944427 0.217419 0.0197508 0.018195
0 0.95194 0.165336 0.0229107 0.0206456
0 0.975995 0.0354932 0.0174717 0.0175181
0 0.225082 0.857045 0.0142308 0.0154209
0 0.587985 0.488904 0.0153124 0.0184233
0 0.451864 0.037494 0.01674 0.0174422
0 0.830256 0.70261 0.0148045 0.0158926
0 0.6694 0.0456133 0.0189528 0.0150842
0 0.053741 0.792369 0.0200172 0.0192614
0 0.259352 0.849538 0.0148744 0.014489
0 0.241398 0.180889 0.0142972 0.0181406
0 0.89772 0.554603 0.0143467 0.0108178
0 0.485057 0.0833911 0.0189036 0.0172789
0 0.505334 0.467718 0.0190201 0.0198339
0 0.495788 0.0624268 0.0138053 0.0180087
0 0.00792093 0.867627 0.0158419 0.0136952
0 0.767694 0.368397 0.0131643 0.0148337
0 0.128365 0.24473 0.0169548 0.0180884
0 0.73227 0.406282 0.0155279 0.0184355
0 0.9383 0.303389 0.0191219 0.0181439
0 0.272799 0.682343 0.0171779 0.017015
0 0.707035 0.392727 0.0170046 0.0169691
0 0.368929 0.814219 0.0174011 0.0191385
0 0.817554 0.811247 0.0131257 0.0141115
0 0.171098 0.479924 0.018408 0.0170973
0 0.559288 0.55962 0.0137113 0.0156429
0 0.980837 0.203154 0.0194313 0.0169303
0 0.168376 0.479758 0.0123737 0.0142847
0 0.202921 0.691235 0.0194025 0.0139826
0 0.214245 0.0753303 0.0154779 0.0145026
0 0.125605 0.450414 0.0199271 0.0169539
0 0.0477404 0.500287 0.0146999 0.0132592
0 0.0282178 0.843765 0.0213072 0.0193238
0 0.212947 0.0723519 0.0191361 0.0214632
0 0.784354 0.352683 0.0116819 0.0144101
0 0.866874 0.155227 0.0146599 0.0172168
0 0.778446 0.392854 0.0177589 0.0171209
0 0.995112 0.118797 0.00960577 0.0168378
0 0.164523 0.236423 0.0156539 0.016064
0 0.267799 0.0422557 0.0149521 0.0153961
0 0.243132 0.298168 0.0145857 0.0194262
0 0.457846 0.471055 0.0162233 0.01861
0 0.770881 0.339081 0.0146854 0.0168677
0 0.783428 0.567546 0.0144957 0.0154424
0 0.169452 0.202188 0.0189682 0.0171075
0 0.24033 0.325382 0.0194763 0.0181948
0 0.558217 0.535902 0.0183372 0.0192251
0 0.106926 0.64711 0.0170727 0.0172836
0 0.796292 0.813528 0.0151008 0.0164951
0 0.00914899 0.675579 0.0153394 0.021947
0 0.0646116 0.631665 0.0157815 0.0196406
0 0.321722 0.0376979 0.0164803 0.0204007
0 0.225885 0.857785 0.0169034 0.0189552
0 0.144262 0.303137 0.0185408 0.0216105
0 0.825941 0.576027 0.0181659 0.01592
0 0.598802 0.19225 0.0228651 0.0215527
0 0.757137 0.412374 0.0157028 0.0181545
0 0.205702 0.125825 0.0186998 0.0186755
0 0.139673 0.815829 0.0118699 0.0142851
0 0.330958 0.899235 0.0165144 0.0172237
0 0.0123077 0.707862 0.0116514 0.0164533
0 0.133284 0.814518 0.0232244 0.0173569
0 0.208243 0.127636 0.0114841 0.0137646
0 0.797259 0.813568 0.0189254 0.0193108
0 0.253149 0.498102 0.0226234 0.0189801
0 0.148173 0.264887 0.0148396 0.0161443
0 0.127836 0.814627 0.0119525 0.0135182
0 0.0144171 0.61764 0.0288342 0.0212383
0 0.294142 0.0481497 0.0131375 0.0129983
0 0.154865 0.791618 0.0143368 0.0174993
0 0.96442 0.0176301 0.0172121 0.0138366
0 0.0118999 0.707434 0.015579 0.0208615
0 0.593442 0.00281373 0.0160084 0.00508472
0 0.291564 0.0464002 0.0152773 0.0158674
0 0.344725 0.301483 0.0197236 0.0188241
0 0.276423 0.0243356 0.012677 0.0157255
0 0.599384 0.39457 0.0157102 0.0219962
0 0.564182 0.146691 0.0181765 0.0163719
0 0.0348255 0.790374 0.0104485 0.00908244
0 0.237049 0.982706 0.0139599 0.0191193
0 0.266112 0.826676 0.00858849 0.00972843
0 0.394991 0.603843 0.027398 0.027482
0 0.920866 0.308562 0.0121549 0.0133391
0 0.343195 0.577428 0.018904 0.0210955
0 0.786484 0.721546 0.0145384 0.0154598
0 0.47874 0.87691 0.0185261 0.0223923
0 0.0399815 0.45577 0.00952935 0.0116925
0 0.0355487 0.454295 0.0217692 0.0186567
0 0.0168503 0.465669 0.0164234 0.0169049
0 0.966616 0.988829 0.0266447 0.0220243
0 0.155022 0.790951 0.0169308 0.021508
0 0.092305 0.452195 0.0084784 0.0099884
0 0.601096 0.862897 0.0140778 0.0185787
