0 0.410867 0.254011 0.0169504 0.018478
0 0.459548 0.535454 0.0219222 0.020707
0 0.421189 0.280936 0.0148674 0.0188271
0 0.416857 0.324258 0.0174023 0.0177054
0 0.366585 0.500541 0.017839 0.0147261
0 0.436737 0.888817 0.012748 0.0150801
0 0.730692 0.317245 0.0180473 0.0177859
0 0.490695 0.268715 0.0220507 0.0203092
0 0.37882 0.544456 0.0151599 0.0184325
0 0.337514 0.545917 0.0188235 0.0228323
0 0.755332 0.312814 0.0115585 0.018517
0 0.262073 0.534154 0.0191152 0.0172697
0 0.340282 0.372581 0.0124347 0.0155248
0 0.366199 0.4085 0.0141555 0.0194277
0 0.894103 0.75982 0.0150325 0.0144747
0 0.664497 0.356169 0.0198167 0.0264795
0 0.408108 0.297276 0.00949603 0.00976431
0 0.776494 0.27113 0.0157197 0.016928
0 0.595923 0.744016 0.0159519 0.0190001
0 0.668511 0.924159 0.0200781 0.0202072
0 0.39525 0.52068 0.0157241 0.0158532
0 0.759744 0.335947 0.012544 0.0153756
0 0.831104 0.317872 0.018858 0.0203228
0 0.566749 0.386295 0.0216038 0.0266904
0 0.750685 0.395209 0.0199218 0.0216936
0 0.581361 0.238323 0.0101463 0.0107302
0 0.366655 0.367419 0.0168244 0.0224383
0 0.308442 0.53962 0.0198551 0.0221672
0 0.451717 0.221897 0.0199513 0.0197527
0 0.796448 0.693037 0.0183238 0.0228627
0 0.386835 0.498929 0.013368 0.0190597
0 0.546656 0.959892 0.0197577 0.0189575
0 0.832111 0.348613 0.0169159 0.0257052
0 0.366301 0.409748 0.0177565 0.0239729
0 0.239725 0.576368 0.0151705 0.0140492
0 0.592575 0.24289 0.0115156 0.0106163
0 0.807045 0.278411 0.0222885 0.0275426
0 0.437074 0.328432 0.012139 0.0198089
0 0.595974 0.218373 0.0187888 0.0161974
0 0.482231 0.862819 0.0160986 0.0171585
0 0.833496 0.348323 0.0228168 0.0282407
0 0.244126 0.642176 0.0197931 0.0295666
0 0.282704 0.619461 0.0179012 0.0188378
0 0.595513 0.217881 0.015862 0.0131013
0 0.391106 0.456979 0.0191 0.0222554
0 0.345827 0.495592 0.0136919 0.0159272
0 0.774773 0.27079 0.0201479 0.0195756
0 0.597694 0.769006 0.0163112 0.0143173
0 0.36782 0.249424 0.00936291 0.0124952
0 0.436011 0.325054 0.0136446 0.0284114
0 0.362521 0.261786 0.0112547 0.00823173
0 0.622086 0.987839 0.0104752 0.0132454
0 0.480145 0.363798 0.0240223 0.0228607
0 0.803041 0.603473 0.0301968 0.0315242
0 0.79575 0.690915 0.0169346 0.0167945
0 0.831695 0.345994 0.0150848 0.0197457
0 0.848172 0.596176 0.00968534 0.0113468
0 0.623161 0.277963 0.00891894 0.0107196
0 0.356882 0.249375 0.00998473 0.0132912
0 0.458958 0.874911 0.0124899 0.015876
0 0.617253 0.966452 0.0170023 0.0198768
0 0.311293 0.700271 0.0197406 0.0187115
0 0.902637 0.799706 0.012866 0.0138806
0 0.806647 0.737961 0.0140673 0.0204477
0 0.257673 0.59812 0.0115022 0.0103059
0 0.282202 0.617274 0.0162208 0.0111343
0 0.362205 0.531254 0.0118439 0.0118108
0 0.592707 0.243607 0.0144823 0.0124034
0 0.846042 0.624641 0.0226436 0.0219027
0 0.428419 0.914851 0.0106735 0.0102436
0 0.58547 0.30052 0.0125861 0.0133069
0 0.399786 0.935302 0.0214986 0.0244297
0 0.437015 0.889934 0.0158679 0.0205864
0 0.581571 0.462549 0.0225876 0.0268914
0 0.755532 0.354527 0.013044 0.0148579
0 0.237555 0.575811 0.0207371 0.0157191
0 0.600623 0.253744 0.00929952 0.0110387
0 0.80697 0.60221 0.0221173 0.0253635
0 0.552209 0.48067 0.0143592 0.0129137
0 0.552004 0.480149 0.0109532 0.0110806
0 0.40928 0.538637 0.0139166 0.0151365
0 0.458834 0.874416 0.0171494 0.0175537
0 0.362069 0.260616 0.0163139 0.0112429
0 0.605714 0.785381 0.0175911 0.0151008
0 0.362068 0.252656 0.0252677 0.0253073
0 0.561009 0.240218 0.0208536 0.0229182
0 0.483276 0.862241 0.0204395 0.020842
0 0.340639 0.373137 0.0149391 0.0195866
0 0.665872 0.356714 0.0151064 0.0224346
0 0.408107 0.297633 0.0126175 0.0122082
0 0.480383 0.365752 0.0195875 0.0197046
0 0.835461 0.352129 0.017868 0.0207863
0 0.829912 0.316095 0.0170885 0.0155861
0 0.404343 0.492824 0.0100901 0.00908396
0 0.215573 0.631765 0.0166395 0.0225638
0 0.366526 0.249638 0.0138854 0.0153808
0 0.283081 0.628327 0.0143897 0.0152488
