0 0.232795 0.723958 0.0076943 0.00795794
0 0.629876 0.661005 0.00990868 0.00927961
0 0.290479 0.873361 0.0091559 0.00886804
0 0.626754 0.632832 0.00770628 0.00820595
0 0.50797 0.828787 0.0086714 0.00842685
0 0.40249 0.799186 0.0101933 0.0100448
0 0.539882 0.67407 0.0100753 0.00970918
0 0.522091 0.836285 0.00725937 0.00858539
0 0.51484 0.897814 0.00885183 0.00977039
0 0.599766 0.738362 0.00926608 0.00978225
0 0.310226 0.840384 0.0102418 0.0106554
0 0.672155 0.822217 0.0100341 0.00927091
0 0.688975 0.715779 0.00933361 0.010473
0 0.416215 0.821544 0.00952357 0.0102589
0 0.491014 0.844823 0.00850508 0.00893342
0 0.384595 0.746553 0.00906602 0.00959349
0 0.535357 0.36179 0.0098995 0.00900459
0 0.473186 0.82935 0.0104934 0.00988221
0 0.379527 0.926081 0.00956172 0.00965232
0 0.508469 0.883647 0.00856155 0.00888157
0 0.559158 0.327939 0.00858527 0.00941119
0 0.59551 0.722672 0.00856626 0.00897789
0 0.309142 0.866536 0.0102288 0.00971299
0 0.46986 0.604317 0.0091612 0.00799513
0 0.629812 0.647111 0.00827873 0.00911117
0 0.694769 0.86608 0.00703585 0.00864714
0 0.554881 0.831413 0.00951952 0.0103958
0 0.620808 0.400519 0.0115574 0.0116389
0 0.446359 0.896689 0.00903034 0.00987685
0 0.34607 0.908216 0.00839493 0.00957108
0 0.423809 0.421012 0.0106336 0.010141
0 0.205111 0.8051 0.00900325 0.0086174
0 0.645218 0.867206 0.00893629 0.00867689
0 0.423143 0.884346 0.0117823 0.0123596
0 0.167822 0.800953 0.00978765 0.0104187
0 0.569023 0.808689 0.00976598 0.00965691
0 0.705558 0.735618 0.00899106 0.0102453
0 0.691518 0.891704 0.00883198 0.00978911
0 0.512825 0.366035 0.0118034 0.0104376
0 0.373647 0.756403 0.010496 0.0122116
0 0.52942 0.344678 0.0102757 0.00964993
0 0.638176 0.394909 0.0101343 0.00970146
0 0.6673 0.849917 0.00919628 0.00910074
0 0.482277 0.778922 0.00799295 0.00820988
0 0.509993 0.761537 0.00859487 0.00924331
0 0.608761 0.699091 0.00900519 0.00821143
0 0.393846 0.737316 0.010667 0.00976413
0 0.209754 0.689617 0.00985937 0.00996971
0 0.454677 0.608673 0.00625944 0.00603849
0 0.50276 0.898655 0.00888312 0.00866628
0 0.409698 0.646153 0.00694647 0.00804806
0 0.175152 0.820134 0.00898762 0.00988847
0 0.751151 0.888459 0.0119333 0.0101905
0 0.584352 0.694709 0.00880951 0.00937349
0 0.192489 0.488419 0.00788069 0.00818405
0 0.582299 0.394111 0.0105717 0.0107448
0 0.468728 0.775472 0.0100542 0.0103338
0 0.63071 0.412816 0.010058 0.0100732
0 0.374246 0.697632 0.00747937 0.00813597
0 0.953455 0.92047 0.00845051 0.00967103
0 0.703048 0.753523 0.00671327 0.00877029
0 0.409072 0.653528 0.00685102 0.00888997
0 0.304842 0.965279 0.00976115 0.0114859
0 0.935019 0.923222 0.00940973 0.00972408
0 0.464083 0.724378 0.00869429 0.00904828
0 0.561428 0.7294 0.00951213 0.00972515
0 0.376891 0.580136 0.00824538 0.00967902
0 0.420361 0.977227 0.00868168 0.0106934
0 0.580745 0.711882 0.00936621 0.00941527
0 0.355114 0.915594 0.00832722 0.00905818
0 0.220236 0.780052 0.00936203 0.00887746
0 0.521606 0.624672 0.0110903 0.008605
0 0.688939 0.855349 0.00763142 0.00741196
0 0.246991 0.733826 0.00862259 0.00873595
0 0.496632 0.931958 0.00908318 0.00977743
0 0.193095 0.809346 0.00786088 0.00966418
0 0.532866 0.634001 0.00832325 0.00831193
0 0.524797 0.867572 0.00895691 0.00910914
0 0.51483 0.797326 0.00851333 0.00939113
0 0.395812 0.635346 0.00730556 0.0069707
0 0.523781 0.676571 0.0071305 0.00754547
0 0.628144 0.816651 0.00663865 0.00761127
0 0.686647 0.624235 0.00917596 0.00948238
0 0.68561 0.74337 0.00934762 0.00927508
0 0.242662 0.491339 0.00802879 0.00819236
0 0.667073 0.810259 0.00875545 0.0105007
0 0.611449 0.895625 0.00887084 0.00950658
0 0.624339 0.802238 0.00782233 0.0083189
0 0.235709 0.54207 0.00795221 0.00843847
0 0.33228 0.951216 0.0082956 0.00901031
0 0.190926 0.787024 0.00927454 0.00874841
0 0.515068 0.637248 0.0098204 0.0104591
0 0.396351 0.931119 0.00913635 0.00944823
0 0.287865 0.619774 0.0113339 0.00969106
0 0.521657 0.607883 0.00836754 0.00890982
0 0.490235 0.614478 0.00856763 0.00777012
0 0.487415 0.973241 0.0110882 0.00974387
0 0.555224 0.616377 0.00878137 0.00892645
0 0.522807 0.85105 0.00791401 0.00797957
0 0.686365 0.877556 0.00710511 0.00786209
0 0.438665 0.622069 0.00920066 0.00948584
0 0.365048 0.924304 0.00828418 0.00801015
0 0.579259 0.752389 0.0115293 0.0114962
0 0.290543 0.847232 0.00704727 0.00790596
0 0.550374 0.681599 0.00889969 0.00954312
0 0.331299 0.704999 0.0113875 0.0114306
0 0.283675 0.840031 0.00711796 0.0078001
0 0.634099 0.610194 0.00702363 0.00806159
0 0.227046 0.747382 0.00896034 0.00988472
0 0.671241 0.770936 0.00813735 0.00956458
0 0.557401 0.817675 0.0070982 0.00792545
0 0.233301 0.707941 0.00719161 0.00795931
0 0.671206 0.670347 0.0092144 0.00997132
0 0.661637 0.638611 0.00753611 0.00813192
0 0.560313 0.396656 0.00921422 0.00996238
0 0.476539 0.332834 0.00868034 0.00964087
0 0.499598 0.755995 0.00892639 0.0090071
0 0.54654 0.736266 0.00775158 0.00833625
0 0.385848 0.70232 0.00930139 0.0101126
0 0.544461 0.317894 0.00859958 0.00960073
0 0.632167 0.617755 0.00753003 0.00837141
0 0.496896 0.688494 0.00809163 0.00824845
0 0.893687 0.804336 0.0112445 0.0111408
0 0.489044 0.702987 0.00770721 0.00830466
0 0.36234 0.580611 0.00917077 0.00893342
0 0.371539 0.916496 0.00794193 0.00810736
0 0.42554 0.75823 0.00733384 0.00822449
0 0.395236 0.773229 0.00722915 0.00798398
0 0.937898 0.894995 0.00843525 0.00887334
0 0.223466 0.714367 0.00758414 0.00774938
0 0.173354 0.145507 0.00792064 0.00843196
0 0.752825 0.811937 0.0105816 0.0093506
0 0.629047 0.858563 0.00851107 0.00779992
0 0.392227 0.808784 0.00797841 0.00926208
0 0.414709 0.760705 0.00738201 0.00808626
0 0.489685 0.96093 0.00858012 0.00852525
0 0.198076 0.178954 0.0107011 0.010073
0 0.261116 0.712725 0.0085372 0.00949895
0 0.589736 0.354972 0.0076285 0.00839835
0 0.48831 0.636241 0.00913772 0.00850505
0 0.690038 0.77479 0.00864255 0.00966114
0 0.4996 0.817584 0.00937042 0.0105621
0 0.148518 0.816928 0.00926681 0.009103
0 0.406639 0.979523 0.00908661 0.00941503
0 0.943202 0.883529 0.00948715 0.0108963
0 0.539023 0.49226 0.00886565 0.00948355
0 0.242561 0.707069 0.00798702 0.00805575
0 0.349203 0.692517 0.0072464 0.00802135
0 0.564273 0.62839 0.00673145 0.00718421
0 0.700749 0.897429 0.0074451 0.00779301
0 0.208507 0.140933 0.0104223 0.01004
0 0.257568 0.843646 0.00868434 0.00959206
0 0.615639 0.655319 0.00686091 0.00714612
0 0.578537 0.645233 0.0129043 0.0101713
0 0.252511 0.218016 0.00812431 0.00803269
0 0.452737 0.667467 0.009188 0.00799251
0 0.480951 0.669453 0.0090782 0.00835955
0 0.247008 0.199623 0.0104572 0.00903316
0 0.296285 0.361 0.00867045 0.00881347
0 0.554797 0.831979 0.00782394 0.00872707
0 0.147305 0.183538 0.00767426 0.00718489
0 0.36974 0.68608 0.00765133 0.00919276
0 0.968702 0.756191 0.00892752 0.00951004
0 0.642925 0.787617 0.00815028 0.00983107
0 0.386733 0.666402 0.00744617 0.00832808
0 0.681875 0.63895 0.00809026 0.00897676
0 0.642762 0.824722 0.00725573 0.00798911
0 0.56933 0.785444 0.0119856 0.0108361
0 0.457979 0.629981 0.00644493 0.00642031
0 0.570856 0.635144 0.00736445 0.00774157
0 0.529722 0.458569 0.00841171 0.00965491
0 0.553967 0.715397 0.00604534 0.00650543
0 0.361741 0.671495 0.00904953 0.00822926
0 0.525981 0.315505 0.00719041 0.00891829
0 0.672058 0.719867 0.00649881 0.00755882
0 0.663875 0.77924 0.00700986 0.00743294
0 0.375728 0.673874 0.00842521 0.00826097
0 0.694298 0.84643 0.00834846 0.00795817
0 0.209748 0.464261 0.00687426 0.00719804
0 0.35794 0.785356 0.00812754 0.0083828
0 0.694344 0.908986 0.00797611 0.00849074
0 0.339921 0.592473 0.00837922 0.00856245
0 0.632637 0.616816 0.00694603 0.00699651
0 0.468396 0.933597 0.00767872 0.00864184
0 0.469092 0.933324 0.00680333 0.00726777
0 0.578627 0.496126 0.0088585 0.00850499
0 0.89816 0.905625 0.00836867 0.00804424
0 0.311514 0.45851 0.00887832 0.00965214
0 0.224063 0.831858 0.00852984 0.00922048
0 0.239232 0.696607 0.0104937 0.00940418
0 0.273955 0.624746 0.0100501 0.0106303
0 0.187596 0.796299 0.00908236 0.00908202
0 0.449073 0.601409 0.00682008 0.00777513
0 0.925725 0.982668 0.00958496 0.00983334
0 0.547436 0.331482 0.00799197 0.00869924
0 0.555976 0.439958 0.00881022 0.0105909
0 0.494921 0.950308 0.00891933 0.0115445
0 0.983341 0.75438 0.00923461 0.00956154
0 0.488246 0.313137 0.00761852 0.00804055
0 0.290665 0.872846 0.0107857 0.0107651
0 0.347873 0.941113 0.00884518 0.00993425
0 0.210305 0.813022 0.00752486 0.00817603
0 0.45955 0.705791 0.00802174 0.00747073
0 0.393589 0.916353 0.00762916 0.00892657
0 0.650813 0.661837 0.00790143 0.00819159
0 0.65904 0.670186 0.007658 0.00847673
0 0.637809 0.63339 0.00845325 0.00848323
0 0.612456 0.82771 0.00759983 0.00823915
0 0.705449 0.865276 0.00914323 0.0096882
0 0.524083 0.79072 0.00661409 0.00709152
0 0.25023 0.230508 0.00860383 0.00904059
0 0.559289 0.850948 0.00656378 0.00771183
0 0.529175 0.345861 0.00873125 0.00906974
0 0.408417 0.434834 0.0085634 0.00885105
0 0.549845 0.358086 0.00843298 0.0101137
0 0.25558 0.179064 0.00811157 0.00900988
0 0.693122 0.756225 0.00811118 0.00900364
0 0.826978 0.836188 0.00886577 0.00847626
0 0.558127 0.497975 0.00846577 0.00940365
0 0.645208 0.867349 0.0103676 0.0109703
0 0.641733 0.626534 0.0081234 0.00800133
0 0.565588 0.488014 0.00839245 0.00924414
0 0.319199 0.986868 0.00957051 0.0106094
0 0.607378 0.37328 0.00757408 0.00758213
0 0.31077 0.312876 0.0115229 0.0115194
0 0.900292 0.894065 0.0101317 0.00927126
0 0.328147 0.323092 0.0109074 0.0109122
0 0.51384 0.672863 0.00700855 0.0074932
0 0.488379 0.335828 0.00743216 0.00785217
0 0.679282 0.786133 0.00780237 0.00776935
0 0.12248 0.137354 0.00837031 0.0099473
0 0.57535 0.485514 0.00855654 0.00842533
0 0.455403 0.681567 0.00821951 0.00840884
0 0.679175 0.731677 0.00802594 0.00849158
0 0.298881 0.612006 0.0106886 0.00828791
0 0.705822 0.833329 0.00893342 0.00870037
0 0.446439 0.896814 0.01114 0.0117321
0 0.604979 0.851404 0.00745893 0.00814915
0 0.412114 0.772784 0.00728226 0.00809193
0 0.238337 0.166755 0.00882348 0.00922219
0 0.533724 0.794963 0.00637054 0.00710428
0 0.680691 0.897511 0.00664955 0.0068714
0 0.190086 0.452049 0.00691427 0.00817898
0 0.818916 0.912374 0.00915319 0.0101744
0 0.510629 0.834325 0.00877035 0.0102743
0 0.898789 0.99169 0.00813371 0.00809628
0 0.622212 0.676446 0.00696743 0.00686896
0 0.619593 0.666601 0.00687999 0.00666946
0 0.17494 0.482116 0.00764921 0.00758725
0 0.555482 0.775984 0.00720388 0.00795329
0 0.336069 0.311897 0.00773609 0.00879407
0 0.161825 0.180204 0.00769505 0.00852527
0 0.154797 0.174604 0.00810757 0.00783424
0 0.658344 0.711782 0.00600368 0.00657207
0 0.577176 0.364176 0.00686491 0.0075427
0 0.232687 0.724055 0.0089435 0.0100535
0 0.525816 0.315342 0.00929213 0.010431
0 0.506165 0.679863 0.00900877 0.00816494
0 0.455399 0.681789 0.0061655 0.00570852
0 0.467742 0.589413 0.00689879 0.00807345
0 0.50151 0.817322 0.0141726 0.011113
0 0.667376 0.808272 0.00785315 0.0100117
0 0.673188 0.715749 0.00826001 0.0116244
0 0.22898 0.435993 0.00870213 0.0080989
0 0.856587 0.814051 0.0103613 0.0111954
0 0.167187 0.498455 0.00830872 0.00764304
0 0.399585 0.439298 0.00772443 0.0087738
0 0.578231 0.496217 0.00998998 0.0109695
0 0.467925 0.438105 0.0110077 0.0118094
0 0.929756 0.884144 0.00834578 0.00999737
0 0.506964 0.815472 0.00767845 0.00902635
0 0.241828 0.706154 0.00906533 0.00843924
0 0.205306 0.519949 0.00755319 0.00885487
0 0.672539 0.622599 0.00780183 0.00875843
0 0.469479 0.434037 0.0114149 0.0135764
0 0.533625 0.332106 0.00791919 0.00817898
0 0.392335 0.808836 0.0099372 0.0106848
0 0.693178 0.75615 0.00670111 0.00682813
0 0.291591 0.428577 0.00797835 0.00822717
0 0.216851 0.522858 0.00756016 0.0092392
0 0.502518 0.898763 0.0102922 0.0108261
0 0.670904 0.769835 0.00967085 0.0109522
0 0.192441 0.21064 0.0103815 0.00819029
0 0.626693 0.631635 0.00849628 0.00845486
0 0.273466 0.674094 0.0141011 0.0184721
0 0.281313 0.361916 0.00893933 0.008881
0 0.947669 0.932837 0.00842822 0.00939423
0 0.19591 0.712136 0.00671658 0.00793588
0 0.452816 0.668077 0.0119414 0.0101536
0 0.530676 0.858012 0.00767058 0.0079878
0 0.524777 0.809975 0.00749111 0.00803453
0 0.590025 0.356649 0.00966567 0.0119147
0 0.132047 0.136755 0.00818054 0.0105899
0 0.467294 0.908633 0.00721711 0.00810111
0 0.639453 0.907606 0.0136944 0.0126243
0 0.361692 0.58947 0.00798208 0.00660843
0 0.694836 0.867209 0.00829297 0.0110279
0 0.496471 0.687351 0.00814334 0.00872153
0 0.507911 0.829167 0.0110197 0.00956535
0 0.761421 0.219178 0.0181218 0.0142402
