0 0.318457 0.297767 0.0125178 0.0138655
0 0.652635 0.443117 0.0154755 0.0169813
0 0.178993 0.397255 0.0164822 0.0175869
0 0.382699 0.457166 0.0150214 0.0164135
0 0.400862 0.428979 0.0176436 0.0152968
0 0.447519 0.451272 0.0175938 0.0189711
0 0.598917 0.222236 0.0182735 0.0198662
0 0.337066 0.297803 0.0172501 0.0164368
0 0.0933734 0.612293 0.0225324 0.018627
0 0.601921 0.518801 0.0153362 0.018922
0 0.171284 0.519961 0.0195199 0.0252855
0 0.228222 0.243933 0.0160082 0.0168982
0 0.621533 0.492185 0.0159443 0.0177197
0 0.0669133 0.550644 0.0152796 0.0147736
0 0.785287 0.188454 0.0137754 0.0158349
0 0.506415 0.72561 0.0168034 0.0243297
0 0.36183 0.339753 0.0209583 0.0285751
0 0.163443 0.34682 0.023957 0.0202549
0 0.330604 0.326452 0.0195048 0.0186951
0 0.116339 0.326673 0.0173678 0.0165206
0 0.492085 0.266524 0.0203789 0.0187482
0 0.843944 0.17275 0.0191906 0.0179182
0 0.712313 0.357507 0.0165215 0.0229775
0 0.600417 0.475705 0.0151281 0.0153677
0 0.113848 0.7781 0.0166125 0.01593
0 0.16921 0.560509 0.0195362 0.0260334
0 0.258553 0.787909 0.0233187 0.0223184
0 0.644992 0.394547 0.0114448 0.011094
0 0.748898 0.189565 0.0162392 0.0203982
0 0.203855 0.386492 0.0160305 0.0170878
0 0.304987 0.330962 0.0188926 0.0247732
0 0.232361 0.868106 0.0166676 0.0148708
0 0.482501 0.726062 0.0173469 0.0166471
0 0.400168 0.967654 0.0124619 0.017152
0 0.155762 0.774227 0.0139548 0.0193658
0 0.66971 0.432919 0.0173987 0.0143164
0 0.318189 0.29802 0.0159431 0.0166114
0 0.0273293 0.604703 0.0180691 0.0247376
0 0.275314 0.844463 0.0155549 0.0187733
0 0.0409799 0.924319 0.0111593 0.0157974
0 0.582079 0.268903 0.0145658 0.0182164
0 0.00594385 0.567727 0.0117579 0.0199348
0 0.511699 0.377465 0.0113249 0.0132537
0 0.608145 0.379317 0.0152864 0.0148991
0 0.586406 0.534211 0.00961721 0.0117893
0 0.0725961 0.281614 0.0171271 0.0172854
0 0.115552 0.779212 0.0175229 0.0192932
0 0.464221 0.313235 0.0149547 0.0156786
0 0.126657 0.517801 0.0176085 0.0144972
0 0.575871 0.50588 0.0192901 0.0179154
0 0.166783 0.312778 0.0282018 0.0286755
0 0.589199 0.548933 0.0108711 0.0104198
0 0.273314 0.280151 0.019185 0.0225453
0 0.17939 0.625146 0.0169053 0.0130053
0 0.712934 0.359127 0.0150951 0.0171626
0 0.371346 0.990822 0.0118469 0.0153681
0 0.529585 0.369385 0.0148275 0.0171758
0 0.0755628 0.567205 0.0195011 0.0143489
0 0.271755 0.278175 0.0149603 0.0196785
0 0.0624213 0.608587 0.0158506 0.0172018
0 0.527715 0.667622 0.0136787 0.0159714
0 0.126427 0.517171 0.0208066 0.0201064
0 0.209483 0.340271 0.014991 0.0206467
0 0.540619 0.528453 0.0174889 0.0135581
0 0.0970481 0.689021 0.0126904 0.0146351
0 0.177427 0.747545 0.0167015 0.0209676
0 0.105921 0.720402 0.0151234 0.0161753
0 0.530073 0.665218 0.0185021 0.0240177
0 0.210353 0.340164 0.0173214 0.0256716
0 0.0780567 0.348829 0.01932 0.0240146
0 0.541827 0.529651 0.0214554 0.0174181
0 0.534077 0.651791 0.0178981 0.0187323
0 0.0409463 0.923729 0.0160519 0.0185184
0 0.604092 0.496712 0.0111337 0.0137642
0 0.205231 0.38657 0.0191568 0.0207313
0 0.499861 0.768748 0.0112251 0.0118276
0 0.370948 0.989753 0.0157269 0.0174186
0 0.514944 0.692207 0.0178723 0.0293005
0 0.121689 0.792198 0.0105736 0.0107557
0 0.00635276 0.523387 0.0127055 0.022776
0 0.488195 0.408988 0.0166319 0.0177931
0 0.064341 0.609178 0.0210231 0.0204024
0 0.452631 0.328095 0.0139019 0.013426
0 0.102966 0.658562 0.0206086 0.0180275
0 0.398518 0.966085 0.0177981 0.0234497
0 0.167998 0.314358 0.0241017 0.0232078
0 0.464903 0.312735 0.0175478 0.0192764
0 0.242069 0.853823 0.011153 0.0142719
0 0.104749 0.808224 0.0170955 0.0214363
0 0.816361 0.153426 0.00595206 0.00702795
0 0.797687 0.176725 0.0108404 0.0146053
