0 0.554757 0.237547 0.0156541 0.0145708
0 0.590125 0.114942 0.0173391 0.0189883
0 0.547783 0.508915 0.0172077 0.0185497
0 0.332641 0.447654 0.0197759 0.0200214
0 0.585654 0.273591 0.0149856 0.0151716
0 0.0981719 0.084678 0.0193965 0.0217995
0 0.161384 0.967797 0.0143753 0.0198452
0 0.120005 0.862768 0.0196147 0.0241494
0 0.364062 0.0318274 0.0197531 0.0205797
0 0.51375 0.418318 0.0123802 0.0135652
0 0.0305544 0.0820926 0.0163105 0.0181876
0 0.0518987 0.07104 0.0197252 0.0184352
0 0.430423 0.32663 0.0211286 0.0204461
0 0.191399 0.278996 0.00971165 0.00999719
0 0.523248 0.440104 0.00929791 0.0107647
0 0.309366 0.454543 0.0175697 0.0170273
0 0.557477 0.425502 0.0233628 0.0215996
0 0.575159 0.156844 0.0135637 0.0175534
0 0.558861 0.259737 0.0129598 0.0132171
0 0.557507 0.205098 0.0147247 0.0190509
0 0.630589 0.94262 0.0126499 0.0125786
0 0.510012 0.449114 0.0129974 0.0149336
0 0.142765 0.117693 0.0151324 0.0186934
0 0.590313 0.115125 0.0205982 0.023066
0 0.571957 0.189201 0.0113694 0.0159578
0 0.110293 0.255586 0.0211609 0.0162334
0 0.599482 0.216188 0.0170122 0.0222846
0 0.0781661 0.0456872 0.0101795 0.0106916
0 0.0142296 0.866696 0.0138366 0.0176016
0 0.568992 0.921172 0.0191141 0.024131
0 0.340738 0.471609 0.0172051 0.0196557
0 0.311103 0.828098 0.0192308 0.0193723
0 0.566485 0.169313 0.00891185 0.0108402
0 0.63987 0.661574 0.0235697 0.0207382
0 0.405921 0.348786 0.0155835 0.0143611
0 0.64788 0.155558 0.0159904 0.0197863
0 0.542759 0.179413 0.0127514 0.0115467
0 0.557052 0.202482 0.0144753 0.0143258
0 0.659129 0.959744 0.0153574 0.0176037
0 0.615671 0.493784 0.020516 0.0189877
0 0.0456014 0.960169 0.0200717 0.0259104
0 0.510427 0.449694 0.0154724 0.0181339
0 0.290237 0.875181 0.0191016 0.020462
0 0.595367 0.616263 0.01829 0.022021
0 0.47247 0.855158 0.0224705 0.0217245
0 0.154786 0.832954 0.0196339 0.0187607
