0 0.961606 0.874821 0.0190496 0.0194168
0 0.930297 0.89678 0.0160183 0.0159051
0 0.562278 0.810484 0.0202475 0.0186283
0 0.640255 0.760511 0.016278 0.0186994
0 0.957256 0.835927 0.012574 0.00981754
0 0.97874 0.845281 0.018577 0.0177237
0 0.987306 0.641284 0.0169399 0.0162077
0 0.991328 0.679062 0.0139261 0.0115529
0 0.599192 0.760985 0.0158543 0.0169814
0 0.744057 0.825715 0.0203102 0.0260317
0 0.866477 0.322127 0.0236 0.0183149
0 0.858242 0.562082 0.0199162 0.020492
0 0.993502 0.952094 0.0125412 0.0225207
