0 0.898008 0.912541 0.02365 0.0251839
0 0.287078 0.91183 0.0155399 0.0181906
0 0.88017 0.942686 0.0150963 0.016885
0 0.129716 0.959483 0.0204397 0.0209129
0 0.266798 0.968537 0.0176547 0.0193665
0 0.0445264 0.590462 0.0193316 0.0172465
0 0.689627 0.842595 0.0192657 0.0196594
0 0.957567 0.966619 0.0221912 0.0198532
0 0.29815 0.952635 0.0178674 0.0171183
0 0.332194 0.968289 0.016452 0.0176428
0 0.61296 0.917468 0.0161276 0.017565
0 0.871071 0.896799 0.0201267 0.0179371
0 0.612332 0.918483 0.0192375 0.0218701
0 0.867742 0.897384 0.0115743 0.0136654
0 0.271302 0.531493 0.0255896 0.0246462
0 0.956128 0.965608 0.0185589 0.0164561
0 0.0675241 0.983702 0.02109 0.0207819
0 0.327795 0.647934 0.020147 0.0223018
0 0.13248 0.528029 0.00695318 0.00677639
0 0.0124975 0.606834 0.0223474 0.0266568
0 0.661014 0.176676 0.0147675 0.0166811
0 0.351697 0.0837795 0.0225941 0.023896
0 0.674177 0.520921 0.0177329 0.0207632
0 0.625904 0.481259 0.0149801 0.019024
0 0.574482 0.630808 0.0184916 0.018295
0 0.917628 0.302561 0.00961167 0.0107417
