0 0.142488 0.110787 0.0167608 0.0166396
0 0.510986 0.0486752 0.0147414 0.0161182
0 0.147852 0.141301 0.0165101 0.0148516
0 0.612856 0.343558 0.0154871 0.0208334
0 0.733966 0.5818 0.016923 0.0183052
0 0.262407 0.272101 0.0197913 0.0198513
0 0.671137 0.963578 0.014488 0.015805
0 0.652897 0.969041 0.0140449 0.0135414
0 0.289418 0.629011 0.0198063 0.0235394
0 0.381609 0.573891 0.0142837 0.0147142
0 0.754192 0.800436 0.0114272 0.0154272
0 0.807555 0.536393 0.0137993 0.0169083
0 0.151788 0.618933 0.0209832 0.0240393
0 0.696516 0.775905 0.0110939 0.0127751
0 0.221531 0.229042 0.0158507 0.0163903
0 0.649917 0.919904 0.0178518 0.0178215
0 0.19192 0.293757 0.013075 0.0156969
0 0.213234 0.163285 0.0170077 0.0182558
0 0.724307 0.829166 0.0146775 0.0142215
0 0.493491 0.0160329 0.0192761 0.0238681
0 0.0665428 0.909722 0.0189905 0.0200161
0 0.416135 0.600418 0.0194765 0.0199645
0 0.695802 0.528962 0.0118284 0.0123516
0 0.349388 0.947561 0.012582 0.0144951
0 0.262801 0.62144 0.0164765 0.0176468
0 0.559187 0.882127 0.0122623 0.0118881
0 0.77531 0.5314 0.0144411 0.0163803
0 0.28007 0.806127 0.0146575 0.0187123
0 0.213644 0.710764 0.0197943 0.0163494
0 0.0182205 0.968148 0.0190967 0.018158
0 0.179593 0.214528 0.0173478 0.0197456
0 0.296538 0.546251 0.0260519 0.0210673
0 0.175771 0.293626 0.0122704 0.0148905
0 0.312335 0.518111 0.0218559 0.0261268
0 0.0940159 0.953005 0.0160988 0.0182062
0 0.697785 0.847811 0.0121149 0.0129581
0 0.421002 0.156907 0.0137951 0.0143469
0 0.9635 0.431959 0.011479 0.0106251
0 0.806253 0.55668 0.0181718 0.0154327
0 0.634923 0.940595 0.0336983 0.0219979
0 0.837759 0.534353 0.0104822 0.0148632
0 0.230515 0.691085 0.00803681 0.00955945
0 0.763296 0.594687 0.0137789 0.0184547
0 0.592879 0.887179 0.012872 0.0169269
0 0.0715983 0.95345 0.0101348 0.0119587
0 0.551367 0.371333 0.016105 0.0178552
0 0.0776815 0.931289 0.0123024 0.0166775
0 0.69878 0.848073 0.0154405 0.0146204
0 0.76927 0.565176 0.0101621 0.0126271
0 0.901262 0.294791 0.00984496 0.00842252
0 0.218147 0.551535 0.00858778 0.0100474
0 0.816318 0.095442 0.0109425 0.0128029
0 0.723039 0.514582 0.0118952 0.0157018
0 0.577408 0.299876 0.0108202 0.0142131
0 0.674208 0.279682 0.0128196 0.0152815
0 0.304197 0.958501 0.00911874 0.0118976
0 0.433852 0.817237 0.0104897 0.00952566
0 0.313268 0.521119 0.019468 0.0190133
0 0.178905 0.293906 0.0198457 0.0183397
0 0.263975 0.329964 0.0130806 0.0153881
0 0.708732 0.517869 0.00926012 0.0107653
0 0.673691 0.27965 0.0163774 0.0173342
0 0.63987 0.941505 0.0208383 0.0191437
0 0.771775 0.582035 0.00781745 0.0136173
0 0.330305 0.551672 0.0179338 0.0235355
0 0.944767 0.451526 0.0208175 0.0224949
0 0.783311 0.0419738 0.00818485 0.00950153
