0 0.658448 0.332984 0.0238094 0.0230908
0 0.821801 0.288383 0.0181378 0.02154
0 0.634434 0.835857 0.0226685 0.0198746
0 0.754786 0.232244 0.0180957 0.0128231
0 0.132976 0.390117 0.0193102 0.0191366
0 0.828738 0.370956 0.0128449 0.0121663
0 0.844081 0.209035 0.0217213 0.0176485
0 0.0997326 0.200899 0.0146832 0.0138808
0 0.182622 0.725191 0.0212246 0.0224638
0 0.844803 0.392697 0.0205156 0.0197056
0 0.81695 0.213253 0.0240608 0.0168618
0 0.952778 0.502669 0.0115994 0.0138353
0 0.594415 0.822941 0.0146639 0.0146004
0 0.787541 0.214259 0.0284214 0.0309987
0 0.0469497 0.128002 0.0185828 0.0192545
0 0.990517 0.22948 0.0158068 0.0184845
0 0.795634 0.258512 0.0278012 0.0260572
0 0.0223706 0.178411 0.00886498 0.0139889
0 0.132259 0.390066 0.0166714 0.0152939
0 0.117322 0.268369 0.0133642 0.0136527
0 0.59352 0.824448 0.0188571 0.0189562
0 0.07797 0.128956 0.0190425 0.0241333
0 0.989305 0.609679 0.0201771 0.0185319
0 0.151493 0.260579 0.0173383 0.020589
0 0.585245 0.87909 0.00844306 0.0130943
0 0.0444507 0.194535 0.0119791 0.0175793
0 0.895388 0.427958 0.0143658 0.0148701
0 0.712528 0.917132 0.0186947 0.0206928
0 0.113393 0.188315 0.0177049 0.0191929
0 0.947305 0.461704 0.00894815 0.00937319
0 0.52542 0.0894446 0.0145737 0.0194604
0 0.691027 0.549981 0.0273165 0.0254151
0 0.797274 0.256932 0.0220314 0.0209582
0 0.0305999 0.110215 0.0193177 0.0214938
0 0.824049 0.4339 0.0134829 0.0114601
0 0.0618798 0.150173 0.0162616 0.019087
0 0.583951 0.879759 0.0128618 0.0164757
0 0.902137 0.391542 0.0122703 0.015828
0 0.688739 0.552468 0.0195807 0.0189024
0 0.952232 0.502953 0.0146982 0.0164281
0 0.0832717 0.235985 0.0155749 0.0168155
0 0.786275 0.210605 0.0222313 0.02044
0 0.114264 0.189595 0.0204209 0.0246988
0 0.886411 0.366646 0.0162367 0.01629
0 0.887255 0.36587 0.0117432 0.0138538
0 0.823191 0.434108 0.0161082 0.0137376
0 0.973769 0.378222 0.0122587 0.0127673
0 0.972644 0.436351 0.011932 0.0107211
0 0.0276463 0.106982 0.0166392 0.0190646
0 0.0626051 0.146393 0.0172071 0.01607
0 0.0305572 0.112269 0.0168753 0.0159812
0 0.0263063 0.10722 0.0122491 0.0174668
0 0.175992 0.197073 0.015549 0.0175938
0 0.711367 0.916692 0.0149925 0.0174541
0 0.713568 0.448351 0.0250957 0.0359369
