0 0.466865 0.730685 0.0141911 0.0138592
0 0.464666 0.699889 0.0125977 0.0160424
0 0.431013 0.707229 0.0154722 0.015876
0 0.487023 0.7476 0.015913 0.0171942
0 0.464701 0.641513 0.0130872 0.0132701
0 0.51788 0.655485 0.0100633 0.0126365
0 0.442266 0.662671 0.0134524 0.01548
0 0.504829 0.665285 0.0139737 0.0121924
0 0.493753 0.678479 0.0106449 0.0121008
0 0.552586 0.753467 0.0114485 0.0116798
0 0.467552 0.59653 0.0125614 0.0197843
0 0.485651 0.486202 0.00906408 0.00775415
0 0.46786 0.595145 0.0122211 0.0143215
0 0.465613 0.601171 0.0129452 0.0198669
0 0.473233 0.479923 0.0102802 0.00859109
0 0.464847 0.605378 0.0111687 0.0116282
0 0.484963 0.773233 0.00664234 0.00727677
0 0.550338 0.754159 0.0127554 0.0111303
0 0.470422 0.488949 0.00777322 0.00717869
