0 0.365675 0.540273 0.00917783 0.0105928
0 0.46628 0.514919 0.00764066 0.00850827
0 0.45454 0.536153 0.00726795 0.00877774
0 0.320896 0.697825 0.0102381 0.0112633
0 0.491599 0.51988 0.00842637 0.00983524
0 0.465221 0.539849 0.00707436 0.00801086
0 0.277858 0.541573 0.00864476 0.0116528
0 0.305488 0.632761 0.00964794 0.0101421
0 0.504353 0.523027 0.00944328 0.00937599
0 0.391579 0.566911 0.00888854 0.00982779
0 0.438289 0.551563 0.00997153 0.00939864
0 0.392426 0.624926 0.00908574 0.0101318
0 0.461802 0.526483 0.00881386 0.00932693
0 0.405034 0.627363 0.00860596 0.00959206
0 0.98414 0.414766 0.00968283 0.0109752
0 0.508516 0.551264 0.00902575 0.00964671
0 0.422732 0.524359 0.00743943 0.00810832
0 0.484075 0.55802 0.0076271 0.00930959
0 0.74287 0.243874 0.0104191 0.0109813
0 0.382118 0.670046 0.00832587 0.0091303
0 0.436462 0.574217 0.00791264 0.00826722
0 0.265945 0.544677 0.00920096 0.0105862
0 0.400445 0.555602 0.00765407 0.00922298
0 0.295593 0.883768 0.00897533 0.0109806
0 0.379334 0.554344 0.00730011 0.00789982
0 0.514511 0.52596 0.00796354 0.0100029
0 0.790654 0.263259 0.00921267 0.0096488
0 0.440281 0.536452 0.0123489 0.00966334
0 0.488355 0.574107 0.00752145 0.00810486
0 0.302561 0.593539 0.00926378 0.00852507
0 0.00699655 0.356154 0.00983105 0.0107038
0 0.364114 0.560574 0.00841156 0.00907648
0 0.268648 0.764659 0.0149453 0.0125702
0 0.429922 0.623627 0.00736591 0.00788945
0 0.0415104 0.302903 0.00976661 0.0108417
0 0.799783 0.270634 0.00932598 0.010873
0 0.350354 0.353501 0.00912666 0.00884447
0 0.400631 0.536231 0.00898236 0.00844443
0 0.415176 0.592819 0.00788802 0.00951564
0 0.550951 0.646854 0.00789952 0.00830936
0 0.997254 0.42421 0.00549138 0.0103561
0 0.408639 0.582016 0.0102676 0.0103351
0 0.777846 0.256127 0.00827825 0.0088909
0 0.29832 0.738028 0.0110219 0.0163358
0 0.388044 0.548586 0.00792417 0.0078184
0 0.372337 0.968223 0.00970945 0.0103699
0 0.414816 0.58415 0.00712338 0.0095228
0 0.25059 0.886015 0.00926743 0.00984269
0 0.791341 0.262551 0.0114628 0.0110843
0 0.278292 0.904869 0.00821647 0.0101703
0 0.256539 0.899347 0.0102458 0.0132236
0 0.370509 0.567962 0.00650615 0.00762975
0 0.441903 0.537665 0.0125554 0.00993937
0 0.250528 0.886063 0.0105104 0.0127663
0 0.740363 0.288066 0.0099166 0.0124882
0 0.299662 0.739789 0.0113258 0.0188103
0 0.261021 0.879151 0.00909773 0.010389
0 0.300072 0.741692 0.00996819 0.0139095
0 0.397439 0.541801 0.00999182 0.011058
0 0.399717 0.538023 0.0113442 0.0120987
0 0.0573249 0.41725 0.00851798 0.00938663
0 0.681261 0.239479 0.00956726 0.0106187
0 0.02144 0.422905 0.0100761 0.0103589
0 0.746401 0.286018 0.015642 0.0160893
0 0.373073 0.680578 0.00762585 0.00731468
0 0.71909 0.225364 0.0142893 0.0150107
0 0.677513 0.26827 0.0104895 0.0102589
0 0.268768 0.887916 0.00920385 0.00984806
0 0.370421 0.567857 0.00821543 0.00932348
0 0.764322 0.273018 0.00863391 0.0111386
0 0.506166 0.522862 0.0130705 0.011097
0 0.380917 0.565953 0.00717139 0.00937539
0 0.0460001 0.418587 0.00897276 0.00991383
0 0.380473 0.554134 0.00671795 0.00781316
