0 0.465931 0.561536 0.0103292 0.00920218
0 0.383583 0.565193 0.00764361 0.00904119
0 0.265191 0.55433 0.00703931 0.00881106
0 0.385257 0.589471 0.00940743 0.0106881
0 0.493021 0.631894 0.00932637 0.0101513
0 0.442949 0.694077 0.00830725 0.00943583
0 0.258452 0.523474 0.00775281 0.00970972
0 0.440092 0.652477 0.00925332 0.0102072
0 0.421832 0.5928 0.0082863 0.00896025
0 0.358709 0.555211 0.00758839 0.00826931
0 0.34033 0.433045 0.00946894 0.0100235
0 0.223105 0.608931 0.00833984 0.00952297
0 0.678392 0.297692 0.00795996 0.0101019
0 0.276818 0.573581 0.00906724 0.00960958
0 0.323265 0.927953 0.012268 0.0134048
0 0.403003 0.586774 0.0101742 0.0090974
0 0.442226 0.6253 0.00962144 0.0111301
0 0.445905 0.547762 0.0102071 0.00945604
0 0.709209 0.2328 0.00798178 0.0095892
0 0.462285 0.68347 0.00914609 0.0107093
0 0.293058 0.910397 0.00896057 0.0103431
0 0.282564 0.897903 0.0108545 0.010056
0 0.546507 0.691119 0.00837058 0.00996453
0 0.31641 0.54615 0.00907665 0.0102722
0 0.464845 0.442207 0.00919437 0.00961667
0 0.315164 0.499866 0.00906751 0.00947493
0 0.315081 0.63433 0.00842544 0.0087924
0 0.352653 0.420155 0.00887507 0.0090538
0 0.480554 0.637148 0.00876331 0.0105635
0 0.338598 0.562299 0.00889865 0.0098412
0 0.415009 0.552312 0.00780469 0.00979233
0 0.331506 0.61973 0.00798291 0.00923234
0 0.453792 0.56754 0.00689 0.00824428
0 0.452694 0.674441 0.00813979 0.00988084
0 0.309001 0.510626 0.0064835 0.00783402
0 0.341033 0.579408 0.00638127 0.00781345
0 0.458161 0.51716 0.00894174 0.00891799
0 0.209111 0.738951 0.00767268 0.00799751
0 0.418619 0.5016 0.00819436 0.00991592
0 0.371121 0.551752 0.00822049 0.011966
0 0.354042 0.539464 0.00774932 0.00881636
0 0.446836 0.454143 0.0103441 0.0110531
0 0.216388 0.688711 0.00766534 0.00830483
0 0.198805 0.677658 0.00730395 0.00943679
0 0.241457 0.522033 0.00940165 0.00890464
0 0.27971 0.912842 0.00807384 0.00939578
0 0.450992 0.944869 0.00881174 0.00964451
0 0.913249 0.177126 0.00958216 0.0103938
0 0.748947 0.395294 0.00821435 0.00990531
0 0.347562 0.659719 0.00923941 0.0104024
0 0.3574 0.347447 0.00842753 0.0084568
0 0.468297 0.269339 0.0101423 0.0108106
0 0.760581 0.306052 0.00913829 0.0103142
0 0.726887 0.309619 0.00756073 0.0072338
0 0.701786 0.368101 0.00941133 0.00960818
0 0.248375 0.511838 0.00811502 0.00967294
0 0.426147 0.517884 0.0115805 0.00970149
0 0.388712 0.545483 0.00773486 0.00936776
0 0.712008 0.266424 0.00716382 0.00891131
0 0.23456 0.582997 0.00836338 0.0106918
0 0.681863 0.121171 0.00836754 0.0107765
0 0.42328 0.916088 0.00816154 0.0100815
0 0.488114 0.434635 0.00993642 0.0109774
0 0.468305 0.425956 0.00875491 0.0107052
0 0.337195 0.458229 0.00781566 0.00873625
0 0.390649 0.947793 0.00624937 0.00789911
0 0.735705 0.322715 0.00636882 0.00701788
0 0.621446 0.341776 0.00946254 0.00910243
0 0.359368 0.439537 0.00746346 0.00854701
0 0.202652 0.694798 0.00730509 0.00793809
0 0.377693 0.578708 0.00824577 0.00838375
0 0.377537 0.611621 0.00802648 0.00779837
0 0.505422 0.466338 0.00859457 0.00933781
0 0.515149 0.636959 0.00865793 0.00937063
0 0.371141 0.549128 0.00838584 0.0106323
0 0.290588 0.60561 0.0105358 0.0112936
0 0.186757 0.633712 0.00774959 0.00860828
0 0.326153 0.423315 0.00780651 0.00802955
0 0.476421 0.449776 0.00814009 0.00958377
0 0.404588 0.916337 0.00629294 0.00772744
0 0.239858 0.532753 0.00760154 0.00740802
0 0.709595 0.384122 0.00865793 0.0100068
0 0.664754 0.137851 0.0100105 0.0106674
0 0.222367 0.727181 0.00750284 0.00724393
0 0.562211 0.703827 0.00898898 0.0102544
0 0.334522 0.400437 0.00840449 0.0100181
0 0.260227 0.909455 0.00748557 0.00919759
0 0.349292 0.630564 0.0077298 0.00825346
0 0.690165 0.218685 0.00994694 0.00999431
0 0.274881 0.883643 0.00830555 0.00990909
0 0.602545 0.261901 0.00709647 0.0084672
0 0.503679 0.329656 0.00889587 0.010183
0 0.697999 0.589606 0.0094229 0.0107414
0 0.406498 0.572878 0.00872821 0.0096612
0 0.402085 0.365367 0.0091114 0.0098958
0 0.405701 0.546836 0.00710878 0.00882721
0 0.492733 0.570599 0.00729513 0.00821155
0 0.339655 0.915863 0.0136524 0.0122749
0 0.751121 0.529288 0.00880039 0.0101234
0 0.727528 0.280519 0.00869501 0.00899434
0 0.702519 0.492137 0.0112 0.0129085
0 0.167889 0.533417 0.00784484 0.0102907
0 0.468773 0.959578 0.00828627 0.0100468
0 0.223538 0.561001 0.00654192 0.00711024
0 0.468755 0.57359 0.0107347 0.00866032
0 0.667151 0.183702 0.00822544 0.00960824
0 0.152247 0.664268 0.0090052 0.00792193
0 0.548899 0.558734 0.00823563 0.010146
0 0.262696 0.537478 0.00931883 0.010095
0 0.760573 0.537185 0.00855124 0.0110248
0 0.370494 0.861644 0.00870666 0.00963688
0 0.30857 0.923546 0.00896055 0.00944632
0 0.325052 0.436067 0.0086453 0.0091404
0 0.264616 0.599747 0.00914249 0.00999182
0 0.689518 0.482125 0.00860327 0.0091629
0 0.417595 0.926184 0.00877583 0.00871718
0 0.344717 0.40655 0.00687569 0.00801441
0 0.229024 0.541211 0.00668344 0.00716805
0 0.302051 0.438336 0.00748131 0.0103582
0 0.664603 0.605882 0.00910854 0.0114029
0 0.706982 0.246452 0.00773698 0.00837165
0 0.167603 0.654938 0.00713706 0.00699484
0 0.543844 0.658516 0.00847661 0.00962877
0 0.186383 0.840188 0.00761361 0.00973433
0 0.677975 0.585505 0.00929165 0.00911808
0 0.589692 0.68811 0.00823057 0.00953156
0 0.234911 0.564751 0.00782056 0.00854707
0 0.344445 0.954851 0.00929338 0.00919151
0 0.38906 0.966406 0.00853825 0.010537
0 0.295667 0.521536 0.00828707 0.00807393
0 0.108458 0.813518 0.00936065 0.0102384
0 0.420242 0.707639 0.00860712 0.0100492
0 0.488285 0.47705 0.00935325 0.0107367
0 0.625481 0.56453 0.00857526 0.00937492
0 0.334435 0.649824 0.0100226 0.0090825
0 0.653066 0.572298 0.0105109 0.0126795
0 0.40864 0.881737 0.00884017 0.00939369
0 0.255238 0.554693 0.00640935 0.00802648
0 0.67994 0.603306 0.00895917 0.00895214
0 0.333541 0.441938 0.00634769 0.00661746
0 0.498628 0.657466 0.00685978 0.00842249
0 0.395682 0.568598 0.00783885 0.00813699
0 0.398922 0.55945 0.00879353 0.00849771
0 0.503754 0.636487 0.00746 0.0077011
0 0.410894 0.25854 0.00726604 0.00845209
0 0.361845 0.687525 0.00908977 0.0120947
0 0.17295 0.641905 0.00656371 0.00733316
0 0.333582 0.663124 0.00931585 0.00873166
0 0.318189 0.623166 0.00776935 0.00820065
0 0.390352 0.892548 0.00763515 0.00951654
0 0.306649 0.643049 0.00795358 0.008008
0 0.230051 0.46481 0.0086482 0.00891742
0 0.430293 0.699173 0.00763625 0.00820875
0 0.302491 0.463326 0.00833932 0.00964382
0 0.887626 0.318606 0.00932121 0.0101207
0 0.279833 0.436546 0.00848103 0.0081546
0 0.88666 0.176908 0.00792998 0.00982954
0 0.614459 0.557679 0.00842339 0.0092442
0 0.297365 0.530591 0.00770491 0.00784796
0 0.664202 0.194769 0.00889719 0.00895309
0 0.495231 0.686968 0.00843695 0.00831234
0 0.24071 0.602658 0.00612307 0.00758201
0 0.32985 0.490704 0.00767803 0.00901508
0 0.171663 0.739359 0.0101025 0.0102617
0 0.226857 0.551252 0.00832939 0.00820601
0 0.528527 0.650158 0.0089404 0.0126197
0 0.380975 0.953061 0.00761023 0.00902748
0 0.61646 0.353376 0.00713694 0.00824642
0 0.280664 0.45787 0.00729114 0.00829068
0 0.819475 0.303595 0.00961041 0.00930092
0 0.166637 0.817937 0.00770378 0.00853956
0 0.143277 0.866555 0.00849597 0.00932884
0 0.34747 0.599681 0.00950453 0.00853992
0 0.341774 0.341702 0.00943288 0.0106277
0 0.119446 0.717691 0.00831363 0.00991112
0 0.368855 0.951086 0.00812617 0.0101944
0 0.609149 0.36221 0.00921881 0.0082491
0 0.394618 0.33683 0.00735024 0.00884268
0 0.619561 0.328972 0.00775588 0.0088706
0 0.179819 0.65056 0.00845075 0.00869328
0 0.219097 0.459725 0.00921382 0.0100368
0 0.143479 0.971671 0.00761995 0.00898474
0 0.647484 0.217879 0.00833225 0.0089778
0 0.62448 0.54645 0.00817508 0.00965875
0 0.272268 0.472472 0.00698984 0.00786123
0 0.196402 0.911194 0.00796771 0.00825083
0 0.351394 0.613742 0.00810051 0.00900155
0 0.164487 0.889127 0.00898783 0.00997311
0 0.523578 0.668176 0.00757861 0.00805473
0 0.362771 0.887648 0.00851154 0.00953716
0 0.686607 0.254799 0.00750768 0.00917694
0 0.311255 0.480349 0.00883579 0.00895271
0 0.602247 0.336809 0.0075838 0.0084199
0 0.238506 0.726845 0.00765438 0.00816745
0 0.694076 0.454049 0.0105509 0.0111977
0 0.213318 0.717654 0.00655308 0.00823575
0 0.715435 0.471696 0.0127485 0.0168839
0 0.242989 0.554074 0.00701948 0.00819504
0 0.423893 0.674115 0.00873089 0.0092907
0 0.246059 0.563209 0.00731668 0.00806713
0 0.738282 0.413532 0.0083729 0.00874996
0 0.523959 0.267374 0.00778538 0.00892621
0 0.228402 0.629138 0.00700559 0.00888747
0 0.340851 0.686072 0.00871769 0.00902385
0 0.581833 0.437369 0.00802439 0.0100839
0 0.184793 0.478825 0.00839648 0.0107404
0 0.679799 0.185211 0.00856841 0.0148577
0 0.481685 0.680881 0.0101158 0.0108245
0 0.688083 0.23352 0.00960529 0.00982007
0 0.4179 0.685406 0.00769961 0.00864011
0 0.481618 0.69845 0.00752994 0.00890303
0 0.125429 0.736483 0.00974705 0.00915527
0 0.778941 0.404769 0.00882989 0.00894764
0 0.540787 0.570371 0.00825292 0.00903571
0 0.38477 0.604105 0.00718057 0.00732273
0 0.302411 0.916703 0.00833553 0.00811958
0 0.323981 0.671954 0.00963992 0.00914007
0 0.333838 0.827174 0.00788364 0.00857198
0 0.512788 0.679276 0.0104391 0.0108336
0 0.732504 0.423474 0.00901318 0.00945836
0 0.505159 0.663512 0.00754452 0.00813466
0 0.973358 0.449896 0.00935191 0.0139324
0 0.471382 0.702343 0.00716639 0.00956595
0 0.155292 0.779524 0.00829886 0.0107727
0 0.446678 0.288663 0.0101283 0.01009
0 0.196502 0.749439 0.00742671 0.00761569
0 0.163947 0.54898 0.00779596 0.00850427
0 0.945229 0.226656 0.00745201 0.00920501
0 0.542882 0.297444 0.0127023 0.0140927
0 0.241881 0.716223 0.00974646 0.00966984
0 0.138088 0.656724 0.00769255 0.0084585
0 0.201912 0.619459 0.00897731 0.00934374
0 0.208871 0.622581 0.00670423 0.00771981
0 0.295704 0.506632 0.00783682 0.00796342
0 0.687744 0.470702 0.00969177 0.00985375
0 0.291508 0.411339 0.00602838 0.0065755
0 0.967082 0.186518 0.0088219 0.00862512
0 0.484223 0.544024 0.00851277 0.00843143
0 0.251295 0.541565 0.00742273 0.00778389
0 0.222133 0.622855 0.00726262 0.00749046
0 0.465602 0.66466 0.00741711 0.0067808
0 0.50479 0.624566 0.00914115 0.010053
0 0.123987 0.830679 0.00821665 0.00934029
0 0.160886 0.980523 0.00803204 0.0080452
0 0.899489 0.183802 0.0073486 0.00736572
0 0.531497 0.668757 0.00770301 0.00941718
0 0.275213 0.42074 0.00831261 0.00896779
0 0.131759 0.984128 0.00769475 0.0102537
0 0.0891052 0.939921 0.0114537 0.0108017
0 0.269844 0.908417 0.0061059 0.00744569
0 0.342867 0.85196 0.00708413 0.00832522
0 0.392311 0.410129 0.00668517 0.00778085
0 0.513564 0.680715 0.00890368 0.0080328
0 0.147708 0.801014 0.00790277 0.00865042
0 0.488867 0.656831 0.00695837 0.00799447
0 0.455589 0.962783 0.00716323 0.00821686
0 0.620422 0.587262 0.0102652 0.0110292
0 0.106075 0.714067 0.00896662 0.0103552
0 0.700745 0.310649 0.00763315 0.00762191
0 0.986213 0.464075 0.00848985 0.0111123
0 0.654405 0.205676 0.00900114 0.00855617
0 0.456777 0.504152 0.00798777 0.00940359
0 0.345005 0.834485 0.00892496 0.00981522
0 0.112047 0.978629 0.00734506 0.00893688
0 0.290296 0.483276 0.00679314 0.00744495
0 0.613661 0.274414 0.00722617 0.00818717
0 0.469722 0.480437 0.0113611 0.0103396
0 0.168094 0.53298 0.0063442 0.00802469
0 0.18771 0.619602 0.00875579 0.00992596
0 0.453966 0.290205 0.00988427 0.0103017
0 0.330858 0.548352 0.00812101 0.0101858
0 0.70782 0.25736 0.00624371 0.00810936
0 0.588323 0.560206 0.0084101 0.0113378
0 0.133452 0.80772 0.00759768 0.00814325
0 0.523405 0.681474 0.00623834 0.00846577
0 0.631959 0.377564 0.00735569 0.00771478
0 0.379448 0.874762 0.0084931 0.00840145
0 0.13119 0.606463 0.00866719 0.00985801
0 0.380132 0.865034 0.00684571 0.00861973
0 0.316296 0.422712 0.00646535 0.00807485
0 0.119601 0.717552 0.00982454 0.0125184
0 0.27231 0.407533 0.00870714 0.00915775
0 0.483738 0.501576 0.00629348 0.00752831
0 0.135489 0.737484 0.00918098 0.00986159
0 0.18137 0.912246 0.00892192 0.0102217
0 0.693221 0.349622 0.00780374 0.00951165
0 0.750587 0.2844 0.00790751 0.0113051
0 0.172392 0.503148 0.00758225 0.00825232
0 0.582214 0.220097 0.00697994 0.00760837
0 0.387854 0.622072 0.00822464 0.00958842
0 0.375096 0.890811 0.00832891 0.00949061
0 0.749867 0.279662 0.00850189 0.00956661
0 0.7423 0.374919 0.0131299 0.0117603
0 0.367911 0.398628 0.00684208 0.00769007
0 0.632899 0.334241 0.0078038 0.00868121
0 0.168814 0.957378 0.00871882 0.00870192
0 0.721574 0.291054 0.00773144 0.00902584
0 0.384692 0.892965 0.0113032 0.00961417
0 0.535567 0.600283 0.00807744 0.00836581
0 0.470496 0.678983 0.00700799 0.00784779
