0 0.0772612 0.0466028 0.0115867 0.010146
0 0.115674 0.0613101 0.00842595 0.00974403
0 0.110011 0.045287 0.00977006 0.0098433
0 0.158078 0.0925924 0.00758195 0.00797612
0 0.0771617 0.0329991 0.0111721 0.011003
0 0.108153 0.157173 0.00895762 0.00928482
0 0.14487 0.0976312 0.0100897 0.00996035
0 0.061467 0.0614769 0.00925231 0.00998298
0 0.149218 0.127458 0.00958316 0.0111662
0 0.103922 0.107451 0.0133627 0.0117004
0 0.11063 0.141229 0.0107382 0.0127936
0 0.154397 0.131698 0.0124745 0.0122145
0 0.0169031 0.0950467 0.00891518 0.0114378
0 0.0853591 0.0565418 0.00727633 0.00865772
0 0.111957 0.143181 0.0106463 0.0130539
0 0.158187 0.092576 0.00913654 0.0105183
0 0.197702 0.806709 0.0104614 0.0106583
0 0.0295489 0.0953764 0.00967967 0.0124359
0 0.0415327 0.101143 0.00775075 0.00935772
0 0.00592399 0.0300415 0.0106467 0.0109613
0 0.0303537 0.0940693 0.00893694 0.0104872
0 0.153776 0.131292 0.0151246 0.0146545
0 0.152139 0.129442 0.0161723 0.0165167
0 0.0303109 0.0933077 0.00720473 0.00766165
0 0.0327468 0.108911 0.00946387 0.00964274
0 0.102536 0.108573 0.0139048 0.0104129
0 0.115203 0.0604101 0.0107697 0.0121339
