0 0.640264 0.840163 0.0100142 0.0126606
0 0.689396 0.732622 0.0118753 0.012086
0 0.865429 0.866761 0.0113193 0.0137417
0 0.72776 0.721987 0.00876886 0.0101924
0 0.719559 0.819562 0.0102598 0.0103569
0 0.699137 0.717627 0.0113218 0.0141485
0 0.86563 0.837139 0.0109751 0.0111942
0 0.638923 0.76124 0.00862813 0.00945568
0 0.703311 0.767107 0.0103638 0.0117104
0 0.976421 0.892447 0.00725859 0.00779361
0 0.693614 0.779797 0.00941861 0.0116057
0 0.961295 0.888845 0.00837535 0.00830311
0 0.665981 0.784184 0.0114627 0.0102131
0 0.751362 0.736438 0.00905818 0.00911105
0 0.759603 0.717584 0.0102391 0.0108561
0 0.657181 0.743693 0.0102277 0.00894099
0 0.654974 0.769012 0.00751829 0.00900596
0 0.960284 0.899485 0.0086143 0.00797963
0 0.716441 0.721957 0.00712603 0.0081085
0 0.654413 0.79079 0.00718904 0.00855482
0 0.986591 0.888127 0.00766808 0.00821644
0 0.993133 0.905891 0.0100254 0.0119856
0 0.657253 0.744097 0.00804901 0.00764287
0 0.657562 0.731803 0.01012 0.00937653
0 0.743511 0.713356 0.00871164 0.0110313
0 0.964783 0.952002 0.0106872 0.00987166
0 0.648799 0.754729 0.00670773 0.0083521
0 0.964083 0.934314 0.012236 0.0104738
0 0.693644 0.747526 0.00893658 0.011104
0 0.841349 0.786923 0.0107227 0.0100256
0 0.674768 0.771084 0.00723541 0.00912207
