0 0.301253 0.641089 0.00961742 0.0100249
0 0.266744 0.603415 0.00942469 0.0107036
0 0.316797 0.651768 0.00972643 0.0107446
0 0.721178 0.6919 0.00993288 0.0105692
0 0.227582 0.553448 0.00984435 0.0111656
0 0.282662 0.61685 0.00956193 0.0101828
0 0.722631 0.708679 0.0101868 0.0100824
0 0.324497 0.626143 0.0118703 0.0114588
0 0.96217 0.737657 0.0103145 0.0107975
0 0.157744 0.48677 0.0093586 0.0104336
0 0.52702 0.786767 0.00975394 0.0100594
0 0.169909 0.494175 0.00941959 0.0109833
0 0.351606 0.610021 0.00698107 0.0095076
0 0.6279 0.199651 0.010107 0.0125669
0 0.93961 0.77155 0.00907838 0.00952321
0 0.618644 0.209955 0.00912267 0.00967965
0 0.5259 0.770824 0.00993085 0.0100181
0 0.171567 0.423951 0.00833505 0.00993595
0 0.645641 0.214893 0.0101431 0.0107924
0 0.530585 0.802609 0.00859201 0.0096609
0 0.184986 0.438212 0.00985949 0.00982818
0 0.958688 0.764869 0.0103897 0.0113748
0 0.209178 0.542382 0.0112757 0.0141639
0 0.227037 0.4976 0.0088499 0.0103386
0 0.337402 0.601924 0.0086422 0.0095526
0 0.330174 0.586442 0.00916967 0.0102207
0 0.361625 0.608142 0.00729859 0.00904447
0 0.185836 0.541773 0.00857182 0.00954592
0 0.518332 0.809004 0.00932568 0.0097481
0 0.0433403 0.458595 0.0083465 0.0098469
0 0.522264 0.822995 0.00996017 0.00927335
0 0.367479 0.617401 0.00725535 0.00855047
0 0.619265 0.209116 0.0114092 0.0113461
0 0.130625 0.529036 0.00789376 0.00961047
0 0.519983 0.797254 0.00848258 0.00930071
0 0.195672 0.542407 0.00820808 0.00957334
0 0.92719 0.969617 0.00839937 0.00863552
0 0.174676 0.474074 0.00780116 0.00960025
0 0.329133 0.597369 0.00896406 0.00819224
0 0.974674 0.745541 0.00926989 0.00998437
0 0.0615157 0.201947 0.00851825 0.00943337
0 0.219379 0.499809 0.024686 0.01614
0 0.628363 0.198423 0.0122854 0.0134181
0 0.213636 0.500812 0.0145369 0.015645
0 0.212267 0.502853 0.0107325 0.0126753
0 0.909005 0.704898 0.00907099 0.0100441
0 0.504025 0.816858 0.00759107 0.00903666
