0 0.729188 0.0285897 0.0105355 0.011039
0 0.54317 0.304515 0.00859493 0.0085806
0 0.574733 0.23775 0.00791973 0.0101412
0 0.522765 0.28497 0.00760746 0.0118082
0 0.502258 0.489617 0.00725412 0.00898811
0 0.519562 0.350933 0.00686437 0.00850555
0 0.604406 0.401137 0.0083639 0.00885171
0 0.509375 0.39291 0.00697839 0.010583
0 0.748712 0.00813437 0.00760126 0.00961485
0 0.615535 0.292866 0.00894904 0.00907841
0 0.562363 0.249709 0.00833565 0.00910026
0 0.526446 0.447557 0.00662851 0.00868264
0 0.465447 0.56672 0.00853547 0.0106123
0 0.568088 0.399359 0.00820029 0.0089677
0 0.584138 0.401374 0.00700742 0.0078226
0 0.607437 0.303966 0.00834388 0.00921774
0 0.644319 0.373637 0.0105858 0.00837845
0 0.533165 0.380022 0.00645292 0.00801736
0 0.757588 0.0134628 0.0063619 0.00884919
0 0.445029 0.622949 0.00726891 0.00794411
0 0.543949 0.265892 0.00749511 0.00765201
0 0.531817 0.313148 0.00731933 0.0081175
0 0.18574 0.0143138 0.00987425 0.00962452
0 0.803799 0.052948 0.010995 0.0113495
0 0.748662 0.00737941 0.00956255 0.0108871
0 0.484391 0.329535 0.00761709 0.00945491
0 0.542376 0.549458 0.00673544 0.00764447
0 0.521645 0.397267 0.0090788 0.00892034
0 0.608222 0.353794 0.0109949 0.0122606
0 0.20747 0.015126 0.0100717 0.00982514
0 0.472752 0.328353 0.00922555 0.010423
0 0.21593 0.798288 0.0133591 0.0154786
0 0.707347 0.0100722 0.0154383 0.0157057
0 0.529156 0.429501 0.00712186 0.00796491
0 0.540121 0.329237 0.00607055 0.00779885
0 0.430157 0.334382 0.0144611 0.0128691
0 0.542479 0.385876 0.00811905 0.0103603
0 0.533402 0.29563 0.00809175 0.0104656
0 0.58836 0.369154 0.00859833 0.0106498
0 0.492641 0.494644 0.00609285 0.00717223
0 0.528568 0.577618 0.00585175 0.00915211
0 0.0198691 0.189323 0.0122472 0.0116415
0 0.537095 0.367828 0.00677156 0.0076164
0 0.554242 0.398961 0.0087595 0.0107067
0 0.444904 0.634882 0.00672132 0.00703889
