0 0.521613 0.0728592 0.0122967 0.012059
0 0.845138 0.134201 0.0140913 0.0144048
0 0.513342 0.09345 0.0126377 0.0112112
0 0.527214 0.0518868 0.0152294 0.0171767
0 0.839013 0.11197 0.0153006 0.01327
0 0.551359 0.0616708 0.0139461 0.0129555
0 0.550682 0.078942 0.0122339 0.0112407
0 0.502607 0.0698265 0.0119509 0.0139043
0 0.54217 0.0930221 0.0134791 0.0124684
0 0.835179 0.154261 0.0164596 0.0167193
0 0.556649 0.0253001 0.012578 0.014302
0 0.489795 0.0945903 0.0119375 0.0125773
0 0.520564 0.109764 0.0118817 0.0119675
0 0.490429 0.0937553 0.0153223 0.0167275
0 0.820607 0.124234 0.0142927 0.0142792
0 0.360336 0.0671292 0.0151342 0.0162773
0 0.334781 0.0658851 0.0163425 0.0187661
0 0.50234 0.105106 0.0104915 0.0106785
0 0.847809 0.0979567 0.0216686 0.0173678
0 0.49494 0.0909965 0.017185 0.0164564
