0 0.918429 0.250006 0.01232 0.012421
0 0.791462 0.271715 0.00959831 0.0102312
0 0.759733 0.248751 0.00889969 0.00912255
0 0.783517 0.229905 0.00945812 0.00937915
0 0.777047 0.266278 0.00957185 0.00931594
0 0.767852 0.257378 0.0078938 0.00886604
0 0.942569 0.56481 0.0103386 0.0108158
0 0.553124 0.632795 0.0113649 0.0113608
0 0.751517 0.339571 0.0102658 0.0104018
0 0.572343 0.348251 0.00882989 0.0101133
0 0.934648 0.347869 0.00865513 0.00951985
0 0.882684 0.332707 0.00896645 0.0096204
0 0.582364 0.301924 0.00963062 0.0105261
0 0.942143 0.610722 0.00815052 0.00943357
0 0.981351 0.683706 0.0108429 0.0129294
0 0.750599 0.259028 0.00993675 0.0102283
0 0.963593 0.310208 0.00821036 0.00926009
0 0.910937 0.307867 0.00994569 0.0105487
0 0.918695 0.345037 0.00876844 0.00981236
0 0.577125 0.315497 0.00925088 0.0103902
0 0.933038 0.602152 0.00961059 0.00979078
0 0.840605 0.897438 0.0106922 0.0103607
0 0.980752 0.268286 0.00869447 0.0110216
0 0.892963 0.292314 0.00821072 0.00955629
0 0.925625 0.984777 0.00927317 0.00910282
0 0.926768 0.316453 0.00907558 0.0105332
0 0.72355 0.265281 0.00805312 0.00815743
0 0.862886 0.28881 0.00985146 0.0103979
0 0.873228 0.928345 0.00830626 0.00922161
0 0.874223 0.318999 0.00862139 0.00944117
0 0.478841 0.64038 0.00825664 0.010252
0 0.804718 0.282675 0.00753897 0.0077346
0 0.947491 0.268955 0.00928569 0.00989324
0 0.902802 0.282635 0.00895691 0.0090479
0 0.786077 0.310984 0.0074814 0.00929439
0 0.54575 0.297273 0.00883979 0.00903627
0 0.836567 0.297333 0.00815123 0.00896826
0 0.779638 0.281343 0.00909287 0.0102644
0 0.8592 0.339977 0.00812495 0.0093317
0 0.307079 0.926299 0.0109865 0.0136465
0 0.990109 0.669791 0.00923085 0.0102312
0 0.503106 0.482026 0.0097639 0.0102655
0 0.267453 0.984836 0.00786015 0.00867426
0 0.932497 0.336071 0.00767463 0.00731412
0 0.879572 0.237848 0.00774419 0.00884943
0 0.826932 0.420634 0.00885695 0.00953883
0 0.945076 0.358332 0.00867057 0.00946486
0 0.766142 0.311446 0.00715667 0.00964072
0 0.780502 0.2532 0.00753993 0.00979827
0 0.77513 0.364547 0.00826585 0.00947121
0 0.55256 0.646317 0.00893021 0.00864351
0 0.86534 0.26581 0.00762957 0.00920746
0 0.492962 0.66477 0.0109915 0.0129833
0 0.888371 0.538498 0.0115733 0.0123283
0 0.583755 0.33299 0.00718623 0.00900555
0 0.757202 0.379489 0.00921613 0.00894269
0 0.783556 0.321866 0.00721854 0.00733128
0 0.858286 0.277226 0.00891 0.00875196
0 0.807653 0.351406 0.00862354 0.00915313
0 0.776079 0.31253 0.00708342 0.00988495
0 0.906948 0.952298 0.0114419 0.0119801
0 0.827428 0.910239 0.00850028 0.00994831
0 0.571901 0.285521 0.00835389 0.0125208
0 0.963916 0.264323 0.0103945 0.0141404
0 0.790728 0.338775 0.00774992 0.0086526
0 0.48722 0.715804 0.00935936 0.00990087
0 0.959539 0.291547 0.00822681 0.0074026
0 0.738791 0.311716 0.0121124 0.0186005
0 0.738637 0.30802 0.0122342 0.0155487
0 0.839718 0.286572 0.00736046 0.00817388
0 0.738434 0.341035 0.00826997 0.00968474
0 0.904206 0.956445 0.0113825 0.0128475
0 0.814416 0.281052 0.00684035 0.00848979
0 0.494629 0.725557 0.00931111 0.00914592
0 0.982461 0.712376 0.00919491 0.00935668
0 0.542965 0.669895 0.00890046 0.00921303
0 0.913765 0.329794 0.00737077 0.00837979
0 0.915944 0.292907 0.00837994 0.00847068
0 0.90571 0.954355 0.0132667 0.0163555
0 0.846987 0.300778 0.00764734 0.00895825
0 0.905602 0.632688 0.00740469 0.0104512
0 0.792169 0.370248 0.00908124 0.00891858
0 0.907588 0.553643 0.0131382 0.0133573
0 0.27469 0.953214 0.00784156 0.00944805
0 0.840309 0.44338 0.00860828 0.00985813
0 0.908232 0.234888 0.00939637 0.00913273
0 0.552662 0.657135 0.00799674 0.00800925
0 0.904867 0.298971 0.00838506 0.00860527
0 0.828846 0.439407 0.00847089 0.00982419
0 0.893243 0.291695 0.0101951 0.0112063
0 0.256192 0.991527 0.00844735 0.00873488
0 0.983095 0.607262 0.00660592 0.00673884
0 0.903888 0.163218 0.00790346 0.00968972
0 0.917162 0.994359 0.0136169 0.0107729
0 0.572798 0.283324 0.00945765 0.0167489
0 0.992078 0.343468 0.00687486 0.00772592
0 0.905982 0.556003 0.0102203 0.0140266
0 0.942213 0.609648 0.0096432 0.0109655
0 0.756802 0.380334 0.0111009 0.0104169
0 0.54217 0.657629 0.00787354 0.00850731
0 0.505901 0.724888 0.00802946 0.00925905
0 0.939517 0.375777 0.00583398 0.00743294
0 0.272937 0.96683 0.00827399 0.00903171
0 0.794111 0.324731 0.00804693 0.0096035
0 0.513114 0.714953 0.0106609 0.0114138
0 0.973025 0.66791 0.0065304 0.00780398
0 0.791931 0.372128 0.00966001 0.0112957
0 0.909914 0.612946 0.00746918 0.0082944
0 0.77963 0.28134 0.00757807 0.00753307
0 0.767009 0.30971 0.010283 0.0105156
0 0.789434 0.378511 0.0100474 0.0102249
0 0.937777 0.951939 0.0088253 0.0157883
0 0.576878 0.31536 0.0114136 0.0121214
0 0.750337 0.260264 0.0121967 0.0125458
0 0.787799 0.295009 0.00747919 0.00923166
