0 0.988512 0.316606 0.0199509 0.0205193
0 0.982864 0.709078 0.0129257 0.0110846
0 0.959919 0.621354 0.00941563 0.00876731
0 0.957486 0.658813 0.0116159 0.0113702
0 0.965553 0.608568 0.0107021 0.00907463
0 0.984602 0.724739 0.00828969 0.0127819
0 0.93707 0.164488 0.00803488 0.00858414
0 0.962482 0.155843 0.0108902 0.0153055
0 0.965755 0.583531 0.00681269 0.00973129
0 0.931017 0.243086 0.00866735 0.00876975
0 0.969463 0.633106 0.00752908 0.00863039
0 0.92294 0.429647 0.00877118 0.00875092
0 0.992124 0.555331 0.00612283 0.00674021
0 0.963052 0.154583 0.013612 0.0185558
