0 0.299686 0.435474 0.0166982 0.0160786
0 0.334002 0.466982 0.0160006 0.0124266
0 0.256157 0.00941784 0.0177048 0.0154091
0 0.314354 0.76041 0.0182279 0.0143774
0 0.0108335 0.459609 0.0129847 0.0124299
0 0.0101876 0.250478 0.0200095 0.0211294
0 0.0726882 0.452301 0.0154762 0.0128064
0 0.0105661 0.45969 0.00953258 0.0112322
0 0.117166 0.0278126 0.0223598 0.0149099
0 0.0704493 0.420226 0.0203762 0.0150221
0 0.064467 0.0268552 0.0143096 0.0122352
0 0.0069867 0.422637 0.0139734 0.0193481
0 0.0435949 0.372975 0.0155739 0.0140527
0 0.132035 0.198194 0.0194359 0.0172421
0 0.127961 0.0878655 0.0242357 0.0195573
0 0.536238 0.840089 0.0190312 0.0147896
0 0.194157 0.155142 0.0164655 0.0152864
0 0.143801 0.728945 0.0159531 0.0133398
