0 0.558239 0.0719659 0.00760084 0.00958329
0 0.0716334 0.0477578 0.00797255 0.00919952
0 0.0853297 0.045976 0.00801954 0.00888347
0 0.0533641 0.141055 0.00762842 0.0102585
0 0.561319 0.03737 0.0109458 0.0112233
0 0.0403493 0.0974114 0.00784345 0.0093626
0 0.380286 0.0530206 0.0089559 0.010419
0 0.565835 0.020667 0.0104635 0.00993733
0 0.564386 0.0573751 0.00957471 0.00912445
0 0.0975345 0.116556 0.00813111 0.00951353
0 0.454292 0.0952645 0.00842208 0.00971639
0 0.111689 0.11252 0.00918031 0.0106338
0 0.440065 0.0390908 0.00970134 0.0100641
0 0.173668 0.0217255 0.00950973 0.00960116
0 0.0131771 0.047213 0.00789987 0.00932672
0 0.567988 0.0845341 0.00887513 0.00978087
0 0.0367649 0.122601 0.0080245 0.00989995
0 0.0930309 0.0360573 0.00868256 0.00855579
0 0.0593764 0.113096 0.00926461 0.0109898
0 0.0669311 0.173565 0.00869439 0.0100713
0 0.321451 0.0233585 0.00809747 0.00819414
0 0.46395 0.0824605 0.0085699 0.00923881
0 0.442404 0.112859 0.00916958 0.0103018
0 0.0510093 0.0591881 0.00717069 0.00778408
0 0.340362 0.0395149 0.00750661 0.0087727
0 0.465832 0.120521 0.00885525 0.00901724
0 0.161524 0.115441 0.00921559 0.0106842
0 0.0254816 0.170979 0.00951106 0.0097896
0 0.533343 0.0111514 0.0104128 0.0132877
0 0.498772 0.0780208 0.00862429 0.0103351
0 0.367584 0.09147 0.00731295 0.00868489
0 0.18504 0.0442354 0.00904498 0.00891281
0 0.112301 0.0583106 0.00932238 0.0103732
0 0.313397 0.0394634 0.0119752 0.0130043
0 0.136073 0.0588938 0.0106048 0.0141675
0 0.216609 0.02576 0.0114981 0.00952084
0 0.525848 0.0262567 0.00827432 0.00973414
0 0.428879 0.164088 0.00972605 0.0113439
0 0.533446 0.0679378 0.0081566 0.00825012
0 0.226003 0.115343 0.00854902 0.00915349
0 0.0704807 0.0620834 0.00815897 0.00782866
0 0.0632967 0.101837 0.00859747 0.0087312
0 0.636555 0.095244 0.0086956 0.0100381
0 0.0131192 0.159513 0.00702386 0.0082067
0 0.398775 0.0454867 0.0078899 0.00847035
0 0.538378 0.0512529 0.00764793 0.00836453
0 0.648578 0.0265709 0.00814438 0.0089534
0 0.381329 0.103361 0.00775418 0.00958118
0 0.508365 0.00275369 0.00781614 0.00517571
0 0.0929996 0.0580232 0.00878911 0.00845373
0 0.212361 0.166389 0.00855489 0.00943644
0 0.0617669 0.153814 0.00808592 0.00916021
0 0.644545 0.0151941 0.00717294 0.00789273
0 0.117199 0.142845 0.00925103 0.00988156
0 0.0968157 0.0132925 0.00868388 0.0090939
0 0.443113 0.0174924 0.00834835 0.0089257
0 0.0507313 0.0741914 0.00739765 0.00763657
0 0.625537 0.0525411 0.0079031 0.00936351
0 0.401177 0.108464 0.00713789 0.00752919
0 0.27515 0.0411931 0.00839937 0.00933259
0 0.386204 0.0893639 0.00836647 0.00984249
0 0.0248934 0.0862783 0.00816003 0.00900523
0 0.178452 0.0895423 0.007365 0.00942507
0 0.0309546 0.157709 0.00809083 0.00967386
0 0.526308 0.0617358 0.00801843 0.00812578
0 0.0190997 0.0620812 0.00787168 0.00876173
0 0.64268 0.00370214 0.00768161 0.00717108
0 0.338273 0.0280816 0.00696287 0.00802504
0 0.496199 0.0125996 0.00758475 0.00892607
0 0.0598512 0.0702126 0.0080138 0.00855238
0 0.245669 0.0997718 0.00860997 0.00980403
0 0.516972 0.064089 0.00606954 0.00787111
0 0.168544 0.098878 0.00821206 0.00861911
0 0.291739 0.075725 0.00829333 0.00961642
0 0.154249 0.0453343 0.00856356 0.00948851
0 0.0121557 0.171401 0.00729731 0.00931677
0 0.542043 0.0390547 0.00731027 0.00740825
0 0.348037 0.0326723 0.00592738 0.00685532
0 0.467911 0.0460141 0.0129478 0.0134297
0 0.0666771 0.200975 0.0093508 0.00784284
0 0.408496 0.100548 0.00921449 0.00819231
0 0.46973 0.0474107 0.0123104 0.0126922
0 0.0040959 0.152983 0.00784365 0.0101121
0 0.0729001 0.184467 0.00937305 0.00896582
0 0.172313 0.0806556 0.00753789 0.00790019
0 0.390565 0.114943 0.00609654 0.00646121
0 0.452958 0.00418996 0.0111815 0.00805035
0 0.511862 0.08075 0.00858766 0.00795931
0 0.427105 0.0919789 0.00711128 0.00723718
0 0.40729 0.0996421 0.00935718 0.00817063
0 0.366966 0.126636 0.00860912 0.0107843
0 0.51003 0.0703065 0.007523 0.00657043
0 0.380305 0.0918951 0.00728387 0.00772214
0 0.519084 0.0175707 0.00818861 0.00911508
0 0.334666 0.00411161 0.00793114 0.0074401
0 0.527579 0.0631091 0.0099659 0.0109974
0 0.634561 0.0117737 0.00694495 0.00822325
0 0.117551 0.143124 0.0110442 0.012422
0 0.350996 0.0701403 0.00646245 0.00733461
0 0.0596926 0.0687954 0.00753287 0.00879154
0 0.412159 0.0422536 0.00732291 0.00830361
0 0.509153 0.0646748 0.00839144 0.0109681
0 0.224502 0.0674438 0.00839138 0.00835705
