0 0.732122 0.929834 0.013526 0.0159138
0 0.683986 0.916856 0.012129 0.015987
0 0.982212 0.814764 0.014505 0.0148462
0 0.578866 0.0408755 0.0178926 0.0172014
0 0.557561 0.0555687 0.0193674 0.0215346
0 0.873045 0.771408 0.0165642 0.0162184
0 0.881621 0.751523 0.0157356 0.0143588
0 0.934751 0.867324 0.0223702 0.0181568
0 0.974874 0.830228 0.0128638 0.0116675
0 0.323553 0.225289 0.0146854 0.014179
0 0.384491 0.99103 0.0176289 0.0152748
0 0.944543 0.602698 0.0166111 0.0160053
0 0.842554 0.14675 0.0130695 0.0167919
0 0.241789 0.820657 0.00789972 0.011363
0 0.662697 0.277453 0.0167032 0.0186994
0 0.767021 0.278547 0.014087 0.0134475
0 0.765199 0.238238 0.0183966 0.0164198
0 0.576563 0.330044 0.0102217 0.0132579
0 0.995116 0.826137 0.00973743 0.0127962
0 0.941463 0.67421 0.0182535 0.0171652
0 0.791811 0.710989 0.0147638 0.0182108
0 0.418825 0.985324 0.0165179 0.0138878
0 0.369101 0.255839 0.0199119 0.0136512
0 0.77576 0.846504 0.0138999 0.0143564
0 0.994264 0.289295 0.011471 0.0122271
0 0.700915 0.852599 0.0173967 0.0182304
0 0.5194 0.0809113 0.0195787 0.0186347
0 0.980545 0.248963 0.0125744 0.0142594
0 0.938928 0.787271 0.0159199 0.0147792
0 0.263329 0.895714 0.013535 0.0101181
0 0.366954 0.402435 0.0100868 0.0128365
0 0.418585 0.620144 0.0190089 0.015521
0 0.536379 0.179809 0.0135925 0.0167566
0 0.948314 0.640374 0.011163 0.0100836
0 0.915745 0.648976 0.0163887 0.0155401
0 0.915195 0.647366 0.0189915 0.0197927
0 0.613908 0.0539479 0.0217096 0.0182688
0 0.957061 0.664595 0.0159371 0.0156076
0 0.761817 0.238835 0.0277758 0.0235201
0 0.247373 0.892728 0.00795718 0.0110985
0 0.953964 0.848648 0.0132297 0.0163826
0 0.917469 0.599765 0.018758 0.0167252
0 0.951686 0.769745 0.018325 0.0178558
0 0.588571 0.0241858 0.0131108 0.0112183
0 0.947765 0.640823 0.0141461 0.013061
0 0.51731 0.472463 0.0137272 0.0125283
0 0.925409 0.62004 0.010907 0.0136467
0 0.585116 0.176427 0.0136439 0.017362
0 0.59305 0.0118786 0.0155596 0.0157489
0 0.912187 0.645294 0.0186878 0.0207373
0 0.699888 0.24221 0.0142617 0.0108504
0 0.575916 0.329011 0.0132366 0.0172143
0 0.885254 0.179615 0.0120186 0.00997438
0 0.723515 0.316699 0.0266342 0.0201608
0 0.331073 0.416889 0.019587 0.0180343
0 0.777797 0.988535 0.0152422 0.012983
0 0.507917 0.539296 0.0132903 0.0107223
0 0.940454 0.917629 0.0122924 0.0116712
0 0.996014 0.195443 0.0078913 0.0197775
0 0.589079 0.176613 0.0231324 0.0218094
