0 0.317934 0.89376 0.0121627 0.0120056
0 0.547184 0.892163 0.00717294 0.00811577
0 0.374286 0.948057 0.0107529 0.010458
0 0.585333 0.928211 0.00701654 0.00701767
0 0.229436 0.883036 0.00845729 0.0115418
0 0.304021 0.929672 0.00849077 0.00777704
0 0.343516 0.965378 0.00878221 0.0110422
0 0.279063 0.996317 0.0123911 0.00736654
0 0.397123 0.889727 0.00849968 0.00880718
0 0.345104 0.961107 0.00981256 0.0119541
0 0.269414 0.984941 0.00891829 0.00824928
0 0.341307 0.856857 0.00982514 0.00941062
0 0.327986 0.948807 0.0103445 0.00934559
0 0.542879 0.853179 0.00788385 0.00672036
0 0.349526 0.94788 0.00819165 0.00951844
0 0.354843 0.969848 0.00787055 0.00786626
0 0.358852 0.940064 0.0104094 0.00902158
