0 0.416063 0.873772 0.0123547 0.0116598
0 0.410891 0.822404 0.00815335 0.00773084
0 0.366274 0.523202 0.00828946 0.00843108
0 0.561953 0.723086 0.00840694 0.0095045
0 0.425152 0.760901 0.0109253 0.0101126
0 0.427842 0.602253 0.00787985 0.0079779
0 0.348128 0.577128 0.0084323 0.00867987
0 0.557991 0.776682 0.00681019 0.00729334
0 0.463944 0.583767 0.00796261 0.00833017
0 0.486716 0.6278 0.0081732 0.00937098
0 0.411807 0.634926 0.00936624 0.00910473
0 0.542845 0.701562 0.011809 0.0137739
0 0.445796 0.802077 0.0075081 0.00810164
0 0.802358 0.661085 0.00898796 0.00865555
0 0.43612 0.811381 0.00819302 0.00753552
0 0.386096 0.642374 0.00763932 0.00773078
0 0.310485 0.549434 0.00914496 0.00901204
0 0.327188 0.580126 0.00903681 0.00849301
0 0.752851 0.685347 0.00933743 0.0101231
0 0.0656504 0.984418 0.00963136 0.00835341
0 0.460129 0.778308 0.00677776 0.00698948
0 0.515113 0.861194 0.0101044 0.0090937
0 0.83923 0.646604 0.00854838 0.0086115
0 0.429689 0.841048 0.00656024 0.0054695
0 0.719777 0.580457 0.0136951 0.0125347
0 0.365355 0.508357 0.00793332 0.0083127
0 0.660576 0.65524 0.0078373 0.00731909
0 0.939839 0.721218 0.00817776 0.00774634
0 0.52222 0.905412 0.0113155 0.0086605
0 0.154378 0.894575 0.0127642 0.0137951
0 0.429284 0.830402 0.00849637 0.00828934
0 0.823793 0.571392 0.0119545 0.0117384
0 0.603572 0.71471 0.00707734 0.0071491
0 0.405259 0.862308 0.00957927 0.0100401
0 0.692698 0.685853 0.00871235 0.00877243
0 0.445125 0.734194 0.00773373 0.00818843
0 0.689352 0.710371 0.00627452 0.00737286
0 0.398332 0.827511 0.00778645 0.00788039
0 0.468369 0.651603 0.00964534 0.00862944
0 0.470295 0.627316 0.00945625 0.00985122
0 0.171195 0.921942 0.00687216 0.00784796
0 0.835586 0.559675 0.00730014 0.0082866
0 0.377061 0.499279 0.00772077 0.00797194
0 0.65379 0.734223 0.00711787 0.00776219
0 0.841351 0.577139 0.0120212 0.0130419
0 0.653521 0.860972 0.00718468 0.00720096
0 0.416526 0.580371 0.00711462 0.00722748
0 0.662706 0.540632 0.00958157 0.00938034
0 0.308721 0.858409 0.00651082 0.0071013
0 0.554711 0.734128 0.00723666 0.00778997
0 0.655169 0.764007 0.00708812 0.00778258
0 0.546984 0.78402 0.00599021 0.00703263
0 0.708792 0.868296 0.00776577 0.00801235
0 0.459739 0.829201 0.00688839 0.00738889
0 0.500518 0.747422 0.00781822 0.0100191
0 0.482761 0.797867 0.00854588 0.0086695
0 0.479867 0.61958 0.00607604 0.00689071
0 0.704338 0.858226 0.00681186 0.00723803
0 0.655576 0.697888 0.00865024 0.0104144
0 0.603978 0.697223 0.00613338 0.00628108
0 0.58423 0.958749 0.00922984 0.00935894
0 0.392827 0.792727 0.00876412 0.00796431
0 0.934274 0.786724 0.00725001 0.0071615
0 0.952798 0.722904 0.00696659 0.00744915
0 0.298195 0.863515 0.00824606 0.00871795
0 0.69642 0.673175 0.00878692 0.0090974
0 0.352975 0.60157 0.00788361 0.00809139
0 0.395066 0.563359 0.00794563 0.0081808
0 0.491873 0.767055 0.00820982 0.00975913
0 0.592954 0.804334 0.00818133 0.00831604
0 0.453193 0.652542 0.00708446 0.00827599
0 0.334769 0.613219 0.010102 0.00860202
0 0.428067 0.801504 0.00728703 0.00759816
0 0.572963 0.718443 0.00895619 0.00788158
0 0.15727 0.916216 0.0070823 0.00748062
0 0.351092 0.551192 0.00813463 0.00824434
0 0.329751 0.795472 0.00926915 0.00949067
0 0.658642 0.7113 0.00760704 0.00807893
0 0.741522 0.591422 0.00816727 0.00905758
0 0.689999 0.847913 0.00569111 0.00580674
0 0.438292 0.695964 0.0101742 0.0101388
0 0.552584 0.766223 0.00718784 0.00773793
0 0.669624 0.709271 0.00762463 0.011113
0 0.342881 0.559057 0.0086697 0.00823039
0 0.43166 0.570752 0.00724182 0.00682485
0 0.485627 0.902135 0.00696221 0.00727922
0 0.527664 0.848822 0.00796932 0.00790066
0 0.951993 0.741474 0.00633204 0.00635898
0 0.679852 0.528162 0.0082913 0.0111594
0 0.328517 0.540414 0.00776854 0.00809306
0 0.427959 0.639386 0.00704527 0.00728691
0 0.386402 0.573135 0.00777414 0.00813949
0 0.938112 0.808752 0.00734425 0.00950277
0 0.574467 0.783268 0.0094862 0.0103555
0 0.449454 0.867256 0.00819054 0.00911313
0 0.212236 0.940151 0.00815754 0.00981313
0 0.323458 0.746796 0.00764188 0.00757295
0 0.357252 0.542286 0.00716531 0.00758892
0 0.739205 0.666936 0.00615776 0.00694644
0 0.361484 0.480795 0.00844184 0.00928783
0 0.363722 0.563205 0.00789815 0.00761628
0 0.32604 0.932087 0.00781497 0.00828665
0 0.331669 0.810848 0.0129322 0.0120476
0 0.150412 0.94019 0.00807132 0.00848848
0 0.681788 0.657554 0.0104282 0.00890112
0 0.261862 0.846765 0.00731611 0.00965768
0 0.369792 0.667637 0.00735274 0.00986236
0 0.215327 0.953891 0.00743137 0.00771827
0 0.304455 0.588339 0.0116345 0.0107805
0 0.463757 0.738277 0.0069378 0.00787014
0 0.718154 0.532049 0.00910121 0.010774
0 0.578434 0.772122 0.00967771 0.00858879
0 0.697102 0.615037 0.00699979 0.0127465
0 0.579261 0.809999 0.007218 0.00748861
0 0.453195 0.745312 0.0105099 0.0105238
0 0.826491 0.59269 0.011858 0.0105284
0 0.852313 0.548731 0.00576931 0.00628698
0 0.319633 0.535839 0.00730568 0.00791264
0 0.595605 0.815663 0.00975513 0.00903374
0 0.491625 0.724557 0.0075371 0.00735736
0 0.107101 0.890814 0.00869065 0.00856745
0 0.505585 0.630598 0.00749588 0.00806189
0 0.39906 0.840848 0.0068776 0.0075497
0 0.777591 0.514785 0.00753731 0.00815964
0 0.559417 0.651215 0.00783443 0.00810546
0 0.39707 0.813373 0.00790575 0.00747722
0 0.772217 0.603803 0.00719291 0.00641322
0 0.764275 0.634444 0.0107323 0.0106298
0 0.395244 0.754382 0.00827417 0.00763243
0 0.473911 0.860182 0.00773621 0.0101277
0 0.503079 0.558248 0.00751147 0.00738245
0 0.502215 0.579284 0.00709641 0.00787294
0 0.651007 0.873904 0.00896531 0.0107517
0 0.658912 0.671511 0.00928038 0.0105438
0 0.108156 0.853178 0.00685511 0.00709403
0 0.380168 0.67772 0.00768805 0.00900102
0 0.0651561 0.909812 0.00715966 0.00674284
0 0.502383 0.592614 0.00747359 0.00707972
0 0.775965 0.609932 0.00632399 0.00735468
0 0.660081 0.808041 0.00645256 0.00691181
0 0.503673 0.85089 0.00907326 0.0106968
0 0.916739 0.726995 0.00835419 0.00893772
0 0.56447 0.802051 0.00796032 0.00721073
0 0.361793 0.606985 0.00754562 0.00781482
0 0.430057 0.570936 0.00866815 0.00755864
0 0.458991 0.857693 0.00606412 0.00651437
0 0.816131 0.559936 0.00714153 0.00766277
0 0.76622 0.615862 0.00830936 0.0106052
0 0.671169 0.842914 0.00930524 0.007806
0 0.529598 0.830055 0.00646859 0.00676197
0 0.748289 0.582469 0.00652277 0.00700802
0 0.167543 0.908638 0.00786957 0.00848866
0 0.555176 0.573266 0.00788146 0.00818789
0 0.762535 0.632906 0.00997132 0.0107679
0 0.0860827 0.930966 0.00848424 0.00762534
0 0.677717 0.523552 0.00895804 0.00951385
0 0.857769 0.539213 0.00777054 0.00884438
0 0.398195 0.688508 0.00737637 0.00860357
0 0.560944 0.854953 0.00722402 0.00921381
0 0.733699 0.600338 0.0073868 0.0089407
0 0.646037 0.640606 0.00773364 0.00756931
0 0.407763 0.667502 0.00645855 0.00729889
0 0.584699 0.738629 0.00985068 0.01034
0 0.974666 0.286148 0.00888288 0.00860268
0 0.412994 0.621657 0.00677186 0.00819492
0 0.254672 0.877203 0.00632554 0.0077557
0 0.465778 0.61374 0.00668642 0.00756592
0 0.679653 0.658603 0.00984973 0.00919271
0 0.67094 0.581901 0.00855827 0.00733274
0 0.242852 0.879646 0.00933385 0.00954098
0 0.585315 0.737096 0.00939703 0.0102872
0 0.54568 0.912162 0.00749606 0.00792843
0 0.610215 0.634662 0.00728631 0.00942069
0 0.385863 0.743101 0.00642794 0.00650007
0 0.651516 0.753024 0.00520152 0.00596654
0 0.34453 0.733874 0.00775936 0.00786859
0 0.701452 0.766097 0.00611544 0.00653684
0 0.416792 0.663301 0.00757027 0.00731814
0 0.974446 0.990503 0.0115172 0.0125272
0 0.119488 0.900547 0.007758 0.0076344
0 0.478341 0.876803 0.00830001 0.00812417
0 0.946917 0.77017 0.00740641 0.00740945
0 0.657672 0.84645 0.00739801 0.00819033
0 0.76278 0.454034 0.00965899 0.0092724
0 0.273646 0.927653 0.00736484 0.00895846
0 0.427783 0.580314 0.0084092 0.00684518
0 0.666845 0.871248 0.00898707 0.010352
0 0.30245 0.951494 0.00873375 0.00874823
0 0.555565 0.759492 0.00695616 0.00787872
0 0.467033 0.839569 0.00778332 0.00817037
0 0.128911 0.861558 0.00741448 0.00823706
0 0.694813 0.807537 0.00718576 0.00716436
0 0.432686 0.708566 0.00785694 0.00980616
0 0.722977 0.853457 0.00872225 0.00955313
0 0.657334 0.58672 0.00809687 0.00773406
0 0.949401 0.284981 0.00844228 0.00924388
0 0.8825 0.567349 0.012031 0.0123072
0 0.537098 0.860429 0.00971293 0.0123606
0 0.594069 0.816104 0.0100458 0.00863457
0 0.401406 0.706982 0.00645399 0.00673175
0 0.0837918 0.88312 0.00700404 0.00688398
0 0.523027 0.577092 0.00658363 0.0101908
0 0.421399 0.714099 0.00912741 0.00858241
0 0.902171 0.353934 0.00928956 0.00942287
0 0.547775 0.589728 0.00755537 0.00865871
0 0.455569 0.690824 0.00818416 0.0102756
0 0.642645 0.666126 0.00778908 0.010838
0 0.388517 0.803105 0.00661212 0.0068959
0 0.946863 0.702444 0.00614548 0.00666809
0 0.458238 0.765898 0.00716582 0.0071373
0 0.420921 0.844674 0.00568983 0.00650924
0 0.457981 0.851706 0.00760394 0.00845492
0 0.523967 0.586765 0.00780761 0.00831777
0 0.869515 0.551327 0.00789762 0.00949472
0 0.441447 0.712233 0.0120702 0.0114563
0 0.588103 0.854617 0.00631785 0.00766754
0 0.94843 0.787977 0.00677162 0.00678676
0 0.802972 0.549811 0.0098148 0.0111397
0 0.604372 0.564974 0.00699389 0.00710851
0 0.942123 0.740322 0.00693971 0.00817692
0 0.515616 0.808852 0.00851226 0.00874859
0 0.540159 0.592519 0.011597 0.00999945
0 0.598521 0.617781 0.0105168 0.0115822
0 0.382989 0.730789 0.00809941 0.00798285
0 0.534964 0.858587 0.0116041 0.0105835
0 0.65116 0.822179 0.00591129 0.00679171
0 0.963727 0.741824 0.00883639 0.00778085
0 0.448567 0.841873 0.0066348 0.00720865
0 0.905425 0.803287 0.00922549 0.0091511
0 0.906362 0.802513 0.00873643 0.00882804
0 0.802782 0.548042 0.00876659 0.0128384
0 0.690459 0.602246 0.010454 0.00919116
0 0.468224 0.794899 0.00716296 0.00664252
0 0.508864 0.72884 0.00557762 0.00666845
0 0.636242 0.867918 0.00822592 0.00896913
0 0.683946 0.552374 0.00805706 0.00816363
0 0.453278 0.56773 0.00707188 0.00922841
0 0.416921 0.831656 0.00713253 0.00678062
0 0.452799 0.570601 0.00795001 0.00977278
0 0.537993 0.591481 0.00989962 0.00984788
0 0.472463 0.862993 0.00734538 0.0075615
0 0.665097 0.876116 0.00941622 0.00936663
0 0.595337 0.743515 0.00764179 0.00814754
0 0.734241 0.528072 0.0101502 0.0109077
0 0.62042 0.725542 0.00859964 0.00770742
0 0.474722 0.759867 0.00716698 0.00748581
0 0.520488 0.6571 0.00670695 0.00696719
0 0.391 0.682541 0.00668934 0.0082708
0 0.40098 0.728683 0.00668764 0.00806421
0 0.399819 0.727883 0.00771996 0.00832993
0 0.585531 0.923182 0.00637323 0.00624943
0 0.669511 0.664909 0.00751269 0.00903004
0 0.566776 0.794655 0.00725687 0.00762856
0 0.724987 0.479987 0.00987816 0.0131985
0 0.673159 0.857463 0.00715142 0.00738221
0 0.401729 0.741978 0.00710335 0.00768161
0 0.659206 0.668734 0.0103914 0.010994
0 0.634022 0.632735 0.00647789 0.00688511
0 0.64335 0.832495 0.00693828 0.00715518
0 0.834957 0.519755 0.00941545 0.00868505
0 0.372035 0.744548 0.00671893 0.0066458
0 0.966825 0.791305 0.00745338 0.00785947
0 0.271555 0.947428 0.00995034 0.00868815
0 0.191444 0.308161 0.00816351 0.00931662
0 0.49554 0.830703 0.00683966 0.00675738
0 0.572312 0.676326 0.00932169 0.00796336
0 0.472699 0.855703 0.00744495 0.00711173
0 0.774436 0.624043 0.0073387 0.00775278
0 0.861109 0.561763 0.00772172 0.00673389
0 0.918053 0.754902 0.00733107 0.00756419
0 0.377155 0.81094 0.00804508 0.00747681
0 0.472991 0.544384 0.00723779 0.00739259
0 0.821486 0.51744 0.00768089 0.00892717
0 0.477039 0.927143 0.00606978 0.00710964
0 0.437894 0.85987 0.00716522 0.00713998
0 0.565293 0.874026 0.00812358 0.00723344
0 0.761636 0.631655 0.00875658 0.00957072
0 0.572665 0.82471 0.00759524 0.00705069
0 0.951883 0.79633 0.00719333 0.00701964
0 0.383818 0.704919 0.00663948 0.0068506
0 0.622338 0.703328 0.00717849 0.00738382
0 0.380605 0.574649 0.00856578 0.0078122
0 0.666462 0.889848 0.0104284 0.00908357
0 0.936676 0.752724 0.00719225 0.00867927
0 0.0553425 0.923863 0.00681071 0.00655442
0 0.317337 0.785713 0.00967762 0.0089342
0 0.66835 0.722695 0.00877094 0.00931263
0 0.918051 0.396676 0.0107012 0.00996581
0 0.915254 0.724568 0.0100952 0.010371
0 0.786224 0.465155 0.00795519 0.00787523
0 0.379909 0.575572 0.00723189 0.00707823
0 0.410994 0.704665 0.00667477 0.00735825
0 0.594443 0.744995 0.00755465 0.00879616
0 0.573041 0.82555 0.00903589 0.00761628
0 0.57393 0.780006 0.00940496 0.0117732
0 0.394433 0.755159 0.00971889 0.00864917
0 0.466153 0.700366 0.00983018 0.00999498
0 0.560198 0.649471 0.00841999 0.00823551
0 0.905745 0.435035 0.00689965 0.00785676
0 0.516553 0.687913 0.00714648 0.00740051
