0 0.306115 0.423757 0.0119274 0.0129678
0 0.095153 0.769673 0.0144673 0.0134237
0 0.299953 0.354012 0.0128919 0.0138772
0 0.217993 0.0418441 0.0156669 0.0192808
0 0.22504 0.802177 0.0136899 0.0133185
0 0.289535 0.409414 0.0130495 0.0128756
0 0.338132 0.473946 0.0124159 0.0113942
0 0.324983 0.387313 0.0106014 0.0110663
0 0.287144 0.368801 0.0115606 0.0122817
0 0.315164 0.406344 0.0132481 0.013406
0 0.264782 0.392179 0.0112443 0.0106449
0 0.0591772 0.728912 0.0131337 0.0129992
0 0.276067 0.355742 0.0111654 0.0114345
0 0.225363 0.882679 0.0143222 0.0118517
0 0.410931 0.588632 0.0114023 0.0129042
0 0.229947 0.74665 0.0129736 0.0121965
0 0.161641 0.957551 0.0160419 0.0122223
0 0.857581 0.293817 0.0118384 0.0133877
0 0.132507 0.55034 0.0126308 0.0120312
0 0.165991 0.588181 0.0137631 0.0133308
0 0.23336 0.958163 0.0102668 0.010684
0 0.238572 0.937658 0.0134392 0.0125751
0 0.241008 0.866739 0.0127187 0.010926
0 0.499969 0.20179 0.0112604 0.0100058
0 0.338143 0.358407 0.0159508 0.0170638
0 0.62563 0.203991 0.0115265 0.0117774
0 0.274659 0.912852 0.01318 0.0125362
0 0.488597 0.00857389 0.00964662 0.0111482
0 0.0829508 0.841293 0.0147684 0.0125631
0 0.217527 0.897608 0.014415 0.0134358
0 0.191823 0.720995 0.0130619 0.0123126
0 0.209216 0.933142 0.0128323 0.0126259
0 0.397717 0.519132 0.012839 0.0105354
0 0.308289 0.38881 0.0130363 0.0123774
0 0.0475748 0.845291 0.0131338 0.0129118
0 0.499431 0.672153 0.012113 0.0132374
0 0.350839 0.388394 0.0116299 0.0111747
0 0.243027 0.911943 0.0130667 0.0123646
0 0.339746 0.399443 0.0126553 0.0121598
0 0.265701 0.965356 0.016067 0.0140817
0 0.316264 0.461945 0.0130825 0.0125815
0 0.122061 0.590767 0.0120147 0.0121141
0 0.183813 0.85251 0.0141396 0.0136501
0 0.166555 0.873609 0.0115062 0.0101122
0 0.204652 0.491405 0.0119703 0.0104094
0 0.160792 0.859267 0.0108555 0.0126669
0 0.222959 0.948338 0.0139295 0.0129727
0 0.277667 0.931365 0.0134967 0.0127907
0 0.16697 0.892626 0.0164131 0.0136521
0 0.213568 0.73745 0.0130653 0.0127867
0 0.331401 0.547311 0.0112314 0.0120037
0 0.341907 0.537057 0.00900936 0.0106153
0 0.464252 0.696243 0.00974655 0.0164557
0 0.404695 0.983695 0.0115064 0.0107684
0 0.349645 0.508309 0.0100441 0.0108334
0 0.0974695 0.655236 0.0109189 0.00962776
0 0.455388 0.651436 0.00971317 0.0123884
0 0.536693 0.498181 0.0103001 0.0118401
0 0.258748 0.433104 0.0103099 0.0111695
0 0.204329 0.797801 0.0130795 0.0130609
0 0.360672 0.482051 0.0134166 0.0119817
0 0.471587 0.424212 0.00833338 0.00843877
0 0.258403 0.925054 0.0133028 0.0129436
0 0.0060822 0.840613 0.0115281 0.0127648
0 0.48352 0.420104 0.00777665 0.00782892
0 0.447105 0.633869 0.012311 0.0126607
0 0.167959 0.893021 0.0206114 0.0157463
0 0.129078 0.87502 0.0139891 0.0156563
0 0.200399 0.51775 0.0112503 0.00893283
0 0.86314 0.185904 0.0106519 0.012536
0 0.306457 0.443993 0.0127587 0.0120365
0 0.119269 0.433705 0.011692 0.0112101
0 0.331056 0.516451 0.0117247 0.0112582
0 0.178079 0.763683 0.0124441 0.0123314
0 0.233349 0.576901 0.0096181 0.00922644
0 0.497272 0.452276 0.00989932 0.00915983
0 0.724252 0.441953 0.0100592 0.0121351
0 0.476351 0.385644 0.0122647 0.0121995
