0 0.321919 0.904242 0.00784993 0.00791973
0 0.160684 0.773523 0.00782236 0.00846368
0 0.11938 0.792445 0.00792819 0.00835311
0 0.0902206 0.690637 0.00708978 0.00804722
0 0.319784 0.915374 0.00767326 0.00752413
0 0.402645 0.966442 0.00804806 0.00857967
0 0.499282 0.649231 0.00935552 0.00969028
0 0.204306 0.802827 0.00875348 0.00909227
0 0.114661 0.57769 0.0117913 0.0100058
0 0.387311 0.976323 0.0112645 0.0115557
0 0.110239 0.704746 0.00650629 0.00796896
0 0.289708 0.95214 0.00878143 0.008699
0 0.236399 0.935322 0.0074359 0.00880587
0 0.203968 0.740425 0.00788899 0.00902921
0 0.215247 0.651354 0.00808211 0.0102783
0 0.326958 0.936565 0.00797206 0.00904787
0 0.488665 0.678534 0.00799903 0.00927711
0 0.0192333 0.827367 0.00797016 0.00829738
0 0.108175 0.674008 0.00844874 0.00773662
0 0.140691 0.666103 0.00686935 0.00706154
0 0.0963117 0.680632 0.00827458 0.0085519
0 0.274082 0.945903 0.00740051 0.00730377
0 0.0276035 0.760544 0.00683336 0.0074119
0 0.245264 0.932133 0.0064743 0.00763816
0 0.188272 0.628557 0.00746818 0.00793302
0 0.14307 0.67418 0.00748911 0.00755322
0 0.469494 0.728817 0.00880224 0.00960982
0 0.424996 0.827316 0.00946254 0.00935709
0 0.267783 0.931479 0.00733727 0.00810242
0 0.104017 0.739875 0.0079319 0.00801361
0 0.559201 0.665599 0.0110291 0.0162095
0 0.39524 0.960393 0.0056859 0.00720632
0 0.0667484 0.610868 0.00735829 0.00756329
0 0.0565991 0.767368 0.00770895 0.00825709
0 0.09974 0.706598 0.00784445 0.0081026
0 0.00941399 0.782484 0.00745921 0.00895464
0 0.496 0.623706 0.00806773 0.0101449
