0 0.624686 0.862049 0.0153441 0.0145371
0 0.960553 0.117559 0.0112678 0.0126025
0 0.649629 0.832396 0.0149702 0.0136662
0 0.111373 0.849576 0.0152484 0.0144178
0 0.945488 0.784034 0.0127472 0.0130461
0 0.170539 0.307136 0.0139786 0.013297
0 0.201221 0.513504 0.0169921 0.0191836
0 0.937411 0.080573 0.0130932 0.0125002
0 0.597911 0.749736 0.0140415 0.0133152
0 0.955993 0.153306 0.0132567 0.0129899
0 0.549016 0.361835 0.0134143 0.0121454
0 0.211905 0.864287 0.0146911 0.0142582
0 0.959238 0.769196 0.0126484 0.0122234
0 0.43835 0.918292 0.0155043 0.0140136
0 0.153765 0.138726 0.0142696 0.0137835
0 0.951153 0.135784 0.0125198 0.0121635
0 0.495722 0.959957 0.00994703 0.00983161
0 0.434384 0.953046 0.0145799 0.0142469
0 0.516847 0.570907 0.0154402 0.014127
0 0.922429 0.065532 0.0149023 0.0143727
0 0.978611 0.119392 0.0121654 0.0119434
0 0.867687 0.32189 0.0141048 0.0133643
0 0.102815 0.35366 0.0112915 0.00984871
0 0.90225 0.143833 0.0123472 0.0122521
0 0.693549 0.924479 0.0138071 0.0130581
0 0.896855 0.227531 0.0128303 0.0121677
0 0.445915 0.859411 0.0152291 0.0137493
0 0.904317 0.127896 0.0124855 0.0119744
0 0.653321 0.909001 0.0145723 0.0127102
0 0.792535 0.688199 0.0109722 0.0110256
0 0.0523111 0.531669 0.0154005 0.013817
0 0.762088 0.952225 0.0110166 0.0105806
0 0.95998 0.611625 0.0127119 0.0124556
0 0.917211 0.109755 0.0134838 0.0144119
0 0.984988 0.452058 0.0134346 0.0129082
0 0.216868 0.955493 0.0126537 0.0117154
0 0.776665 0.942484 0.0106544 0.0106823
0 0.761252 0.899919 0.0116999 0.0136871
0 0.939578 0.465649 0.0117008 0.0117046
0 0.226222 0.0769151 0.0144971 0.0115859
0 0.836149 0.628702 0.0182377 0.0177025
0 0.014925 0.912146 0.0141551 0.0150124
0 0.0350312 0.438893 0.0141252 0.0122852
0 0.828288 0.317239 0.012167 0.010925
0 0.271233 0.928682 0.0157894 0.0135189
0 0.367037 0.00891992 0.00953436 0.0110454
0 0.144569 0.29369 0.0141315 0.0111575
0 0.476973 0.934128 0.00925142 0.0100256
0 0.848797 0.245491 0.0104347 0.010638
0 0.50598 0.947154 0.0111296 0.0111538
0 0.873888 0.763496 0.0132508 0.0142284
0 0.913469 0.552389 0.0151592 0.0138423
0 0.962652 0.103716 0.0112168 0.011288
0 0.537538 0.775208 0.0191706 0.0148758
0 0.597453 0.271612 0.0124448 0.0120613
0 0.643131 0.896893 0.0129129 0.0135285
0 0.984104 0.25612 0.0145391 0.0122865
0 0.80956 0.247122 0.0116901 0.010985
0 0.673073 0.797224 0.0152294 0.0118205
0 0.00657575 0.9782 0.0119906 0.0134705
0 0.237488 0.966255 0.0110834 0.0106663
0 0.749022 0.91788 0.011493 0.0131821
0 0.45837 0.963682 0.0132645 0.0135689
0 0.670756 0.95834 0.0122876 0.0121975
0 0.985567 0.0393966 0.0120977 0.0096763
0 0.913479 0.216623 0.0145704 0.0137144
0 0.967488 0.0457074 0.0145864 0.012052
0 0.636952 0.746773 0.0144302 0.0119585
0 0.0056718 0.93234 0.0113436 0.0131183
0 0.654405 0.736098 0.0113467 0.0103765
0 0.621515 0.799072 0.0120823 0.0106159
0 0.480563 0.963257 0.0101427 0.010458
0 0.607844 0.704581 0.0155038 0.0116327
0 0.656046 0.971448 0.0120921 0.0106871
0 0.655998 0.982312 0.0187681 0.0202953
0 0.0651547 0.9474 0.0127987 0.011639
0 0.64435 0.930438 0.00964373 0.00956821
0 0.684597 0.871102 0.0132625 0.0114532
0 0.161539 0.183545 0.0120459 0.0147112
0 0.50406 0.786489 0.0143718 0.0117008
0 0.863936 0.302522 0.011023 0.0119381
0 0.0781305 0.786907 0.013884 0.0129983
0 0.790556 0.254164 0.0121151 0.0111537
0 0.858909 0.282688 0.011203 0.0127955
0 0.154156 0.0758597 0.0124567 0.0110818
0 0.102962 0.109317 0.014832 0.0135247
0 0.0361123 0.88402 0.0118211 0.0111465
0 0.80585 0.264863 0.0103763 0.0108837
0 0.811551 0.611169 0.0135624 0.0133632
0 0.154932 0.923826 0.0158385 0.012418
0 0.655667 0.985877 0.0173387 0.0121746
0 0.986017 0.039501 0.0144142 0.0116397
0 0.907026 0.259767 0.0113716 0.0110084
0 0.292183 0.928674 0.0118845 0.0104601
0 0.494966 0.940088 0.00850162 0.00927806
0 0.984026 0.255702 0.0167097 0.0155845
0 0.787852 0.283517 0.0128567 0.012682
0 0.314124 0.824871 0.0145528 0.0109888
0 0.291113 0.977917 0.0137323 0.0124149
0 0.829251 0.280121 0.0125164 0.0100179
0 0.654921 0.977416 0.0180493 0.0243106
0 0.467468 0.923919 0.00999194 0.00948066
0 0.51167 0.957688 0.00829697 0.00700432
0 0.503106 0.828866 0.0102886 0.0117754
0 0.786223 0.911495 0.0100025 0.00907403
0 0.218062 0.0915635 0.00963278 0.00847854
0 0.959661 0.768832 0.0152981 0.0145785
0 0.0072164 0.978379 0.0144328 0.0157907
0 0.0794428 0.786872 0.0173374 0.0150717
0 0.771086 0.777784 0.0113508 0.0100611
