0 0.0305596 0.0551327 0.0189806 0.0128024
0 0.593724 0.9831 0.015757 0.012748
0 0.592374 0.962726 0.0171953 0.013267
0 0.552669 0.542015 0.0143692 0.0137922
0 0.213821 0.683019 0.0181928 0.0152342
0 0.659276 0.835914 0.017066 0.0119556
0 0.052901 0.241387 0.022645 0.018533
0 0.429354 0.140542 0.0201795 0.0167592
0 0.231351 0.542983 0.018064 0.0145974
0 0.180971 0.842654 0.0144801 0.00998306
0 0.553683 0.403021 0.0197048 0.0140944
0 0.425721 0.786493 0.0167278 0.0127149
0 0.020761 0.993035 0.00953752 0.012933
0 0.163412 0.41132 0.0258995 0.0143665
0 0.163166 0.710113 0.014911 0.0115528
0 0.428743 0.804039 0.0180693 0.0141745
0 0.542242 0.832003 0.0241079 0.0135147
0 0.0431438 0.325448 0.017941 0.018636
0 0.124563 0.692874 0.0122367 0.0105526
