0 0.666352 0.369995 0.00914383 0.0103561
0 0.471296 0.929297 0.00857008 0.00868642
0 0.454299 0.61909 0.01065 0.0108883
0 0.667307 0.441763 0.00970501 0.0111988
0 0.695402 0.502201 0.0116979 0.0102247
0 0.849081 0.4843 0.00870872 0.0109321
0 0.388076 0.894288 0.0139304 0.0134888
0 0.299295 0.155513 0.0104949 0.0116818
0 0.663537 0.390612 0.00937599 0.0107212
0 0.592624 0.301659 0.00918925 0.0104498
0 0.713499 0.47454 0.00940776 0.00965232
0 0.501804 0.229356 0.00829834 0.00829454
0 0.246872 0.520354 0.0102451 0.0105519
0 0.654265 0.528353 0.00862831 0.00955331
0 0.865773 0.647547 0.00858897 0.0103979
0 0.398121 0.932935 0.00864848 0.0107942
0 0.651881 0.514228 0.0077641 0.00881165
0 0.539348 0.315426 0.00736761 0.00759274
0 0.337117 0.586265 0.0107998 0.0104393
0 0.654748 0.433098 0.00981826 0.0108253
0 0.38496 0.914042 0.00863308 0.010516
0 0.224914 0.446102 0.0131313 0.013595
0 0.461263 0.73714 0.00982305 0.010598
0 0.634276 0.490383 0.00875485 0.0093382
0 0.356836 0.542485 0.0090692 0.00965947
0 0.373157 0.596165 0.00976062 0.00980878
0 0.80253 0.41013 0.00923759 0.0105701
0 0.319679 0.870277 0.00874239 0.00971889
0 0.567879 0.402189 0.00865632 0.0106267
0 0.711388 0.451538 0.00898987 0.00936136
0 0.74794 0.426999 0.00942814 0.00953266
0 0.593291 0.216827 0.0101116 0.00943609
0 0.853805 0.417578 0.00849152 0.0091835
0 0.491888 0.920564 0.00838089 0.00819284
0 0.0665901 0.297256 0.0115728 0.00999492
0 0.446915 0.0217168 0.00800362 0.00792789
0 0.466539 0.196532 0.0080488 0.00995021
0 0.431328 0.492295 0.00907993 0.010058
0 0.725888 0.439439 0.0087778 0.0098789
0 0.850625 0.647788 0.00885165 0.00931603
0 0.849421 0.432884 0.0102669 0.0112362
0 0.647784 0.275801 0.00913143 0.00961724
0 0.445658 0.969191 0.0110291 0.0112808
0 0.307605 0.624106 0.00939816 0.0097931
0 0.216341 0.647445 0.0085267 0.00919515
0 0.628494 0.985035 0.00691724 0.0081318
0 0.696732 0.558557 0.00987166 0.0101465
0 0.754668 0.494024 0.0117291 0.0163738
0 0.339575 0.808678 0.0118015 0.0121412
0 0.652794 0.361659 0.00869864 0.00881204
0 0.541893 0.304573 0.00765842 0.00770187
0 0.597199 0.989621 0.00829107 0.00904655
0 0.605081 0.202543 0.00840694 0.00836721
0 0.862595 0.775644 0.0126934 0.0140072
0 0.57366 0.166087 0.0092923 0.0110337
0 0.632921 0.260205 0.00714034 0.0078764
0 0.569906 0.959182 0.0101057 0.0096342
0 0.740113 0.52641 0.00874996 0.00985682
0 0.8368 0.413363 0.0101349 0.0104865
0 0.261573 0.865734 0.0095064 0.0106541
0 0.354722 0.0331335 0.00580892 0.00599617
0 0.353353 0.204319 0.0110838 0.00966983
0 0.57541 0.294993 0.00908476 0.00898668
0 0.259799 0.0970904 0.00796032 0.00867077
0 0.392434 0.0214248 0.0080317 0.00934658
0 0.789497 0.396864 0.00876075 0.00887862
0 0.41282 0.271801 0.0118042 0.0113628
0 0.331376 0.7039 0.00875458 0.00979084
0 0.601433 0.237678 0.00828743 0.0101276
0 0.692054 0.361472 0.00893438 0.00839922
0 0.477756 0.235169 0.0118901 0.0107038
0 0.440726 0.602932 0.00852892 0.00851589
0 0.290065 0.621754 0.0086011 0.00942516
0 0.492211 0.894191 0.00918704 0.0112562
0 0.328248 0.798264 0.00798798 0.00853348
0 0.337063 0.252223 0.00901404 0.00919633
0 0.646114 0.180395 0.00903356 0.0076779
0 0.654586 0.374442 0.00723225 0.00742549
0 0.407479 0.875898 0.0116115 0.0114715
0 0.738115 0.542466 0.00828725 0.0100697
0 0.691665 0.276946 0.0119798 0.00894311
0 0.78444 0.501909 0.00908422 0.0112274
0 0.67045 0.501509 0.00860327 0.00917378
0 0.504252 0.217798 0.00911465 0.0077579
0 0.39183 0.608445 0.0113104 0.0110355
0 0.295765 0.132953 0.00895765 0.00906548
0 0.375462 0.529944 0.00860813 0.00982988
0 0.387163 0.540356 0.00952852 0.0102355
0 0.453903 0.188999 0.00813255 0.0101305
0 0.506657 0.283575 0.00832283 0.00955421
0 0.789917 0.472424 0.0106592 0.0111985
0 0.622755 0.538372 0.00937176 0.0104771
0 0.267115 0.542075 0.0070385 0.00761294
0 0.977591 0.646695 0.0107266 0.0130257
0 0.185709 0.336674 0.00871581 0.00821996
0 0.481688 0.900247 0.0104218 0.0114735
0 0.691236 0.522392 0.0108212 0.0104662
0 0.657627 0.303121 0.00752109 0.0091297
0 0.630741 0.303857 0.00859481 0.00877267
0 0.804287 0.472219 0.00772017 0.009334
0 0.610579 0.986214 0.00719106 0.00714362
0 0.698164 0.54268 0.00835514 0.0090704
0 0.592319 0.155146 0.00822943 0.0079087
0 0.232799 0.305154 0.00837302 0.00767648
0 0.574497 0.204972 0.010206 0.00977659
0 0.35173 0.641122 0.00801983 0.00946867
0 0.624948 0.505755 0.00915736 0.00889891
0 0.347767 0.768222 0.00946626 0.0100834
0 0.233921 0.513926 0.0103297 0.0104433
0 0.378095 0.26101 0.00725383 0.00921813
0 0.203901 0.26644 0.00853789 0.00799564
0 0.646568 0.346111 0.0080151 0.00947174
0 0.892796 0.917803 0.0106907 0.0106403
0 0.267398 0.140785 0.00822383 0.00781688
0 0.693541 0.240847 0.00871569 0.00937124
0 0.333395 0.264594 0.00583801 0.00657529
0 0.394985 0.511658 0.00976008 0.00886679
0 0.153909 0.430982 0.00874893 0.00865057
0 0.617373 0.344949 0.00918174 0.0107095
0 0.364578 0.200329 0.00765219 0.00949521
0 0.172987 0.288881 0.00687937 0.00815955
0 0.834802 0.483428 0.0120791 0.0114496
0 0.449583 0.94057 0.00786123 0.00812227
0 0.0591489 0.460528 0.00712004 0.006888
0 0.813335 0.373837 0.0120929 0.00849992
0 0.67626 0.190367 0.00659895 0.00712383
0 0.0594691 0.47342 0.010328 0.0101299
0 0.317919 0.231453 0.0106725 0.0128899
0 0.564402 0.37959 0.00815576 0.00853556
0 0.689002 0.52764 0.0133646 0.0182799
0 0.255566 0.147338 0.00832769 0.00769509
0 0.0327099 0.710779 0.00723564 0.00770271
0 0.392367 0.255608 0.00801039 0.00752252
0 0.638389 0.326412 0.00844014 0.00830191
0 0.275581 0.132615 0.00639096 0.00728032
0 0.48632 0.947835 0.00655556 0.0073055
0 0.201951 0.564812 0.00851406 0.00930637
0 0.397084 0.586698 0.00874099 0.0076372
0 0.337607 0.185087 0.00973317 0.0133645
0 0.183807 0.433586 0.0111035 0.0116698
0 0.441543 0.20167 0.00857335 0.00967494
0 0.547694 0.919558 0.00886279 0.00885087
0 0.692377 0.253415 0.00773239 0.00664422
0 0.48544 0.280242 0.00947323 0.00851035
0 0.633357 0.274112 0.00676984 0.00733894
0 0.579866 0.421966 0.010596 0.0117064
0 0.698318 0.482888 0.00750083 0.00735414
0 0.279195 0.256791 0.00884414 0.00912917
0 0.448939 0.0447499 0.00852785 0.00915002
0 0.415475 0.254237 0.0127405 0.0089079
0 0.351627 0.496451 0.0110144 0.013073
0 0.122636 0.383919 0.00989338 0.0109881
0 0.34383 0.510307 0.0112022 0.00977021
0 0.475372 0.942337 0.00779936 0.0085426
0 0.504931 0.335755 0.0094195 0.0108353
0 0.405145 0.559967 0.00938112 0.0107718
0 0.365229 0.607127 0.00944692 0.00961208
0 0.0591332 0.428847 0.00783287 0.0076929
0 0.552096 0.299902 0.00746971 0.00907001
0 0.36521 0.261655 0.00872469 0.00787219
0 0.163508 0.521957 0.00957263 0.00972748
0 0.276698 0.581516 0.0104178 0.0108792
0 0.353479 0.520953 0.00799936 0.0108235
0 0.846651 0.894308 0.00839466 0.00889361
0 0.12429 0.307832 0.00682054 0.00817946
0 0.314522 0.317353 0.00847149 0.00679255
0 0.877756 0.442646 0.0100961 0.00962621
0 0.398613 0.539791 0.0102791 0.0109354
0 0.542294 0.280619 0.00687718 0.00736094
0 0.879237 0.47247 0.00907671 0.0102438
0 0.057832 0.411587 0.00756412 0.00769958
0 0.404048 0.263244 0.00730065 0.0083023
0 0.0268311 0.330423 0.00835122 0.0105191
0 0.801694 0.464621 0.00801945 0.0101233
0 0.433309 0.738965 0.00844449 0.00862026
0 0.4511 0.212333 0.0080328 0.00853872
0 0.583911 0.165633 0.00751305 0.00841616
0 0.861178 0.663197 0.0105209 0.00950563
0 0.605713 0.532716 0.00933188 0.00906754
0 0.892511 0.639701 0.00866872 0.0110975
0 0.835124 0.44509 0.009709 0.00888517
0 0.409923 0.576613 0.0120099 0.0109382
0 0.732832 0.495536 0.00853825 0.00961733
0 0.194805 0.341613 0.00747895 0.00862476
0 0.750214 0.91247 0.0121419 0.0113365
0 0.33781 0.829647 0.0135054 0.0125427
0 0.198652 0.53267 0.00883146 0.0105509
0 0.638351 0.42927 0.0109482 0.0111594
0 0.598667 0.506788 0.0083372 0.00849628
0 0.467973 0.889103 0.0103174 0.0115311
0 0.585731 0.41812 0.0138667 0.0130321
0 0.581993 0.42032 0.0152529 0.0135552
0 0.44716 0.593405 0.0080944 0.00777531
0 0.588461 0.416551 0.00963455 0.0100475
0 0.239044 0.314431 0.00729485 0.00670624
0 0.390158 0.560669 0.00924224 0.0106762
0 0.111017 0.715862 0.00961456 0.00909305
0 0.276126 0.535333 0.00790319 0.00791842
0 0.832101 0.500394 0.00913429 0.0115381
0 0.427981 0.587335 0.0070112 0.00797307
0 0.0991875 0.353394 0.007898 0.00913835
0 0.395917 0.860481 0.0132776 0.0111637
0 0.230705 0.0645723 0.00934009 0.0114647
0 0.358598 0.0647829 0.00623524 0.00725761
0 0.171527 0.432778 0.00686428 0.00921965
0 0.799831 0.371368 0.00775546 0.00867653
0 0.307808 0.272668 0.00612959 0.00713319
0 0.284228 0.883809 0.00950575 0.00972253
0 0.0551988 0.290165 0.00916522 0.0102551
0 0.212565 0.509207 0.0147996 0.0157724
0 0.109197 0.354502 0.0093461 0.00807631
0 0.191033 0.285095 0.00902161 0.00818509
0 0.903374 0.931252 0.00831604 0.0102817
0 0.27133 0.0953287 0.0062418 0.00759337
0 0.652789 0.308554 0.00774693 0.00879097
0 0.202018 0.951501 0.00608249 0.00802273
0 0.123118 0.707905 0.00916609 0.010132
0 0.312976 0.296706 0.00688764 0.00727114
0 0.432151 0.974225 0.0071986 0.00945681
0 0.840972 0.693151 0.00805855 0.00967455
0 0.602114 0.410432 0.00844765 0.0109721
0 0.875334 0.925012 0.011068 0.0134692
0 0.319205 0.0789661 0.00754255 0.00860788
0 0.224261 0.223905 0.0077778 0.00897636
0 0.361751 0.648879 0.00828475 0.00791568
0 0.807053 0.960338 0.00898039 0.00901604
0 0.232718 0.288284 0.00657424 0.00697052
0 0.446748 0.735316 0.010724 0.0123889
0 0.410079 0.58068 0.0119846 0.015328
0 0.857374 0.676889 0.0096764 0.00957173
0 0.158586 0.510474 0.0103981 0.00984609
0 0.827297 0.465683 0.00643599 0.00788423
0 0.826181 0.754489 0.00742298 0.00791001
0 0.340946 0.240177 0.00770199 0.00775704
0 0.290717 0.853218 0.0111625 0.0133656
0 0.65845 0.475855 0.00645256 0.00776494
0 0.943882 0.730559 0.00945246 0.00967032
0 0.419151 0.968567 0.0120732 0.0107926
0 0.449231 0.00668527 0.00879726 0.010177
0 0.438036 0.868461 0.00817087 0.0105053
0 0.696741 0.255312 0.00886917 0.00826445
0 0.626009 0.291422 0.00741524 0.00840092
0 0.0506956 0.460992 0.00774502 0.00830671
0 0.565615 0.282097 0.0112925 0.0084447
0 0.386477 0.576028 0.0080452 0.00750333
0 0.386034 0.279751 0.00793004 0.00754386
0 0.585757 0.144558 0.00735438 0.00742415
0 0.573207 0.149551 0.00737447 0.00740214
0 0.196442 0.995772 0.0118233 0.00845498
0 0.476475 0.00463329 0.0114763 0.00697591
0 0.701619 0.0276686 0.00696713 0.007301
0 0.196761 0.946331 0.00780833 0.00745428
0 0.267327 0.0582275 0.00774053 0.00710016
0 0.425229 0.857451 0.00754452 0.00865632
0 0.196954 0.275653 0.00865117 0.0073173
0 0.281674 0.268685 0.00924769 0.00840005
0 0.392622 0.242171 0.00891578 0.00993447
0 0.350542 0.494625 0.0122272 0.0149942
0 0.305294 0.248706 0.00753048 0.00798139
0 0.347435 0.0247522 0.00971296 0.00891382
0 0.379611 0.300302 0.00850132 0.00741407
0 0.399344 0.499457 0.00901634 0.00827539
0 0.413656 0.704799 0.00888079 0.00924546
0 0.618421 0.344453 0.0117826 0.0122236
0 0.574103 0.382375 0.00619298 0.00721052
0 0.469862 0.260137 0.00611839 0.00687334
0 0.515894 0.339075 0.00856876 0.00974905
0 0.222085 0.0365877 0.0115738 0.0105559
0 0.596164 0.35336 0.00597954 0.00633234
0 0.199045 0.531458 0.0102207 0.0109312
0 0.954651 0.746957 0.0101532 0.0114287
0 0.953258 0.762492 0.00827652 0.00916302
0 0.176087 0.954018 0.0110859 0.0101494
0 0.447339 0.737118 0.0104555 0.0110145
0 0.870921 0.457291 0.00794488 0.00795221
0 0.394019 0.239643 0.00840205 0.0107144
0 0.74321 0.498835 0.00724274 0.00818941
0 0.156123 0.332758 0.00797111 0.00839391
0 0.300305 0.608328 0.00834835 0.0104572
0 0.385553 0.243213 0.00833213 0.00716411
0 0.367466 0.577767 0.00879392 0.0137783
0 0.363465 0.52422 0.00758243 0.00765496
0 0.286922 0.872567 0.00838429 0.00883901
0 0.393716 0.608276 0.00994357 0.00956178
0 0.492026 0.29287 0.00848484 0.00913343
0 0.478224 0.191279 0.00875244 0.0105519
0 0.158203 0.367663 0.00915393 0.00854453
0 0.574464 0.165816 0.0128563 0.0118663
0 0.351411 0.0980596 0.0101643 0.0113719
0 0.301215 0.278004 0.00643367 0.00621614
0 0.347135 0.175844 0.00765106 0.00818676
0 0.289315 0.617072 0.00800803 0.0124976
0 0.519563 0.305341 0.00765765 0.00795111
0 0.0841546 0.282565 0.00676177 0.00756592
0 0.391258 0.561935 0.0104691 0.0125465
0 0.325586 0.213719 0.00731564 0.00825997
0 0.626009 0.266965 0.00683481 0.00761729
0 0.390409 0.303802 0.0093464 0.0100337
0 0.0951957 0.430663 0.00729933 0.00757006
0 0.45352 0.900382 0.0105261 0.0114692
