0 0.559257 0.328068 0.00815785 0.00890502
0 0.702525 0.753217 0.00708926 0.00925303
0 0.595405 0.722712 0.00868398 0.00945342
0 0.309056 0.866323 0.0100923 0.0100954
0 0.672021 0.822628 0.00970536 0.00892335
0 0.290954 0.873486 0.00893736 0.00872535
0 0.521421 0.836008 0.00727171 0.008205
0 0.415986 0.821852 0.00960922 0.0106884
0 0.630033 0.660892 0.0107744 0.00912207
0 0.679347 0.786438 0.00691813 0.00693041
0 0.491209 0.845379 0.00864697 0.00887716
0 0.438945 0.621901 0.00917929 0.00965345
0 0.512401 0.365776 0.0119516 0.0111153
0 0.514412 0.897798 0.0077281 0.00973278
0 0.502594 0.898593 0.00893667 0.00931549
0 0.379572 0.926777 0.0106913 0.0102085
0 0.423035 0.884445 0.0138626 0.0135841
0 0.373337 0.756849 0.0101454 0.0112028
0 0.509784 0.761764 0.0079031 0.00851232
0 0.645291 0.867151 0.0088768 0.00872803
0 0.402445 0.79904 0.0102428 0.0103348
0 0.331369 0.705104 0.0102334 0.0109997
0 0.608906 0.699069 0.00959605 0.00833273
0 0.523903 0.676872 0.00680041 0.00725228
0 0.629679 0.646747 0.00850731 0.00830555
0 0.688787 0.715806 0.00870979 0.0108369
0 0.691577 0.891649 0.00901914 0.00943452
0 0.42381 0.421104 0.011907 0.0109621
0 0.953535 0.920792 0.00823402 0.00900269
0 0.406884 0.979478 0.00990915 0.0104605
0 0.473681 0.829536 0.0103869 0.00933135
0 0.204329 0.804893 0.0080841 0.00794411
0 0.384667 0.746677 0.00864422 0.00935555
0 0.40882 0.653762 0.0069029 0.00801045
0 0.561034 0.728717 0.00877225 0.0094263
0 0.508171 0.829023 0.00816613 0.00801677
0 0.482345 0.778859 0.00846481 0.00881028
0 0.554843 0.83193 0.0102766 0.00978357
0 0.69029 0.774417 0.00920314 0.00986385
0 0.445822 0.896655 0.00893497 0.009911
0 0.514517 0.797176 0.00822586 0.00879014
0 0.414755 0.76036 0.00710279 0.00761688
0 0.309754 0.840461 0.00960392 0.0104223
0 0.305329 0.965174 0.0105639 0.0124882
0 0.751024 0.889061 0.0125301 0.0104384
0 0.568919 0.808731 0.00824338 0.00982511
0 0.667173 0.809864 0.00805819 0.0109253
0 0.487234 0.973272 0.0106584 0.00965542
0 0.627185 0.633349 0.0082401 0.00844145
0 0.226717 0.747175 0.00896683 0.010655
0 0.420124 0.977501 0.00866345 0.0108551
0 0.578457 0.496702 0.00857162 0.00902349
0 0.686882 0.62414 0.00947428 0.00949013
0 0.630627 0.413173 0.0106996 0.0111801
0 0.694666 0.866668 0.00700551 0.0085938
0 0.235514 0.542492 0.00781211 0.00829542
0 0.469906 0.603942 0.00866508 0.00800759
0 0.611469 0.895704 0.00912207 0.0106171
0 0.53989 0.674091 0.00926864 0.00850439
0 0.490357 0.614542 0.00742662 0.00761008
0 0.57897 0.752638 0.0110464 0.011461
0 0.232593 0.724029 0.00766401 0.00814474
0 0.496878 0.688512 0.00801113 0.00765079
0 0.347713 0.940996 0.00943676 0.0108762
0 0.247059 0.73378 0.00936896 0.00943089
0 0.290515 0.847337 0.00688842 0.00703865
0 0.250653 0.230411 0.00862245 0.00910397
0 0.599676 0.738686 0.0100478 0.0103132
0 0.535122 0.361449 0.00939429 0.00952092
0 0.706036 0.735357 0.00987387 0.0105574
0 0.893811 0.804338 0.0114788 0.0119846
0 0.489494 0.96085 0.00816098 0.00740415
0 0.453965 0.60843 0.00642663 0.00653911
0 0.667536 0.849754 0.00954157 0.00953138
0 0.193088 0.808887 0.00807109 0.00933838
0 0.242426 0.49189 0.00802135 0.00839996
0 0.508525 0.883911 0.00854969 0.00886649
0 0.671271 0.770765 0.00827503 0.00964987
0 0.468579 0.775681 0.0104336 0.0105313
0 0.532961 0.634291 0.00763798 0.00807977
0 0.582222 0.394624 0.00970709 0.0106342
0 0.621117 0.401297 0.011388 0.01124
0 0.489184 0.702985 0.00720692 0.00752145
0 0.68651 0.877915 0.00707221 0.00810093
0 0.220283 0.779977 0.00926885 0.0083971
0 0.371461 0.916727 0.00774163 0.00828362
0 0.209655 0.464522 0.00653958 0.00716764
0 0.580894 0.71203 0.0098654 0.00985199
0 0.685745 0.743527 0.00945872 0.00871861
0 0.584506 0.694666 0.00869417 0.00939941
0 0.392205 0.808782 0.00823629 0.00896567
0 0.54637 0.736104 0.00739592 0.00814152
0 0.464046 0.724505 0.00888261 0.0088377
0 0.192591 0.488048 0.00815789 0.00825348
0 0.355333 0.915699 0.00828212 0.00967598
0 0.365449 0.923854 0.00903389 0.00879133
0 0.175226 0.820228 0.00885502 0.00946999
0 0.663486 0.77929 0.00668967 0.00676566
0 0.570479 0.635579 0.0064491 0.00759774
0 0.529258 0.345031 0.0100546 0.00970376
0 0.555246 0.616773 0.00896376 0.00907344
0 0.208291 0.140902 0.010122 0.0099882
0 0.496821 0.932075 0.00946018 0.0089758
0 0.247233 0.199525 0.00946771 0.00869317
0 0.672365 0.720252 0.00750083 0.00819802
0 0.753 0.811981 0.0105308 0.0092451
0 0.385363 0.702593 0.00867763 0.00995237
0 0.327996 0.322847 0.0119589 0.0118423
0 0.689267 0.855316 0.00689924 0.00670815
0 0.62816 0.816508 0.00669134 0.00759029
0 0.925893 0.983176 0.00961399 0.0102283
0 0.62393 0.802447 0.00809026 0.00855386
0 0.558128 0.497951 0.00921589 0.00975114
0 0.346147 0.908024 0.00880224 0.00937444
0 0.374084 0.698349 0.00836113 0.00835228
0 0.476635 0.332643 0.00935954 0.00921917
0 0.223158 0.715036 0.0076665 0.00772363
0 0.408263 0.435001 0.00870895 0.0094448
0 0.319248 0.986784 0.0100064 0.0117382
0 0.578849 0.645284 0.0125296 0.00991553
0 0.362153 0.580823 0.00898808 0.00854349
0 0.167649 0.801275 0.0101268 0.0104131
0 0.622153 0.676395 0.00726634 0.00679857
0 0.943264 0.883402 0.00916076 0.0100468
0 0.638376 0.394914 0.00952882 0.0094718
0 0.67103 0.670723 0.00899887 0.009826
0 0.252664 0.217892 0.00778534 0.0077077
0 0.565895 0.488594 0.0072487 0.00810757
0 0.33271 0.951465 0.00875971 0.00897866
0 0.898317 0.905636 0.00812739 0.00822884
0 0.632283 0.617599 0.0078181 0.00861472
0 0.190898 0.786831 0.00964144 0.00862175
0 0.173377 0.145787 0.00824687 0.00839685
0 0.376504 0.580027 0.00798157 0.00917464
0 0.452948 0.667624 0.00929859 0.00770587
0 0.544454 0.317897 0.00808799 0.00970173
0 0.393879 0.736977 0.0105685 0.00916636
0 0.488325 0.636203 0.00871775 0.00830609
0 0.935092 0.923276 0.00860363 0.0102423
0 0.564642 0.628369 0.00619215 0.00726467
0 0.396406 0.931402 0.0097515 0.0100378
0 0.554084 0.715454 0.00628436 0.00663489
0 0.900216 0.894737 0.0106533 0.00931668
0 0.700522 0.897431 0.00727463 0.00860327
0 0.589653 0.354919 0.00781524 0.00930405
0 0.681996 0.639235 0.00804484 0.00941914
0 0.26116 0.713116 0.00943226 0.0101845
0 0.661443 0.788936 0.00937235 0.00909692
0 0.425743 0.758394 0.00742739 0.00797939
0 0.507502 0.815052 0.00564784 0.0076077
0 0.393512 0.916567 0.00831831 0.00909495
0 0.467211 0.908626 0.00696334 0.00707644
0 0.148296 0.817275 0.00915684 0.00883788
0 0.395281 0.773144 0.00759721 0.00821722
0 0.504729 0.67993 0.00953752 0.0080564
0 0.521433 0.625432 0.010651 0.00798494
0 0.523316 0.850564 0.0079357 0.00766301
0 0.693172 0.756003 0.00840235 0.00865805
0 0.533125 0.332121 0.00786823 0.00749886
0 0.187152 0.796368 0.00841828 0.00830895
0 0.209421 0.689887 0.00841713 0.00916451
0 0.31098 0.313271 0.011687 0.0108382
0 0.61627 0.655284 0.00734574 0.00751573
0 0.574578 0.485505 0.00784922 0.00743428
0 0.357549 0.785341 0.00727004 0.00851458
0 0.937983 0.895078 0.00797993 0.00821799
0 0.386609 0.666862 0.00737271 0.00796604
0 0.61952 0.666849 0.00626963 0.00670379
0 0.525268 0.867604 0.00837421 0.00855291
0 0.557584 0.817695 0.00744009 0.00736946
0 0.559439 0.851196 0.00666732 0.00762767
0 0.374767 0.673042 0.00792825 0.00877953
0 0.122691 0.137811 0.00784116 0.00990635
0 0.659382 0.669996 0.00714052 0.0080961
0 0.409688 0.646586 0.00658989 0.00814676
0 0.539025 0.492232 0.00952691 0.0100569
0 0.628945 0.858792 0.00837076 0.00742459
0 0.637927 0.633251 0.00721902 0.00746232
0 0.525857 0.315271 0.00683707 0.0080598
0 0.556056 0.440064 0.00954205 0.0115891
0 0.513941 0.673054 0.00688612 0.00743186
0 0.694171 0.846513 0.00799257 0.00763953
0 0.216813 0.52327 0.00694799 0.00852579
0 0.908288 0.903883 0.0059135 0.00614434
0 0.529794 0.458851 0.00854605 0.0101067
0 0.361384 0.671531 0.0087201 0.00875282
0 0.89875 0.992125 0.00844419 0.00854111
0 0.459676 0.705929 0.00723076 0.00740951
0 0.335898 0.312032 0.00834695 0.00919035
0 0.679573 0.731146 0.00785178 0.00766474
0 0.569163 0.785313 0.0116541 0.0117456
0 0.340337 0.592723 0.00734839 0.00827336
0 0.174506 0.482423 0.00689268 0.00756988
0 0.210469 0.8131 0.00806464 0.00767118
0 0.369924 0.686059 0.00802088 0.00837445
0 0.494888 0.950503 0.00820962 0.0102997
0 0.826988 0.83613 0.00957721 0.00890654
0 0.395806 0.635863 0.00697747 0.00706482
0 0.167198 0.498726 0.00794289 0.00775108
0 0.198078 0.178789 0.01031 0.00950292
0 0.449149 0.601449 0.00677738 0.00694782
0 0.650834 0.661686 0.00753421 0.00779879
0 0.551653 0.33972 0.00614071 0.00650474
0 0.818973 0.912822 0.0100355 0.0110905
0 0.185408 0.811566 0.00649793 0.0075497
0 0.287428 0.620378 0.00970384 0.00965184
0 0.468512 0.933668 0.007833 0.00897616
0 0.498853 0.818604 0.0085206 0.0089367
0 0.283634 0.839859 0.00719461 0.00738221
0 0.694401 0.908969 0.00785655 0.00758821
0 0.672211 0.62247 0.00810289 0.00919056
0 0.704864 0.865636 0.00764692 0.00894147
0 0.899915 0.89341 0.0116165 0.00978321
0 0.147089 0.183492 0.00693224 0.00742728
0 0.467516 0.435814 0.0148756 0.0174343
0 0.238293 0.166542 0.00877413 0.00979801
0 0.968764 0.757021 0.0096367 0.0094229
0 0.457999 0.6302 0.0059025 0.00657773
0 0.499386 0.756723 0.00890237 0.00885749
0 0.223856 0.832268 0.00817013 0.00862062
0 0.191842 0.21084 0.00864859 0.00754108
0 0.947443 0.932431 0.00743145 0.00796664
0 0.239063 0.696874 0.00952573 0.00762677
0 0.411938 0.772766 0.00711212 0.00758076
0 0.661793 0.638955 0.00780535 0.00861394
0 0.704993 0.833478 0.00937611 0.00841999
0 0.228843 0.436273 0.00864725 0.00790015
0 0.515367 0.637858 0.00921267 0.00899523
0 0.52174 0.607796 0.00695145 0.00837898
0 0.242556 0.707117 0.00652491 0.0068996
0 0.189907 0.452018 0.00682673 0.00769016
0 0.298859 0.612219 0.0105427 0.00852525
0 0.296105 0.361311 0.00886235 0.00923997
0 0.763401 0.22137 0.017392 0.01451
0 0.523622 0.790546 0.00569654 0.00643277
0 0.54779 0.331703 0.008268 0.00773439
0 0.273658 0.674228 0.0142817 0.0186796
0 0.652299 0.648807 0.00558645 0.00618345
0 0.667582 0.807586 0.00855011 0.0117527
0 0.311619 0.458628 0.00902572 0.0102074
0 0.349021 0.692793 0.00758839 0.00814474
0 0.488457 0.335566 0.00778639 0.00841603
0 0.641778 0.626446 0.00756109 0.00767189
0 0.291562 0.428785 0.00805384 0.00842494
0 0.64273 0.787419 0.00811672 0.00888002
0 0.273701 0.624936 0.00926247 0.00912261
0 0.856923 0.814448 0.0103828 0.0109509
0 0.131948 0.136968 0.0090322 0.0104802
0 0.255688 0.179367 0.00822544 0.00890949
0 0.98299 0.75433 0.0088715 0.0097937
0 0.506682 0.67959 0.00702226 0.00775337
0 0.761338 0.220098 0.016413 0.0137224
0 0.533775 0.794708 0.00618476 0.00669408
0 0.161623 0.180126 0.00723423 0.00809924
0 0.467891 0.589387 0.00690451 0.00756967
0 0.154412 0.174595 0.00754343 0.00746489
0 0.467145 0.437805 0.0124298 0.0133564
0 0.673314 0.7166 0.00905097 0.01425
0 0.263565 0.990927 0.00862417 0.0109029
0 0.560142 0.396938 0.00910646 0.00985223
0 0.205226 0.520502 0.00745812 0.00890708
0 0.233445 0.707735 0.00588599 0.00690317
0 0.455533 0.680951 0.00789702 0.00752544
0 0.612874 0.827615 0.00740349 0.00837326
0 0.488205 0.313309 0.00740126 0.00767452
0 0.605246 0.851654 0.00787336 0.00870168
0 0.281604 0.362877 0.0089756 0.00873595
0 0.577571 0.364198 0.00762796 0.00768352
0 0.481519 0.670156 0.0074645 0.00762081
0 0.678681 0.795751 0.00629032 0.00644684
0 0.633529 0.613294 0.00948566 0.0113794
0 0.642678 0.824641 0.00693971 0.00720352
0 0.549616 0.358043 0.00831097 0.00920531
0 0.400792 0.439487 0.00944737 0.0102597
0 0.50072 0.817294 0.0120034 0.011335
0 0.589941 0.357311 0.0095951 0.014183
0 0.499326 0.907331 0.00751111 0.00700682
0 0.672231 0.634941 0.00710177 0.00664926
0 0.494215 0.949339 0.0102226 0.0127014
0 0.607325 0.372864 0.00747275 0.00735903
0 0.311217 0.57007 0.0218327 0.0222816
