0 0.362118 0.339449 0.0210476 0.0253066
0 0.178994 0.39827 0.0162063 0.0181024
0 0.44713 0.451073 0.0186228 0.0206022
0 0.712941 0.357552 0.0162363 0.0217397
0 0.169207 0.561972 0.0198296 0.0251825
0 0.318469 0.29845 0.0125534 0.0149949
0 0.163868 0.346722 0.0216393 0.0213725
0 0.228213 0.244206 0.0166834 0.0170778
0 0.492358 0.267208 0.0196352 0.0188728
0 0.653343 0.44339 0.0167643 0.0166542
0 0.843604 0.173217 0.0190762 0.0179868
0 0.40077 0.429203 0.0163635 0.0158269
0 0.785924 0.18824 0.0142346 0.0150223
0 0.621992 0.491503 0.0170002 0.0188598
0 0.233255 0.868097 0.0158522 0.0139621
0 0.203841 0.386456 0.0167847 0.0181739
0 0.601668 0.518585 0.0159929 0.019614
0 0.171518 0.520808 0.0197626 0.025949
0 0.331007 0.326572 0.0191739 0.0189987
0 0.305339 0.330217 0.0182269 0.0252987
0 0.116497 0.327026 0.0168278 0.0175655
0 0.0284965 0.604379 0.0164967 0.0247531
0 0.383071 0.457108 0.0157925 0.017478
0 0.336883 0.297962 0.016223 0.0174028
0 0.506876 0.72448 0.0154784 0.0232592
0 0.114391 0.778673 0.0162083 0.0173545
0 0.599181 0.222796 0.0175462 0.0187689
0 0.156095 0.774928 0.012675 0.0203751
0 0.400203 0.966978 0.0114422 0.0169746
0 0.0927764 0.613296 0.0216389 0.0196592
0 0.040747 0.923872 0.0114871 0.0146621
0 0.0671521 0.551201 0.0171686 0.0151728
0 0.274819 0.844272 0.0169737 0.0200447
0 0.104625 0.808285 0.0178013 0.0200348
0 0.530463 0.369158 0.0130194 0.0159324
0 0.0746309 0.567295 0.0208372 0.0155667
0 0.258231 0.787476 0.0226611 0.0217947
0 0.371599 0.990792 0.0125794 0.0161846
0 0.74945 0.190587 0.0153511 0.0202454
0 0.0766966 0.348062 0.0204754 0.0264184
0 0.177353 0.747696 0.0181934 0.0225172
0 0.599761 0.475731 0.0172666 0.0169172
0 0.209701 0.340383 0.016069 0.0225658
0 0.272488 0.278786 0.0168703 0.0203488
0 0.0726432 0.28084 0.017576 0.0162508
0 0.127147 0.51728 0.0182695 0.0174291
0 0.529042 0.666243 0.0167596 0.0191855
0 0.487488 0.408257 0.0155613 0.015308
0 0.598364 0.222134 0.0210794 0.0230709
0 0.58191 0.268888 0.0165709 0.0201407
0 0.530203 0.661665 0.0222146 0.0284926
0 0.0649432 0.608796 0.0209483 0.0208787
0 0.644668 0.395081 0.0116476 0.0111167
0 0.519041 0.392026 0.0118763 0.0117249
0 0.599895 0.244197 0.0140698 0.0149075
0 0.10674 0.720928 0.0119838 0.0131077
0 0.180209 0.625834 0.0147528 0.0118051
0 0.464171 0.312603 0.0163252 0.0174871
0 0.0406149 0.923961 0.0160485 0.0179777
0 0.533754 0.654118 0.0208252 0.0251524
0 0.120629 0.791521 0.0115727 0.0105345
0 0.451601 0.328695 0.0167111 0.0172301
0 0.588436 0.548833 0.0101399 0.0108461
0 0.607484 0.38029 0.0160716 0.0161799
0 0.514775 0.695199 0.018103 0.0256385
0 0.816117 0.153594 0.0057373 0.00592144
0 0.169152 0.314702 0.0200401 0.021761
0 0.511989 0.378005 0.0114951 0.0129387
0 0.575873 0.506583 0.0191456 0.0197791
0 0.606425 0.379644 0.0132235 0.0134269
0 0.66939 0.432616 0.0171883 0.0141839
0 0.00570457 0.568124 0.0114091 0.0203589
0 0.097435 0.689391 0.0127014 0.0150893
0 0.370775 0.990628 0.0154707 0.0187431
0 0.399368 0.965406 0.0156483 0.0217543
0 0.586163 0.534255 0.0102949 0.0126871
0 0.554795 0.757722 0.0183654 0.0180847
0 0.519031 0.388277 0.0151581 0.0206654
0 0.168435 0.314632 0.0255044 0.026486
0 0.486787 0.40882 0.0199695 0.0192787
0 0.541103 0.529281 0.0185806 0.015605
0 0.531981 0.658781 0.0259205 0.0364518
0 0.234755 0.301313 0.0146472 0.0169021
0 0.242844 0.854156 0.0119492 0.0166759
0 0.51615 0.697922 0.0159728 0.0199785
0 0.329114 0.327218 0.0244898 0.0238988
0 0.724451 0.168369 0.0248397 0.0157668
0 0.105607 0.720675 0.0157111 0.0156035
0 0.483101 0.726574 0.0177983 0.0176401
