0 0.657989 0.333158 0.0214174 0.0221232
0 0.71154 0.449657 0.0293942 0.0366073
0 0.82206 0.288573 0.0179998 0.0212971
0 0.100319 0.200929 0.0167014 0.0160342
0 0.63359 0.83592 0.0206995 0.0199501
0 0.844437 0.393326 0.0199158 0.0194495
0 0.786953 0.213728 0.0221449 0.0289291
0 0.795531 0.259445 0.0265412 0.025075
0 0.895725 0.42797 0.0160396 0.0163485
0 0.182318 0.724973 0.0198407 0.0204363
0 0.0779277 0.129143 0.0189196 0.0270124
0 0.690404 0.548913 0.0259827 0.0261158
0 0.133069 0.391569 0.020626 0.0207615
0 0.755206 0.232196 0.0171764 0.0119643
0 0.147467 0.173949 0.0187243 0.0214397
0 0.592432 0.823389 0.0188376 0.0180729
0 0.153206 0.260184 0.0199262 0.0225854
0 0.970932 0.388961 0.0293671 0.0332341
0 0.0466068 0.12895 0.0185715 0.0198947
0 0.976681 0.436073 0.0219072 0.0169895
0 0.829345 0.371166 0.0143044 0.0133251
0 0.97283 0.436096 0.00997657 0.0102367
0 0.0622883 0.148889 0.0175273 0.0226877
0 0.712344 0.916566 0.0185269 0.0228779
0 0.816012 0.213051 0.0216253 0.0132127
0 0.109062 0.190477 0.0298381 0.0303434
0 0.952229 0.503012 0.0126568 0.0150679
0 0.966954 0.392305 0.0163813 0.0205564
0 0.738647 0.606431 0.0225277 0.0239792
0 0.886123 0.366636 0.0143124 0.0148823
0 0.117005 0.268148 0.0128752 0.0133421
0 0.989236 0.609391 0.0215285 0.0212833
0 0.989098 0.229544 0.0192102 0.0199603
0 0.528151 0.0899176 0.0184099 0.0198736
0 0.570928 0.0757462 0.011607 0.0130189
0 0.0442272 0.193633 0.0120515 0.0168103
0 0.1131 0.18817 0.0208444 0.0238425
0 0.0223051 0.178361 0.00853929 0.013952
0 0.0831051 0.235257 0.0169727 0.0183565
0 0.84329 0.210347 0.019807 0.0155246
0 0.824063 0.433814 0.0128294 0.0105427
0 0.955166 0.4759 0.0149601 0.0132938
0 0.97425 0.384415 0.0259878 0.0293954
0 0.980419 0.434466 0.0288727 0.0198418
0 0.58485 0.879115 0.00929236 0.0136192
0 0.973486 0.380001 0.0231695 0.0186223
0 0.786471 0.211316 0.0202708 0.0206007
0 0.921507 0.401409 0.0124866 0.0167082
0 0.0123996 0.206805 0.0179131 0.0139004
0 0.974488 0.437334 0.0150868 0.0133532
0 0.710796 0.451356 0.0254363 0.0289923
0 0.946976 0.461739 0.00905555 0.00976962
0 0.176658 0.197837 0.0149783 0.0185544
0 0.984187 0.427237 0.0161156 0.0107627
0 0.974814 0.378009 0.0146883 0.0143653
0 0.711371 0.916828 0.0154416 0.0187733
0 0.98281 0.427107 0.0228767 0.0128334
0 0.951669 0.503369 0.0162376 0.018286
0 0.58359 0.880278 0.0142542 0.0171661
0 0.0293993 0.109115 0.0196723 0.0227359
0 0.922052 0.398086 0.0170467 0.0309807
0 0.738393 0.606395 0.0286316 0.0275574
0 0.931778 0.504884 0.00731355 0.00920373
0 0.54517 0.0890995 0.00831509 0.00869977
0 0.901629 0.392477 0.013279 0.0176961
0 0.0260108 0.106612 0.0124368 0.016055
0 0.898046 0.392168 0.0230573 0.0226115
0 0.930496 0.371512 0.00707704 0.0090825
0 0.97601 0.378605 0.018709 0.0172919
