0 0.961444 0.875165 0.0181732 0.0181996
0 0.929756 0.897553 0.0152878 0.0173178
0 0.957133 0.83625 0.0123289 0.0103002
0 0.562293 0.811078 0.0203801 0.0205467
0 0.743805 0.825778 0.0200607 0.0272476
0 0.640231 0.760622 0.0167665 0.018723
0 0.598786 0.761359 0.0169408 0.0178625
0 0.991539 0.679406 0.0132088 0.0120975
0 0.978687 0.846027 0.0174797 0.0170749
0 0.987633 0.641609 0.0148708 0.0148615
0 0.865287 0.322677 0.0221771 0.0198723
0 0.9281 0.914843 0.0138107 0.00871789
0 0.993389 0.951589 0.0115868 0.0198076
0 0.857423 0.562262 0.020257 0.0213771
0 0.977261 0.845874 0.0213647 0.020018
0 0.551424 0.283444 0.0152065 0.0155129
