0 0.572273 0.744078 0.0170538 0.014212
0 0.0827248 0.0775536 0.0184096 0.0194788
0 0.709443 0.781208 0.017882 0.0192181
0 0.308119 0.371238 0.0146527 0.0137413
0 0.569311 0.855921 0.0136821 0.0164429
0 0.513346 0.173722 0.0186976 0.017165
0 0.624995 0.318821 0.0197722 0.0209182
0 0.153322 0.1192 0.0149722 0.0170024
0 0.764678 0.458321 0.0137248 0.0145577
0 0.557006 0.909824 0.0108504 0.0124149
0 0.772606 0.883303 0.0145748 0.0202
0 0.722811 0.903282 0.0212268 0.0174931
0 0.98728 0.382805 0.019335 0.0180215
0 0.47383 0.119698 0.0117791 0.0132499
0 0.57063 0.829024 0.0155699 0.0176651
0 0.722755 0.79935 0.014264 0.0157065
0 0.341656 0.72645 0.0138824 0.0166472
0 0.347818 0.942731 0.0128675 0.0156994
0 0.919494 0.648309 0.022745 0.023505
0 0.619055 0.637866 0.0178404 0.0157103
0 0.663172 0.988583 0.0130089 0.0123049
0 0.214446 0.0122767 0.0164886 0.0154193
0 0.612483 0.943491 0.0125067 0.0144699
0 0.849437 0.806119 0.0105568 0.0168508
0 0.231779 0.887423 0.0154283 0.0166268
0 0.77814 0.824461 0.0166061 0.0159811
0 0.68531 0.934572 0.0157099 0.0165828
0 0.568283 0.629698 0.0185902 0.0225941
0 0.17651 0.12983 0.0183886 0.0180784
0 0.553967 0.977583 0.0090549 0.0120964
0 0.647539 0.294636 0.0164688 0.0141335
0 0.383933 0.918755 0.0148032 0.0178971
0 0.64991 0.0995441 0.0133117 0.0149113
0 0.121785 0.190152 0.0268388 0.0302733
0 0.586065 0.660055 0.017037 0.0153825
0 0.77895 0.825972 0.0200064 0.0186448
0 0.555224 0.72567 0.0130313 0.0179992
0 0.140463 0.0818143 0.0116704 0.0113888
0 0.201844 0.280648 0.0208539 0.0306895
0 0.612882 0.066359 0.0126825 0.0123069
0 0.182932 0.504345 0.0180147 0.0161045
0 0.727871 0.978791 0.00629234 0.0099445
0 0.828605 0.660082 0.0171372 0.01894
0 0.595539 0.77506 0.0121048 0.0125362
0 0.237639 0.202419 0.0116788 0.0129724
0 0.661703 0.316185 0.0143732 0.0177858
0 0.9755 0.218902 0.0160999 0.0148446
0 0.633338 0.801745 0.0144051 0.0170431
0 0.248487 0.274539 0.0140451 0.0192874
0 0.338204 0.78477 0.0112787 0.0148778
0 0.921719 0.205063 0.0127804 0.0148347
0 0.116152 0.693238 0.0222579 0.0201997
0 0.0452947 0.0981768 0.0138883 0.0132234
0 0.324408 0.907339 0.022059 0.0195717
0 0.330905 0.668637 0.0156294 0.0135646
0 0.51013 0.123618 0.0165547 0.0132154
0 0.444323 0.959082 0.0146612 0.0125785
0 0.592986 0.622566 0.0153475 0.00922662
0 0.933049 0.549684 0.0191021 0.0164701
0 0.499101 0.391443 0.0107714 0.0100403
0 0.00605103 0.0609173 0.00930819 0.0123424
0 0.120638 0.18768 0.0242221 0.0233288
0 0.119736 0.184587 0.0226645 0.0181668
0 0.592285 0.852889 0.0129722 0.0161324
0 0.714249 0.977058 0.0123697 0.0138769
0 0.602271 0.804958 0.0119463 0.0148713
0 0.895683 0.655263 0.0179289 0.0160716
0 0.629633 0.0483361 0.00901663 0.00784586
0 0.79998 0.8757 0.0121477 0.0135323
0 0.635714 0.801215 0.0154138 0.0182291
0 0.761686 0.625538 0.0210388 0.0161377
0 0.323683 0.361522 0.0129124 0.0136558
0 0.89398 0.657492 0.0215593 0.0205916
0 0.202784 0.774887 0.0116982 0.0159645
0 0.796671 0.842633 0.0121717 0.0175869
0 0.574875 0.727228 0.0119741 0.00979346
0 0.614885 0.796992 0.012491 0.0136624
0 0.202127 0.284395 0.0192644 0.0208919
0 0.98586 0.690253 0.00987965 0.0109471
0 0.988907 0.687693 0.0155258 0.0148485
0 0.634445 0.801556 0.018443 0.0218323
0 0.992291 0.685517 0.00948024 0.012046
0 0.89456 0.661645 0.0149309 0.017157
0 0.557813 0.332453 0.0168533 0.0195354
0 0.919692 0.648002 0.0277544 0.02772
0 0.586947 0.95186 0.00919414 0.012031
0 0.505263 0.0950102 0.0152479 0.012247
0 0.439317 0.996403 0.00634089 0.00709707
0 0.413235 0.943521 0.00874645 0.0101425
0 0.869325 0.488863 0.0114101 0.0114565
0 0.345957 0.94283 0.0177403 0.0179214
0 0.877159 0.534881 0.0143391 0.0140283
0 0.61345 0.798803 0.016023 0.0178536
0 0.178076 0.106341 0.0101069 0.012146
0 0.64252 0.677606 0.0102467 0.0101334
0 0.905766 0.887579 0.0180435 0.0161459
0 0.617395 0.759723 0.0121484 0.0121069
0 0.422838 0.929084 0.00690308 0.0081352
0 0.344598 0.64897 0.0139564 0.0167652
0 0.608432 0.801557 0.0240776 0.0229037
0 0.92332 0.565667 0.0148197 0.0100643
