0 0.83945 0.665153 0.0145256 0.0158111
0 0.814911 0.700763 0.0153204 0.0150531
0 0.886988 0.712193 0.017458 0.0171642
0 0.49603 0.489385 0.0180985 0.0206741
0 0.849375 0.750272 0.0120052 0.0139033
0 0.693667 0.127162 0.0167441 0.014263
0 0.271243 0.0155801 0.0158606 0.0208204
0 0.745698 0.733753 0.0123123 0.0128068
0 0.475098 0.26147 0.0165976 0.0187724
0 0.573907 0.396111 0.0134554 0.0158753
0 0.665787 0.808468 0.0232326 0.0234602
0 0.210185 0.0539857 0.0138334 0.0154218
0 0.768552 0.102128 0.0141584 0.0187601
0 0.307871 0.92378 0.0129223 0.0171494
0 0.370145 0.0133043 0.0131671 0.012969
0 0.29703 0.945762 0.0149764 0.0170593
0 0.311859 0.311812 0.0165488 0.0157924
0 0.796256 0.0951333 0.01093 0.0140251
0 0.578697 0.993898 0.0130906 0.0114136
0 0.254918 0.767409 0.013484 0.0141322
0 0.748296 0.0772732 0.0149474 0.0145719
0 0.441932 0.42675 0.0136631 0.0134874
0 0.878132 0.377572 0.0150606 0.0149794
0 0.43495 0.462025 0.0134016 0.0127378
0 0.309777 0.984669 0.0112724 0.0149843
0 0.643709 0.544032 0.0145991 0.0137602
0 0.551699 0.263407 0.0206912 0.0194153
0 0.950428 0.665386 0.0215114 0.0273128
0 0.711329 0.940331 0.0103496 0.0116127
0 0.271055 0.859639 0.0117719 0.0154892
0 0.258273 0.849644 0.0125841 0.0146259
0 0.493183 0.363198 0.013464 0.0160961
0 0.561135 0.0114261 0.020187 0.0216623
0 0.694811 0.104681 0.0097667 0.00947531
0 0.453627 0.383446 0.0206197 0.0299655
0 0.585347 0.177659 0.0152764 0.0160861
0 0.665532 0.869316 0.0146453 0.0171337
0 0.765359 0.540361 0.0108798 0.0113465
0 0.775676 0.674048 0.012005 0.012653
0 0.366252 0.87525 0.00711632 0.0101967
0 0.745457 0.459659 0.0167355 0.0200233
0 0.746669 0.0745585 0.0198474 0.0199679
0 0.281934 0.952281 0.00981376 0.010676
0 0.550518 0.0317335 0.0176512 0.0110821
0 0.564391 0.604522 0.0117389 0.0131738
0 0.226832 0.945809 0.0164493 0.0161232
0 0.74034 0.070158 0.0262704 0.0257185
0 0.0285707 0.110064 0.0140896 0.0143571
0 0.676957 0.510316 0.018372 0.0174017
0 0.857477 0.376826 0.0137855 0.012316
0 0.64339 0.476783 0.0143701 0.0158676
0 0.519141 0.470707 0.0286836 0.0367947
0 0.621386 0.884714 0.0162017 0.0148331
0 0.785795 0.6613 0.0139191 0.0157312
0 0.0427077 0.417868 0.0104814 0.0110504
0 0.452879 0.37753 0.0172463 0.0183603
0 0.651748 0.0457883 0.0078997 0.0118179
