0 0.133358 0.317517 0.0191868 0.0178852
0 0.0471936 0.938969 0.0167169 0.0188644
0 0.355166 0.703574 0.0156801 0.0155758
0 0.525286 0.104155 0.0100138 0.00941823
0 0.560685 0.0390341 0.0107806 0.00952612
0 0.106863 0.0100389 0.00893118 0.00873142
0 0.103711 0.0949826 0.0101307 0.00906451
0 0.954046 0.438564 0.00906295 0.009247
0 0.632012 0.602187 0.012541 0.0157424
0 0.0332282 0.122879 0.0170878 0.014319
0 0.149528 0.0247823 0.00932212 0.0121288
0 0.441173 0.547702 0.0136547 0.0134169
0 0.569321 0.33348 0.0129802 0.00997573
0 0.162227 0.259996 0.00901692 0.0126374
0 0.698789 0.513053 0.0151548 0.0119217
0 0.0465227 0.211759 0.0107631 0.0104113
