0 0.815124 0.0368775 0.0167099 0.015388
0 0.501347 0.242231 0.0148785 0.0173366
0 0.804686 0.018591 0.0136241 0.011457
0 0.728477 0.431154 0.0106661 0.0117568
0 0.40764 0.149813 0.0176452 0.0147355
0 0.302849 0.400282 0.0153046 0.0159616
0 0.321208 0.423176 0.0160613 0.0184641
0 0.703583 0.0382864 0.0147486 0.0130378
0 0.632923 0.435649 0.0162319 0.0129181
0 0.453841 0.131177 0.0203152 0.0160332
0 0.968016 0.217139 0.0135735 0.0151247
0 0.401173 0.111038 0.0163663 0.0166544
0 0.130527 0.232189 0.0187074 0.0204469
0 0.675664 0.614126 0.0149963 0.0139916
0 0.452246 0.130063 0.0171238 0.0132665
0 0.88875 0.0928763 0.0136597 0.0105214
0 0.847627 0.421643 0.00780064 0.00801277
0 0.770166 0.620073 0.0126609 0.00882703
0 0.748257 0.42492 0.00864607 0.0102692
0 0.482274 0.427156 0.012822 0.0135881
0 0.721068 0.0128428 0.0122729 0.0173596
0 0.698151 0.587297 0.0115269 0.0151524
0 0.685225 0.545222 0.0104584 0.010341
0 0.921544 0.584342 0.0107973 0.0112257
0 0.465236 0.278148 0.0134897 0.0115179
0 0.737372 0.507492 0.0108495 0.0102652
0 0.734161 0.411862 0.00629687 0.00684518
0 0.932574 0.0545634 0.0152599 0.0170512
0 0.17917 0.143388 0.0116573 0.0123682
0 0.336202 0.260184 0.0141437 0.0131651
0 0.0375728 0.42845 0.00873142 0.0112869
0 0.582951 0.00842648 0.0187109 0.0161463
