0 0.937745 0.891463 0.0152735 0.0171188
0 0.808133 0.135692 0.0161358 0.0206593
0 0.625933 0.765823 0.0171986 0.01761
0 0.770499 0.211342 0.0133697 0.0171809
0 0.641493 0.112794 0.0161932 0.0181201
0 0.840764 0.456815 0.0136423 0.0153248
0 0.662935 0.318036 0.0190911 0.0182076
0 0.66705 0.806246 0.0163681 0.0200909
0 0.445291 0.940378 0.0135017 0.0148331
0 0.879603 0.699378 0.0142689 0.0178602
0 0.326681 0.7332 0.0187777 0.0218007
0 0.531456 0.46337 0.0167739 0.0177057
0 0.467363 0.664456 0.0147352 0.0180212
0 0.833056 0.284731 0.0179291 0.0208855
0 0.418597 0.914448 0.0133608 0.015613
0 0.769009 0.572979 0.0211807 0.0238214
0 0.806175 0.395037 0.019059 0.0188779
0 0.416941 0.595462 0.0159415 0.0193868
0 0.421194 0.517033 0.0151581 0.0219688
0 0.356526 0.876983 0.0134421 0.0163963
0 0.505615 0.823862 0.018187 0.0175099
0 0.650095 0.671196 0.014584 0.0147904
0 0.923462 0.762503 0.0201386 0.0184525
0 0.411098 0.310442 0.0166584 0.0186952
0 0.307563 0.943823 0.0142513 0.0180893
0 0.927015 0.318289 0.0155117 0.0232553
0 0.603265 0.159735 0.015324 0.019491
0 0.897762 0.390025 0.0145413 0.0155475
0 0.360675 0.3712 0.0177774 0.0170374
0 0.0602551 0.104762 0.0150302 0.0149102
0 0.746824 0.415488 0.0156105 0.0156298
0 0.163686 0.610664 0.0187049 0.0171039
0 0.64657 0.258775 0.0156041 0.018019
0 0.0235496 0.840504 0.0154062 0.0150532
0 0.294783 0.43107 0.0144555 0.0155959
0 0.769293 0.868663 0.0123418 0.0158022
0 0.875557 0.445737 0.016246 0.0161346
0 0.889385 0.243702 0.0160763 0.0177592
0 0.707005 0.33029 0.0185191 0.0191067
0 0.385159 0.313368 0.0118595 0.0152797
0 0.972026 0.725754 0.0161245 0.01775
0 0.618681 0.126845 0.0111893 0.0124703
0 0.141434 0.425292 0.0209309 0.018394
0 0.541348 0.850088 0.015664 0.0181229
0 0.552513 0.460126 0.0139623 0.0130873
0 0.739049 0.566437 0.0175641 0.027064
0 0.543872 0.550672 0.0147184 0.0154102
0 0.816721 0.461738 0.0121765 0.0129461
0 0.234909 0.195978 0.0213654 0.0201683
0 0.928788 0.257515 0.0179724 0.0227191
0 0.689065 0.491965 0.0189578 0.024914
0 0.706326 0.690647 0.0137743 0.0138317
0 0.595457 0.663715 0.0157051 0.0136654
0 0.893849 0.457105 0.0141701 0.0169296
0 0.559627 0.784471 0.0135033 0.0132009
0 0.536978 0.638771 0.0130701 0.0165322
0 0.795172 0.303283 0.014101 0.0184029
0 0.495242 0.740688 0.0133933 0.0141789
0 0.527133 0.57324 0.0169538 0.0198523
0 0.0446299 0.805183 0.0186059 0.01561
0 0.769555 0.267111 0.0162945 0.0151795
0 0.592845 0.645385 0.0143658 0.0145195
0 0.816909 0.80382 0.0127354 0.014825
0 0.441401 0.41977 0.0173516 0.0193989
0 0.700052 0.739494 0.0136116 0.0142533
0 0.781328 0.852512 0.0119951 0.0148414
0 0.263576 0.0925868 0.0132514 0.0124808
0 0.50621 0.700498 0.0237674 0.0221494
0 0.832369 0.786705 0.0145992 0.0163314
0 0.408239 0.618905 0.014879 0.0155599
0 0.726122 0.402431 0.0178303 0.0152441
0 0.244561 0.116464 0.0250451 0.0225434
0 0.0956262 0.437841 0.0150476 0.019132
0 0.766551 0.896607 0.0125474 0.0163599
0 0.905151 0.801466 0.0116184 0.0146888
0 0.870852 0.51604 0.0122074 0.0153234
0 0.601472 0.691634 0.0136199 0.0121391
0 0.967833 0.883489 0.0138395 0.0134172
0 0.967716 0.802827 0.0139588 0.0185703
0 0.955816 0.264206 0.0139605 0.019969
0 0.442454 0.674323 0.01007 0.013741
0 0.291226 0.545113 0.023033 0.0317445
0 0.173131 0.934563 0.00933185 0.0113378
0 0.627374 0.141846 0.0116445 0.012501
0 0.198645 0.58946 0.0111059 0.011548
0 0.414807 0.650077 0.0128992 0.0141158
0 0.584684 0.529388 0.01003 0.0110556
0 0.466519 0.855759 0.010622 0.00880736
0 0.848672 0.747257 0.0210773 0.0239194
0 0.295183 0.17781 0.0135987 0.0149846
0 0.240407 0.861765 0.0168646 0.0140319
0 0.33282 0.149332 0.0186543 0.0195166
0 0.427733 0.883561 0.0135439 0.0188541
0 0.591403 0.595758 0.008138 0.0107878
0 0.671199 0.654227 0.0159127 0.0139219
0 0.415756 0.45456 0.01465 0.0169108
0 0.404751 0.379802 0.0084261 0.0102576
0 0.422046 0.959456 0.0158058 0.0186611
0 0.801568 0.826915 0.0112318 0.0119915
0 0.0797597 0.817698 0.0157837 0.0165607
0 0.118371 0.415825 0.0175587 0.0174355
0 0.815737 0.276673 0.0105888 0.0132914
0 0.332393 0.389008 0.0183484 0.0175663
0 0.465323 0.414014 0.0118356 0.0134301
0 0.397683 0.358923 0.0139825 0.0189225
0 0.698742 0.674828 0.0100238 0.0120281
0 0.145415 0.167945 0.0127547 0.0101634
0 0.746154 0.317062 0.012751 0.012082
0 0.723456 0.153521 0.0114002 0.0106382
0 0.0441114 0.343215 0.0124377 0.0159406
0 0.960707 0.754734 0.0266453 0.0207275
0 0.262434 0.837051 0.0157861 0.0189468
0 0.685534 0.327317 0.0134176 0.0142836
0 0.728763 0.905251 0.0134115 0.0154141
0 0.47242 0.759236 0.0283661 0.0182121
0 0.825925 0.842294 0.00993347 0.00946122
0 0.225508 0.831685 0.0186908 0.0212143
0 0.380615 0.264286 0.0223462 0.0217797
0 0.779111 0.304022 0.0115473 0.0130758
0 0.494489 0.529539 0.0124269 0.0181162
0 0.696762 0.427953 0.0113654 0.0128117
0 0.217534 0.917848 0.0109864 0.0129253
0 0.216444 0.690361 0.0133325 0.0175905
0 0.354563 0.908096 0.0122832 0.0108513
0 0.203956 0.869518 0.0127844 0.0126604
0 0.686739 0.518912 0.0204821 0.0157574
0 0.690506 0.430945 0.0145499 0.0170013
0 0.661377 0.204427 0.0128549 0.0229545
0 0.670474 0.295096 0.0169873 0.0172899
0 0.791043 0.715657 0.0140284 0.0207458
0 0.056909 0.825513 0.0143847 0.0142384
0 0.580745 0.132756 0.0150833 0.0199183
0 0.659647 0.380412 0.00941503 0.012478
0 0.24761 0.951595 0.0326578 0.0300791
0 0.990955 0.809436 0.0154514 0.0159725
0 0.75893 0.451225 0.0162672 0.0127449
0 0.333117 0.901892 0.00976071 0.0138798
0 0.435022 0.747948 0.0123301 0.0135212
0 0.759371 0.533312 0.0109143 0.0120035
0 0.98168 0.92703 0.0136101 0.0158949
0 0.783772 0.28379 0.0135772 0.0144154
0 0.775249 0.499153 0.0130817 0.009799
0 0.13817 0.135747 0.0168038 0.0156131
0 0.646463 0.362494 0.0123878 0.0173805
0 0.885775 0.487482 0.00964129 0.0114994
0 0.233932 0.422529 0.0100741 0.00958863
0 0.734454 0.237317 0.0117568 0.0153702
0 0.512854 0.478118 0.0150048 0.0129733
0 0.693097 0.429824 0.0193762 0.0174936
0 0.24689 0.235567 0.0136611 0.018105
0 0.815398 0.686045 0.014711 0.0141886
0 0.37568 0.265222 0.0141259 0.0205815
0 0.438564 0.748049 0.0210165 0.0156835
0 0.445372 0.748726 0.0114429 0.0114439
0 0.858764 0.459661 0.009193 0.0106245
0 0.470041 0.761288 0.0237415 0.0160269
0 0.91876 0.536047 0.00983584 0.0117309
0 0.797555 0.765617 0.0080471 0.0133511
0 0.566183 0.531175 0.00876361 0.00819767
0 0.45026 0.472837 0.0114832 0.0119293
0 0.979134 0.850599 0.0101342 0.0139191
0 0.511187 0.476981 0.0149493 0.0153648
0 0.977246 0.847026 0.00809973 0.00945586
0 0.759803 0.697689 0.0131322 0.0149708
0 0.769844 0.571323 0.0266871 0.0270128
0 0.912817 0.509977 0.0141659 0.0182307
0 0.0891463 0.853848 0.0162886 0.0204269
0 0.437398 0.35563 0.00899756 0.0115041
0 0.803143 0.875763 0.012036 0.0128489
0 0.448545 0.47355 0.0115093 0.012026
0 0.766892 0.403584 0.0159065 0.0186137
0 0.921509 0.723661 0.012201 0.0199196
0 0.938467 0.834108 0.00708693 0.0098446
0 0.215712 0.454114 0.012189 0.0117065
0 0.631565 0.492446 0.00957167 0.0105743
0 0.772348 0.533888 0.0102531 0.0131678
0 0.312887 0.787752 0.0133616 0.0126396
0 0.218034 0.861499 0.0113711 0.0141665
0 0.547933 0.601187 0.0132002 0.0145818
0 0.0530786 0.501783 0.0140356 0.0176479
0 0.764208 0.533377 0.0229356 0.017518
0 0.79849 0.274868 0.0102915 0.013633
0 0.797143 0.767325 0.00943112 0.0156815
0 0.743396 0.5312 0.0129302 0.0197747
0 0.0939253 0.567672 0.0144667 0.011349
0 0.31198 0.787023 0.0110201 0.010404
0 0.576277 0.316325 0.00912303 0.00911695
0 0.761852 0.50854 0.00726688 0.00854945
0 0.773248 0.50015 0.0138289 0.0100929
0 0.540928 0.818229 0.010899 0.0112171
0 0.210358 0.494933 0.0111627 0.00791645
0 0.474592 0.760943 0.0248041 0.0145653
0 0.760156 0.733483 0.00814676 0.01019
0 0.351662 0.500118 0.00939989 0.010466
0 0.968887 0.701192 0.0166763 0.0217356
0 0.560058 0.824314 0.0131597 0.0168549
0 0.826928 0.164653 0.00795996 0.0116546
0 0.912736 0.470748 0.0137606 0.0182312
0 0.713361 0.199735 0.0102372 0.0171308
0 0.68673 0.815889 0.00856084 0.0101322
0 0.707296 0.197729 0.0146405 0.0198542
0 0.0929869 0.232968 0.0296992 0.0237818
0 0.560666 0.373976 0.00699377 0.00714454
0 0.799527 0.272825 0.00975835 0.0138085
0 0.315306 0.789677 0.0094429 0.0110649
0 0.789918 0.712423 0.0153637 0.027409
0 0.757179 0.478125 0.0113737 0.0106513
0 0.0702969 0.850391 0.0107758 0.0116265
0 0.694833 0.428026 0.0157347 0.0156439
0 0.220356 0.831447 0.0175035 0.0163441
0 0.441257 0.748893 0.0196292 0.0127159
0 0.799584 0.897733 0.00826514 0.00981486
0 0.864739 0.457417 0.00842017 0.00763932
0 0.641048 0.40495 0.00976032 0.010697
0 0.562873 0.821307 0.00904065 0.0120687
0 0.814419 0.241556 0.00763434 0.0101104
0 0.722293 0.245559 0.0149619 0.0104042
0 0.00411938 0.782279 0.00807608 0.0157528
0 0.886094 0.0955363 0.0115538 0.0137102
0 0.610398 0.719738 0.00892162 0.00850564
0 0.230759 0.687188 0.0100377 0.0111882
0 0.0721405 0.499644 0.0143609 0.0171926
0 0.18314 0.645546 0.0105453 0.0110105
0 0.205123 0.870566 0.0108469 0.0116032
0 0.921991 0.723189 0.0160459 0.0224104
0 0.146077 0.617406 0.0102382 0.0142769
0 0.980154 0.928823 0.012547 0.0187876
0 0.71607 0.665083 0.00626194 0.0103943
0 0.719515 0.245331 0.0118897 0.0111914
0 0.185058 0.928819 0.00758053 0.0102288
0 0.467421 0.754647 0.0171864 0.0233063
0 0.733394 0.238002 0.0151888 0.0200157
0 0.994819 0.0323004 0.0101604 0.0182748
0 0.00315911 0.373245 0.00601551 0.0168513
0 0.0713041 0.849196 0.00940111 0.00983942
0 0.282699 0.452816 0.0127004 0.0113403
0 0.99 0.834608 0.00718921 0.00984514
0 0.45035 0.439907 0.00846291 0.0101643
0 0.711236 0.21599 0.00940448 0.0086216
0 0.206732 0.887231 0.00756827 0.00896722
0 0.853588 0.479341 0.00912547 0.0102709
0 0.760772 0.695934 0.0123627 0.0131092
0 0.571056 0.797697 0.00590903 0.0068447
