0 0.604425 0.401454 0.00888872 0.00927457
0 0.568049 0.399004 0.00830346 0.00910434
0 0.562738 0.249677 0.00888252 0.00986476
0 0.502242 0.489791 0.00711635 0.00814715
0 0.729368 0.0287116 0.0108436 0.011306
0 0.542411 0.386051 0.00791377 0.0095543
0 0.519661 0.603796 0.0072251 0.00944293
0 0.543236 0.304539 0.00951594 0.00881204
0 0.644363 0.37326 0.0114336 0.00868058
0 0.538357 0.602896 0.00666308 0.00754899
0 0.522072 0.553157 0.00588131 0.00619012
0 0.748699 0.00778821 0.00846124 0.00994069
0 0.522763 0.284981 0.0065769 0.0113885
0 0.52822 0.57796 0.00598818 0.00870878
0 0.526727 0.447414 0.00569648 0.00856686
0 0.520995 0.397465 0.00790656 0.00869983
0 0.453959 0.616453 0.00676593 0.007873
0 0.534124 0.41528 0.00847369 0.00738728
0 0.509555 0.392657 0.00649834 0.0107635
0 0.466036 0.567211 0.00853369 0.01068
0 0.584386 0.401367 0.00651425 0.00750411
0 0.607167 0.304485 0.00843024 0.00940943
0 0.545699 0.553778 0.00798362 0.00873441
0 0.706221 0.00968504 0.0183097 0.0160583
0 0.560555 0.55862 0.00684226 0.00831205
0 0.582428 0.409863 0.00673002 0.00630063
0 0.57603 0.547496 0.00804949 0.00785559
0 0.585418 0.434155 0.00694531 0.00907212
0 0.445383 0.654755 0.00751054 0.00847512
0 0.548376 0.417437 0.00611597 0.00840092
0 0.484307 0.329576 0.0076685 0.0087007
0 0.548343 0.419351 0.00671005 0.00870419
0 0.615254 0.292856 0.00969201 0.00935584
0 0.529112 0.429517 0.00649089 0.00802326
0 0.628444 0.00421537 0.0100753 0.00843075
0 0.587998 0.369036 0.00827163 0.0100611
0 0.519486 0.351262 0.00671214 0.00813162
0 0.575386 0.237891 0.00870478 0.0109708
0 0.633291 0.402176 0.00554156 0.00649169
0 0.43029 0.337921 0.0140776 0.018047
0 0.53802 0.416012 0.00765079 0.0087921
0 0.569116 0.564575 0.00671184 0.00889766
0 0.539208 0.329343 0.00529522 0.007891
0 0.554282 0.399414 0.00779217 0.0105782
0 0.608516 0.353995 0.0116108 0.0123461
0 0.550529 0.373719 0.00740832 0.010067
0 0.489953 0.643236 0.00887758 0.00691795
0 0.492444 0.494496 0.00608042 0.0075489
0 0.543246 0.536139 0.00665587 0.00758189
0 0.545103 0.510151 0.00710624 0.00839442
0 0.622109 0.377869 0.00591117 0.00768316
0 0.486413 0.583313 0.0056732 0.00716949
0 0.651378 0.335794 0.00614816 0.0080367
0 0.543494 0.265823 0.00724941 0.00814801
0 0.543283 0.551054 0.008578 0.0103323
0 0.542675 0.549629 0.0071547 0.00798965
0 0.513498 0.56681 0.00540221 0.00580943
0 0.308062 0.538079 0.020275 0.0182424
0 0.490534 0.517514 0.00580502 0.00677413
0 0.019971 0.189775 0.0119277 0.0112589
0 0.552757 0.538158 0.0065195 0.00780582
0 0.172333 0.505267 0.0192308 0.0214245
0 0.207061 0.0157133 0.0101314 0.00979444
0 0.473291 0.327977 0.00962278 0.0106896
0 0.533665 0.29615 0.00788432 0.00965288
0 0.553933 0.401266 0.00759995 0.0101124
0 0.551325 0.536878 0.00577033 0.00772077
0 0.477909 0.648465 0.00705832 0.007604
0 0.549457 0.374154 0.0100502 0.00924522
0 0.606546 0.35523 0.00845891 0.0115739
0 0.498501 0.461043 0.00530404 0.00792542
0 0.560897 0.554294 0.00716001 0.00921595
0 0.531549 0.313533 0.00730878 0.00798315
0 0.537837 0.367403 0.00698858 0.00813782
0 0.216397 0.798636 0.0136472 0.0158976
0 0.460487 0.628569 0.00597611 0.00716901
0 0.936813 0.175682 0.0122467 0.0206693
0 0.442465 0.58103 0.00835687 0.0102603
0 0.483386 0.623877 0.00943565 0.00766307
0 0.533207 0.379807 0.00652903 0.00706443
0 0.803705 0.0535692 0.010482 0.0125328
0 0.574971 0.548269 0.00756252 0.00777835
0 0.595237 0.426958 0.0066812 0.00775492
0 0.633075 0.379128 0.00614721 0.00814554
0 0.433553 0.651343 0.00787926 0.0108061
0 0.465412 0.629066 0.0089632 0.00859433
0 0.731908 0.542634 0.0119779 0.0133941
0 0.486 0.498723 0.0056816 0.00751936
0 0.0162226 0.511886 0.00665735 0.00705433
0 0.638858 0.397759 0.00609589 0.00681886
0 0.55154 0.521502 0.00522196 0.00573218
0 0.466754 0.645235 0.00762549 0.00866258
0 0.480475 0.624256 0.0101037 0.00727201
