0 0.838606 0.111854 0.0147015 0.0114769
0 0.542177 0.0927926 0.0121046 0.0125465
0 0.55646 0.0257912 0.0126631 0.0144706
0 0.360295 0.0675419 0.0146998 0.0161814
0 0.845279 0.134442 0.0153271 0.0156397
0 0.52196 0.0725706 0.0125874 0.0132637
0 0.820307 0.124707 0.0147529 0.0143529
0 0.520674 0.11014 0.011771 0.0122063
0 0.526727 0.0523869 0.0149353 0.0175136
0 0.550631 0.0789431 0.0122423 0.0115328
0 0.83525 0.154405 0.0152689 0.0167575
0 0.489566 0.0954567 0.0121941 0.0126012
0 0.502821 0.104947 0.00993523 0.0102855
0 0.512697 0.0934899 0.0111902 0.0110009
0 0.550643 0.0624427 0.0143921 0.0139614
0 0.502178 0.0699643 0.0118784 0.0126822
0 0.732935 0.0276535 0.00949878 0.00912495
0 0.334823 0.0650595 0.0168971 0.0204488
0 0.398805 0.05696 0.0111046 0.0120129
0 0.846898 0.0978064 0.0185394 0.0147877
0 0.489311 0.0944701 0.0144095 0.0158355
0 0.847213 0.00332618 0.0114753 0.00616221
