0 0.227928 0.553765 0.00962372 0.0106369
0 0.301364 0.641114 0.00920409 0.00947112
0 0.722771 0.708575 0.0102723 0.0101414
0 0.266958 0.603542 0.010148 0.0112055
0 0.316813 0.651764 0.00853893 0.0103788
0 0.618603 0.209926 0.00977123 0.00990734
0 0.282362 0.616932 0.00880727 0.0098539
0 0.721282 0.691916 0.00915027 0.00964284
0 0.324291 0.626824 0.012261 0.0126898
0 0.157992 0.486936 0.0100779 0.0109984
0 0.628242 0.199778 0.0100607 0.0132559
0 0.645585 0.214907 0.0104772 0.0108817
0 0.169747 0.494674 0.00952971 0.0115928
0 0.939339 0.771569 0.00878179 0.00924921
0 0.809325 0.922994 0.0131719 0.0121914
0 0.351305 0.610244 0.00664282 0.0094167
0 0.961775 0.73813 0.00939059 0.0098626
0 0.527378 0.786585 0.00933141 0.010532
0 0.958706 0.765058 0.0105511 0.0122646
0 0.171951 0.423842 0.00739056 0.00928554
0 0.330073 0.586605 0.00888643 0.00916749
0 0.18515 0.438338 0.00971144 0.00938052
0 0.227324 0.497875 0.00764056 0.0104385
0 0.961798 0.737485 0.0115787 0.0116844
0 0.525289 0.771189 0.0102867 0.0100191
0 0.9089 0.704771 0.00921291 0.0110005
0 0.130712 0.529327 0.00851333 0.0102906
0 0.517709 0.809725 0.00899905 0.00909996
0 0.367131 0.617723 0.00714126 0.00887859
0 0.52191 0.823074 0.0109057 0.00882375
0 0.336993 0.602085 0.00852546 0.00847775
0 0.209112 0.541469 0.0114702 0.0148379
0 0.210974 0.516815 0.00728898 0.008515
0 0.361523 0.608495 0.00658387 0.0083257
0 0.530561 0.803029 0.00866008 0.0100849
0 0.186236 0.541844 0.00867529 0.009646
0 0.96753 0.753774 0.00823784 0.00897467
