0 0.144825 0.0973847 0.0102176 0.0103033
0 0.0772672 0.047139 0.0118362 0.0102963
0 0.115905 0.0614197 0.0075108 0.01015
0 0.110135 0.0456073 0.009341 0.0102987
0 0.0615426 0.0615562 0.00921792 0.0100222
0 0.108017 0.157568 0.00891566 0.00883614
0 0.0771346 0.0333918 0.0109192 0.00993717
0 0.016917 0.0952573 0.00941508 0.0114263
0 0.158282 0.0927563 0.00739966 0.00808856
0 0.104066 0.107481 0.013886 0.0111651
0 0.0333673 0.109521 0.011577 0.0094606
0 0.110928 0.141255 0.00989036 0.0116387
0 0.111695 0.143645 0.0100217 0.0123125
0 0.153924 0.131633 0.0121427 0.01159
0 0.00653333 0.0305655 0.011565 0.0125494
0 0.0294114 0.0954186 0.00894478 0.011711
0 0.0411418 0.10081 0.00800081 0.00968274
0 0.766989 0.0167042 0.014707 0.0126487
0 0.149104 0.127253 0.0094903 0.0104825
0 0.0852508 0.0567877 0.00739703 0.00847792
0 0.110912 0.143273 0.0119414 0.016217
0 0.035348 0.109188 0.0147246 0.010616
