0 0.988503 0.316752 0.0192288 0.0206899
0 0.957205 0.658893 0.0110451 0.0115772
0 0.983076 0.709157 0.0131359 0.0107656
0 0.959751 0.621494 0.00843352 0.00851232
0 0.937001 0.164562 0.00845867 0.00856872
0 0.931317 0.242803 0.00928348 0.00938244
0 0.965747 0.608471 0.00961626 0.00851136
0 0.770106 0.906202 0.013928 0.0159211
0 0.962101 0.155938 0.0111576 0.015211
0 0.984452 0.724295 0.00730395 0.0117164
0 0.928641 0.685486 0.0088011 0.0106305
0 0.964917 0.583633 0.00654602 0.00865555
0 0.969326 0.632939 0.00699574 0.00806487
0 0.986229 0.157076 0.00995183 0.0087027
